312919
41253
999128
367756
380333
521700
661161
10499
1
1
2
123175
74623
5806
3967
1479
732
11
1
1
49206
14
3
1
4
1
1
1
1
1
1
1
1
3
4
5
2
4
7
4
3
4
10
8
4
13
1
1
2
4
1
2
3
1
1
557122
530015
6519
179624
7825
6838
25
1303
78879
56607
557083
13653
158
116260
137154
40546
281292
79389
29705
32892
46083
295371
54625
379615
295371
240746
6206055
97153
5619
88
5619
491171
559653
360318
218341
155338
123213
78070
21894
2638
389057
285283
27602
2
20508
952518
726743
571545
419517
275795
222585
15
15
161685
9
383269
793128
33058
143984
649511
432557
184434
237643
298544
460222
92938
10
215055
327769
1053472
1
3
