713828
93095
2379271
836701
867477
1244716
1435439
32288
1
1
2
210031
126230
9775
6752
2340
1361
1
1
1
84843
10
3
1
4
1
1
1
1
1
1
1
1
3
3
5
1
3
7
4
3
4
10
8
3
30
1
1
2
4
1
2
2
2
1
1337140
1271989
61664
440138
7963
48897
1418
24025
295628
303271
1337088
30801
2287
274644
327313
116559
669336
188971
73047
73047
134239
716210
153897
936223
706674
552777
14835720
387683
10810
1771
10810
1172960
1337634
806365
517682
373409
308267
192839
52629
8322
946906
692556
68245
36
46583
2287271
1749032
1381453
1012920
662065
533369
8
73
391666
438
910581
1900368
76065
340186
1555597
1042800
445860
574556
716259
1107888
227994
7
512825
784488
2528312
2
3
