0
300
7521
7521
0
70
1772
1772
7
4979
24896
0
340
1700
1
1071
5357
0
138
3462
3462
0
292
7301
7301
0
68
1720
1720
0
32
816
816
7
4833
24168
0
330
1651
0
142
712
0
300
7521
7521
0
70
1772
1772
7
4979
24896
0
340
1700
1
1071
5357
0
138
3462
3462
0
292
7301
7301
0
68
1720
1720
0
32
816
816
7
4833
24168
0
330
1651
0
142
712
52818
1320469
1320469
12448
12448
311214
311214
874225
4371136
59721
59721
298610
188108
940543
24316
607925
607925
51273
1281850
1281850
12084
12084
302112
302112
5731
5731
143278
143278
848657
4243296
57975
57975
289877
25021
25021
125105
52818
1320469
1320469
12448
12448
311214
311214
874225
4371136
59721
59721
298610
1085830
217165
1085830
255913
51182
51182
255913
7159485
223453
223453
223453
188108
940543
12158
303962
303962
25636
640925
640925
6042
6042
151056
151056
2865
2865
71639
71639
424328
2121648
28987
28987
144938
12510
12510
62552
499901
99980
499901
527036
105407
527036
124214
24842
24842
124214
58909
11781
11781
58909
6950095
108459
108459
108459
93617
93617
93617
0
0
0
0
0
0
0
0
0
0
0
896
896
1092
218
1092
2304
460
2304
0
0
543
0
0
257
2014
2014
0
0
505
0
0
225
121549
121549
121549
121549
607749
1382
1382
6912
10087
10087
10087
10087
6
1
6
0
0
1
5
5
0
0
1
44093
44093
51960
10392
5
1
5
68550
68550
0
0
1
80781
16156
38543
38543
38543
38543
192716
48385
9677
9677
9677
48385
4
4
56250
56250
281252
281252
281252
0
0
1
70613
14122
70613
70613
70613
70613
6710
6710
33550
2987
2987
14936
48963
48963
48963
21798
21798
21798
157465
157465
191896
38379
191896
404626
80925
404626
0
0
95364
0
0
45227
353699
353699
0
0
88803
0
0
39534
157797
31559
157797
157797
157797
101499
101499
214017
214017
252202
50440
119608
23921
332726
66545
332726
332726
332726
0
0
78418
392093
78418
0
0
37190
185952
37190
83287
83287
83287
83287
416436
187080
187080
187080
187080
935403
234851
46970
46970
46970
234851
104554
20910
20910
20910
104554
273026
273026
273026
273026
1365131
0
0
68548
342743
68548
342743
342743
342743
0
0
30517
152587
30517
152587
152587
152587
53487
53487
53487
13429
13429
13429
0
0
0
0
0
0
0
0
0
0
0
3587
3587
4371
874
4371
9218
1843
9218
0
0
2172
0
0
1030
8058
8058
0
0
2023
0
0
900
27464
137324
137324
6473
161826
161826
2
0
45
2
30165
42698
213494
213494
0
0
2
0
7109
10063
251587
251587
24008
120040
6027
150692
1
37
1
24752
35037
175187
9
1632
0
0
1
0
6214
8796
219922
2
2
2
11
2049
0
0
53487
80
10697
53487
75711
378558
53487
53487
53487
267435
47324247
0
69437
13887
104
13887
69437
347188
98289
491449
491449
63222
316111
316111
133308
666541
666541
31418
785468
785468
14900
372513
372513
146413
29282
220
146413
207250
1036253
1036253
0
0
10
34507
34507
48845
1221146
1221146
0
0
0
4
3273
16365
16365
16365
81827
23165
579136
579136
51878
259392
116529
582649
29257
731428
13025
325628
120143
180
120143
170063
850321
600716
106300096
0
0
9
30164
30164
42697
1067450
150821
150821
150821
754109
133443797
0
0
0
0
0
0
4
2685
2685
13429
13429
13429
67145
19008
475223
13429
13429
13429
67145
67145
67145
335725
59408481
9390739
9390739
2357730
2357730
2357730
486199
486199
486199
2430998
5529
5529
27648
40350
40350
40350
40350
24
4
24
0
0
5
21
21
0
0
5
176372
176372
207840
41568
20
4
20
274200
274200
0
0
4
323124
64624
154173
154173
154173
770867
38708
193541
38708
38708
193541
16
16
225001
1125008
1125008
1125008
0
0
4
56491
282455
282455
282455
282455
282455
26840
26840
134200
11949
11949
59745
195853
195853
195853
87192
87192
87192
314930
314930
383793
76758
383793
809252
161850
809252
1
0
190728
0
0
90454
707398
707398
1
1
177606
0
0
79069
315595
63119
315595
315595
315595
202998
202998
428034
428034
504405
100881
239217
47843
665453
133090
665453
665453
665453
0
0
156837
784186
156837
0
0
74381
371905
74381
166574
166574
166574
832873
374161
374161
374161
1870806
93940
469703
93940
93940
469702
41821
209109
41821
41821
209109
546052
546052
546052
2730263
0
0
137097
137097
685487
685486
685486
685486
0
0
61035
61035
305175
305175
305175
305175
82444
82444
412222
601599
601599
601599
601599
681309
3406550
3406550
160574
4014360
4014360
394
78
394
5296072
5296072
1059212
5296072
5296072
0
0
93
1248202
249639
249640
6241017
6241017
595558
2977795
149526
3738175
323
323
4345810
4345810
869160
4345810
1619
0
0
81
1091101
218219
218219
5455511
406
406
406
2033
23
2801227
2801227
1
27
3301033
660206
3301033
324
64
324
4354992
4354992
36
4354992
4354992
0
0
76
1026404
205280
1
43
5132027
1026404
5132027
2298610
2298610
2298610
2298610
11493051
115421
2885559
577111
2885559
577111
577111
2885557
250
250
3354603
3354603
3354603
3354603
1250
1250
16773017
16773017
16773017
0
0
62
842239
168447
168447
4211200
842239
4211200
313
313
313
1569
313
313
313
4211197
4211197
4211197
4211197
4211197
400166
400166
2000832
178152
178152
890760
2920024
2920024
2920024
1299979
1299979
1299979
96
96
9390739
1878145
9390739
1878145
9390739
9390739
9390739
46953704
62
6095595
1219117
1219117
6095595
30477976
1219117
6095595
6095595
784163
3920821
3920821
1653458
8267302
8267302
389694
9742387
9742387
184815
4620389
4620389
12852951
2570586
12852951
2570586
12852951
12852951
17
3
3029242
605846
3029242
605847
15146225
15146225
2
8
1
287327
1436637
1436637
287326
1436637
7183189
287327
7183195
7183195
643462
3217317
1445350
7226764
362883
9072117
161553
4038859
10546776
10546776
2109352
10546776
52733889
15
15
2647976
529593
2647976
529594
13239893
13239884
13239884
13239884
66199473
2
12
12
60
6
6
235772
235772
1178865
1178865
235772
1178865
5894331
235772
5894331
1178865
1178865
1178865
5894327
5894327
5894327
29471659
515
50124458
10024891
2004975
10024891
50124458
84
10024891
10024891
10024891
16120580
27
3224116
644823
3224116
57
6798254
6798254
2
67
8011225
1602243
8011225
18996877
1
32
3799375
151974
759874
3799375
10569061
2113809
10569061
89
10569061
10569061
14
2
2490965
498191
2490965
4
104
12454835
2490965
12454835
12
29533929
7
1
1181356
1181356
1181356
236270
1181356
5906781
1
49
5906785
1181356
1181356
5906785
4967002
993400
4967002
4967002
4967002
24835014
5578459
5578460
5578460
27892301
1400582
280115
7002917
1400582
1400582
7002913
3117662
124706
623531
124705
3117662
623532
623532
3117660
16282464
16282464
16282464
81412330
12
12
2044017
408801
2044017
2044017
408801
10220093
10220086
10220086
10220086
10220086
10220086
10220086
10220086
10220086
51100472
18
93
93
468
9099864
10
10
1819971
1819971
1819971
1819971
363992
1819971
9099864
1819971
1819971
363992
9099864
1819971
1819971
1819971
9099858
9099858
9099858
9099858
9099858
9099858
9099858
9099858
9099858
9099858
9099858
45499327
4
4
4
33
33
33
4
4
4
32
32
32
0
0
0
0
0
0
0
0
0
0
127
127
127
30
30
30
0
994
994
994
0
0
0
0
0
0
0
234
234
234
0
0
906
906
906
31
31
31
0
3292
3292
0
0
0
0
0
0
0
224
224
224
0
0
20
20
20
9
9
9
162
162
162
77
77
77
22
22
22
9
9
9
155
155
155
67
67
67
2
2
0
0
0
1
1
0
0
0
19
19
0
0
0
4
4
0
0
0
885
3542
3542
885
572
2289
2289
2289
572
294
294
294
621
621
621
146
146
146
69
69
69
1207
4828
4828
4828
1207
16
16
3
3
0
284
1137
1137
1137
284
9
8
8
1
1
0
134
539
539
539
134
4
975
975
975
4399
4399
4399
154
154
154
66
66
66
3995
15982
15982
3995
119
119
4
4
0
272
1091
1091
1091
272
9
26
26
1
1
0
117
471
471
471
117
4
4
4
4
33
33
33
4
4
4
32
32
32
0
0
0
0
0
0
0
0
0
0
127
127
127
30
30
30
0
994
0
0
994
994
0
0
0
0
0
0
0
234
0
0
0
234
234
0
0
906
906
906
31
31
31
0
3292
0
3292
0
0
0
0
0
0
0
224
0
0
0
224
224
0
0
20
20
20
9
9
9
162
162
162
77
77
77
22
22
22
9
9
9
155
155
155
67
67
67
11
11
2
2
0
5
5
1
1
0
79
79
2
2
0
17
17
1
1
0
3542
3542
500
3542
3542
2289
2289
323
64
2289
2289
2289
294
294
294
621
621
621
146
146
146
69
69
69
4828
4828
682
136
4828
4828
4828
67
67
15
15
0
1137
1137
0
160
0
1137
1137
1137
39
32
32
7
7
0
539
539
0
76
0
539
539
539
18
975
975
975
4399
4399
4399
154
154
154
66
66
66
15982
15982
2258
15982
15982
478
478
16
16
0
1091
1091
0
0
154
1091
1091
1091
38
105
105
7
7
0
471
471
0
0
66
471
471
471
16
21
21
21
166
166
166
22
22
22
159
159
159
0
0
0
0
0
0
0
0
0
0
634
634
634
149
149
149
0
4934
4934
4934
0
0
0
0
0
0
0
1163
1163
1163
0
0
4496
4496
4496
157
157
157
0
16335
16335
0
0
0
0
0
0
0
1115
1115
1115
0
0
103
103
103
49
49
49
806
806
806
382
382
382
109
109
109
47
47
47
773
773
773
333
333
333
13
13
3
3
0
6
6
1
1
0
98
98
3
3
0
21
21
1
1
0
4393
17574
17574
4393
2839
11359
11359
11359
2839
1461
1461
1461
3081
3081
3081
726
726
726
344
344
344
5988
23952
23952
23952
5988
83
83
19
19
0
1411
5645
5645
5645
1411
49
39
39
9
9
0
669
2677
2677
2677
669
23
4837
4837
4837
21824
21824
21824
765
765
765
330
330
330
19822
79288
79288
19822
592
592
20
20
0
1354
5416
5416
5416
1354
47
131
131
8
8
0
584
2337
2337
2337
584
20
33771
33771
33771
21
21
21
166
166
166
22
22
22
159
159
159
87
87
87
683
683
683
84
84
84
421
84
84
596
596
596
596
596
596
596
0
0
0
0
0
0
0
0
0
0
0
0
0
0
0
0
0
0
0
0
634
634
634
149
149
149
1
0
0
4934
4934
4934
0
0
0
0
0
0
0
0
0
0
1163
1163
1163
0
0
4496
4496
4496
157
157
157
6
1
16335
16335
1
0
0
0
0
0
0
0
0
0
1115
1115
1115
0
0
2610
13050
2610
2610
13050
615
15379
615
615
3075
1
0
1
20289
20289
20289
20289
1
20289
0
0
0
0
0
0
0
0
0
4781
23909
4781
4781
0
0
4781
249432
1247164
249432
249432
1247164
249432
249432
1247164
590
14756
590
590
2951
590
590
2951
13
13
184844
184844
184844
184844
184844
184844
13
184844
2
2
0
0
0
0
0
0
0
4175
20876
4175
4175
4175
4175
4175
4175
0
0
4175
103
103
103
49
49
49
806
806
806
382
382
382
109
109
109
47
47
47
773
773
773
333
333
333
426
426
426
202
202
202
3315
3315
3315
1572
1572
1572
409
409
2046
409
409
409
176
176
883
176
176
176
2895
2895
2895
2895
2895
2895
1249
1249
1249
1249
1249
1249
55
55
13
13
0
26
26
6
6
0
395
395
13
13
0
87
87
5
5
0
229
229
54
54
1
108
108
25
25
0
26340
26340
51
51
1
1732
1732
22
22
0
17574
17574
87872
17574
17574
11359
11359
56797
11359
11359
11359
11359
1461
1461
1461
3081
3081
3081
726
726
726
344
344
344
23952
23952
119760
23952
23952
23952
23952
334
334
78
78
2
5645
5645
0
28225
0
5645
5645
5645
197
158
158
37
37
1
2677
2677
0
13386
0
2677
2677
2677
93
4837
4837
4837
21824
21824
21824
765
765
765
330
330
330
79288
79288
396441
79288
79288
2371
2371
83
83
2
5416
5416
0
0
27082
5416
5416
5416
189
525
525
35
35
1
2337
2337
0
0
11688
2337
2337
2337
81
46704
46704
46704
46704
9340
46704
46704
46704
46704
30041
6008
6008
6008
30041
63344
12668
12668
12668
63344
74646
2985
2985
2985
14929
35401
1416
1416
1416
7080
98479
98479
98479
98479
19695
98479
98479
98479
98479
1376
1376
324
324
11
116050
23210
23210
0
23210
0
23210
23210
23210
23210
811
652
652
153
153
5
55037
11007
11007
0
11007
0
11007
11007
11007
11007
384
49945
49945
49945
249725
49945
49945
249725
1210689
1210689
1210689
6053446
1210689
1210689
6053446
2864
2864
2864
14324
71623
2864
2864
14324
1236
1236
1236
6182
30911
1236
1236
6182
897190
897190
897190
158045
158045
311
311
10
0
20266
0
20266
20266
20266
20266
101330
20266
20266
20266
708
20266
10394
10394
134
134
4
0
8746
0
8746
8746
8746
8746
43732
8746
8746
8746
305
8746
17
17
17
133
133
133
3
94
94
18
18
18
128
128
18
90
90
0
0
0
0
0
0
0
0
0
511
511
120
120
120
0
0
3978
3978
112
2810
0
0
0
0
0
0
0
0
937
937
937
26
662
662
3625
3625
127
127
127
0
13171
1860
9304
0
0
0
0
0
0
0
899
899
127
635
635
83
83
83
39
39
39
650
650
650
91
18
91
308
308
308
43
8
43
88
88
88
38
38
38
623
623
88
88
269
269
38
38
11
11
2
0
2
5
5
1
0
1
79
2
2
0
17
1
1
0
3542
14170
2002
2289
2289
9159
9159
1294
258
1178
1178
2484
2484
585
585
585
277
277
277
4828
4828
19312
19312
2728
545
67
67
15
0
15
1137
39
1137
4551
4551
4551
643
643
128
32
32
7
0
7
539
18
539
2158
2158
2158
304
304
60
3900
3900
17596
17596
617
617
617
266
266
266
15982
63930
9032
478
16
16
0
1091
1091
38
4367
4367
617
617
105
7
7
0
471
471
16
1884
1884
266
266
49
9
49
8
1
8
292
292
344
68
344
90
90
60
12
60
273
273
273
273
273
1368
2127
2127
2127
2127
2127
10638
60
1503
1503
262
262
262
262
262
1313
1857
1857
1857
1857
9289
262
1312
1312
0
0
0
0
0
0
0
0
0
731
0
0
49
0
0
0
0
0
8129
8129
8129
40648
1916
1916
1916
1916
1916
9580
1
1
1
1
63194
63194
63194
315975
2
1785
1785
44640
44640
0
0
0
0
0
0
0
0
0
0
0
0
0
0
14894
14894
14894
14894
14894
74470
0
420
420
10521
10521
10521
26911
26911
26911
134558
1838
1838
1838
1838
1838
9192
24442
1
97771
488856
20
13813
13813
69065
731
0
49
0
0
0
0
0
3251
0
0
0
0
0
13004
13004
13004
13004
65024
2
1837
1837
9186
9186
1328
1328
1328
1328
1328
6642
630
630
630
630
630
3150
2781
556
2781
10327
10327
10327
10327
10327
51637
1459
291
1459
4897
4897
4897
4897
4897
24489
4324
864
4324
691
138
691
1274
1274
1274
1274
1274
6373
550
550
550
550
550
2750
485
97
485
9017
9017
9017
9017
45087
1273
1273
3891
3891
3891
3891
19458
687
137
687
549
549
178
178
178
178
42
42
1
42
42
84
84
84
84
19
19
0
19
19
3549
591
591
242
40
40
40
1
0
786
131
131
104
17
17
17
0
0
26296
26296
105187
525939
3715
14860
4
3715
3715
2972
14860
36367
36367
36367
36367
145470
145470
145470
727352
25690
1
5138
5138
25690
25690
822
20552
4110
20552
18713
18713
18713
93569
16524
660
660
16524
16524
39459
39459
39459
197298
9300
9300
9300
9300
9300
46500
4410
4410
4410
4410
4410
22052
19472
155
155
3894
19472
3894
76683
76683
76683
76683
306733
306733
306733
1533670
2
1733
43335
8667
43335
1072
1072
1072
1072
252
252
8
252
252
18073
18073
631
18073
18073
72292
72292
72292
72292
72292
361462
0
408
10213
10213
2042
10213
508
508
508
508
119
119
4
119
119
8571
8571
299
8571
8571
34285
34285
34285
34285
34285
171425
30273
0
1210
1210
6054
30273
6054
193
4843
4843
968
4843
28953
28953
28953
144765
5113
1022
1022
5113
5113
130622
130622
130622
653113
8923
8923
8923
8923
8923
44616
3851
3851
3851
3851
3851
19255
3400
136
136
680
3400
680
118639
118639
474558
2372794
20
13409
67045
3549
3549
242
242
242
242
1
8
15780
15780
15780
15780
110
551
63122
63122
63122
63122
315614
2
1783
8917
8917
786
786
104
104
104
104
0
3
6810
6810
6810
6810
47
238
27242
27242
27242
27242
136212
4811
3848
3848
1
962
962
962
4811
962
769
3848
3848
17
17
17
133
133
133
3
94
94
18
18
18
128
128
18
90
90
0
0
0
0
0
0
0
0
0
511
511
120
120
120
0
0
3978
3978
0
0
112
2810
0
0
0
0
0
0
0
0
937
937
937
0
0
0
26
662
662
3625
3625
127
127
127
0
13171
0
1860
9304
0
0
0
0
0
0
0
899
899
0
0
0
127
635
635
83
83
83
39
39
39
650
650
650
91
18
91
308
308
308
43
8
43
88
88
88
38
38
38
623
623
88
88
269
269
38
38
45
45
10
0
10
21
21
5
0
5
318
11
11
0
70
4
4
0
14170
14170
2002
9159
9159
9159
9159
1294
1294
258
258
1178
1178
2484
2484
585
585
585
277
277
277
19312
19312
19312
19312
2728
2728
545
545
270
270
63
2
63
4551
159
4551
4551
4551
4551
643
643
0
643
128
0
128
128
30
1
30
2158
75
2158
2158
2158
2158
304
304
0
304
60
0
3900
3900
17596
17596
617
617
617
266
266
266
63930
63930
9032
1912
67
67
2
4367
4367
152
4367
4367
0
0
617
617
617
423
28
28
1
1884
1884
65
1884
1884
0
0
266
266
266
3
0
0
196
39
196
18
0
0
1217
34
34
6
34
34
63
1
1
21
0
0
1169
1169
1378
275
1378
12811
361
361
361
383
10
10
130
3
3
8520
240
240
48
240
273
273
273
273
273
1368
2127
2127
2127
2127
2127
10638
60
1503
1503
262
262
262
262
262
1313
1857
1857
1857
1857
9289
262
1312
1312
0
0
0
0
0
0
0
0
0
0
0
2924
0
0
0
0
0
199
8129
8129
8129
40648
8128
40644
40644
1916
1916
1916
1916
1916
9580
1915
47897
47897
4
4
4
4
63194
63194
63194
315975
13
2
0
0
8928
1785
1785
44640
44640
12637
63189
63189
0
0
0
0
0
0
0
0
0
1
1
0
1
1
14894
14894
14894
14894
14894
74470
0
0
0
0
0
2104
420
420
10521
10521
10521
2978
74464
74464
26911
26911
26911
134558
26909
134546
1838
1838
1838
1838
1838
9192
1838
45957
7
97771
97771
488856
1
1
1
20
20
1
1
13813
13813
13813
69065
19552
97762
182
0
2924
0
0
0
0
0
199
0
0
0
0
0
13004
13004
13004
13004
13004
65024
0
0
0
0
2
0
0
0
0
0
0
0
1837
1837
1837
9186
9186
2600
65019
121
176
4
4
249
7
7
1328
1328
1328
1328
1328
6642
630
630
630
630
630
3150
11127
2225
11127
10327
10327
10327
10327
10327
51637
1459
291
1459
4897
4897
4897
4897
4897
24489
17299
3459
17299
691
138
691
1274
1274
1274
1274
1274
6373
1056
29
29
550
550
550
550
550
2750
68770
1943
1943
388
1943
1943
9017
9017
9017
9017
45087
1273
1273
1494
42
42
3891
3891
3891
3891
19458
97295
2749
2749
549
2749
549
549
2749
714
714
714
714
168
168
5
168
168
338
338
338
338
79
79
2
79
79
3608
101
101
1232
34
34
2366
2366
14196
161
161
161
5
1
969
524
524
3146
2622
74
74
69
69
69
2
0
418
1743
49
49
105187
105187
105187
525939
14860
2972
14860
14860
14860
22
4
2972
2972
2972
14860
21035
105178
2629719
145470
145470
145470
145470
145470
145470
145470
727352
102760
30
1
4110
822
4110
20552
20552
20552
20552
4110
4110
20552
102760
29091
145458
145458
18713
18713
18713
93569
66097
2643
2643
66097
18712
93561
93561
39459
39459
39459
197298
39456
197281
197281
9300
9300
9300
9300
9300
46500
9299
232481
232481
4410
4410
4410
4410
4410
22052
77890
623
623
15578
15578
77890
4410
110255
110255
306733
306733
306733
306733
306733
306733
306733
1533670
65
2
1733
43335
43335
8667
8667
43335
61341
306707
306707
4288
4288
4288
4288
1010
1010
35
1010
1010
72292
72292
2527
72292
72292
72292
72292
72292
72292
72292
361462
3
0
408
10213
10213
0
10213
10213
2042
0
10213
14457
361431
361431
2033
2033
2033
2033
479
479
16
479
479
34285
34285
1198
34285
34285
34285
34285
34285
34285
34285
171425
121094
1
0
968
193
193
4843
4843
4843
4843
0
4843
4843
4843
968
0
4843
24218
24218
121094
6856
171411
171411
28953
28953
28953
144765
723826
20452
20452
4090
4090
20452
28950
144752
130622
130622
130622
653113
130611
653058
8923
8923
8923
8923
8923
44616
8922
223065
21653
611
611
7396
208
208
3851
3851
3851
3851
3851
19255
481394
13602
13602
544
544
2720
2720
13602
3850
96270
474558
474558
474558
2372794
67045
67045
67045
100
20
13409
67045
94903
474518
11864075
14196
14196
969
969
969
969
6
33
63122
63122
63122
63122
441
2207
63122
63122
63122
63122
315614
44589
44589
44589
2
2
1783
8917
8917
8917
0
0
8917
8917
8917
8917
44589
12623
315587
7890436
3146
3146
15733
444
444
418
418
418
418
2
14
10463
295
295
27242
27242
27242
27242
190
952
27242
27242
27242
27242
136212
681065
19244
769
3848
19244
3848
3848
19244
1
1
769
769
769
153
769
3848
3848
3848
0
3848
0
3848
3848
3848
3848
3848
19244
5448
136201
3405356
85
85
85
664
664
664
664
16614
16614
90
90
90
637
637
3188
15941
15941
0
0
0
0
0
0
0
0
0
2539
2539
598
598
598
0
0
19738
19738
19738
493473
0
0
0
0
0
0
0
0
4652
4652
4652
4652
116304
116304
17985
17985
631
631
631
1
65341
326708
1633541
0
0
0
0
0
0
0
4463
4463
22318
111593
111593
414
414
414
196
196
196
16128
3225
3225
3225
3225
16128
7649
1529
1529
1529
1529
7649
437
437
437
188
188
188
15475
3095
3095
15475
6679
1335
1335
6679
55
55
13
0
13
26
26
6
0
6
395
13
13
0
87
5
5
0
17574
70298
351491
11359
11359
45437
45437
227188
45437
5845
5845
12325
12325
2904
2904
2904
1377
1377
1377
23952
23952
95808
95808
479041
95808
334
334
78
2
78
5645
197
5645
22580
22580
22580
112902
112902
22580
158
158
37
1
37
2677
93
2677
10708
10708
10708
53544
53544
10708
19349
19349
87296
87296
3062
3062
3062
1321
1321
1321
79288
317152
1585765
2371
83
83
2
5416
5416
189
21666
21666
108330
108330
525
35
35
1
2337
2337
81
9350
9350
46753
46753
1728
8644
301
1509
51348
12102
60510
3177
15888
3177
422
422
2113
10567
422
2113
1357
1357
1357
1357
1357
6789
10555
10555
10555
10555
10555
52777
10555
263885
263885
1302
1302
1302
1302
1302
6514
9216
9216
9216
9216
46082
46082
230414
230414
0
0
0
0
0
0
0
0
0
3627
0
0
247
0
0
0
0
0
40330
40330
40330
201652
9505
9505
9505
9505
9505
47526
5
5
5
5
313503
313503
313503
1567519
313503
313502
7837595
7837595
0
0
0
0
0
0
0
0
0
1
1
0
1
1
73887
73887
73887
73887
73887
369440
73887
73887
73887
1847200
1847200
1847200
133505
133505
133505
667528
9120
9120
9120
9120
9120
45601
121258
9
485032
2425163
2425163
2425160
12125819
3627
0
247
0
0
0
0
0
16128
1
1
1
0
0
64515
64515
64515
64515
322580
322580
322579
322579
1612901
1612901
6590
6590
6590
6590
6590
32954
97680
488404
3125
3125
3125
3125
3125
15628
256168
51233
51233
51233
51233
51233
51233
256168
256168
151861
759309
121489
24297
24297
24297
24297
24297
24297
121489
121489
6323
6323
6323
6323
6323
31619
17058
85291
2729
2729
2729
2729
2729
13646
223675
44735
44735
44735
44735
223675
223675
24133
120667
96534
19306
19306
19306
19306
96534
96534
886
886
886
886
208
208
7
208
208
420
420
420
420
99
99
3
99
99
17606
2934
2934
1202
200
200
200
7
1
3902
650
650
519
86
86
86
3
0
130456
130456
130456
130456
130456
130456
652282
652282
521825
521825
2609129
180415
180415
180415
180415
180415
180415
180415
902080
902080
4510400
4510400
144332
721662
721662
721662
3608320
3608320
721663
3608320
116047
116047
2901189
2901189
92837
92837
92837
464190
195754
195754
195754
978774
46136
46136
46136
46136
46136
230682
27350
27350
683765
3418830
683765
21880
21880
21880
21880
21880
109402
380418
380418
380418
380418
304334
1521672
1521672
1521672
7608373
7608373
1521672
7608373
5318
5318
5318
5318
1253
1253
43
1253
1253
89658
89658
3135
89658
89658
71726
71726
358634
358634
358634
358634
358634
1793176
1793176
1793176
358634
1793176
2522
2522
2522
2522
594
594
20
594
594
42521
42521
1486
42521
42521
42521
42521
42521
212606
212606
1063031
5315163
1063031
34016
34016
170084
170084
170084
170084
170084
850425
850425
850425
170084
850425
179540
179541
179541
897706
897706
143632
143632
143632
718165
648004
648004
648004
3240028
44267
44267
44267
44267
44267
221339
23881
23881
23881
119407
23881
23881
119407
597037
119407
19105
19105
19105
19105
19105
95525
588558
588558
2354232
2354232
11771181
17606
17606
1202
1202
1202
1202
8
42
78286
78286
78286
78286
547
2737
313145
313145
313145
313145
313145
313145
1565729
1565729
1565729
3902
3902
519
519
519
519
3
18
33786
33786
33786
33786
236
1181
33786
33786
33786
33786
33786
33786
168934
168934
168934
168934
844673
168934
135147
135147
135147
135147
135147
135147
675738
675738
675738
675738
85
85
85
664
664
664
664
16614
16614
90
90
90
637
637
3188
15941
15941
351
351
351
2732
2732
2732
546
13662
13662
337
337
337
337
337
1686
2385
2385
2385
2385
2385
2385
2385
11929
11929
0
0
0
0
0
0
0
0
0
0
0
0
0
0
1
0
0
0
2539
2539
598
598
598
7
1
1
1
19738
19738
19738
493473
0
0
0
0
0
0
1
0
0
0
0
4652
4652
4652
4652
116304
116304
17985
17985
631
631
631
24
4
65341
326708
1633541
0
0
0
0
0
0
1
0
0
0
4463
4463
22318
111593
111593
10440
10440
52202
52202
2460
2460
2460
61516
12303
6
1
6
6
81157
81157
81157
81157
16231
405786
0
0
0
0
0
0
1
0
1
0
1
19127
19127
19127
95637
19127
3825
95637
95637
997731
997731
4988658
997731
997731
4988658
2360
2360
2360
11804
59024
2360
2360
11804
55
55
739376
739376
739376
739376
739376
739376
3696883
9
0
0
0
0
0
1
1
1
0
16701
16701
16701
83507
16701
16701
16701
16701
16701
83506
83506
414
414
414
196
196
196
16128
3225
3225
3225
3225
16128
7649
1529
1529
1529
1529
7649
437
437
437
188
188
188
15475
3095
3095
15475
6679
1335
1335
6679
1706
1706
1706
809
809
809
13262
2652
13262
13262
13262
13262
6290
1258
6290
6290
6290
6290
1637
1637
8185
1637
1637
1637
706
706
3532
706
706
706
11580
11580
11580
11580
11580
11580
11580
4997
4997
4997
4997
4997
4997
4997
223
223
52
1
52
105
105
24
0
24
1581
55
55
1
350
23
23
0
917
917
216
7
216
435
435
102
3
102
105363
207
207
7
6929
89
89
3
70298
70298
351491
22718
22718
22718
22718
113594
113594
22718
22718
2922
2922
6162
6162
1452
1452
1452
688
688
688
47904
47904
47904
47904
239520
239520
47904
47904
669
669
157
5
157
11290
394
11290
11290
11290
11290
56451
56451
0
56451
11290
0
317
317
74
2
74
5354
187
5354
5354
5354
5354
26772
26772
0
26772
5354
0
9674
9674
43648
43648
1531
1531
1531
660
660
660
158576
158576
792882
4743
166
166
5
10833
10833
378
10833
10833
0
0
54165
54165
54165
1051
71
71
2
4675
4675
163
4675
4675
0
0
23376
23376
23376
186818
186818
186818
186818
186818
186818
186818
37363
37363
60082
60082
12016
12016
126688
126688
25337
25337
149292
29858
5971
5971
5971
70803
14160
2832
2832
2832
196959
196959
196959
196959
196959
196959
196959
39391
39391
2753
2753
649
22
649
232101
46420
46420
1623
46420
46420
46420
46420
46420
46420
0
46420
9284
0
1305
1305
307
10
307
110075
22015
22015
769
22015
22015
22015
22015
22015
22015
0
22015
4403
0
199780
199780
199780
199780
998903
2421378
2421378
2421378
2421378
12106893
5729
5729
5729
5729
5729
28649
143246
2472
2472
2472
2472
2472
12364
61822
3588762
316090
622
622
21
40532
0
40532
0
40532
1417
40532
40532
40532
40532
202661
41579
268
268
9
34985
0
34985
0
34985
1223
34985
34985
34985
34985
174929
24396
24396
24396
603
603
603
15
15
15
11
11
11
6915
34577
92
92
1207
6038
6038
6038
5686
28433
69
69
903
4518
4518
4518
316
316
108
108
654
654
80
80
205393
48408
242041
12710
63554
12710
1901
649
1690
1690
8453
42268
1690
8453
168896
39806
199031
24425
4885
4885
4885
24425
24425
118416
118416
118416
2931
2931
2931
3925
485
6325
6325
1265
1265
1265
6325
31629
6325
31629
1357
1357
1357
1357
1357
6789
10555
10555
10555
10555
10555
52777
10555
263885
263885
1302
1302
1302
1302
1302
6514
9216
9216
9216
9216
46082
46082
230414
230414
5583
5583
5583
5583
5583
5583
5583
5583
43398
43398
43398
43398
43398
43398
43398
43398
8679
216994
216994
4874
4874
4874
4874
4874
4874
4874
4874
4874
4874
24374
34484
34484
34484
34484
34484
34484
34484
34484
34484
34484
34484
34484
172421
172421
0
0
0
0
0
0
0
0
0
0
0
14509
0
0
0
0
0
991
0
0
0
0
0
0
0
0
0
12
12
2
2
164184
1
1
0
0
0
0
0
3708
40330
40330
40330
201652
201652
1008262
1008262
9505
9505
9505
9505
9505
47526
47526
1188161
1188161
116
23
23
23
23
23
1567519
1567519
313503
313503
313503
1567519
313503
1567519
1567519
313503
313502
7837595
7837595
0
0
0
0
0
0
0
0
0
0
27
0
5
5
0
5
5
369440
73887
73887
73887
73887
73887
73887
369440
73887
1847201
1847201
73887
73887
73887
1847200
1847200
1847200
133505
133505
133505
667528
667527
3337642
9120
9120
9120
9120
9120
45601
45601
1140041
180
180
36
2425163
2425163
485032
2425163
485032
2425163
2425163
485032
2425160
12125819
1
14509
0
0
0
0
0
991
24
24
24
120
0
0
24
4
4
4
0
0
322580
64515
64515
64515
64515
64515
322580
64515
1612902
322580
64515
322579
322579
1612901
1612901
6
165820
165820
165820
165820
165820
165820
829100
829100
0
8
39081
39081
39081
39081
39081
39081
39081
39081
977032
195406
977032
96
19
96
96
96
96
1288980
1288980
10
1288980
1288980
1288980
1288980
1288980
1288980
1288980
1288980
257795
10
1288980
1288980
6444903
1288978
6444903
1
1
1
1
0
0
0
0
0
0
22
0
22
22
0
22
22
303792
60758
0
12
303792
303792
303792
303792
303792
303792
303792
303792
1518965
303792
1518965
60758
2
303792
303792
1518964
1518964
303792
303792
1518964
6892078
1378415
1378415
1378415
1378415
1378415
6892078
1378415
1378415
6892078
1378415
1378415
1378415
34124
853105
34124
34124
34124
34124
34124
34124
34124
34124
170620
853105
34124
34124
170620
34124
34124
34124
69
69
69
69
69
932045
932045
932045
932045
932045
932045
932045
932045
932045
932045
932045
932045
932045
4660225
12
12
12
164184
1
1
0
0
0
0
0
3708
89
17
17
17
89
0
0
17
17
17
17
17
17
17
0
0
241390
48277
48277
1206952
241390
241390
241390
241390
241390
241390
241390
241390
1206952
241390
241390
241390
241390
241390
241390
241390
241390
241390
241390
1206951
1206951
1206951
873
873
873
1235
1235
1235
653
653
653
924
924
924
6590
6590
6590
6590
6590
32954
390723
1953617
3125
3125
3125
3125
3125
15628
256168
51233
51233
51233
51233
51233
51233
256168
256168
607446
3037236
121489
24297
24297
24297
24297
24297
24297
121489
121489
6323
6323
6323
6323
6323
31619
5241
5241
68232
341164
2729
2729
2729
2729
2729
13646
341164
341164
223675
44735
44735
44735
44735
223675
223675
7415
7415
96534
482670
96534
19306
19306
19306
19306
96534
96534
482670
482670
27098
27098
27098
27098
27098
27098
27098
12851
12851
321294
1606471
12851
12851
12851
12851
12851
210648
210648
42129
210648
210648
210648
210648
210648
210648
99901
499507
2497538
99901
19980
99901
99901
99901
99901
99901
99901
23661
23661
23661
23661
118307
23661
23661
23661
23661
23661
3922
3922
10211
10211
10211
10211
51059
51059
255296
10211
10211
10211
10211
10211
255296
255296
167378
167378
167378
167378
167378
167378
167378
167378
167378
167378
5549
5549
72237
72237
72237
72237
72237
361187
72237
72237
72237
72237
72237
72237
361187
361187
3545
3545
3545
3545
835
835
29
835
835
1681
1681
1681
1681
396
396
13
396
396
17903
17903
6115
6115
11737
11737
70426
801
801
801
28
5
4811
13008
2601
13008
2601
15610
8651
346
346
346
12
8651
2
2076
14578
14578
14578
14578
3436
3436
120
3436
3436
6914
6914
6914
6914
1629
1629
56
1629
1629
36969
36969
4576
4576
132819
132819
796915
3000
3000
3000
104
20
18001
90005
4999
4999
4999
29997
6474
1294
1294
1294
45
6474
9
7768
38844
721662
721662
721662
721662
721662
721662
144332
721662
721662
721662
721662
721662
721662
721662
3608320
3608320
3608320
3608320
3608320
3608320
3608320
721663
721663
3608320
18041600
46418
46418
46418
232094
232095
232095
1160475
1160475
232095
5802378
97877
97877
97877
489386
2446936
2446936
489387
23068
23068
23068
23068
23068
115340
2883528
2883528
115341
10940
10940
10940
10940
10940
54701
54701
54701
1367532
1367532
54701
1367531
1367531
6837661
760836
760836
760836
760836
152167
760836
760836
760836
760836
3804186
3804186
3804186
3804186
3804186
760836
760836
3804186
10637
10637
10637
10637
2507
2507
87
2507
2507
179317
179317
6270
179317
179317
35863
35863
179317
179317
179317
179317
179317
179317
4482944
4482944
896588
896588
896588
5
896588
179316
896588
179317
1
896588
5044
5044
5044
5044
1189
1189
41
1189
1189
85042
85042
85042
2973
85042
85042
85042
17008
17008
85042
85042
85042
85042
85042
17008
85042
85042
85042
425212
425212
2126065
2126065
425212
425212
425212
2
425212
425212
85042
425212
85042
0
425212
2126063
2126063
10630326
143632
143632
143632
718163
718163
718165
718165
718165
3590825
324002
324002
324002
1620011
1620014
8100070
22133
22133
22133
22133
22133
110669
110669
2766749
53709
18345
9552
9552
9552
9552
9552
47762
47762
47762
47762
238814
47762
47762
47762
238814
238814
1194074
2354232
2354232
2354232
2354232
2354232
11771181
35213
35213
2405
2405
2405
2405
16
84
156572
156572
156572
156572
1094
5474
156572
156572
156572
156572
156572
156572
156572
782864
782864
782864
4
4
782864
782864
782864
782864
156572
782864
3914327
15610
15610
78051
1038
1038
1038
1038
7
36
25954
135147
135147
135147
135147
135147
135147
945
4725
135147
135147
135147
135147
135147
135147
135147
27029
135147
135147
135147
135147
675737
135147
135147
135147
135147
675737
675738
675738
675738
4
675738
4
675738
675738
675738
675738
135147
675738
675738
3378693
16
381706
381706
381706
1908532
381706
1908532
381706
381706
381706
381706
9542663
16
402426
2012131
2012131
402426
402426
402426
402426
0
19
94845
94845
2371143
474228
2371143
94845
94845
94845
94845
94845
0
9
44981
44981
44981
44981
1124530
44981
224905
1124530
44981
44981
44981
44981
44981
1124529
1124529
5622651
52
52
6256412
6256412
6256412
6256412
6256412
6256412
6256412
6256412
6256412
6256412
6256412
1251280
1251280
6256412
43736
43736
43736
43736
10308
10308
360
10308
10308
1
31
6
737270
737270
737270
3686352
737270
3686352
737270
25779
737270
737270
737270
737270
737270
737270
737270
737270
737270
737270
4
737270
147453
737270
147453
147453
0
737270
41484
41484
41484
41484
4888
4888
170
4888
4888
1
29
5
699310
699310
699310
699310
699310
3496553
699310
699310
3496553
699310
24452
699310
699310
699310
699310
699310
699310
699310
699310
699310
699310
699310
139861
699310
4
699310
699310
139861
699310
139861
139861
0
699310
3496550
3496550
17482766
6690509
6690509
6690509
6690509
6690509
6690509
6690509
6690509
6690509
33452545
82815
82815
82815
82815
82815
82815
82815
82815
82815
82815
82815
82815
414077
82815
2070387
221815
13728
71483
71483
71483
71483
71483
71483
71483
71483
71483
71483
71483
71483
71483
71483
71483
357415
357415
71482
357415
357415
1787077
796915
9000
9000
9000
62
314
9000
45002
1171652
1171652
1171652
1171652
6
1171652
6
1171652
1171652
8193
40968
1171652
1171652
1171652
1171652
1171652
1171652
234329
234329
1171652
1171652
5858265
7768
7768
7768
54
271
7768
38844
