656.0
656.0
3664.0
3664.0
656.0
656.0
3664.0
3664.0
4548209.0
4548209.0
4548209.0
339001.0
583063.0
747923.0
2.3179615058915646
292.0
5120.0
512.0
512.0
2452.0
2452.0
656.0
656.0
3664.0
3664.0
656.0
656.0
3664.0
3664.0
512.0
512.0
2452.0
2452.0
6958726.0
6958726.0
6958726.0
339001.0
583063.0
747923.0
146364.0
206372.0
214932.0
1060.0977173154297
36781.67532467532
252132.0
252132.0
1060.0977173154297
36781.67532467532
252132.0
252132.0
1311.592995743687
38636.90909090909
139038565.23122543
1154.0277208706007
35592.24025974026
20734584.41586675
5.947710516503416
3972.146103896104
5120.0
941.0822521276729
30433.51948051948
150552.0
150552.0
1060.0977173154297
36781.67532467532
252132.0
252132.0
1060.0977173154297
36781.67532467532
252132.0
252132.0
941.0822521276729
30433.51948051948
150552.0
150552.0
1311.592995743687
38636.90909090909
139038565.23122543
1154.0277208706007
35592.24025974026
20734584.41586675
94.4603317953382
6439.168831168832
694131.2453259306
43572.0
252132.0
252132.0
43572.0
43572.0
252132.0
252132.0
81508.0
415662312.0
73735.0
75085.0
51398754.0
13623.0
2609128.0
31188.0
150552.0
150552.0
43572.0
252132.0
252132.0
43572.0
43572.0
252132.0
252132.0
31188.0
31188.0
150552.0
150552.0
81508.0
415662312.0
73735.0
75085.0
51398754.0
13574.0
13584.0
13531350.0
43572.0
252132.0
252132.0
43572.0
43572.0
252132.0
252132.0
81508.0
415662312.0
73735.0
75085.0
51398754.0
3664.0
656.0
3664.0
3664.0
656.0
656.0
3664.0
4548209.0
339001.0
747923.0
583063.0
13623.0
22860890.0
31188.0
150552.0
150552.0
43572.0
252132.0
252132.0
43572.0
43572.0
252132.0
252132.0
31188.0
31188.0
150552.0
150552.0
81508.0
415662312.0
73735.0
75085.0
51398754.0
13574.0
13584.0
13531350.0
2452.0
512.0
2452.0
3664.0
656.0
3664.0
3664.0
656.0
656.0
3664.0
2452.0
512.0
512.0
2452.0
6958726.0
339001.0
747923.0
583063.0
146364.0
214932.0
206372.0
3196230637.2823095
1000105920.5098336
3318432467.2628765
95883010.81656647
88296203.31339361
3292733515.153081
5060218.975624818
5262081.892219471
189451.86618153684
189451.86618153684
5170462.218054397
992646.0
1029216.0
558554550.0
295669818.0
578828980.0
4133298602.0
1011543602.0
4289433532.0
96487020.94691397
88306319.41775222
4098528068.0
41506568.64855207
41071890.00255269
577402596.0
7487202.0
7759432.0
190292.0894130155
190292.0894130155
6847880.0
76173.38608526163
76173.38608526163
1023742.0
15288.0
15848.0
22696.0
22696.0
85941.0
1800013.6627080245
2378041.3627580097
2843405.373185494
571896.1606221051
630054.1324858959
818177.7595759814
630054.1324858959
3196230637.2823095
1000105920.5098336
3318432467.2628765
95883010.81656647
88296203.31339361
3292733515.153081
5060218.975624818
5262081.892219471
189451.86618153684
189451.86618153684
5170462.218054397
34680660.812323965
13929353.177736254
34680660.812323965
13928512.280166991
46984526.597811095
13075518.225609269
48809878.54561126
7414611.571318396
2978332.4076510645
1329505.585592023
1207237.5922980926
48418913.40546055
7414611.571318396
2978164.228137212
333067.74053925707
333067.74053925707
1958095.0272818655
3007022.0215768623
6196595.226950683
333067.74053925707
330247.1850618229
1865853.0017990815
2792043.71797629
4344767.374040961
72843.07337307493
75786.80981712804
73739.6785202765
73739.6785202765
1361723.3596768787
1361723.3596768787
1361723.3596768787
2568.1164444928395
2568.1164444928395
74385.84655797126
73739.6785202765
73171.73879801505
807918.3978727554
962978.8786395942
1139520.7843984172
962978.8786395942
19423042.68533701
5418382.219102235
44396069.06769209
2996046.1426394833
796730.0605101839
13364189.673510848
19997130.636193134
9887013.23804687
7248109.945817679
6005387.431063811
3236412.7976492774
2538946.3579197153
992646.0
1029216.0
558554550.0
295669818.0
578828980.0
4133298602.0
1011543602.0
4289433532.0
96487020.94691397
88306319.41775222
4098528068.0
41506568.64855207
41071890.00255269
577402596.0
7487202.0
7759432.0
190292.0894130155
190292.0894130155
6847880.0
76173.38608526163
76173.38608526163
1023742.0
8691512.0
4528260.0
9006140.0
2146732.0
906050.0
9130266.0
3842784.0
35358734.0
14180850.0
35358734.0
14173000.0
9130266.0
3842734.0
61903268.0
13259850.0
64297888.0
7556520.0
3030518.0
1339185.558080648
1207400.6454749259
61380688.0
7556520.0
3028948.0
662263.7394609526
655141.6920609481
8984418.0
2146732.0
906040.0
94320.0
94320.0
3041610.0
805514.0
280665104.0
434700.0
434700.0
24800598.0
6593876.0
2497723338.0
434700.0
400146.0
22119244.0
5685984.0
232224296.0
94320.0
94142.0
3023282.0
799864.0
69904602.0
110788.0
114910.0
94956.0
94956.0
542988317.0
2581.58965744734
2581.58965744734
100774.0
94956.0
87832.0
95396216.0
51716396.0
35311842.0
1203.929315685722
1203.929315685722
15764.0
22696.0
22660.0
28648672.0
16928834.0
12369414.0
5.0
5120.0
5.0
12979.0
13137.0
317.0
3196230637.2823095
1000105920.5098336
3318432467.2628765
95883010.81656647
88296203.31339361
3292733515.153081
5060218.975624818
5262081.892219471
189451.86618153684
189451.86618153684
5170462.218054397
992646.0
1029216.0
558554550.0
295669818.0
578828980.0
4133298602.0
1011543602.0
4289433532.0
96487020.94691397
88306319.41775222
4098528068.0
41506568.64855207
41071890.00255269
577402596.0
7487202.0
7759432.0
190292.0894130155
190292.0894130155
6847880.0
76173.38608526163
76173.38608526163
1023742.0
36767.89996580268
150691882.90279755
67033029.97386688
36767.42530991552
150691882.90279755
67033029.97386688
1598115318.6411548
500052960.2549168
147713599.71744856
1659216233.6314383
1659216233.6314383
7907.973551189188
31652398.422954444
14339052.879911102
47941505.40828323
44148101.656696804
6566992.802103287
1646366757.5765405
1607107525.6312277
7907.8786200117565
31652398.42295444
14339052.879911102
312.7091787114893
877517.0043861738
311.24285310503365
877517.0043861738
2530109.487812409
218277.74948233584
2631040.9461097354
2631040.9461097354
65.39558331024921
190121.00812098134
42591379.82912299
42591379.82912299
94725.93309076842
94725.93309076842
12751.825613965399
2585231.1090271985
2482157.7816306707
65.1023181889581
190121.00812098134
7392490.115041272
16054661.817112891
17508837.975352384
42591379.82912299
42591379.82912299
5120.0
789.0
5120.0
10.790818606194971
5120.0
5120.0
3.0026548211253763
10.790818606194971
5.0
5120.0
5.0
5120.0
2535810.0
219342047.79225838
279277275.0
147834909.0
13765647.110615684
285254904.655201
289414490.0
296518279.0
3212.8576848853386
7128641.087810522
4643336.077719664
13419.473197995612
31141180.96637796
19630481.885772545
36902.801714622954
152563888.08454832
67730686.59424613
36899.48487307817
152563888.08454832
67730686.59424613
13419.446873856368
31141180.966377955
19630481.885772545
2066649301.0
505771801.0
187485179.53950143
2144716766.0
7935.798740050404
32044971.961316817
14484041.206694504
48243510.473456986
44153159.70887611
6597513.561695782
2049264034.0
1873925903.0
7935.135371741448
32044971.96131682
14484041.206694504
20653550.09823376
20753284.324276034
20535945.001276344
3442637.943752766
284707349.67519045
288701298.0
288911944.0
286819433.0
294750312.0
3212.85242005749
7128641.087810522
4643336.077719664
51.603210160661625
100636.30157531147
353.1199010652264
1102280.7758611212
340.89672574277546
1102280.7758611212
51.51985038638791
100636.30157531147
3743601.0
302574.3604714856
3879716.0
73.71987448244022
236905.64371810047
5210194245.849609
16426780253.855497
95146.04470650775
95146.04470650775
12792.578645276488
3423940.0
2862080.0
71.27523941795002
236905.64371810047
39457820.0
185544955.0
255441431.0
5210194245.849609
16426780253.855497
37993.049757961235
399813.79683921207
29170.23340471092
29170.75374732334
38086.69304263082
38086.69304263082
6253.367277357559
503963.47974654904
504861.23278268083
511871.0
512332.0
506691.0
514608.0
11.544890001255334
22443.767807952718
13705.0
840277.0
1585.0
7246204.0
15662311.0
18332088.0
71168058.8997976
1701694828.6504195
1683900.0
41528.0
840277.0
830167.0
20645.0
15288.0
15848.0
22696.0
66745420.0
1800013.6627080245
2378041.3627580097
2843405.373185494
571896.1606221051
630054.1324858959
818177.7595759814
630054.1324858959
3196230637.2823095
1000105920.5098336
3318432467.2628765
95883010.81656647
88296203.31339361
3292733515.153081
5060218.975624818
5262081.892219471
189451.86618153684
189451.86618153684
5170462.218054397
34680660.812323965
13929353.177736254
34680660.812323965
13928512.280166991
46984526.597811095
13075518.225609269
48809878.54561126
7414611.571318396
2978332.4076510645
1329505.585592023
1207237.5922980926
48418913.40546055
7414611.571318396
2978164.228137212
333067.74053925707
1958095.0272818655
3007022.0215768623
6196595.226950683
330247.1850618229
333067.74053925707
1865853.0017990815
2792043.71797629
4344767.374040961
72843.07337307493
75786.80981712804
73739.6785202765
1361723.3596768787
1361723.3596768787
1361723.3596768787
2568.1164444928395
2568.1164444928395
74385.84655797126
73171.73879801505
73739.6785202765
807918.3978727554
962978.8786395942
1139520.7843984172
962978.8786395942
19423042.68533701
5418382.219102235
44396069.06769209
2996046.1426394833
796730.0605101839
13364189.673510848
19997130.636193134
9887013.23804687
7248109.945817679
6005387.431063811
3236412.7976492774
2538946.3579197153
992646.0
1029216.0
558554550.0
295669818.0
578828980.0
4133298602.0
1011543602.0
4289433532.0
96487020.94691397
88306319.41775222
4098528068.0
41506568.64855207
41071890.00255269
577402596.0
7487202.0
7759432.0
190292.0894130155
190292.0894130155
6847880.0
76173.38608526163
76173.38608526163
1023742.0
8691512.0
4528260.0
9006140.0
2146732.0
906050.0
9130266.0
3842784.0
35358734.0
14180850.0
35358734.0
14173000.0
9130266.0
3842734.0
61903268.0
13259850.0
64297888.0
7556520.0
3030518.0
1339185.558080648
1207400.6454749259
61380688.0
7556520.0
3028948.0
662263.7394609526
655141.6920609481
8984418.0
2146732.0
906040.0
94320.0
3041610.0
805514.0
280665104.0
434700.0
24800598.0
6593876.0
2497723338.0
400146.0
434700.0
22119244.0
5685984.0
232224296.0
94142.0
94320.0
3023282.0
799864.0
69904602.0
110788.0
114910.0
94956.0
542988317.0
2581.58965744734
2581.58965744734
100774.0
87832.0
94956.0
95396216.0
51716396.0
35311842.0
1203.929315685722
1203.929315685722
15764.0
22660.0
22696.0
28648672.0
16928834.0
12369414.0
900006.8313540122
1189020.6813790048
1421702.686592747
285948.08031105256
315027.06624294794
409088.8797879907
315027.06624294794
41902110.78645745
1347686054.756587
541092897.5623105
41901569.85038039
1347686054.756587
541092897.5623105
1598115318.6411548
500052960.2549168
1659216233.6314383
1659216233.6314383
1659216233.6314383
9012230.346212285
283718477.97067016
113884618.66301265
47941505.40828323
44148101.656696804
1646366757.5765405
1607107525.6312277
48074439.05273147
9012122.158996873
283718477.97067016
113884618.66301265
356375.38892615633
11765113.432079673
354704.3079542252
11765113.432079673
2530109.487812409
2631040.9461097354
2631040.9461097354
2631040.9461097354
74527.31810518698
2565970.7325695064
42591379.829123
94725.93309076842
94725.93309076842
2585231.1090271985
2482157.7816306707
94881.57115069807
74193.10191080075
2565970.7325695064
7392490.115041272
16054661.817112891
17508837.975352384
42591379.82912298
3291583.1109755454
17340330.406161983
6964676.588868127
597782.9045043878
3291583.1109755454
17340330.406161983
6964256.1400834955
6964676.588868127
23492263.298905548
6537759.1128046345
24404939.27280563
24404939.27280563
24404939.27280563
698072.4288127053
3707305.785659198
1489166.2038255322
664752.7927960115
603618.7961490463
24209456.70273028
23581089.944261648
666970.6441152187
139988.5697361099
698072.4288127053
3707305.785659198
1489082.114068606
1489166.2038255322
166533.87026962853
166533.8702696285
979047.5136409327
1503511.0107884312
3098297.6134753413
5836.557377657084
166533.87026962853
165123.59253091144
166533.87026962853
932926.5008995407
1396021.858988145
2172383.6870204806
33.727329159515314
33.75805137759685
33.75805137759685
33.75805137759685
33.61699485548473
33.61699485548473
33.89885220242975
33.89885220242976
33.89885220242976
33.89885220242976
33.89885220242976
1284.0582222464197
1284.0582222464197
37192.92327898563
35572.75777429578
1286.8059440076133
1285.1148123541525
36869.83926013825
36585.869399007526
36869.83926013825
104606.03818557758
250273.46063595483
274529.133710895
680861.6798384393
481489.4393197971
296428.30606050603
724.0
403959.1989363777
481489.4393197971
569760.3921992086
481489.4393197971
724.0
9711521.342668505
2709191.1095511173
22198034.533846047
1498023.0713197417
398365.03025509196
6682094.836755424
9998565.318096567
4943506.619023435
3624054.9729088396
663911.0
663911.0
663911.0
414413.0
47642.0
496323.0
511440.0
514608.0
13176.0
719977.0
841950.0
20764.0
1788320581.0
233615235.0
279277275.0
147834909.0
288664783.0
289414490.0
296518279.0
3661496.0
71238720.0
29927183.0
15293347.0
308181525.0
129058631.0
42055850.0
1368450699.0
548839600.0
42052070.0
1368450699.0
548839600.0
15293317.0
308181525.0
129058631.0
2066649301.0
505771801.0
2144716766.0
9043941.0
288078720.0
115493395.0
48243510.473456986
44153159.70887611
2049264034.0
48388121.76698287
1873925903.0
9043185.0
288078720.0
115493395.0
20709811.15856191
20753284.324276034
20535945.001276344
287475672.0
288701298.0
288911944.0
20760661.04520328
286819433.0
294750312.0
3661490.0
71238720.0
29927183.0
58809.0
3025902.0
402429.0
14872422.0
388499.0
14872422.0
58714.0
3025902.0
3743601.0
3879716.0
84014.0
3216273.0
16736935690.0
95146.04470650775
95146.04470650775
3423940.0
95318.15778551064
2862080.0
81228.0
3216273.0
57644700.0
726935375.0
1018488975.0
16736935690.0
38035.777690411625
412854.0
47639.0
47642.0
38086.69304263082
38086.69304263082
508508.0
510281.0
511871.0
512332.0
38095.57787132284
506691.0
514608.0
13157.0
719977.0
840277.0
830167.0
20645.0
25433084.0
264043931.0
362545264.0
1788320581.0
3687037.0
12500097.0
4345756.0
2264130.0
4503070.0
4616512.0
199505.0
1073366.0
453025.0
453025.0
52221916.0
852464.0
4565133.0
1916215.0
1921392.0
3342313.0
17679367.0
7090425.0
597825.5483429261
3342313.0
17679367.0
7086500.0
7090425.0
52221916.0
427493.8637790747
852464.0
4565133.0
1916188.0
1921367.0
1921392.0
30951634.0
6629925.0
32148944.0
708580.0
3778260.0
1515259.0
669592.779040324
603700.3227374629
30690344.0
672005.0197511227
27933086.0
139997.58398884317
708580.0
3778260.0
1514474.0
1515259.0
330439.774532178
12500097.0
331131.8697304763
327570.84603047406
4478500.0
4492209.0
4495439.0
331256.4524125187
4462168.0
4589604.0
105823.34559302806
199505.0
1073366.0
452968.0
453020.0
453025.0
90722.0
46403.0
47160.0
1520805.0
402757.0
140340202.0
217350.0
12400299.0
3296938.0
1251216559.0
200073.0
5856.621743281683
217350.0
11059622.0
2842992.0
116112148.0
90722.0
46384.0
47071.0
2486.1382740737695
47160.0
1511641.0
399932.0
34952301.0
55394.0
57455.0
47478.0
272043035.0
1290.79482872367
1290.79482872367
50387.0
1293.8190096791852
41765.0
43916.0
1289.3183400624607
47478.0
808359.0
10166881.0
14307431.0
47698108.0
25858198.0
17655921.0
6450128.0
724.0
272043035.0
601.1135077474615
6418.0
844.0
850.0
21640.0
601.964657842861
601.964657842861
7850.0
7882.0
7880.0
7889.0
602.1235777071817
7801.0
7924.0
11306.0
11330.0
602.3523647397949
11348.0
13137.0
12979.0
317.0
407891.0
4188609.0
5751526.0
462389.0
2133852.0
9675388.0
14324336.0
8464417.0
6184707.0
2369185.0
724.0
33374508.0
246088.53163053497
43392.35034335843
248844.61191047393
54242.49815386576
9588.202621242503
54928.77656163436
5778.140132982086
6504.982421232471
4864.084660568553
1333.3806519264508
1531.3941710796935
1333.3806519264508
6954737.648708186
2366391.8044190733
6953451.949113953
2365961.892344634
2351349.214148178
44859.05596781084
44859.05596781084
44403.48031046925
44054.93708363653
33262.71842112401
256128.129527894
43938.11500613431
256128.129527894
247570.4047640431
43518.13347908975
250601.71353568218
71142.05134240843
56791.27820545256
9804.19053111658
56791.27820545256
9804.19053111658
19603410.949423872
2825360.904118547
19595262.00933516
2823116.5113625797
2750437.301727121
70654.75295040467
54558.88333608445
9620.624768675338
55318.94263521508
9708.437750940486
8979.330754719262
8823.41245446333
8823.41245446333
6013.240116138371
6035.410763146337
6838.992285132572
5017.875456876191
2528.4509728086587
2528.4509728086587
2528.4509728086587
2528.4509728086587
182788.66600597452
182788.66600597452
179013.15007181806
175695.42587564472
110533.76884159507
1939.234208263153
1399.4427114869873
1621.3569678277463
1399.4427114869873
1698.4092805086502
724.5786548074923
327143.39964405773
51334.81194384022
348412.8588841326
55836.45877002175
10712.74688550524
55991.12791119495
71818.94304923867
11785.417836662053
77706.80548501777
13356.991101443546
2568.4991101443543
13396.736269317274
142280.1633379474
188950.04077486758
44504.49752817876
23101.264385999606
25774.059493579043
5798.245402412497
41270.25212576626
59196.05310890227
41270.25212576626
14529.018588095707
19515.76855546688
14529.018588095707
7433748.72993966
2416771.0701736836
7421057.556822348
2413406.575724239
2374480.433776711
1681378.1549488285
719660.9457612428
1681300.054472114
719636.5586558656
719015.6135613562
93600.64306430644
93600.64306430644
87182.82128212822
84350.6757342401
41016.487315398204
4629.999999999999
4629.999999999999
4598.9758975897585
4579.064906490648
4078.357502416907
6932.502113668389
1549.0000000000002
1549.0000000000002
6932.502113668389
6932.502113668389
1549.0000000000002
1549.0000000000002
1549.0000000000002
6932.502113668389
56392.0
10740.0
56392.0
401218.0
54120.0
401218.0
333216.0
51652.0
356622.0
55906.0
10718.0
56076.0
110450.0
94830.0
13176.0
94830.0
13176.0
22209386.0
3040634.0
22104410.0
3022616.0
2802962.0
103370.0
73180.0
11924.0
79708.0
12158.0
9882.0
5020248.0
751850.0
5019708.0
751722.0
748524.0
17390.0
13372.0
2570.0
13416.0
2574.0
2542.0
1549.0000000000002
1549.0000000000002
1549.0000000000002
266146.0
266146.0
56830.0
159206.0
199032.0
45352.0
24238.0
26022.0
5806.0
6932.502113668389
1549.0000000000002
1549.0000000000002
6932.502113668389
1212846.0
1212846.0
1064474.0
1019180.0
253026.0
112668.0
47170.0
68800.0
47170.0
61224.0
3432.0
6932.502113668389
6932.502113668389
59048.0
58622.0
42548.0
6932.502113668389
1549.0000000000002
1549.0000000000002
1549.0000000000002
6932.502113668389
6932.502113668389
13038248.699740412
2454324.9740003627
13059881.333958078
2827492.377265943
530478.6434299027
2832433.92560659
103677.54484960262
108987.89278398894
97749.46221471528
22814.63650024427
24052.230861759053
22814.63650024427
496768142.8691913
180963683.04545763
496765015.51647556
180962589.452856
180674184.11465243
2096801.7906047388
2096801.7906047388
2095990.6433176799
2094910.8774954898
1940024.5286572268
13109372.897042364
2459421.642078909
13109372.897042364
13054697.710351907
2455985.3566283444
13078062.20184974
4141165.730361048
2843691.8074583784
62778030.209158435
2036273.139234023
532205.406000641
2843691.8074583784
599191.9851672926
1412505615.4036567
208847108.43618393
1412491242.673843
208841685.33750987
207502093.639737
4140369.971836786
2830947.1910617305
186331.17377005046
52220146.05912994
105848.84747115293
530847.757763694
2836333.2129422133
599002.4072013147
586539.3774649309
119794.50164529461
119794.50164529461
105610.63250766252
105925.33611812709
111791.35031189153
99378.65764720457
39467.50272574302
27196.352129673305
156221.82254608
27196.352129673305
39467.50272574302
7573463.48730803
7573463.48730803
7569490.527180241
7557708.974695849
6635602.198152533
38931.48471317561
23340.9701865338
303.39787497281804
303.39787497281804
94634.55930342301
24720.552437467988
23340.9701865338
38358.00664876505
29622.47469459411
14017131.705047013
2571452.16765273
14161920.81921898
3423090.943697795
665974.9817041025
3424261.034881463
3035428.326113145
557417.6511969335
3071508.5325864987
812108.5226863462
157989.87525093617
812381.9897587491
212856.49509191533
250779.44585295807
171998.27877112164
11848.612674420223
12141.175845307343
11524.397042486202
49856.69305681178
60403.60787171573
49856.69305681178
2764.4550614773307
2835.4964688179125
2764.4550614773307
505556035.7636135
182092907.26600266
505533601.3985237
182084601.08745152
181362837.3289583
110789472.06206241
47634800.539370224
110789297.34491166
47634738.885652535
47622674.10676715
2522579.7419380266
2522579.7419380266
2516621.1472528186
2508577.8032427737
2070439.926801824
264111.3698746838
264111.3698746838
264065.746123592
264005.51518400107
257349.5695257642
14931.13793643338
3031.803418803418
248657.27435400858
3031.803418803418
14931.13793643338
1076789.2177861282
812981.6469428008
12765246.0
424310.0
158077.97698882315
812981.6469428008
161186.68733364646
3426828.0539119
666220.3313609466
3426828.0539119
14456564.172255095
2594391.851413544
14456564.172255095
14075461.288625903
2575354.7330703484
14233559.09270217
3423833.9316239315
666043.1282051282
3425098.7955292566
4508345.982777517
3146139.5535831694
314057248.0
3764460.0
567093.3208415516
3146139.5535831694
643229.7106622828
1450800173.0176923
212986318.598403
1450692212.4728353
212944118.85674027
209035382.99483323
4500896.656020041
3048082.048652203
218992.76011188488
196797290.0
106300.4869517686
558526.4648257726
3087819.3471400393
641608.5818067951
609532.5993424143
331689544.2708627
49903579.260998905
331688730.6337874
49903271.99624237
49844883.0890872
1076741.2844841082
812265.7054569363
58809.269915263634
12049400.0
54792.66852192292
158005.66995397766
812564.0992767917
161175.62580241112
160652.04665727259
12760.664036817881
12760.664036817881
11945.93688362919
341385.953320184
341385.953320184
223823.8803418803
224256.70414201182
266431.0552268244
178942.59829059828
11960.194608809994
12284.048652202498
11601.714661406968
104999.04149052766
95593.97370151215
21064872.212991387
95593.97370151215
104999.04149052766
17302902.2796305
17302902.2796305
17271376.915609833
17186898.772506654
14533092.89525599
96350.15312353219
52906.34451019066
381.21877363236814
381.21877363236814
1621229.7359777917
64790.15844838921
52906.34451019066
91560.51009863787
62425.89478628464
2831460.92375137
2831460.92375137
2831232.318772507
2830580.917488649
2787738.0093940813
14893.037106622829
2791.458908612755
104.63125832571298
104.63125832571298
61810.207554321765
2870.8948060486528
2791.458908612755
14859.852512916861
14461.480194144355
15141544.501362387
2803109.9928399622
15184027.699096499
3302155.4936365387
609132.3520424558
3311859.941701258
189246.64339774146
199675.35767560016
177604.79228390852
41932.418380803836
44362.8651514481
41932.418380803836
502926289.4577074
181859997.72932026
502921523.1331352
181858331.01060867
181418779.2314663
2302534.0470530307
2302534.0470530307
2301297.796589034
2299652.150946145
2063593.5168695871
15281221.588639688
2813119.0724364365
15281221.588639688
15173847.852091996
2806370.7313514664
15219732.153664883
4344127.812981273
3333968.7064482803
612523.450648128
3333968.7064482803
629520.8395412803
1431778086.631314
211287815.68995357
1431756181.4925253
211279550.47307
209237910.33648977
4342915.016167989
3308940.2215686142
609857.2363571061
3319517.5479472
629231.9082310942
610237.2983245853
220897.89102362594
220897.89102362594
193042.933039974
193660.9629838302
205180.92113581946
180804.28389503335
47929.90642498355
50537.44029476325
50537.44029476325
47929.90642498355
8303645.198563142
8303645.198563142
8297590.103662651
8279634.117175611
6962519.479619389
47112.974004301206
42966.05755039244
45675.346903098565
42966.05755039244
46238.949601421205
33245.065166375694
17063921.58473403
3033129.956100455
17348265.345425524
3516964.884912003
681674.1706545382
3519262.765725894
3710510.0168083846
662036.4589677674
3781366.0452731624
833459.3169863555
161574.98160964999
833996.3646521077
418017.7263199525
492492.62381194223
337778.41447498515
23268.870081075736
23843.41957483857
22632.159976270515
97910.94917935535
118623.48298628746
97910.94917935535
5428.968558433855
5568.4830588406
5428.968558433855
516146064.986694
183569445.42301607
516111873.2995684
183556786.17203698
182456763.0374367
111029118.58864689
47669381.347546026
111028852.30635497
47669287.382567875
47650899.73739785
2947593.412240551
2947593.412240551
2938512.058506305
2926253.387457111
2258497.7755157696
272368.7377726343
272368.7377726343
272299.2036888048
272207.40713322937
262063.2372153765
23047.6054485674
5954.0
5954.0
23047.6054485674
1084827.04368248
835174.0
161748.0
835174.0
162367.26444340064
3524304.0
682156.0
3524304.0
17926900.0
3078180.0
17926900.0
17178472.0
3040794.0
17488952.0
3518424.0
681808.0
3520908.0
4899625.1761390325
3927930.0
681038.0
3927930.0
696363.4720526069
1489553702.3128228
217557073.8769375
1489389162.1906998
217492758.24518552
211535546.0347581
4888271.832785346
3735360.0
664214.0
3813398.0
693892.7477689056
645006.4988257398
332462445.4015971
50000011.619539686
332461205.3565054
49999543.32456552
49910554.167214654
1084753.98966651
833768.0
161606.0
834354.0
162350.4058243307
161552.43118835133
25060.0
25060.0
23460.0
670430.0
670430.0
439556.0
440406.0
523230.0
351416.0
23488.0
24124.0
22784.0
160317.97463597934
187732.0
187732.0
160317.97463597934
20655011.637388445
20655011.637388445
20606964.573038988
20478213.426021606
15561580.486613434
147136.407703147
103900.0
127238.0
103900.0
139836.6256458431
90168.18224518554
2940626.528886801
2940626.528886801
2940278.1174260215
2939285.332080789
2822262.3503992483
22989.536871770782
5482.0
5638.0
5482.0
22938.96101456082
21994.171911695626
85941.0
85941.0
135086.0
15141544.501362387
2803109.9928399622
15184027.699096499
3302155.4936365387
609132.3520424558
3311859.941701258
189246.64339774146
199675.35767560016
177604.79228390852
41932.418380803836
44362.8651514481
41932.418380803836
246088.53163053497
43392.35034335843
248844.61191047393
54242.49815386576
9588.202621242503
54928.77656163436
5778.140132982086
2644.162370922254
3714.1974650435423
4618.994015004222
6504.982421232471
4864.084660568553
1333.3806519264508
909.7421302071978
1009.4392756456581
1404.3848416811986
1009.4392756456581
1531.3941710796935
1333.3806519264508
503871096.7514306
182018627.80351588
503866007.7318648
182016848.24276513
181547537.44146416
2337092.3532012473
2337092.3532012473
2335772.40473693
2334015.343767165
2081974.8061799079
6954737.648708185
2366391.8044190723
6953451.949113953
2365961.892344634
2351349.214148178
44859.05596781084
44859.05596781084
44403.48031046925
44054.93708363653
33262.71842112401
15281221.588639688
2813119.0724364365
15281221.588639688
15173847.852091996
2806370.7313514664
15219732.153664883
62778030.209158435
2036273.139234023
4377748.208090724
3333968.7064482803
612523.450648128
3333968.7064482803
635069.5447625061
1434665920.697474
211707916.82084128
1434642532.5126793
211699092.0230754
209519226.5011199
186331.17377005046
52220146.05912994
105848.84747115293
4376453.301162199
3308940.2215686142
609857.2363571061
3319517.5479472
634761.0519042383
614480.4478465866
220897.89102362594
220897.89102362594
193042.933039974
193660.9629838302
205180.92113581946
180804.28389503335
156221.82254608
49455.156969980155
50537.44029476325
50537.44029476325
49455.156969980155
8427260.879592845
8427260.879592845
8420795.835940316
8401624.17333705
7006736.962270753
303.39787497281804
303.39787497281804
94634.55930342301
48582.915684306776
42966.05755039244
45675.346903098565
42966.05755039244
47649.717111723265
33817.41130829943
256128.12952789397
114683.23095779441
43938.11500613431
256128.12952789397
42208.289664337586
247570.4047640431
114683.23095779441
43518.13347908975
250601.71353568218
41175.722004793846
995465.1920281611
30060.50429076197
71142.05134240843
56791.27820545256
25100.069029331065
9804.19053111658
56791.27820545256
9804.19053111658
9149.979997254011
19603410.949423872
2825360.904118547
19595262.00933516
2823116.5113625797
2750437.301727121
2773.2499582430755
826026.8248900888
1494.8653861839596
70654.75295040467
54558.88333608445
25100.069029331065
9620.624768675338
55318.94263521508
9708.437750940486
8979.330754719262
8937.393895213485
8823.41245446333
11638.45832517696
2951.320719921263
5097.060436954974
11638.45832517696
8823.41245446333
6013.240116138371
11638.45832517696
6035.410763146337
11638.45832517696
2757.5073022618644
4589.995953701062
7446.512518954869
6838.992285132572
5017.875456876191
7446.512518954869
2528.4509728086587
2528.4509728086587
2528.4509728086587
2528.4509728086587
2528.4509728086587
2528.4509728086587
2528.4509728086587
2528.4509728086587
2528.4509728086587
2528.4509728086587
182788.66600597452
182788.66600597452
179013.15007181806
175695.42587564472
110533.76884159507
4.448710807427847
4.448710807427847
1487.0453381229222
1939.234208263153
1399.4427114869873
2528.4509728086587
1399.4427114869873
1621.3569678277463
1997.170684066672
1621.3569678277463
1621.3569678277463
1399.4427114869873
1698.4092805086502
724.5786548074923
1621.3569678277463
17063921.58473403
3033129.956100455
17348265.345425524
3516964.884912003
681674.1706545382
3519262.765725894
3710510.0168083846
662036.4589677674
3781366.0452731624
833459.3169863555
161574.98160964999
833996.3646521077
418017.7263199525
492492.62381194223
337778.41447498515
23268.870081075736
23843.41957483857
22632.159976270515
97910.94917935535
118623.48298628746
97910.94917935535
5428.968558433855
5568.4830588406
5428.968558433855
327143.39964405773
51334.81194384022
348412.8588841326
55836.45877002175
10712.74688550524
55991.12791119495
71818.94304923867
11785.417836662053
77706.80548501777
13356.991101443546
2568.4991101443543
13396.736269317274
25140.667198723066
7135.813328060114
58870.828556917935
142280.1633379474
188950.04077486758
44504.49752817876
3759.706159762026
1006.5683211390152
17794.805194805194
23101.264385999606
25774.059493579043
5798.245402412497
27173.698783094165
13153.01458318218
9682.115878979632
41270.25212576626
59196.05310890227
41270.25212576626
8032.289789331357
4336.288906624102
3408.548151077714
14529.018588095707
19515.76855546688
14529.018588095707
517922804.0535387
183839604.54565454
517886297.48288167
183826088.22402236
182651590.10287693
111066356.54192087
47675526.8680868
111066072.23148982
47675426.54138747
47655793.9954662
3024422.2845617896
3024422.2845617896
3014726.0949428277
3001637.473747375
2288672.7306063944
273773.50368370174
273773.50368370174
273699.2619261926
273601.25045837916
262770.2886955362
7433748.72993966
2416771.0701736836
7421057.556822348
2413406.575724239
2374480.433776711
1681378.1549488285
719660.9457612428
1681300.054472114
719636.5586558656
719015.6135613562
93600.64306430644
93600.64306430644
87182.82128212822
84350.6757342401
41016.487315398204
4629.999999999999
4629.999999999999
4598.9758975897585
4579.064906490648
4078.357502416907
24608.0
5954.0
5067037.0
5954.0
24608.0
1086174.0
835174.0
17753206.0
424310.0
161748.0
835174.0
162584.0
3524304.0
682156.0
3524304.0
17926900.0
3078180.0
17926900.0
17178472.0
3040794.0
17488952.0
3518424.0
681808.0
3520908.0
4969360.0
3927930.0
319045208.0
3764460.0
681038.0
3927930.0
706338.0
1496139416.0
218387376.0
1495963736.0
218318706.0
211958172.0
4957238.0
3735360.0
218992.76011188488
201785250.0
106300.4869517686
664214.0
3813398.0
703700.0
651504.0
332580930.0
50016752.0
332579606.0
50016252.0
49921238.0
1086096.0
833768.0
58809.269915263634
17037360.0
54792.66852192292
161606.0
834354.0
162566.0
161714.0
25060.0
25060.0
23460.0
670430.0
670430.0
439556.0
440406.0
523230.0
351416.0
23488.0
24124.0
22784.0
171172.0
187732.0
75372701.0
187732.0
171172.0
21315004.0
21315004.0
21263704.0
21126236.0
15732204.0
157098.0
103900.0
381.21877363236814
381.21877363236814
3775166.0
127238.0
103900.0
149304.0
95390.0
2962120.0
2962120.0
2961748.0
2960688.0
2827246.0
24546.0
5482.0
104.63125832571298
104.63125832571298
1078026.0
5638.0
5482.0
24492.0
23428.0
3556.0
13506.0
17424.0
278942.0
6658.0
2580.0
13506.0
1444.0
2580.0
15192.0
56392.0
10740.0
56392.0
6160.0
256894.0
401218.0
54120.0
401218.0
91794.0
256894.0
333216.0
51652.0
356622.0
78142.0
15192.0
55906.0
10718.0
56076.0
6092.0
55636.0
94830.0
110450.0
5040868.0
58628.0
13176.0
94830.0
19460.0
13176.0
22209386.0
3040634.0
22104410.0
3022616.0
2802962.0
55636.0
73180.0
103370.0
3296.7952562816613
3101122.0
1502.1271180139158
11924.0
79708.0
16652.0
12158.0
9882.0
5020248.0
751850.0
5019708.0
751722.0
748524.0
3556.0
13372.0
17390.0
947.2684573739317
267442.0
883.2723002540824
2570.0
13416.0
1430.0
2574.0
2542.0
26846.0
3858.0
1024.0
583636.0
26846.0
5896.0
583636.0
266146.0
37050.0
9576.0
10714628.0
266146.0
56830.0
10714628.0
159206.0
30840.0
7608.0
307938.0
10714628.0
199032.0
45352.0
307938.0
24238.0
3816.0
1012.0
93080.0
583636.0
26022.0
5806.0
93080.0
2309084.0
2309084.0
2309084.0
1212846.0
1212846.0
1064474.0
1019180.0
253026.0
5.6972438528156335
112668.0
5.6972438528156335
55270.0
129632.0
68800.0
47170.0
2309084.0
68800.0
47170.0
61224.0
3432.0
68800.0
59994.0
59994.0
59048.0
58622.0
42548.0
1.6770849483766241
32018.0
1.6770849483766241
17244.0
38318.0
22682.0
16606.0
135086.0
22682.0
16606.0
15708.0
780.0
22682.0
43392.35034335843
248844.61191047393
246088.53163053497
9588.202621242503
54928.77656163436
54242.49815386576
56.0
340.0
340.0
6504.982421232471
5778.140132982086
4864.084660568553
1531.3941710796935
1333.3806519264508
1009.4392756456581
13153.01458318218
27569.380722206428
2366391.8044190733
6954737.648708186
2365961.892344634
2351349.214148178
6953451.949113953
44859.05596781083
44054.93708363653
44403.48031046925
33262.71842112401
43938.11500613431
256128.129527894
43518.13347908975
250601.71353568218
247570.4047640431
9804.19053111658
71142.05134240843
9804.19053111658
56791.27820545256
56.0
340.0
2825360.904118547
19603410.949423872
2823116.5113625797
2750437.301727121
19595262.00933516
9708.437750940486
8979.330754719262
70654.75295040467
9620.624768675338
55318.94263521508
54558.88333608445
56.0
340.0
340.0
8823.41245446333
6013.240116138371
6838.992285132572
6035.410763146337
5017.875456876191
33.89885220242976
33.89885220242976
33.89885220242976
4548209.0
182788.66600597452
175695.42587564472
179013.15007181806
110533.76884159507
1698.4092805086502
1939.234208263153
724.5786548074923
1621.3569678277463
1399.4427114869873
1621.3569678277463
93864.0
68800.0
51334.81194384022
348412.8588841326
327143.39964405773
10712.74688550524
55991.12791119495
55836.45877002175
11785.417836662053
77706.80548501777
71818.94304923867
340.0
56.0
340.0
2568.4991101443543
13396.736269317274
13356.991101443546
194.0
40.0
194.0
188950.04077486758
142280.1633379474
44504.49752817876
25774.059493579043
23101.264385999606
5798.245402412497
59196.05310890227
41270.25212576626
13153.01458318218
27569.380722206428
19515.76855546688
14529.018588095707
4336.288906624102
8520.120557293147
2416771.0701736836
7433748.72993966
2413406.575724239
2374480.433776711
7421057.556822348
719660.9457612428
1681378.1549488285
719636.5586558656
719015.6135613562
1681300.054472114
93600.64306430642
84350.6757342401
87182.82128212822
41016.487315398204
2315.0
4579.064906490648
4598.9758975897585
4078.357502416907
6932.502113668389
1549.0
5120.0
6932.502113668389
6932.502113668389
1549.0
1549.0
5120.0
5120.0
1549.0
1549.0
1549.0
1549.0
1549.0
1549.0
1549.0
1549.0
1549.0
1549.0
6932.502113668389
6932.502113668389
1549.0
1549.0
5120.0
5120.0
6932.502113668389
6932.502113668389
6932.502113668389
6932.502113668389
6932.502113668389
6932.502113668389
6932.502113668389
6932.502113668389
1549.0
1549.0
1549.0
5120.0
5120.0
5120.0
6932.502113668389
6932.502113668389
6932.502113668389
6932.502113668389
6932.502113668389
6932.502113668389
6932.502113668389
6932.502113668389
1549.0
1549.0
1549.0
5120.0
5120.0
5120.0
1549.0
1549.0
1549.0
1549.0
1549.0
1549.0
1549.0
1549.0
1549.0
1549.0
6932.502113668389
1549.0
5120.0
6932.502113668389
6932.502113668389
6932.502113668389
6932.502113668389
6932.502113668389
6932.502113668389
6932.502113668389
1549.0
1549.0
5120.0
5120.0
6932.502113668389
6932.502113668389
6932.502113668389
6932.502113668389
6932.502113668389
6932.502113668389
6932.502113668389
1549.0
1549.0
5120.0
5120.0
59151301.390388526
12802302.185908824
59151301.390388526
836795.9609794994
22440.2778764555
836795.9609794994
59237596.0
59237596.0
59237596.0
44458181.0
59237596.0
3119.0
5120.0
1104111.6552370049
87197.0
1104111.6552370049
113296.58480233993
112828.642462051
21696.175171679213
124422.30595523697
123044.26581526748
123044.26581526748
24983.580641263587
24877.190270746418
4794.101310621251
27464.38828081718
27121.24907693288
27121.24907693288
28.0
170.0
170.0
2499.3255873775624
2361.5971790605904
3252.4912106162355
2889.070066491043
2432.0423302842764
2889.070066491043
765.6970855398467
666.6903259632254
560.8115749440564
526.878982002654
666.6903259632254
504.71963782282904
6576.50729159109
13784.690361103214
1007181.264278793
1183195.9022095366
1375714.2203113283
3477368.824354093
1006975.3163032524
1182980.9461723173
1175674.607074089
1375499.2642741092
3476725.974556977
91394.33300298726
22429.527983905424
11219.608382445993
89506.57503590903
22027.468541818263
22201.740155234624
21230.613195175258
16631.359210562005
383.65047240661755
119567.69601986527
21969.057503067153
128064.064763947
128064.064763947
113836.15606872586
113348.45028712742
21759.066739544876
125300.85676784109
123785.20238202155
123785.20238202155
4121.7687272239855
4902.09526555829
5612.508967635467
35571.02567120422
26556.98661690434
4902.09526555829
28395.639102726283
28395.63910272628
28.0
28.0
28.0
170.0
170.0
1206579.3999563765
1412680.4520592736
1640483.8345808059
9801705.474711936
1205554.2031526193
1411558.2556812898
1375218.6508635606
1639361.638202822
9797631.00466758
4055.041552495298
4854.218875470243
4489.665377359631
5564.63257754742
35327.376475202334
25098.199596639042
24985.714592371143
4810.312384337669
27659.47131760754
27279.441668042226
27279.441668042226
28.0
28.0
28.0
170.0
170.0
170.0
4304.783756713842
4411.706227231665
3006.6200580691857
4411.706227231665
2587.8584886596627
2437.912328357156
3419.496142566286
3017.7053815731683
2508.9377284380953
3017.7053815731683
5580.972844534963
6932.502113668389
1549.0
12262.0
2.3179615058915646
5120.0
292.0
5120.0
91394.33300298726
91394.33300298726
89506.57503590903
87847.71293782238
89506.57503590903
80543.95337483948
660.7516452597957
55266.884420797534
998.585342033336
849.2046402543251
969.6171041315765
743.5226690614611
2.2243554037139237
362.28932740374614
810.6784839138732
699.7213557434937
582.0338423251881
544.5726862905813
699.7213557434936
17725.0
810.6784839138732
34400.0
46932.0
34400.0
147356.44572643086
144528.54004145466
25667.40597192011
174206.4294420663
163571.69982202887
163571.69982202887
26019.439805677852
25994.69398907104
5356.37344275262
27995.563955597474
27918.229385010876
27918.229385010876
59151301.390388526
12802302.185908824
59151301.390388526
32350.583270077426
31702.604861503674
5892.708918331026
38853.402742508886
35909.47152461934
35909.47152461934
170.0
28.0
170.0
6229.498254136935
6223.866402864142
1284.2495550721771
6698.368134658637
6678.495550721773
6678.495550721773
13917445.27904151
3122033.3514900333
13917445.27904151
97.0
20.0
97.0
46672.46424776074
37926.49519502544
94475.02038743379
71140.0816689737
22252.24876408938
71140.0816689737
9054.42629421588
8432.158281514981
12887.029746789522
11550.632192999803
2899.1227012062486
11550.632192999803
1111475.9609794992
22440.2778764555
1111475.9609794992
29598.026554451135
20635.12606288313
13107.169880066796
10437.518183531185
20635.12606288313
6576.50729159109
13784.690361103214
1549.0
1549.0
1549.0
1549.0
12262.0
3119.0
5120.0
5120.0
5120.0
5120.0
1028616.046637997
1208385.5350868418
1402999.4185085176
3716874.36496983
1027271.977564423
1206703.2878621195
1187240.2168883556
1401317.1712837948
3710528.778411174
314267.68793546024
359830.4728806214
413078.18518518517
840689.0774744143
314256.57482414914
359818.2793279328
359507.8067806781
413065.99163249653
840650.027236057
606423.0
46800.321532153226
23410.26882688269
540097.0
42175.33786712005
43591.41064106411
36630.204020402045
20508.243657699102
387.6077256273354
5580.972844534963
6932.502113668388
6932.502113668389
29584.0
2289.532453245324
2299.4879487948792
2246.314798146481
2039.1787512084536
211.9138338778663
5580.972844534963
6932.502113668389
1549.0000000000002
24524.0
3119.0
10.0
2.3179615058915646
5120.0
10240.0
292.0
10240.0
6932.502113668389
6932.502113668389
6932.502113668389
6932.502113668389
1549.0
1549.0
1549.0
12262.0
3119.0
2.3179615058915646
5120.0
5120.0
5120.0
5120.0
292.0
5120.0
5120.0
5120.0
1549.0
1549.0
1549.0
12262.0
3119.0
5120.0
5120.0
5120.0
5120.0
1549.0
1549.0
1549.0
12262.0
1549.0
1549.0
1549.0
1549.0
1549.0
12262.0
1549.0
1549.0
1549.0
1549.0
1549.0
12262.0
3119.0
5120.0
5120.0
5120.0
5120.0
5120.0
6932.502113668389
6932.502113668389
6932.502113668389
6932.502113668389
1549.0
1549.0
1549.0
12262.0
2.3179615058915646
292.0
5120.0
5120.0
5120.0
6932.502113668389
6932.502113668389
6932.502113668389
6932.502113668389
6932.502113668389
6932.502113668389
6932.502113668389
6932.502113668389
6932.502113668389
6932.502113668389
6932.502113668389
6932.502113668389
6932.502113668389
6932.502113668389
1549.0
1549.0
1549.0
1549.0
1549.0
12262.0
2.3179615058915646
292.0
5120.0
5120.0
5120.0
5120.0
6932.502113668389
6932.502113668389
6932.502113668389
6932.502113668389
6932.502113668389
6932.502113668389
6932.502113668389
6932.502113668389
6932.502113668389
6932.502113668389
6932.502113668389
6932.502113668389
6932.502113668389
6932.502113668389
1549.0
1549.0
1549.0
1549.0
1549.0
12262.0
3119.0
2.3179615058915646
5120.0
5120.0
5120.0
5120.0
5120.0
292.0
5120.0
5120.0
5120.0
5120.0
1549.0
1549.0
1549.0
12262.0
3119.0
5120.0
5120.0
5120.0
5120.0
1549.0
1549.0
1549.0
12262.0
1549.0
1549.0
1549.0
1549.0
1549.0
12262.0
1549.0
1549.0
1549.0
1549.0
1549.0
12262.0
3119.0
5120.0
5120.0
5120.0
5120.0
5120.0
5580.972844534963
6932.502113668389
1549.0
12262.0
2.3179615058915646
292.0
5120.0
5580.972844534963
6932.502113668389
5580.972844534963
6932.502113668389
6932.502113668389
6932.502113668389
6932.502113668389
6932.502113668389
5580.972844534963
6932.502113668389
6932.502113668389
6932.502113668389
6932.502113668389
6932.502113668389
1549.0
1549.0
1549.0
1549.0
12262.0
2.3179615058915646
292.0
5120.0
5120.0
5580.972844534963
6932.502113668389
5580.972844534963
6932.502113668389
6932.502113668389
6932.502113668389
6932.502113668389
6932.502113668389
5580.972844534963
6932.502113668389
6932.502113668389
6932.502113668389
6932.502113668389
6932.502113668389
1549.0
1549.0
1549.0
1549.0
12262.0
3119.0
5.0
5.0
2.3179615058915646
5120.0
5120.0
5120.0
5120.0
5120.0
292.0
5120.0
5120.0
2454324.9740003627
13059881.333958078
13038248.699740412
530478.6434299027
2832433.92560659
2827492.377265943
3828.0
24144.0
24144.0
108987.89278398894
103677.54484960262
97749.46221471528
24052.230861759053
22814.63650024427
63948.2946007597
464089.9303489806
917397.935740688
180963683.04545763
496768142.8691913
180962589.452856
180674184.11465243
496765015.51647556
2096801.7906047388
2094910.8774954898
2095990.6433176799
1940024.5286572268
2459421.642078909
13109372.897042364
2455985.3566283444
13078062.20184974
13054697.710351907
599191.9851672926
4141165.730361048
532205.406000641
2843691.8074583784
62778030.209158435
2036273.139234023
3828.0
24144.0
208847108.43618393
1412505615.4036567
208841685.33750987
207502093.639737
1412491242.673843
599002.4072013147
586539.3774649309
4140369.971836786
530847.757763694
2836333.2129422133
2830947.1910617305
186331.17377005046
52220146.05912994
105848.84747115293
3828.0
24144.0
24144.0
119794.50164529461
105610.63250766252
111791.35031189153
105925.33611812709
99378.65764720457
39467.50272574302
27196.352129673305
156221.82254608
156221.82254608
21064872.212991387
7573463.48730803
7557708.974695849
7569490.527180241
6635602.198152533
38358.00664876505
38931.48471317561
29622.47469459411
24720.552437467988
23340.9701865338
303.39787497281804
303.39787497281804
94634.55930342301
103304.92548725066
2580779.7359777917
1846973.7359777917
2571452.16765273
14161920.81921898
14017131.705047013
665974.9817041025
3424261.034881463
3423090.943697795
557417.6511969335
3071508.5325864987
3035428.326113145
24144.0
3828.0
24144.0
157989.87525093617
812381.9897587491
812108.5226863462
12030.0
2452.0
12030.0
250779.44585295807
212856.49509191533
171998.27877112164
12141.175845307343
11848.612674420223
11524.397042486202
60403.60787171573
49856.69305681178
464089.9303489806
917397.935740688
2835.4964688179125
2764.4550614773307
31152.294855982003
43532.025021325
182092907.26600266
505556035.7636135
182084601.08745152
181362837.3289583
505533601.3985237
47634800.539370224
110789472.06206241
47634738.885652535
47622674.10676715
110789297.34491166
2522579.7419380266
2508577.8032427737
2516621.1472528186
2070439.926801824
264111.3698746838
264005.51518400107
264065.746123592
257349.5695257642
14931.137936433379
3031.803418803418
248657.27435400858
161186.68733364646
1076789.2177861282
158077.97698882315
812981.6469428008
12030.0
12765246.0
2452.0
424310.0
666220.3313609466
3426828.0539119
2594391.851413544
14456564.172255095
2575354.7330703484
14233559.09270217
14075461.288625903
666043.1282051282
3425098.7955292566
3423833.9316239315
643229.7106622828
4508345.982777517
567093.3208415516
3146139.5535831694
24144.0
314057248.0
3828.0
3764460.0
212986318.598403
1450800173.0176923
212944118.85674027
209035382.99483323
1450692212.4728353
641608.5818067951
609532.5993424143
4500896.656020041
558526.4648257726
3087819.3471400393
3048082.048652203
24144.0
24144.0
218992.76011188488
196797290.0
3828.0
106300.4869517686
49903579.260998905
331689544.2708627
49903271.99624237
49844883.0890872
331688730.6337874
161175.62580241112
160652.04665727259
1076741.2844841082
158005.66995397766
812564.0992767917
812265.7054569363
12030.0
12030.0
58809.269915263634
12049400.0
2452.0
54792.66852192292
12760.664036817881
11945.93688362919
341385.953320184
223823.8803418803
266431.0552268244
224256.70414201182
178942.59829059828
12284.048652202498
11960.194608809994
11601.714661406968
104999.04149052764
95593.97370151215
21064872.212991387
17302902.2796305
17186898.772506654
17271376.915609833
14533092.89525599
91560.51009863787
96350.15312353219
62425.89478628464
64790.15844838921
52906.34451019066
381.21877363236814
381.21877363236814
1621229.7359777917
2580779.7359777917
1846973.7359777917
2831460.9237513705
2830580.917488649
2831232.318772507
2787738.0093940813
14859.852512916861
14893.037106622829
14461.480194144355
2870.8948060486528
2791.458908612755
104.63125832571298
104.63125832571298
61810.207554321765
78986.20755432177
66052.20755432177
666862.1552155216
556145.7673703347
666640.393632961
211715626.52368474
93551824.75152951
457096700.6395258
8640978.0
1885541.5688012918
8638104.48717405
940004.8697653508
251383.01760855824
33532.76578157061
116140.8549437537
573322.6997124328
395947.6700168332
666862.1552155216
556367.5289528953
666862.1552155216
666862.1552155216
556367.5289528953
666862.1552155216
211715626.52368474
457096700.6395257
211715626.52368474
205381494.46189973
457096700.6395258
940004.8697653508
251383.01760855824
34779.79055845839
573322.6997124328
8640978.0
1888415.0816272404
8640978.0
8640978.0
1888415.0816272404
8640978.0
940004.8697653508
251383.01760855824
34779.79055845839
231739.97819042293
573322.6997124328
6011582.946754592
6007636.478259527
1227162.4870001813
6529940.666979039
6519124.349870206
8500534.22069664
1304710.3477986096
1303849.2649418497
265239.32171495137
1416216.962803295
1413746.1886329716
1852500.9368699514
1914.0
12072.0
12072.0
48847.23403563727
47745.72421990028
54493.94639199446
51838.772424801304
48874.73110735764
182477.37865691545
12026.115430879527
11407.318250122136
10644.656448987163
10388.295314974532
42159.91169202933
31974.14730037985
232044.9651744903
458698.967870344
76868822.30314305
90481841.52272883
105429011.70851144
248384071.43459564
76867932.95658717
90481294.726428
90337092.05732621
105428464.91221063
248382507.75823778
1048400.8953023694
524426.8841296517
4776867.041165793
1047455.4387477449
1047995.3216588399
1045136.819270528
970012.2643286134
27073.29919242028
4765319.123494108
6055979.737912635
1229710.8210394545
6554686.448521182
8823049.239557276
54.1580523341767
397360.3637922832
156289.1493206012
6017733.880462496
6013663.222498079
1227992.6783141722
6539031.10092487
6527348.855175953
8547911.668992734
53.526234808665514
397360.3637922832
156289.1493206012
252714.09605324164
299595.9925836463
346958.5216240545
2070582.865180524
1315012.8288959812
266102.7030003205
1421845.9037291892
1934513.0887152404
2425383.666472288
43.06174807343492
31389015.104579218
1018136.5696170115
31389015.104579218
1914.0
1536.7597402597403
12072.0
12072.0
11.821382428366125
86532.47213631152
34044.561703300285
88764750.53113851
104423554.21809196
121719159.97814816
706252807.7018284
88760057.09660187
104420842.66875494
103751046.8198685
121716448.42881113
706245621.3369215
252480.9803153614
299501.20360065735
293269.68873246544
346863.73264106555
2070184.985918393
1305977.1293290863
1305079.2935201637
265423.878881847
1418166.6064711066
1415473.5955308652
1862587.3136052918
12011.384938352237
43.06174807343492
93165.58688502523
26110073.02956497
52924.42373557646
20637740.650820628
1914.0
1536.7597402597403
12072.0
12072.0
12072.0
11.692354670235222
86532.47213631152
34044.561703300285
59515.64143952322
59897.25082264731
52805.31625383126
278840.84256143536
3.928110376547797
23200.714739801217
49647.09258320101
48472.48268702405
55895.67515594576
52962.668059063544
49689.32882360228
190710.72743676495
2.6603069381185644
23200.714739801217
19733.75136287151
35122.05556946802
13598.176064836653
78110.91127304
78110.91127304
74098.66967218823
5005.8405961502385
5005.8405961502385
77.73127224641551
78110.91127304
78110.91127304
78110.91127304
78110.91127304
2199.954545454546
10532436.106495693
0.8464584222893452
5005.8405961502385
78110.91127304
3786731.743654015
4776867.041165793
3778854.4873479246
3784745.2635901207
3758672.225860892
48024.0713023566
3317801.0990762664
4765319.123494108
19179.003324382524
19465.742356587805
18865.950713941245
139.06859463563134
14811.237347297056
34093.137157584366
12360.276218733994
11670.4850932669
10821.010745076512
10544.236657821797
44270.76716142728
78110.91127304
74098.66967218823
5005.8405961502385
19.89062860715065
64.555223273367
8120.439390585453
24597.10059761147
27100.315074733167
78110.91127304
151.69893748640902
151.69893748640902
47317.279651711506
29964.44333796086
51652.46274362533
1955.8311688311692
1290389.8679888959
923486.8679888959
0.57852020671086
5005.8405961502385
78110.91127304
666862.1552155216
556145.7673703347
666640.393632961
150573.39733973396
122905.38845756529
150529.04502322187
6444071.451884338
6420184.557032894
1285726.083826365
7080960.40960949
7008565.852523507
11009924.382440181
1595036.3538704682
1594827.0393714183
332987.49085205124
1712130.5174407314
1711545.4718488974
1797709.1886493969
211715626.52368474
93551824.75152951
457096700.6395258
1395910.6081482393
1390669.0285266985
278708.82559846673
1535754.2662932493
1517714.1630565724
2400513.7457979037
12072.0
1914.0
12072.0
378786.78904007433
378741.0932045268
78994.93762546808
406190.9948793746
406054.2613431731
425242.59254498716
46020307.58271707
21521239.18215907
99030380.02793115
6015.0
1226.0
6015.0
88256.56648582713
81521.24978750478
125389.72292647904
106428.24754595765
85999.13938556082
2775683.170259047
8640978.0
1885541.5688012918
8638104.48717405
5766.510805007413
5708.18518741513
6070.587922653672
5924.306337210111
5762.198521243101
181282.98872849517
940004.8697653508
251383.01760855824
33532.76578157061
116140.8549437537
573322.6997124328
395947.6700168332
30201.803935857864
24928.34652840589
19852.832597019587
18276.216510898794
650729.6148902511
232044.9651744903
458698.967870344
1951080.0
403248.5137602583
1950505.2974348103
1417.7482344089563
1382.2275307386653
1341.087957103162
1327.5053623369927
41424.94255487443
205161.11867140335
54924.963048588244
7247.103984535368
26471.93053088613
124328.63717700429
15576.147427991002
21766.0125106625
86462.45597885177
77351582.37017588
91046453.63300133
106051886.50249998
252778017.88180676
77345951.96297254
91042300.54372576
90681418.66447915
106047733.41322443
252766800.69926184
20737778.426005807
23817400.269685112
27394735.163346674
55394736.031031206
20737731.00006912
23817369.442826267
23811337.053383574
27394704.33648783
55394648.67245583
666862.1552155216
556367.5289528953
666862.1552155216
666862.1552155216
556367.5289528953
666862.1552155216
1261289.8709690135
630917.3523032905
13245157.912423626
1254288.9016213869
1258310.5736264093
1239727.0523176217
1035219.963400912
27154.63077577638
13105524.83706721
132055.68493734187
66056.36421487773
1496600.4582484728
150573.39733973396
122949.7407740774
150573.39733973396
132002.75759200053
132032.873061796
131880.11411973095
128674.7847628821
13176.452211818969
1495851.4256619147
150573.39733973396
122949.7407740774
150573.39733973396
6174.0
7330.0
1549.0
12262.0
3119.0
81.0
126.0
5.0
10.78945688668366
10.78945688668366
2.3179615058915646
3617.0
292.0
1510.0
5120.0
0.056158163721239
10.78945688668366
2412666.0
70272.7668702051
80593.34366682323
92470.09315797714
538394.6088930641
379333.7567389876
79038.98849441158
406490.8234714004
430042.0
46020307.58271707
122856.01667737946
36.44977778522621
2443352.6595760733
1184.0844155844156
839408.6055886396
166726.0
198945.0
6015.0
6382623.0
1226.0
212155.0
6015.0
99030380.02793115
4.358399987553033
11315.819604898708
6864.8373118123845
1597346.310979619
333110.1656804733
1713414.02695595
1815617.0
211715626.52368474
664842.0
829057.0
457096700.6395258
18.08468366085524
49118.12427027235
28989.549312291958
6705368.257725181
1297195.925706772
7228282.086127547
13415740.0
71.39457551585767
691019.5624916326
261058.01100855862
6466924.09861933
6441376.291913215
1287677.3665351742
7116779.546351085
7037730.644312952
11200716.0
64.87847358157764
691019.5624916326
261058.01100855862
1595316.6219592371
1595099.7008547008
333021.5641025641
1712549.3977646283
1711916.9658119658
1799921.0
211715626.52368474
664387.0
827669.0
126859097.44012618
205381494.46189973
457096700.6395258
18.04607492329689
49118.12427027235
28989.549312291958
270663.23813997186
321614.8553311414
370868.0203538437
2254172.9913887586
1461907.4378698228
283546.6604207758
1573069.7767915847
3143829.0
8243886.893214936
43.06174807343492
1536.7597402597403
12072.0
157028624.0
1914.0
1882230.0
12072.0
15.45841203557918
149200.20709930593
55867.80981579247
90665676.03381869
106493159.2992015
123939623.04681382
725400086.5088462
90636393.70252076
106472059.42837013
104517691.49741662
123918523.17598245
725346106.2364177
268982.499921716
320804.29090339754
304766.29967120715
370057.4559260999
2250448.3280100203
1400774.385930309
1395118.1426692966
279263.2324128863
1543909.6735700197
1524041.0243261014
2443320.0
13389.908316154668
43.06174807343492
1536.7597402597403
12072.0
12072.0
109496.38005594244
98398645.0
65654676.0
1914.0
53150.2434758843
12072.0
14.121145761967174
149200.20709930593
55867.80981579247
21699625.83262878
24951789.630499452
28722464.790668543
165844772.13543135
21699376.94817598
24951635.998121183
24922441.5445436
28722311.158290274
165844365.3168937
70259.86175043057
80587.81290120556
80326.02332863629
92464.56239235947
538370.6422420541
378844.9204470743
378797.0552268244
79002.83497698883
406282.04963839584
406132.85272846813
425719.0
46020307.58271707
4837.53082644751
36.44977778522621
2349390.045409973
1184.0844155844156
28445.218164186255
163440.0
197662.0
6015.0
6015.0
29404.634957631817
6024700.0
6085650.0
5733609.0
1226.0
27396.33426096146
6015.0
29111021.610031545
45849632.61438626
99030380.02793115
4.350502745779734
11315.819604898708
6864.8373118123845
6354.362590401051
6380.332018408942
5972.968441814595
236447.0
940004.8697653508
251383.01760855824
34779.79055845839
61424.0
34494.0
573322.6997124328
0.2562216219781529
1326.5742812339201
165535.7537804076
170692.976660092
111911.94017094016
6070070.0
26.898882951165334
168695.87542540117
92047.36456278764
84635.38428665351
133215.5276134122
112128.35207100591
89471.29914529914
3051434.0
10.999980318897691
168695.87542540117
8640978.0
1888415.0816272404
8640978.0
8640978.0
1888415.0816272404
8640978.0
5805.440170940171
5742.808021038791
6142.024326101249
5980.097304404997
5800.857330703484
188718.0
940004.8697653508
251383.01760855824
34779.79055845839
59841.0
34129.0
144933.41510864353
231739.97819042293
573322.6997124328
0.17373931901258316
1326.5742812339201
139392.33197556008
52499.52074526383
47796.986850756075
14530693.405597422
4728782.80240839
1111413.6992781882
36781.63913088189
36781.63913088189
77.73127224641551
2199.954545454546
10532436.106495693
5.831674313927413
36781.63913088189
36007527.947742715
13245157.912423626
8651451.13981525
13105524.83706721
8593449.386253327
8635688.457804916
8474539.769062158
48601.84562872274
7266546.447627995
120267.35234215886
45780.25504931893
48175.076561766095
43832.81102238923
145.55407700387104
31212.94739314232
32395.079224194604
26453.17225509533
20787.254109138725
19031.517094017094
726225.0
4728782.80240839
1111413.6992781882
36781.63913088189
22.68251933757678
64.555223273367
1955.8311688311692
41620.0
238422.0
347781.0
190.60938681618407
190.60938681618407
810614.8679888959
1290389.8679888959
923486.8679888959
268366.0
10532436.106495693
2.416555982629566
36781.63913088189
36007527.947742715
1496600.4582484728
1415730.461875685
1951080.0
403823.21632544807
1951080.0
1495851.4256619147
1415290.4587443245
1415616.1593862535
1414240.2278064818
15270.40452557398
1393869.0046970407
1951080.0
403823.21632544807
1951080.0
6137.281059063136
7429.9262564584305
7446.5185533114145
7413.333959605448
51.756116610180904
7230.740097072177
1435.4474030243264
1395.7294543063774
1349.9010519395135
1335.1341222879685
43841.0
205161.11867140335
54924.963048588244
73.54175588865097
77.70449678800856
7529.5313669810885
160.0
100.0
288.37861605348706
8.606122680907726
4.599360725467123
3930.6102436448664
4046.961152598627
278.72727272727275
51.23869082829917
1325.845396243701
8768.0
19321.0
23214.0
52.31562916285649
20039.0
52.31562916285649
30905.103777160883
39493.10377716088
33026.10377716088
16725.0
51835.81639351676
124328.63717700429
0.03860873755835181
288.37861605348706
2398798.4255251465
2803109.9928399622
15184027.699096499
15141544.501362387
609132.3520424558
3311859.941701258
3302155.4936365387
3828.0
24144.0
24144.0
199675.35767560016
189246.64339774146
177604.79228390852
44362.8651514481
41932.418380803836
63948.2946007597
896417.3264166001
1873084.8268410577
181859997.72932026
502926289.4577074
181858331.01060867
181418779.2314663
502921523.1331352
2302534.0470530307
2299652.150946145
2301297.796589034
2063593.5168695871
2813119.0724364365
15281221.588639688
2806370.7313514664
15219732.153664883
15173847.852091996
629520.8395412803
4344127.812981273
612523.450648128
3333968.7064482803
3828.0
24144.0
211287815.68995357
1431778086.631314
211279550.47307
209237910.33648977
1431756181.4925253
629231.9082310942
610237.2983245853
4342915.016167989
609857.2363571061
3319517.5479472
3308940.2215686142
3828.0
24144.0
24144.0
220897.89102362594
193042.933039974
205180.92113581946
193660.9629838302
180804.28389503335
47929.90642498355
50537.44029476325
156221.82254608
75372701.0
8303645.198563141
8279634.117175611
8297590.103662651
6962519.479619389
46238.949601421205
47112.974004301206
33245.065166375694
45675.346903098565
42966.05755039244
103304.92548725066
6377192.0
4688926.0
3033129.956100455
17348265.345425524
17063921.58473403
681674.1706545382
3519262.765725894
3516964.884912003
24144.0
3828.0
662036.4589677674
3781366.0452731624
3710510.0168083846
24144.0
12030.0
2452.0
161574.98160964999
833996.3646521077
833459.3169863555
12030.0
492492.62381194223
418017.7263199525
337778.41447498515
23843.41957483857
23268.870081075736
22632.159976270515
896417.3264166001
118623.48298628746
97910.94917935535
1873084.8268410577
270501.686135094
5568.4830588406
5428.968558433855
531894.2553312483
183569445.42301607
516146064.986694
183556786.17203698
182456763.0374367
516111873.2995684
47669381.347546026
111029118.58864689
47669287.382567875
47650899.73739785
111028852.30635497
2947593.4122405513
2926253.387457111
2938512.058506305
2258497.7755157696
272368.7377726343
272207.40713322937
272299.2036888048
262063.2372153765
23047.6054485674
5954.0
5067037.0
162367.26444340064
1084827.04368248
161748.0
835174.0
12030.0
2452.0
682156.0
3524304.0
3078180.0
17926900.0
3040794.0
17488952.0
17178472.0
681808.0
3520908.0
3518424.0
696363.4720526069
4899625.1761390325
681038.0
3927930.0
24144.0
3828.0
217557073.8769375
1489553702.3128228
217492758.24518552
211535546.0347581
1489389162.1906998
693892.7477689056
645006.4988257398
4888271.832785346
664214.0
3813398.0
3735360.0
24144.0
24144.0
3828.0
50000011.619539686
332462445.4015971
49999543.32456552
49910554.167214654
332461205.3565054
162350.4058243307
161552.43118835133
1084753.98966651
161606.0
834354.0
833768.0
12030.0
12030.0
2452.0
25060.0
23460.0
670430.0
439556.0
523230.0
440406.0
351416.0
24124.0
23488.0
22784.0
160317.97463597934
187732.0
75372701.0
20655011.637388445
20478213.426021606
20606964.573038988
15561580.486613434
139836.6256458431
147136.407703147
90168.18224518554
127238.0
103900.0
6377192.0
4688926.0
2940626.528886801
2939285.332080789
2940278.1174260215
2822262.3503992483
22938.96101456082
22989.536871770782
21994.171911695626
5638.0
5482.0
1810912.0
1414924.0
800402164.9607263
3071752154.5590816
1412182.3311624234
5522616.795945055
3071928185.5421486
2481010512.5024576
3071928185.5421486
4671.615978114957
5522882.340468409
4671.615978114957
4661.902311178952
4667.7983567645815
4398536.832153565
5522882.340468409
4636.750370736029
4671.615978114957
6990259.351857628
6982509.089002894
1401554.9964199811
7592013.8495482495
7570772.250681194
8500534.22069664
1525308.8650764178
1523617.8295371905
304566.1760212279
1655929.970850629
1651077.7468182694
1852500.9368699514
1914.0
12072.0
12072.0
88748.39608244917
86585.19862636657
99837.67883780008
94623.32169887073
88802.39614195425
182477.37865691545
22181.43257572405
20966.209190401918
19468.45760934795
18965.003400396097
42159.91169202933
31974.14730037985
448208.6632083001
936542.4134205289
77260787.42949726
90929998.86466014
105930873.69585429
251463144.7288537
77259431.99737057
90929165.50530434
90709389.61573315
105930040.3364985
251460761.5665676
5346806.894682694
1151267.0235265156
575882.1655480367
5325141.581528441
1149826.0754730725
1150648.898294517
1146292.3221704708
1031796.7584347936
27140.344972164545
7077447.885558576
1406559.5362182185
7640610.794319843
8823049.239557276
7002338.8485260885
6994344.696474599
1403185.3656757332
7609866.076832442
7586923.926045998
8547911.668992734
265289.6398865941
314760.41977064015
363521.3804605388
2172063.9064906365
1545541.3683031471
306261.725324064
1666984.3532241404
1934513.0887152404
1914.0
1914.0
12072.0
12072.0
89870889.200555
105643907.84497678
123088463.2092975
715889043.315657
89863736.0475873
105639775.236535
104618955.16824488
123084330.60085571
715878090.7462627
264934.35368430126
314615.9541155471
305118.64916229266
363376.9148054458
2171457.5080839945
1527796.631000052
1526033.4182623234
304928.61817855306
1659758.7739736
1654470.1107843071
1862587.3136052918
1914.0
1914.0
1914.0
12072.0
12072.0
12072.0
109699.52282397341
110448.94551181297
96521.466519987
278840.84256143536
90319.19640632837
88012.44152952378
102590.46056790973
96830.4814919151
90402.14194751668
190710.72743676495
44666.0969776645
23964.953212491775
25268.720147381624
78110.91127304
78110.91127304
4641.0
37900535.0
5346806.894682694
4151822.599281571
5325141.581528441
4139817.058587806
4148795.0518313255
4109057.7494883323
48410.1827548905
3481259.7398096947
42735.71955054659
23119.474800710606
23556.487002150603
22642.358694810035
143.2347181193146
16622.532583187847
22837.673451549283
21483.02877519622
19814.790578169
19271.248439092924
44270.76716142728
51652.46274362533
3991.0
4126.0
3188596.0
2344463.0
7839600.883558525
7792690.661390616
1516564.9780502275
8674132.672712762
8531960.792367015
11009924.382440181
800402164.9607263
3071752154.5590816
1638536.5961742827
1638125.5343885433
340837.0853272691
1759631.382862947
1758482.4424560014
1797709.1886493969
12072.0
1914.0
1704412.2814634885
1694118.6176747694
331018.2294838837
1890683.0226365812
1855255.0084041923
2400513.7457979037
12072.0
193930709.8906651
723363483.2952744
6015.0
1226.0
388665.8387733414
388576.0991143773
80787.49080482499
416998.18232605385
416729.65849317773
425242.59254498716
6015.0
173322.45012904203
160095.31430186547
246246.31190597112
209008.86315997626
168889.20723749258
5038626.619735021
1412182.3311624234
5522616.795945055
11324.548656444511
11210.006029771997
11921.709787419284
11634.435040537868
11316.079988135258
773709.5942258256
448208.6632083001
59311.74149314373
48955.47458967767
38987.93851525732
35891.70472960241
1395399.1074747872
936542.4134205289
340812.379711861
1296459.3036406683
135250.843067547
2784.2415294203
2714.4842792169275
2633.6924244724455
2607.0182777463724
451991.06634368206
265947.12766562414
77990762.50624079
91784722.71150804
106872464.93779315
258073032.493347
77982181.33531328
91778393.08601849
91228381.51871835
106866135.3123036
258055936.6497842
20752881.15892228
23834690.673773013
27414077.55696438
55514559.294323444
20752808.878169857
23834643.691283938
23825449.868698925
27414030.574475307
55514426.153177485
19515901.338764425
1473796.7061202752
737216.6676834899
19253932.524100475
1463126.6937285557
1469256.0292531524
1440933.3223820268
1129248.8877578848
27262.114021528945
1653681.0303236027
136184.36888631716
68121.59791376039
1652275.7531115639
136103.70356661468
136149.6018444024
135916.78554085252
131031.61860768824
13179.03209899762
11904.0
11964.0
0.0
0.0
4.0
1352.0
1334883.0
2608711.0
616.0
3042.0
2608711.0
70761.60638797558
81183.63222170032
93114.57914513856
542413.52184124
0.0
0.0
1449.959562479284
166726.0
198945.0
723399150.8127874
887615580.0
1226.0
389740.0
80874.0
417587.0
430042.0
6015.0
1226.0
6015.0
664842.0
829057.0
3071928185.5421486
3808831004.0
1643073.0
341078.0
1762152.0
1815617.0
8352748.0
1539090.0
8963450.0
13415740.0
7884480.0
7834308.0
1520397.0
8744476.0
8589236.0
11200716.0
664387.0
827669.0
2481010512.5024576
3071928185.5421486
1650745281.0
1639087.0
1638661.0
340904.0
1760454.0
1759212.0
1799921.0
292508.3907937999
348181.73602630344
399778.46594645374
2449812.5880695162
1914.0
1834020.0
340519.0
1963965.0
3143829.0
12072.0
1914.0
12072.0
92748437.723814
108778536.93846875
126446475.66087365
744776851.1564114
92703809.21277595
108746379.12259276
105767773.01737905
126414317.84499764
744694581.0953499
289946.81728511036
346946.3738844528
322503.2494128699
398543.1038046031
2444135.916392673
1914.0
1914.0
1713964.0
1702856.0
332107.0
1906699.0
1867680.0
2443320.0
12072.0
12072.0
1914.0
12072.0
21743391.13668389
25000005.809769843
28776351.658525128
166231222.70079854
21743011.817754813
24999771.66228276
24955277.083607327
28776117.511038046
166230602.6782527
70741.9379990606
81175.20291216535
80776.21559417566
93106.14983560359
542376.994833255
0.0
0.0
1449.828306264501
163440.0
197662.0
596278291.1256144
723399150.8127874
400654130.0
1226.0
1226.0
388780.0
388686.0
80803.0
417177.0
416884.0
425719.0
6015.0
6015.0
1226.0
6015.0
5721.318044659022
130768.0
34494.0
5522882.340468409
10794888.0
12479.0
12530.0
11730.0
913069.0
325087.0
335215.0
219778.0
9090772.0
180767.0
166211.0
261615.0
220203.0
175708.0
5661916.0
5378.014484007242
5520.49668074834
5152.613156306578
5721.318044659022
129185.0
34129.0
4398536.832153565
5522882.340468409
2927427.0
11401.0
11278.0
12062.0
11744.0
11392.0
819760.0
261517.15048653536
80158.98731798967
4641.0
93866.0
37900535.0
19515901.338764425
10327505.818694223
19253932.524100475
10239106.713010803
10303482.286519494
10057879.367778301
49275.947975749856
7780790.243306717
225636.33763294862
69918.31282292155
73568.2038515735
66950.2592766557
153.01554340439677
45084.09112259277
3991.0
4126.0
63619.0
51950.0
40823.0
37375.0
3188596.0
2344463.0
1594877.0
1653681.0303236027
1470313.2644434005
1652275.7531115639
1469642.6660403945
1470139.0587130107
1468042.0338186943
15285.494802765204
1411131.1751996242
11514.293731613487
11469.48050728041
11494.768435885391
11444.192578675433
51.91906716201293
10997.085955847813
0.0
0.0
3.8859794497845543
1252.5582377791188
1281.8298129149064
1202.888352444176
1324.3602896801447
228513.0
539013.0
1052099.2080383913
1296513.0227581696
707462.0
587.0
588.0
2819.0
2741.0
2651.0
2622.0
905456.0
707462.0
516605.0
197925.0
2803109.9928399622
15184027.699096499
15141544.501362387
609132.3520424558
3311859.941701258
3302155.4936365387
3828.0
24144.0
24144.0
199675.35767560016
189246.64339774146
177604.79228390852
44362.8651514481
41932.418380803836
63948.2946007597
896417.3264166001
1873084.8268410577
43392.35034335843
248844.61191047393
246088.53163053497
9588.202621242503
54928.77656163436
54242.49815386576
56.0
340.0
340.0
6504.982421232471
5778.140132982086
4864.084660568553
2644.162370922254
3714.1974650435423
4618.994015004222
1531.3941710796935
1333.3806519264508
1009.4392756456581
909.7421302071978
1009.4392756456581
1404.3848416811986
1009.4392756456581
13153.01458318218
27569.380722206428
182018627.80351588
503871096.7514306
182016848.24276513
181547537.44146416
503866007.7318648
2337092.3532012473
2334015.343767165
2335772.40473693
2081974.8061799079
2366391.8044190723
6954737.648708185
2365961.892344634
2351349.214148178
6953451.949113953
44859.05596781083
44054.93708363653
44403.48031046925
33262.71842112401
2813119.0724364365
15281221.588639688
2806370.7313514664
15219732.153664883
15173847.852091996
62778030.209158435
2036273.139234023
635069.5447625061
4377748.208090724
612523.450648128
3333968.7064482803
3828.0
24144.0
211707916.82084128
1434665920.697474
211699092.0230754
209519226.5011199
1434642532.5126793
186331.17377005046
52220146.05912994
105848.84747115293
634761.0519042383
614480.4478465866
4376453.301162199
609857.2363571061
3319517.5479472
3308940.2215686142
3828.0
24144.0
24144.0
220897.89102362594
193042.933039974
205180.92113581946
193660.9629838302
180804.28389503335
156221.82254608
49455.156969980155
50537.44029476325
156221.82254608
75372701.0
8427260.879592845
8401624.17333705
8420795.835940316
7006736.962270753
303.39787497281804
303.39787497281804
94634.55930342301
47649.717111723265
48582.915684306776
33817.41130829943
45675.346903098565
42966.05755039244
103304.92548725066
6377192.0
4688926.0
43938.11500613431
256128.12952789397
114683.23095779441
42208.289664337586
43518.13347908975
250601.71353568218
247570.4047640431
114683.23095779441
41175.722004793846
995465.1920281611
30060.50429076197
9804.19053111658
71142.05134240843
9804.19053111658
56791.27820545256
25100.069029331065
9149.979997254011
56.0
340.0
2825360.904118547
19603410.949423872
2823116.5113625797
2750437.301727121
19595262.00933516
2773.2499582430755
826026.8248900888
1494.8653861839596
9708.437750940486
8979.330754719262
70654.75295040467
9620.624768675338
55318.94263521508
54558.88333608445
25100.069029331065
8937.393895213485
56.0
340.0
340.0
8823.41245446333
6013.240116138371
11638.45832517696
2951.320719921263
5097.060436954974
11638.45832517696
6838.992285132572
6035.410763146337
5017.875456876191
7446.512518954869
11638.45832517696
2757.5073022618644
4589.995953701062
7446.512518954869
33.89885220242976
33.89885220242976
33.89885220242976
33.89885220242976
33.89885220242976
33.89885220242976
33.89885220242976
33.89885220242976
4548209.0
182788.66600597452
175695.42587564472
179013.15007181806
110533.76884159507
4.448710807427847
4.448710807427847
1487.0453381229222
1698.4092805086502
1939.234208263153
724.5786548074923
1621.3569678277463
1399.4427114869873
1621.3569678277463
2528.4509728086587
1621.3569678277463
1399.4427114869873
1621.3569678277463
1997.170684066672
1621.3569678277463
93864.0
68800.0
3033129.956100455
17348265.345425524
17063921.58473403
681674.1706545382
3519262.765725894
3516964.884912003
24144.0
3828.0
662036.4589677674
3781366.0452731624
3710510.0168083846
24144.0
12030.0
2452.0
161574.98160964999
833996.3646521077
833459.3169863555
12030.0
492492.62381194223
418017.7263199525
337778.41447498515
23843.41957483857
23268.870081075736
22632.159976270515
896417.3264166001
118623.48298628746
97910.94917935535
1873084.8268410577
270501.686135094
5568.4830588406
5428.968558433855
531894.2553312483
51334.81194384022
348412.8588841326
327143.39964405773
10712.74688550524
55991.12791119495
55836.45877002175
340.0
56.0
11785.417836662053
77706.80548501777
71818.94304923867
340.0
194.0
40.0
2568.4991101443543
13396.736269317274
13356.991101443546
194.0
25140.667198723066
7135.813328060114
58870.828556917935
188950.04077486758
142280.1633379474
44504.49752817876
3759.706159762026
1006.5683211390152
17794.805194805194
25774.059493579043
23101.264385999606
5798.245402412497
27173.698783094165
13153.01458318218
9682.115878979632
13153.01458318218
59196.05310890227
41270.25212576626
27569.380722206428
8032.289789331357
4336.288906624102
3408.548151077714
4336.288906624102
19515.76855546688
14529.018588095707
8520.120557293147
183839604.54565454
517922804.0535387
183826088.22402236
182651590.10287693
517886297.48288167
47675526.8680868
111066356.54192087
47675426.54138747
47655793.9954662
111066072.23148982
3024422.284561789
3001637.473747375
3014726.0949428277
2288672.7306063944
273773.50368370174
273601.25045837916
273699.2619261926
262770.2886955362
2416771.0701736836
7433748.72993966
2413406.575724239
2374480.433776711
7421057.556822348
719660.9457612428
1681378.1549488285
719636.5586558656
719015.6135613562
1681300.054472114
93600.64306430642
84350.6757342401
87182.82128212822
41016.487315398204
2315.0
4579.064906490648
4598.9758975897585
4078.357502416907
24608.0
5954.0
5067037.0
162584.0
1086174.0
161748.0
835174.0
12030.0
17753206.0
2452.0
424310.0
682156.0
3524304.0
3078180.0
17926900.0
3040794.0
17488952.0
17178472.0
681808.0
3520908.0
3518424.0
706338.0
4969360.0
681038.0
3927930.0
24144.0
319045208.0
3828.0
3764460.0
218387376.0
1496139416.0
218318706.0
211958172.0
1495963736.0
703700.0
651504.0
4957238.0
664214.0
3813398.0
3735360.0
24144.0
24144.0
218992.76011188488
201785250.0
3828.0
106300.4869517686
50016752.0
332580930.0
50016252.0
49921238.0
332579606.0
162566.0
161714.0
1086096.0
161606.0
834354.0
833768.0
12030.0
12030.0
58809.269915263634
17037360.0
2452.0
54792.66852192292
25060.0
23460.0
670430.0
439556.0
523230.0
440406.0
351416.0
24124.0
23488.0
22784.0
171172.0
187732.0
75372701.0
21315004.0
21126236.0
21263704.0
15732204.0
149304.0
157098.0
95390.0
127238.0
103900.0
381.21877363236814
381.21877363236814
3775166.0
6377192.0
4688926.0
2962120.0
2960688.0
2961748.0
2827246.0
24492.0
24546.0
23428.0
5638.0
5482.0
104.63125832571298
104.63125832571298
1078026.0
1810912.0
1414924.0
3556.0
1444.0
2580.0
13506.0
17424.0
194.0
278942.0
40.0
6658.0
15192.0
6160.0
10740.0
56392.0
256894.0
91794.0
54120.0
401218.0
256894.0
78142.0
51652.0
356622.0
333216.0
15192.0
6092.0
10718.0
56076.0
55906.0
55636.0
19460.0
13176.0
94830.0
110450.0
340.0
5040868.0
56.0
58628.0
3040634.0
22209386.0
3022616.0
2802962.0
22104410.0
55636.0
16652.0
12158.0
9882.0
11924.0
79708.0
73180.0
103370.0
340.0
340.0
3296.7952562816613
3101122.0
56.0
1502.1271180139158
751850.0
5020248.0
751722.0
748524.0
5019708.0
3556.0
1430.0
2574.0
2542.0
2570.0
13416.0
13372.0
17390.0
194.0
194.0
947.2684573739317
267442.0
40.0
883.2723002540824
26846.0
5896.0
3858.0
1024.0
583636.0
266146.0
56830.0
37050.0
9576.0
10714628.0
199032.0
159206.0
45352.0
30840.0
7608.0
307938.0
10714628.0
26022.0
24238.0
5806.0
3816.0
1012.0
93080.0
583636.0
2309084.0
1212846.0
1019180.0
1064474.0
253026.0
61224.0
5.6972438528156335
112668.0
5.6972438528156335
55270.0
3432.0
129632.0
93864.0
68800.0
47170.0
2309084.0
59994.0
58622.0
59048.0
42548.0
15708.0
1.6770849483766241
32018.0
1.6770849483766241
17244.0
780.0
38318.0
29008.0
22682.0
16606.0
135086.0
3773.6130799250914
3509.509080072138
601.036228808591
3432.1708020440233
2818.5239849006875
553.8933152996228
666640.393632961
666640.393632961
666862.1552155216
10138.671445266213
10138.671445266213
10143.492349234923
800402164.9607263
3804367556.4300957
8638104.48717405
8640978.0
1412182.3311624234
10740772.920908494
9346956.999682
10794888.0
12802302.185908824
59151301.390388526
131373.53232987068
131436.0
22440.2778764555
836795.9609794994
313101.7511129955
1103047.6056405732
666862.1552155216
666862.1552155216
666862.1552155216
666862.1552155216
10143.492349234923
10143.492349234923
10143.492349234923
10143.492349234923
3808831004.0
2789988060.0
3808831004.0
17570.746814392387
10794888.0
17570.746814392387
8640978.0
8640978.0
17482.197958747423
17533.31605357835
5487368.0
10794888.0
17322.921665030233
17570.746814392387
59237596.0
44458181.0
59237596.0
255.0
8531.0
5130.0
83.0
460156.0
255.0
79395.3866166647
50360.18320015591
1308.2380952380954
71283.09750380873
40837.3075423894
822.0952380952381
131436.0
131436.0
256.9838880897948
258.165350878782
8450.029298019454
5042.020658740987
80.03571428571428
87197.0
1104111.6552370049
254.0555710543573
259.7886140568899
6990259.351857628
6982509.089002894
1401554.9964199811
7592013.8495482495
7570772.250681194
8500534.22069664
1525308.8650764178
1523617.8295371905
304566.1760212279
1655929.970850629
1651077.7468182694
1852500.9368699514
1914.0
12072.0
12072.0
88748.39608244917
86585.19862636657
99837.67883780008
94623.32169887073
88802.39614195425
182477.37865691545
22181.43257572405
20966.209190401918
19468.45760934795
18965.003400396097
42159.91169202933
31974.14730037985
448208.6632083001
936542.4134205289
111017.57101996194
123044.26581526748
111138.20812935186
113296.58480233993
112828.642462051
21696.175171679213
124422.30595523697
123044.2658152675
24616.31573494029
27121.24907693288
24616.31573494029
24983.580641263587
24877.190270746418
4794.101310621251
27464.38828081718
27121.249076932883
28.0
170.0
170.0
1574.3307935474693
2889.070066491043
1606.115916782761
2499.3255873775624
2361.5971790605904
3252.4912106162355
2889.0700664910423
2432.0423302842764
1322.081185461127
1857.0987325217711
2309.497007502111
359.3806889615873
666.6903259632254
359.3806889615873
765.6970855398467
666.6903259632254
560.8115749440564
526.878982002654
504.71963782282904
454.8710651035989
504.71963782282904
702.1924208405993
504.71963782282904
6576.50729159109
13784.690361103214
77329038.85584699
91009313.90175794
106017788.54692112
251935548.3757153
77327591.65675087
91008424.12138256
90773768.72073208
106016898.76654576
251933003.8659324
1168546.1766006236
584525.474083595
5406162.462090054
1167007.6718835826
1167886.202368465
1163234.6724947966
1040987.4030899538
27150.17518344663
5382034.685167512
1007181.264278793
1183195.9022095366
1375714.2203113283
3477368.824354093
1006975.3163032524
1182980.9461723173
1175674.607074089
1375499.2642741092
3476725.974556977
91394.33300298726
91394.33300298726
22429.527983905424
11219.608382445993
91394.33300298726
91394.33300298726
91394.33300298726
22027.468541818263
22201.740155234624
21230.613195175258
16631.359210562005
383.65047240661755
89506.57503590903
7077447.885558576
1406559.5362182185
7640610.794319843
8823049.239557276
61720.5962536917
3771383.237260449
1394039.8019132914
7002338.8485260885
6994344.696474599
1403185.3656757332
7609866.076832442
7586923.926045998
8547911.668992734
61000.55273814096
3771383.2372604497
1394039.8019132914
31389015.104579218
1018136.5696170115
267554.2706896112
317534.7723812531
366500.61797852966
2188874.104045362
31389015.104579218
31389015.104579218
1545541.3683031471
306261.725324064
1666984.3532241404
1934513.0887152404
13472.101387982137
821002.4643772338
300114.1535263024
1914.0
1914.0
12072.0
12072.0
90058452.13460623
105853958.41042064
123317765.85113272
717332960.348737
90050814.69094113
105849546.0115377
104759613.25055996
123313353.4522498
717321266.2563397
93165.58688502523
26110073.02956497
52924.42373557646
267174.9305067217
317380.52595211915
307240.2239232933
366346.3715493958
2188226.6505810996
20637740.650820628
93165.58688502523
1527796.631000052
1526033.4182623234
304928.61817855306
1659758.7739736
1654470.1107843071
1862587.3136052918
13325.056399806095
821002.4643772338
300114.1535263024
1914.0
1914.0
1914.0
12072.0
12072.0
12072.0
109699.52282397341
110448.94551181297
96521.466519987
278840.84256143536
4476.6254350296695
359271.6696042922
90319.19640632837
88012.44152952378
102590.46056790973
96830.4814919151
90402.14194751668
190710.72743676495
3031.7879495621037
359271.6696042922
78110.91127304
78110.91127304
24727.578484990077
78110.91127304
78110.91127304
25268.720147381624
78110.91127304
964.6565243020892
78110.91127304
78110.91127304
46453.23287634792
4641.0
37900535.0
4213630.439796423
5406162.462090054
4200812.086668525
4210397.917970158
4167970.2767022373
48463.37970755604
3503368.4811353767
5382034.685167512
8120.439390585453
24597.10059761147
27100.315074733167
78110.91127304
151.69893748640902
151.69893748640902
47317.279651711506
23824.858555861632
24291.457842153388
23315.440206081134
143.8953721198595
16908.705654149715
29964.44333796086
151.69893748640902
22837.673451549283
21483.02877519622
19814.790578169
19271.248439092924
44270.76716142728
659.303844286705
78110.91127304
51652.46274362533
44303.450151944184
3991.0
4126.0
3188596.0
2344463.0
8841.308163176192
123009.10644875374
128064.064763947
119567.69601986527
21969.057503067153
128064.064763947
126474.41578230515
57341.615478897205
21104.144832168793
770.4542649572904
8841.308163176192
116228.75876192769
123785.20238202155
113836.15606872586
113348.45028712742
21759.066739544876
125300.85676784109
123785.20238202154
116729.98484314693
57341.615478897205
20587.861002396923
21104.144832168793
497732.59601408057
15030.252145380986
4121.7687272239855
4902.09526555829
5612.508967635467
35571.02567120422
497732.59601408057
497732.59601408057
1905.25727769294
28047.72685731582
28395.63910272628
26556.98661690434
4902.09526555829
28395.63910272628
28047.72685731582
12550.034514665533
4574.989998627006
28.0
86.0
5612.508967635467
28047.72685731582
170.0
28.0
170.0
1206579.3999563765
1412680.4520592736
1640483.8345808059
9801705.474711936
1205554.2031526193
1411558.2556812898
1375218.6508635606
1639361.638202822
9797631.00466758
1386.6249791215375
413013.4124450444
747.4326930919798
4055.041552495298
4854.218875470243
4489.665377359631
5564.63257754742
35327.376475202334
327306.2179744001
1386.6249791215375
182.70994801322743
1905.25727769294
25762.03561262527
27279.441668042226
25098.199596639042
24985.714592371143
4810.312384337669
27659.47131760754
27279.441668042226
25762.03561262527
12550.034514665533
4468.6969476067425
4574.989998627006
28.0
86.0
5520.726086414845
27688.618284424927
170.0
170.0
28.0
28.0
170.0
5819.22916258848
3193.2203041411417
4411.706227231665
4304.783756713842
4411.706227231665
3006.6200580691857
5819.229162588481
1475.6603599606315
2548.530218477487
5819.22916258848
3773.8269978500593
3509.692806879823
608.2776291556825
9.92542045647388
5819.22916258848
1995.984284503958
3017.7053815731683
2587.8584886596627
2437.912328357156
3419.496142566286
3017.7053815731683
2128.045909992687
2508.9377284380953
3723.256259477434
5819.22916258848
1378.7536511309322
2294.997976850531
3723.2562594774345
3432.304672547146
2818.626777055674
560.5667287369677
33.89656406052024
33.89656406052024
33.89656406052024
33.89656406052024
33.89656406052024
33.89656406052024
33.89656406052024
33.89656406052024
33.89656406052024
33.89656406052024
33.89656406052024
33.89656406052024
33.89656406052024
33.89656406052024
33.89656406052024
33.89656406052024
33.89656406052024
33.89656406052024
4334618.0
91394.33300298726
91394.33300298726
91394.33300298726
91394.33300298726
91394.33300298726
91394.33300298726
87847.71293782238
89506.57503590903
80543.95337483948
660.7516452597957
55266.884420797534
89506.57503590903
1264.2254864043293
119.85769953095257
395.7302389911521
436.97921376510897
1264.2254864043296
2.2243554037139237
2.2243554037139237
743.5226690614611
810.6784839138732
478.60573461131514
1.0
849.2046402543251
969.6171041315765
743.5226690614611
2.2243554037139237
362.28932740374614
478.60573461131514
2.2243554037139237
2.2243554037139237
1264.2254864043293
478.60573461131514
699.7213557434936
810.6784839138732
699.7213557434936
582.0338423251881
544.5726862905813
478.60573461131514
810.6784839138732
1264.2254864043293
810.6784839138732
998.585342033336
699.7213557434936
810.6784839138732
998.585342033336
810.6784839138732
1.0
927.4246416278677
699.7213557434936
478.60573461131514
17725.0
46932.0
34400.0
666640.393632961
666640.393632961
666862.1552155216
150529.04502322187
150529.04502322187
150573.39733973396
10138.671445266213
10138.671445266213
10143.492349234923
2314.0358192062577
2314.0358192062577
2314.9999999999995
7839600.883558525
7792690.661390616
1516564.9780502275
8674132.672712762
8531960.792367015
11009924.382440181
800402164.9607263
3804367556.4300957
1638536.5961742827
1638125.5343885433
340837.0853272691
1759631.382862947
1758482.4424560014
1797709.1886493969
12072.0
1914.0
1704412.2814634885
1694118.6176747694
331018.2294838837
1890683.0226365812
1855255.0084041923
2400513.7457979037
12072.0
193930709.8906651
886578317.3944386
6015.0
1226.0
388665.8387733414
388576.0991143773
80787.49080482499
416998.18232605385
416729.65849317773
425242.59254498716
6015.0
173322.45012904203
160095.31430186547
246246.31190597112
209008.86315997626
168889.20723749258
5038626.619735021
8638104.48717405
8640978.0
1412182.3311624234
10740772.920908494
11324.548656444511
11210.006029771997
11921.709787419284
11634.435040537868
11316.079988135258
773709.5942258256
9346956.999682
10794888.0
448208.6632083001
59311.74149314373
48955.47458967767
38987.93851525732
35891.70472960241
1395399.1074747872
936542.4134205289
1950505.2974348103
1951080.0
340812.379711861
2522332.5505269915
135250.843067547
2784.2415294203
2714.4842792169275
2633.6924244724455
2607.0182777463724
451991.06634368206
265947.12766562414
2218539.634407462
2534132.0
128251.18887187341
127246.81444614599
147356.44572643086
144528.54004145466
25667.40597192011
174206.4294420663
163571.69982202887
27103.34966819806
27096.369831546708
12802302.185908824
59151301.390388526
26019.439805677852
25994.69398907104
5356.37344275262
27995.563955597474
27918.229385010876
28267.855283307807
170.0
28.0
32350.583270077426
31702.604861503674
5892.708918331026
38853.402742508886
35909.47152461934
170.0
6498.304747320062
3122033.3514900333
13917445.27904151
97.0
20.0
6229.498254136935
6223.866402864142
1284.2495550721771
6698.368134658637
6678.495550721773
97.0
9046.83103624298
8067.636294027565
12570.333599361533
3567.906664030057
29435.414278458968
46672.46424776074
37926.49519502544
94475.02038743379
71140.0816689737
22252.24876408938
131373.53232987068
131436.0
3135.87212863706
2465.956355283308
1879.853079881013
503.2841605695076
8897.402597402597
22440.2778764555
1111475.9609794992
9054.42629421588
8432.158281514981
12887.029746789522
11550.632192999803
2899.1227012062486
313101.7511129955
1377846.9974386075
13586.849391547083
6576.50729159109
4841.057939489816
2088.6559469116896
6576.50729159109
29598.026554451135
20635.12606288313
13107.169880066796
10437.518183531185
13784.690361103214
29984.506465974137
29997.0
4806.0
2635.0
2076.0
943.0
6520.0
662824.0
2635.0
11859.0
8849.0
5832.0
4751.0
5165.0
90851.99999999999
1632298.0
78106332.57719104
91919802.27282728
107020324.52655263
258961402.02676934
78097170.4343101
91913044.11201118
91325795.05143847
107013566.36573657
258943148.74144083
20755523.191519152
23837763.434043404
27417443.822582252
55533178.270960435
20755446.017135046
23837713.270693734
23827896.997733105
27417393.659232587
55533036.11574491
666862.1552155216
666862.1552155216
666862.1552155216
666862.1552155216
1512211.142280895
756432.1826182618
20650206.0
1500818.7368736875
1507363.0474714139
1477122.805280528
1144336.365303197
27279.39398366355
20358462.0
150573.39733973396
136886.75184185084
150573.39733973396
68472.94109410941
1682405.0
150573.39733973396
136800.62522918958
136849.6309630963
136601.05227189386
131385.1443477681
150573.39733973396
13179.414814996637
1680840.0
1028616.046637997
1208385.5350868418
1402999.4185085176
3716874.36496983
1027271.977564423
1206703.2878621195
1187240.2168883556
1401317.1712837948
3710528.778411174
314267.68793546024
359830.4728806214
413078.18518518517
840689.0774744143
314256.57482414914
359818.2793279328
359507.8067806781
413065.99163249653
840650.027236057
10143.492349234923
10143.492349234923
10143.492349234923
10143.492349234923
46800.321532153226
23410.26882688269
606423.0
42175.33786712005
43591.41064106411
36630.204020402045
20508.243657699102
387.6077256273354
540097.0
606423.0
2315.0
2315.0
1158.0
29997.0
2314.9999999999995
2289.532453245324
2299.4879487948792
2246.314798146481
2039.1787512084536
2314.9999999999995
211.9138338778663
29584.0
29997.0
6442637.0
70850.0
81292.0
93231.0
543087.0
4785.0
1226.0
389740.0
80874.0
417587.0
2425452.0
4967.0
75956.0
413840.0
166726.0
198945.0
113896.0
46133.0
430042.0
6015.0
8876603.0
1226.0
212155.0
6015.0
887615580.0
1643073.0
341078.0
1762152.0
20610.0
664842.0
829057.0
491502.0
198902.0
1815617.0
3808831004.0
8352748.0
1539090.0
8963450.0
81364.0
8190749.0
2952409.0
13415740.0
7884480.0
7834308.0
1520397.0
8744476.0
8589236.0
73938.0
8190749.0
2952409.0
11200716.0
1639087.0
1638661.0
340904.0
1760454.0
1759212.0
20566.0
664387.0
827669.0
491502.0
198902.0
1799921.0
1650745281.0
2789988060.0
3808831004.0
296566.0
353169.0
405146.0
2484680.0
1914.0
1834020.0
340519.0
1963965.0
17617.0
1773686.0
624848.0
3143829.0
12072.0
159522604.0
1914.0
1882230.0
12072.0
93123696.0
109193688.0
126893628.0
748069708.0
93076046.0
109159353.0
105979086.0
126859293.0
747981868.0
293831.0
351850.0
325752.0
403827.0
2478619.0
1914.0
1914.0
1713964.0
1702856.0
332107.0
1906699.0
1867680.0
16093.0
1773686.0
624848.0
2443320.0
12072.0
12072.0
109496.38005594244
100892625.0
109496.38005594244
68148656.0
1914.0
53150.2434758843
12072.0
21750885.0
25008376.0
28785463.999999996
166290465.0
21750480.0
25008126.0
24960619.0
28785213.999999996
166289803.0
6162316.0
70829.0
81283.0
80857.0
93222.0
543048.0
4757.0
1226.0
1226.0
388780.0
388686.0
80803.0
417177.0
416884.0
29264.618480630554
4958.0
75953.0
413741.0
163440.0
197662.0
113896.0
46133.0
425719.0
6015.0
6015.0
29404.634957631817
8518680.0
8579630.0
29404.634957631817
8227589.0
1226.0
27396.33426096146
6015.0
400654130.0
673522678.0
887615580.0
12479.0
12530.0
11730.0
292.0
56096.0
913069.0
130768.0
34494.0
10794888.0
325087.0
335215.0
219778.0
30655.0
9090772.0
175369462.0
180767.0
166211.0
261615.0
220203.0
175708.0
12536.0
5661916.0
175369462.0
8640978.0
8640978.0
11401.0
11278.0
12062.0
11744.0
11392.0
198.0
52001.0
53623.0
50113.0
56096.0
819760.0
129185.0
34129.0
2927427.0
5487368.0
10794888.0
291241.0
85586.0
4641.0
93866.0
6646.0
37900535.0
20650206.0
10657502.0
20358462.0
10563118.0
10631852.0
10369621.0
49382.38028771765
7866102.0
251282.0
74652.0
78549.0
71483.0
154.30076984169676
47695.0
3991.0
4126.0
63619.0
51950.0
40823.0
37375.0
2754.0
66740.0
867952.0
1232689.0
190.60938681618407
190.60938681618407
1887583.0
3188596.0
2344463.0
1594877.0
190.60938681618407
587486.0
37900535.0
1682405.0
1481060.0
1951080.0
1680840.0
1480344.0
1480874.0
1478635.0
15287.617816946642
1413623.0
1951080.0
12006.0
12322.0
12823.0
12246.0
12273.0
12219.0
51.94521957733065
11714.0
13.0
587.0
588.0
2819.0
2741.0
2651.0
2622.0
52.01942323573989
3831.0
44.0
226.0
424.0
448.0
2931.0
12129.0
12461.0
11708.0
12985.0
33888.0
349251.0
479866.0
52.31562916285649
228513.0
52.31562916285649
539013.0
905456.0
707462.0
516605.0
52.31562916285649
197925.0
1324307.0
2534132.0
1324.0
10311.0
12866.0
26359.0
7596.0
2759.0
3080.0
5370.0
28196.0
27838.0
27637.0
59237596.0
18088.0
189902.0
128447.0
45897.0
27060.0
200609.0
199003.0
169559.0
773.4142752160334
18088.0
149694.0
146622.0
128447.0
39071.0
45897.0
25826.0
178311.0
166608.0
144728.0
140555.0
583.6259998765975
1324.0
10304.0
12844.0
26045.0
26019.0
7596.0
2751.0
3046.0
3080.0
5359.0
28038.0
27953.0
27344.0
27315.0
26414111.0
44458181.0
59237596.0
3797.0
86.0
5604.0
45292.0
27818.0
9730.0
6588.0
47415.0
7375.0
55225.0
47063.0
170.0
2520434.0
28.0
29314.0
170.0
1306484.0
1520317.0
1753418.0
11104693.0
1299892.0
1511308.0
1401481.0
1744409.0
11052205.0
183.32757942848826
3797.0
86.0
4986.0
32876.0
32164.0
27818.0
8326.0
9730.0
6079.0
4941.0
5962.0
39854.0
36590.0
6866.0
6749.0
51685.0
42272.0
31807.0
170.0
170.0
1648.3976281408306
1550561.0
1648.3976281408306
1050815.0
28.0
28.0
751.0635590069579
170.0
328085.0
375925.0
431761.99999999994
2510124.0
328030.0
375861.0
374262.0
431697.99999999994
2509854.0
144.8226923734096
309.0
29.0
2569.0
3101.0
1122.0
6235.0
6229.0
1778.0
699.0
715.0
722.0
1287.0
1271.0
1285.0
6708.0
6686.0
1472.9999999999998
1470.9999999999998
8695.0
6645.0
6548.0
5083.0
97.0
97.0
473.63422868696586
131120.0
473.63422868696586
133721.0
134636.0
473.63422868696586
129158.0
20.0
20.0
441.6361501270412
97.0
6452983.0
10809351.0
13937588.0
116839.0
133073.0
79414.0
50370.0
35691.0
28415.0
18525.0
4788.0
1324.0
11820796.0
51906.0
41634.0
99516.0
79603.0
33527.0
71299.0
40845.0
23704.0
22676.0
15420.0
3804.0
832.0
153969.0
12.85901028037679
11820796.0
131436.0
131436.0
9418.0
8688.0
13011.0
12119.0
8968.0
8452.0
5043.0
3533.0
2903.0
1904.0
1908.0
506.0
504.0
506.0
81.0
24199.0
46540.0
3.4462835282987228
13034.0
87197.0
1378913.0
606423.0
509590.0
532237.0
402013.0
696.0486886112157
126513.0
540097.0
606423.0
965.0
12584.0
17940.0
30612.0
2.8486219264078168
56334.0
2.8486219264078168
27635.0
17725.0
2.8486219264078168
1716.0
64816.0
46932.0
34400.0
23585.0
14804.0
11659.0
2.8486219264078168
2.8486219264078168
8678.0
1.0
4495273.0
29311.0
29524.0
28142.0
237.8049077803689
21274.0
29584.0
29997.0
