33
33
569037
569037
9
18
393841
393841
33
93766
23017647
9
51185
15930924
1
2882
707474
1
1
17490
17490
33
33
569037
569037
9
18
393841
393841
1
1
12105
12105
33
93766
23017647
9
51185
15930924
1
1573
489655
33
33
569037
569037
9
18
393841
393841
33
93766
23017647
9
51185
15930924
1
2882
707474
1
1
17490
17490
33
33
569037
569037
9
18
393841
393841
1
1
12105
12105
33
93766
23017647
9
51185
15930924
1
1573
489655
98
1572383
1572383
28
53
1088274
1088274
259109
63602553
74523
141443
44020461
7964
1954898
3
48329
48329
98
1572383
1572383
28
53
1088274
1088274
1
2
33449
33449
259109
63602553
74523
141443
44020461
2291
4347
1353020
98
1572383
1572383
28
53
1088274
1088274
259109
63602553
74523
141443
44020461
290733
4555
290733
201221
1310
2487
201221
11760482
3382450
8139639
6419859
7964
1954898
3
48329
48329
98
1572383
1572383
28
53
1088274
1088274
1
2
33449
33449
259109
63602553
74523
141443
44020461
2291
4347
1353020
8936
140
8936
290733
4555
290733
201221
1310
2487
201221
6185
40
76
6185
11760482
3382450
8139639
6419859
103964
250181
197322
17
1
17
1
1
7
1
1
1
1
1
30487
31593
475520
7471
492771
2260014
35508
2342003
6
1
972388
1
1
204596
144896
150153
1
1
62343
1
1
13117
30733
31848
40806
81612
1285907
1
7
51
10
36
47
28
47
1
48
1
1
20
3
3
1
1
1
3
2
3
1
17
1
18
2
2
1
1
7
2
1
15
29
9
91
660
15
16
4
50
360
1
1
10
20
182
456
364
1
1
1
10
11
73
249
329
199
95486
18164
690988
20091
3822
145388
789426
476600
351182
166100
100279
73891
84242
87298
1313963
20644
1361629
6244900
98115
6471443
17
1
2686912
4
1
565342
400379
414903
1
1
172266
1
1
36246
479357
7531
496748
9165
6704
13288
9720
63154
46196
63154
25218
13288
5306
2278250
35793
2360905
43559
31862
6
1
980236
43559
17393
1
1
206247
9165
3660
59162
118323
257630
66512
1864344
281180
562356
1224444
316113
8860707
281180
306981
668404
127151
4836918
59162
64591
140636
26753
1017716
146065
151365
193940
387879
6111558
1
1
62846
193940
211737
5525985
3336202
2458276
1
1
13223
40806
44551
1162699
701956
517235
22248
1320377
385
3395
913856
155
67
1
70
1
1
29
4
4
1
1
2
121948
126371
1902081
29884
1971069
9040061
142030
9367942
25
1
3889525
5
1
818378
579585
600606
1
2
249369
1
1
52469
1
1
1
1
1
1
475
7
1
492
1476
1
1
1
1
1
1
204
225
1
1
1
1
1
1
1
30
1
32
95
1
1
1274
3519
1
1
1
13
14
1
1
35
351
478
1274
3519
128738
32
859289
10
459234
890448
1
309
22248
1320377
385
35953506
99347006
2007988
13402741
210572
156
7162892
13888743
13888743
1
69
25
1
100
36
5
475
171
3
475
171
1
100
36
63699492
1000790
741
66009324
5
328
119
176
1
1
27406756
10074131
3
328
119
18
37
1
1
1648909
5766540
7581643
2119655
7581643
1
69
25
1
448
5
2129
3
2129
1
448
4083961
48
4232051
5
1469
170876992
472168626
5
11
1
1757127
645882
3
1469
4692308
47029942
64061704
170876992
472168626
1
26811
3
32
1
2
1
105716
202165
369710
486081
135897
890448
1
309
3395
913856
155
987289
9895372
13478953
35953506
99347006
3648476
63113
2525175
556819
25386
122933
127391
163224
5143628
2
28
206
42
142
188
114
186
3
193
1
1
80
12
12
1
1
5
13
5
13
3
68
1
70
9
3
1
1
29
9
2
59
38
365
2642
32
59
15
199
1442
4
5
40
729
1822
1458
1
1
2
22
40
293
995
1318
796
381945
72658
2763954
80363
15288
581552
3157705
1906401
1404729
664399
401118
295563
336969
349189
5255867
82575
5446468
24979671
392456
25885544
69
1
10747554
15
1
2261348
1601520
1659598
2
4
689057
1
1
144982
1917445
30125
1986978
36661
13408
53152
19439
252617
92388
252617
50433
53152
10611
9113082
143176
9443553
174240
63724
25
1
3920918
174240
34786
5
1
824984
36661
7319
236647
1030519
266049
7457377
1124717
4897770
1264457
35442834
613965
1124717
2673614
508607
19347676
129182
236647
562544
107014
4070863
584266
605454
775758
24446230
1
2
251382
423474
775758
22103937
13344806
9833102
1
1
52892
89101
163224
4650796
2807824
2068942
15
201
1452
295
1001
1327
801
1
255
93
1
255
93
1312
21
1359
4078
5438
1
176
64
1
1
564
622
1
1
176
64
1
1133
1
1133
84
87
261
349
1
782
3519
1
1
36
40
1
1
782
97
969
1319
3519
10
93
34
1
10
93
19
34
479
8
496
1488
1984
7
64
23
1
1
206
227
1
1
7
64
13
23
295
413
266
2572
18614
1
295
225
413
107
1404
10161
31
32
95
127
204
285
1284
1284
5135
12839
10271
1
1
13
14
1
1
204
156
285
35
353
481
1284
701
196
1
2065
7009
9287
5607
1
2691310
511973
19475742
566267
107722
4097809
22250246
13433137
9898189
4681580
2826410
2082636
355731
1126
2374394
1268959
2460494
112
3152612
3648476
63113
99347006
5548506
37034558
581854
19792560
38377501
38377501
9
708087
258976
13
1026605
375471
62
4879167
1784509
34
4879167
1784509
7
1026605
375471
176014931
2765390
182397564
43
3365340
1230841
487
3
75730598
2597
27836931
23
3365340
1230841
50
103
1
4556279
15934155
20949664
546
5857051
20949664
5
708087
258976
162
4570746
770
21723482
420
21723482
88
4570746
11284833
11694042
532
14983486
472168626
13
31
4855310
167
1784707
290
14983486
12965822
129953501
177015796
472168626
3
74084
101
1126
3
7
292116
558623
1021585
1343144
35
375513
2460494
61
3152612
2525175
556819
25386
2728084
27342967
37245146
99347006
11645405
35803012
13510925
212272
14000858
14000858
37672
258324
85482
94479
51908219
54618
374525
4421
136978
259584
1780013
651018
4
259584
1780013
355380
651018
51908219
1
54618
374525
1389
74774
136978
64213660
1008870
66542175
179045
1227742
449032
178
1
27627993
948
10155453
3
179045
1227742
245119
449032
106
35803012
37
1
3223020
5813089
7642844
199
2136766
7642844
1
37672
258324
26849
51575
94479
3327988
59489
1667497
7261378
1874668
52547170
7925148
34511306
8909774
249742051
4326212
113
7925148
18839170
3583813
136330191
3327988
18685
910260
24
1667497
3963870
754055
28684660
4116926
4266214
5466266
172256298
5
11
1771312
61
651096
2983947
78
5466266
4730184
47409565
64578805
155751721
94031958
69287322
26289203
1703
172256298
7
155490
7780
86985
2295436
1
2
206637
372694
395159
490005
13
136994
897636
361244
627840
16
1150134
921233
203138
9261
995258
9975246
13587754
1124828
4876425
22415392
32771062
19784867
14578453
5531400
358
36243720
5
1
7
2
1
2
3
4
1
1
1
1
1
1
1
1
1
1
1
1
1
1
43
2
43
17
1
23
18
14
2
14
4
6
1
5
1
1
14
6
1
8
1
1
23
23
5
9
13
2
7
8
8
13
2
5
2
2
1
5
3
4
3
5
1
164173
6255
222805
3613
138
4904
55835
9472
75775
1229
209
1668
87635
118932
19685
1929
2618
433
29805
40449
29805
656
890
656
46224
11216
34871
4050
215
1017
247
767
89
5
17648
35294
13314
12746
678
388
777
293
281
15
19829
5708
5708
39657
51938
10693
1814
10693
12603
31441
1198
31441
1428540
54432
1428540
574607
21894
779817
12647
482
17163
2359833
485843
82420
485843
572625
832035
201897
627685
72911
3876
1780252
195423
33152
265214
206792
10994
18312
4444
13815
1605
85
39182
4301
730
5837
4551
242
16783
16783
3770
762545
762545
171292
306721
416261
68899
6751
9162
1516
900942
259346
259346
1801839
317656
635297
239639
229425
12198
679668
104318
141573
104318
650698
34595
6991
13982
5274
5049
268
14959
2296
3116
2296
14321
761
5
1
7
2
1
2
3
4
1
1
1
1
1
1
1
1
1
1
1
1
1
1
43
2
43
17
1
23
70
14
914
14
2
14
17
25
6
19
2
1
53
6
1
379
1
1
8
6
1
23
23
5
9
13
2
27
8
22
8
54
10
19
8
7
1
20
3
1
1
9
4
3
20
1
164173
6255
222805
3613
138
4904
55835
9472
75775
1229
209
1668
87635
118932
19685
1929
2618
433
29805
40449
29805
656
890
656
184894
44865
139484
16202
861
4069
987
3070
356
19
70589
141177
53252
50983
2711
1554
3107
1172
1122
60
79315
5708
66099
5708
158628
207749
10693
2698374
42394
1814
10693
50411
31441
1198
31441
1428540
54432
1428540
574607
21894
779817
12647
482
17163
9439197
485843
122602192
1926196
82420
485843
2290453
3328094
807573
2510705
291639
15505
7120905
195423
339
50903845
2
33152
265214
827152
43977
73249
17774
55259
6419
341
156725
4301
7
1120352
1
730
5837
18205
968
16783
16783
3770
762545
762545
171292
306721
416261
68899
6751
9162
1516
3603723
259346
3003247
259346
7207355
1270609
2541186
958544
917699
48791
2718639
104318
4
8
1246934
141573
104318
2602793
138381
27965
55929
21097
20198
1074
59835
2296
1
1
27444
3116
2296
57285
3046
9
1
12
3
1
4
5
7
1
2
2
2
1
1
1
1
1
1
1
1
1
1
79
3
79
32
1
43
20
27
5
27
5
7
2
5
1
1
15
11
2
15
2
1
42
42
9
17
23
4
7
14
14
15
2
5
2
2
1
5
6
8
6
5
1
304374
11597
413076
6699
255
9091
103519
17560
140489
2278
387
3092
162482
220509
36499
3576
4853
803
55261
74996
55261
1216
1651
1216
51546
12508
38886
4517
240
1134
275
855
99
5
19679
39359
14846
14214
756
433
866
327
313
17
22112
10583
10583
44224
57918
19825
3363
19825
14054
58291
2221
58291
2648485
100912
2648485
1065310
40590
1445766
23447
893
31820
2631538
900760
152800
900760
638552
927834
225142
699955
81306
4323
1985225
362316
61461
491710
230600
12260
20421
4955
15406
1789
95
43693
7974
1353
10822
5075
270
31117
31117
6990
1413819
1413819
317595
568686
771781
127747
12516
16986
2812
1004672
480845
480845
2009343
354230
708459
267230
255846
13602
757922
193412
262486
193412
725634
38579
7796
15593
5881
5631
299
16681
4257
5777
4257
15971
849
33772
33772
67543
9
1
12
3
1
4
5
7
1
2
2
2
29
1
39
10
2
13
15
1
4
27
21
3
5
3
9
12
7
7
5
2
1
2
1
1
1
1
1
1
1
1
1
1
1
1
1
1
1
1
1
79
3
79
32
1
43
2525
40
78
27
5
27
19
28
7
21
3
1
1
1048
1
59
11
2
15
7
1
42
42
9
17
23
4
62
30
14
14
60
11
21
8
8
1
1
1
26
23
6
8
6
22
1
252
142
10
252
104
101
142
4
138
57
467
7
30
86
47
15
86
7
34
11
2
8
1
1
1
194
1
23
35
47
6
47
3
1
19
135
242
5
48
346
135
30
484
54
242
2
26
189
74
12
264
11
11
46
80
46
114
91
46
23
160
4
8
3
3
1
1
1
5
8
19
80
19
62
82
50
25
19
8
1
87
304374
11597
413076
6699
255
9091
103519
17560
140489
2278
387
3092
162482
220509
36499
3576
4853
803
55261
74996
55261
1216
1651
1216
971298
37016
1318178
21377
815
29012
330342
56044
448317
7271
1233
9867
49995
9511
361791
518503
703677
116474
1100
209
7963
11412
15487
2563
198204
119662
88173
176345
239323
176345
4362
2634
1941
3881
5267
3881
206187
50032
155547
18068
961
4538
1101
3423
398
21
78719
157434
59385
56854
3023
1733
3465
1307
1251
67
78727
19104
59391
6899
367
1733
420
1307
152
8
30057
60112
22675
21708
1154
662
1323
499
478
25
88449
10583
182644
10583
176895
231674
19825
7456117
117144
3363
19825
56216
58291
2221
58291
2648485
100912
2648485
1065310
40590
1445766
23447
893
31820
10526243
900760
338773013
5322506
152800
900760
2554207
3711367
900568
2799845
325222
17291
7940969
362316
938
140656938
6
61461
491710
922401
49041
81684
19821
61622
7158
381
174774
7974
21
3095744
1
1353
10822
20301
1079
31117
31117
6990
1413819
1413819
317595
568686
771781
127747
12516
16986
2812
4018732
480845
8298536
480845
8037327
1416934
2833820
1068931
1023378
54409
3031721
193412
10
23
3445513
262486
193412
2902521
154316
31186
62370
23527
22524
1197
66726
4257
1
1
75833
5777
4257
63882
3396
19853
63264
88459
1378682
21661
10733
63264
14522
21465
60025
186014
7089
186014
43907
2727271
8451654
322093
8451654
1994940
2727271
3399542
129557
4613623
1089006
60025
74821
2851
101542
23968
902033
2874437
4019186
62641219
984180
487660
2874437
659816
975275
1417094
343865
1069052
124180
6602
902033
1156196
3032063
173
26008335
1
196153
1569109
360183
352201
18725
31189
7568
23529
2733
145
19853
25447
66733
4
572422
1
4317
34535
7927
7752
412
99299
14110
3643
102108
99299
22306
204214
4511708
641096
165522
4639336
4511708
1013486
9278582
1814762
349964
66579
2532539
4639336
2462869
407658
5065029
39941
7702
1465
55739
102108
54206
8972
111477
1534450
1534450
3068855
541020
1082024
408144
390751
20775
2
1157585
4
637096
1387428
837632
617208
1534450
837632
617208
1108256
58922
1675239
11907
23814
8983
8600
457
1
25478
1
14022
30536
18436
13584
33772
18436
13584
24392
1297
36871
1
27
19
1
9
7
1
23159
117449
14
11
2
5
3
28
936796
4750997
1
1
1
1
1
1
1
1
1
6
170
2
93
68
9
70
10
58
1
296967
3
25
1
1
19
3
1
53
4
32
23
1
205536
162110
91
20
50
37
8
27
31
358
12012759
10
4
8
1
10
20
1
17
12
195
8314245
6557573
25022
891142
656637
551
19613
14452
37888
303080
223324
23159
365
117449
834
6671
4915
510
8
2585
475713
350529
78742
10470
7715
1733
161791
119215
936796
4750997
3561
2624
20618
104566
22433
184891
8101
431
139481
494
4069
178
9
3070
70588
25491
53251
1355
1554
561
1172
30
79314
22831
264391
25206
207746
7256
42769
6536
103
4792
125753
217727
5713661
87577
3118996
2298228
1928
68647
50582
1145249
9439060
329681
1943234
296967
4680
403795
3328046
145823
7753
2510669
413584
21989
7120801
132609
1060780
781635
205536
162110
2555
8887
73248
3209
171
55258
9103
484
156723
2919
23347
17203
4524
3568
56
67130
15080
3050091
685169
1664996
1226850
275598
36645
27002
6066
3603678
1037340
12012759
1270593
458849
958532
24395
1301397
2718605
69190
566267
417253
8314245
6557573
27965
10099
21097
537
28643
59834
1523
12463
9183
182990
144327
3107
26271
26271
101
854
854
21749
183895
21749
183894
183895
707
5976
707
5976
5976
6
5
1
14
10
177
2
2
1
5
4
64
1
12868
65261
4
3
10
7
2
126
4
3
2
1
45
21
690485
3501819
1
1
1
1
1
1
1
1
1
12
1
1
11
1
1
1
1
1
76
3
90
1545
20
16
1
49
36
621
5
5
5
39
31
5
32
556
9
1
9
165009
165009
1
1
1
2
1
1
1
1
2
2
2
1
2
29
8
7
2
17
13
224
3
1
5
114206
90076
114206
56
63
14
1094
15
12
34
25
6
440
190
20
23
393
9
264
36074
8854250
12
1
11
1
1
1
1
1
172
7
15
8
1
1
13
9
6
5
158
3
144
19692
6128184
4833393
193085
153881
13155
468460
345184
5957155
20591
16410
1403
49958
36811
635286
351085
2968572
2968591
79241
63151
21051
168401
124086
2141457
12868
202
65261
8450
6735
2245
17959
13233
228370
122735
1037776
1037782
1372
22
6959
140284
111800
331739
244442
54910
4218555
14960
11923
35377
26068
5856
449877
11409
96464
96465
119253
87871
57572
45882
1516471
690485
3501819
12717
9371
6140
4893
161720
3988
33723
33723
73635
373443
2184
2198
2512
18116
907
794
42
907
13667
233
234
268
1932
97
85
4
97
1457
527652
9175
9175
477096
3313
6922
3809
176
1
56270
978
978
50879
353
738
406
19
1
904995
283259
81539
1407193
27918
15910
1
236060
944239
3847
944239
67411
67859
77538
559296
112229
19534
115144
1987142
859144
1
141899
168294
7264476
29057874
1
17597
276
17597
273468
12207
320310
5527877
2457594
14481
66525
20780136
83120458
2564345
114467
3003588
51835613
675799
538582
46043
1639611
1208145
20850041
72069
57436
4910
174852
128840
2223500
2457594
2559
27621
20780004
20780136
45374128
632122
636323
727084
5244590
1052386
183173
1079720
18633686
9
9
165009
2588
165009
39304
39565
45208
326094
16319
14288
760
16326
246004
262454
229795
12217
262572
3956505
277342
221030
73678
589402
434300
7495100
3
5
114206
90076
1413
114206
4191
4219
4821
34776
1740
1524
81
1741
26235
27989
24506
1303
28001
421931
29576
23571
7857
62855
46315
799296
859144
1
25072
69875
7264430
7264476
15862229
1
12179
9606
151
12179
198685
226827
50953
3914562
79860
93312
24090
675253
2701009
1863095
2126986
477793
36707351
490994
391300
1161088
855546
192185
14764941
52361
41729
123821
91238
20495
1574570
79860
38743
4256
675249
675253
1474438
8486254
2656156
764602
13195430
9
36074
8854250
527652
165153
477096
59642
124591
68571
1
3171
7673151
959218
2003797
1102823
5
50998
417384
307549
201501
160587
5307649
3
19692
6128184
4833393
56270
17612
50879
6360
13286
7312
1
338
818284
102293
213690
117608
1
5439
44511
32798
21489
17125
566021
27918
6400
2428
1
41710
98011
236059
236060
515445
2100
653525
515445
1
27
19
1
9
7
1
23159
117449
14
11
2
5
3
28
936796
4750997
1
6
1
1
5
2
1
2
1
6
170
2
93
68
34
281
10
58
3655
57
1
296967
12
99
4
1
75
12
1
212
4
32
23
1
1518
1
1
205536
162110
91
20
50
37
8
107
31
90
358
12012759
38
14
29
1
39
81
2
17
12
1
1
37
195
8314245
6557573
25022
891142
656637
551
19613
14452
37888
303080
223324
23159
365
117449
834
6671
4915
510
8
2585
475713
350529
78742
10470
7715
1733
161791
119215
936796
4750997
3561
2624
20618
104566
89730
739565
32404
1723
557926
1975
16277
713
38
12279
282353
101966
213006
5421
6214
2244
4688
119
317255
22831
264391
100822
830983
7256
42769
6536
10793293
103
169575
4792
125753
217727
5713661
87577
3118996
2298228
1928
68647
50582
4580906
37756196
329681
1943234
296967
490399546
4680
7704739
1615147
13312168
583278
31011
10042664
1654303
87953
28483173
132609
1060780
781635
205536
162110
1358
203611551
2555
9
35548
292990
12837
683
221031
36410
1936
626891
2919
23347
17203
4524
3568
30
4481324
56
1
67130
15080
3050091
685169
1664996
1226850
275598
36645
27002
6066
14414665
1037340
12012759
5082356
1835392
3834116
97581
5205569
10874385
276760
566267
417253
14
33
4987640
8314245
6557573
111859
40396
84386
2148
114570
239336
6091
12463
9183
1
1
109774
182990
144327
105
1
35
12428
105082
105083
633
6
212
10178
404
99
3415
3415
3415
369
2
248
369
2
248
86995
735579
86995
735574
735579
35622
2827
693
23903
2215
43
1486
2215
43
1486
35622
2827
693
23903
23903
6
5
1
14
10
177
2
2
1
5
4
64
1
12868
65261
4
3
10
7
2
126
4
3
2
1
45
21
690485
3501819
1
1
1
1
1
1
1
1
1
1
1
16
1
1
1
1
1
14
76
3
90
1545
1
1
1
20
16
1
49
36
621
1
1
1
19
19
22
156
31
5
32
556
1
9
2031
32
6093
1
9
165009
165009
1
1
1
1
1
1
10
1
1
1
1
8
8
7
1
8
118
8
7
2
17
13
224
1
3
1
843
1
930
1
5
114206
90076
114206
1
1
1
56
63
14
1094
1
1
15
12
34
25
6
440
1
1
79
253
23
393
8
2
1
1
9
66
66
198
264
36074
8854250
1
1
182
5
16
2
4
2
1
1
14
29
60
33
1
2
229
13
9
6
5
158
8
2
1
1
3
2
18
25
66
1
1
27
30
144
19692
6128184
4833393
1
1
182
11918
39
3999
4166
14
1398
193085
153881
13155
468460
345184
5957155
20591
16410
1403
49958
36811
635286
1404340
11874276
11874351
79241
63151
21051
168401
124086
2141457
12868
202
65261
8450
6735
2245
17959
13233
228370
490940
4151099
4151125
1372
22
6959
140284
111800
331739
244442
54910
4218555
71509
696
23992
14960
11923
35377
26068
5856
449877
1150084
45634
11193
385856
385858
385858
119253
87871
57572
45882
1516471
690485
3501819
24999
243
8387
12717
9371
6140
4893
161720
402055
15953
3913
134890
134891
73635
373443
134891
8734
8792
10046
72466
3626
3175
169
3628
54668
931
938
1071
7728
387
339
18
387
5830
41714
271
27990
41714
271
27990
36701
36701
703536
13254
27687
15238
705
1
636127
3914
3914
75027
14582
95
9785
1413
2953
1625
75
1
67838
14582
95
9785
1206660
1133037
81539
1407193
111672
353
27391
15910
233
11
1
486976
3847
164128
944239
1
255
2609129
269645
271435
310153
2237187
112229
19534
115144
1987142
3436578
339
1
14986129
1
5050851
567597
673174
17597
29057874
276
456531
17597
29057874
1
113
41
273468
12207
320310
5527877
9830380
57924
266098
83120458
3
323
117
2564345
114467
3003588
51835613
28
3029
1097
675799
538582
46043
1639611
1208145
20850041
15
3029
1097
72069
57436
4910
174852
128840
2223500
9830380
10235
110483
45374128
83119932
83120458
2
323
117
2528496
2545281
2908345
20978390
1052386
183173
1079720
18633686
3179
9
9
165009
272479418
2588
4280950
165009
9
1060
384
157215
158259
180833
1304380
65275
57152
3039
65304
984021
1049819
919178
48869
1050291
15826041
277342
221030
73678
589402
434300
7495100
1
3
5
114206
90076
754
113132154
41584934
1413
5
114206
5
1060
384
16766
16877
19284
139102
6961
6095
324
6964
104938
111955
98023
5212
112006
1687728
29576
23571
7857
62855
46315
799296
3436578
1
1
3449831
1
46
100290
279499
12179
9606
80
12064691
15862229
4434719
151
1
12179
15862229
29057690
29057874
1
113
41
198685
226827
50953
3914562
4025295
319439
78352
373246
96361
2701009
3
729
1863095
2126986
477793
36707351
28
6836
490994
391300
1161088
855546
192185
14764941
15
6836
250282
4872
167941
250282
4872
167941
52361
41729
123821
91238
20495
1574570
4025295
319439
78352
154970
17026
1474438
2700992
2701009
2
729
11315006
10624634
764602
13195430
1047163
256849
2185
103
9
36074
8854250
9
2391
24466138
703536
660611
636127
238567
498363
274283
1
12684
10230869
3836875
8015195
4411297
21
203992
417384
307549
201501
160587
5307649
1047163
256849
2185
1
3
19692
243139
2436928
3319454
11
25
3676242
6128184
4833393
1351307
8854250
5
2391
24466138
75027
70449
87495
1703
58710
67838
25441
53147
29250
1
1353
87495
1703
58710
1091045
409174
854760
470432
2
21754
44511
32798
21489
17125
566021
1407193
111672
32
353
27391
6400
2428
233
1
1
112103
214377
2100
1
34181
25929
259880
353995
1
166839
3
392044
653525
515445
144107
944233
944239
1
255
2609129
1
49
36
2
17
12
1
63994
324549
26
19
4
9
7
77
2588561
13127987
1
2
1
1
2
1
1
1
1
12
316
5
172
127
10
78
18
107
1
820612
4
28
1
1
21
4
1
59
7
58
43
1
567960
447959
169
38
92
68
15
30
57
990
33193737
11
4
8
1
11
23
1
31
23
540
22973977
18119930
46399
1652290
1217487
1021
36365
26796
63994
1003
70247
561948
414071
324549
1408
22
1546
12368
9113
7143
882036
649927
145997
19413
14304
3213
2588561
299983
221042
13127987
56972
6602
4865
288936
25016
206182
9034
480
155543
551
4538
199
11
3423
78717
28427
59384
1511
1732
625
1307
33
88447
42332
730567
28108
231668
13453
79299
18061
283
8886
233162
403741
10593851
162398
5783014
4261206
3574
127279
93786
1277103
10525970
611245
3602996
820612
12858
450284
3711271
162611
8645
2799773
461200
24520
7940763
245863
1966818
1449247
567960
447959
7019
9910
81682
3579
190
61621
10151
540
174770
5411
43288
31897
12500
9859
154
124468
27960
5655276
1270379
3087125
2274744
510989
67945
50065
11246
4018641
1923379
33193737
1416902
511686
1068907
27204
1451252
3031652
77158
1049942
773648
22973977
18119930
31185
11262
23526
599
31941
66724
1698
23108
17027
505638
398805
72591
72591
2359
2359
508139
508136
508139
8515
16512
8515
2449
4648
16512
16512
1300
8515
11
9
1
26
19
329
4
3
1
9
7
118
1
35558
180331
8
6
18
13
3
233
7
5
3
3
84
57
1907953
9676257
1
1
1
1
1
1
1
1
1
13
1
1
12
1
1
1
1
1
142
6
166
2865
37
30
2
91
67
1152
5
5
6
44
58
10
60
1030
1
28
455963
455963
1
1
1
3
1
1
1
1
2
2
2
1
2
33
15
12
4
33
24
414
1
8
15
315580
248903
315580
103
118
26
2029
27
22
64
47
10
816
212
22
42
729
729
99669
24466138
13
1
12
1
1
1
1
1
192
8
17
9
1
1
23
17
11
9
293
398
28666
54408
16933450
13355673
358006
285315
24389
868591
640021
11045379
8202771
8202823
38179
30427
2601
92629
68253
1177906
35558
558
146923
117091
39031
312238
230072
3970555
180331
2867586
2867605
3792
60
15668
12487
4162
33298
24535
423430
19231
260107
207294
615093
453230
101811
7821779
266550
266552
27739
22106
65595
48334
10857
834134
1907953
221111
162925
106746
85072
2811746
9676257
93183
93183
203469
23580
17375
11384
9072
299851
1031900
2435
2451
2801
20203
1011
885
47
1012
15241
260
261
299
2154
108
94
5
108
1625
588415
10232
10232
532037
3695
7719
4248
196
1
62750
1091
1091
56738
394
823
453
21
1
1009211
315878
14
1310
40613
336380
652282
2609129
10629
151185
2609129
75174
75673
86467
623703
16
359
57351
392097
465030
20073232
80292958
3
208088
36218
213493
3684433
48625
763
48625
40014
183821
57419763
229679138
507046
22632
593900
10249440
4754635
212223
5569077
96110316
1253022
998602
85363
3040070
2240072
38658827
7070
76322
57419400
57419763
125378167
133625
106493
9103
324201
238887
4122672
704916
709595
810812
5848543
28
1951268
339621
2001951
34549402
455963
7155
455963
43830
44121
50414
363647
18198
15933
847
18206
274334
292678
256256
13624
292809
4412125
8
15
514231
409819
136607
1092833
805253
13896941
315580
248903
3906
315580
4674
4705
5376
38780
1941
1699
90
1941
29256
31212
27328
1453
31226
470520
2
144
39694
69280
193078
20073105
20073232
43830641
1
2
54839
43704
14568
116542
85874
1482004
33654
26544
417
33654
962220
257839
66566
1865862
7463450
368391
420570
94474
7258135
3454450
3943739
885895
68060464
910375
725528
2152824
1586306
356337
27376226
276746
525261
146851
962220
107054
11762
1865850
1865862
4074178
97085
77372
229582
169168
38001
2919468
9463501
2962029
99669
1417681
24466138
588415
184171
532037
66510
138938
76467
1
3536
8556764
1069678
2234547
1229820
6
56871
28666
54408
773889
570239
373611
297751
16933450
13355673
9841110
62750
19640
56738
7093
14816
8154
1
377
912514
114073
238298
131151
1
6065
2
527
28109
96747
183624
51337
336380
115253
270824
652278
652282
1424282
3057
5802
82529
60812
39843
31753
1805825
1424282
1049480
398197
1
49
36
2
17
12
1
63994
324549
26
19
4
9
7
77
2588561
13127987
4
157
116
7
53
39
1
11834
60018
84
62
14
1
15
108
29
21
14
11
36
47
29
478640
2427439
1
6
1
1
5
2
1
2
1
1
2
1
1
2
1
1
1
1
12
316
5
172
127
10100
159
38
314
18
107
1
820612
13
111
5
1
84
1
4193
1
14
1
237
7
58
43
1
567960
447959
169
38
92
68
15
247
120
57
990
33193737
42
15
32
1
1
1
103
43
91
2
31
23
540
22973977
18119930
38
1008
569
208
15
550
405
569
114
1867
29
15
120
58
343
188
69
1
151755
5
42
2
1
32
1
775
1
5
1
91
23
187
138
188
38
1
105032
82841
538
121
968
20
191
1383
294
216
49
528
968
8
104
755
46
46
183
320
183
183
457
366
6137711
16
6
12
1
1
1
19
17
35
1
100
74
175
320
100
74
249
331
200
4248019
3350478
46399
1652290
1217487
1021
36365
26796
63994
1003
70247
561948
414071
324549
1408
22
1546
12368
9113
7143
882036
649927
145997
19413
14304
3213
2588561
299983
221042
13127987
56972
6602
4865
288936
148059
5272662
3885154
3259
116047
85509
11834
184
224165
1793246
1321351
60018
260
4
4934
39468
29082
1321
199979
38042
1447148
2814679
2073993
465885
4401
837
31851
61949
45647
10254
792805
478640
352685
478640
957279
705370
2427439
17449
10534
7762
10534
21069
15525
53426
100063
824730
36136
1921
622174
2202
18152
795
42
13694
314868
113708
237536
6045
6930
2503
5228
133
38207
314904
13798
734
237563
841
6931
304
16
5229
120225
43417
90697
2308
2646
956
1996
51
353789
42332
730567
112432
926676
13453
79299
18061
29824100
283
468570
8886
233162
403741
10593851
162398
5783014
4261206
3574
127279
93786
5108413
42104063
611245
3602996
820612
1355075333
12858
21289751
1801136
14845149
650444
34582
11199140
1844802
98081
31763192
245863
1966818
1449247
567960
447959
3752
562620810
7019
25
39642
326730
14316
761
246484
40603
2159
699082
5411
43288
31897
12500
9859
83
12382824
154
1
124468
27960
5655276
1270379
3087125
2274744
510989
67945
50065
11246
16074609
1923379
33193737
5667623
2046749
4275640
108818
5805025
12126642
308631
1049942
773648
39
92
13781881
22973977
18119930
124740
45047
94104
2395
127764
266897
6793
23108
17027
1
2
303328
505638
398805
79411
29044
42930
253053
353829
3340
5514646
52
86641
240096
87813
28355
744049
10908901
3989835
1288326
33806299
10908901
2177987
518208
18454318
13598039
240096
47936
11405
406164
299282
3608085
1319631
1950550
11497610
16076426
151755
250561149
2363
3936584
687729
5668264
248360
13204
4276123
3608085
720365
704402
37450
784577
6276361
4624728
12128013
105032
82841
694
104031793
1290
5
15136
124754
5466
291
94114
79411
15855
15503
824
17268
138138
101786
266928
2312
1823
15
2289655
28
1
397192
89222
56440
14571
408427
18046650
4053853
2564384
662042
18557118
9851378
7258974
1630597
1399856
266296
10130034
18557118
216821
159764
35888
30810
5861
222954
408427
6137711
2164048
781503
1632552
41550
2216512
7
4630273
17
2548348
117844
5549632
4248019
3350478
2468795
6137711
47629
17200
35931
914
48784
1
101909
1
56087
2594
122143
93495
73741
54336
135086
7
4
1
5
2
1
98
33
195
19
6
38
290371
290373
587
1173
9436
9436
9436
18871
56750
56750
115
229
1745
1745
1745
3489
684
228
684
228
134
45
134
45
2032613
2032600
2032613
34062
66050
34062
4107
4107
9797
18594
66050
66050
5198
34062
397251
397248
397251
12213
7589
4631
56
12213
12213
75217
45899
555
52059
18462
85
803
803
3513
6667
5252
1863
9
12213
12213
1864
12213
11
9
1
26
19
330
4
3
1
9
7
119
1
35557
180331
8
6
18
13
3
233
7
5
3
3
84
57
1907953
9676257
2
85
16
48
38
3
116
85
3
29
6
19
15
5
39
29
1
8722
44233
1
46
9
26
21
62
46
10
1
11
79
1
15
3
21
15
10
8
11
8
26
35
21
352792
1789196
1
1
1
1
1
1
1
1
1
1
1
18
1
1
1
1
1
16
1
1
1
1
1
1
1
1
1
10
10
1
1
30
10
10
1
1
1
1
1
27
141
6
164
2868
3
1616
592
37
30
2
90
66
1154
2
1616
592
5662
89
21
21
24
176
16803
22465
58
10
59
1031
1
565
207
1
29
455961
455961
1
1
1
11
1
1
1
1
8
1
2351
1
9
8
1
9
133
2564
1
15
12
4
32
24
415
1
565
207
1
8
16
315579
248902
315579
102
117
26
2031
3
3650
27
21
64
47
10
817
2
3650
184
184
89
546
730
42
730
1
1276
730
282
99669
24466138
6
18
2
5
2
1
1
16
5
51
69
184
1
1
76
32
67
37
1
2
83
1
23
17
11
9
294
1
1276
398
255
28666
54408
16933450
13355673
42
103
744
634
28
744
744
420
154
1
42
16
299
167
133
11
406
299
114
420
84
154
1388
22
11
11
12
89
4123
5511
14
126
253
246
43
253
253
139
51
1
1
159
820
111841
1754
111841
1
1
1
7
1
1
1
1
5
1
576
1
5
4
1
4
67
629
1
1
14
19
102
65
52
17
138
102
39
139
28
51
1
1
64
568
77407
61052
504
957
77407
511
55
397
348
397
89
714
15
141
1019
823
502
6
1
511
8
160
92
73
217
160
61
36
390
714
6
77
556
570
202
1
34
34
34
34
34
101
135
169
67
135
135
236
135
101
135
337
270
438
4523930
10
10
10
30
10
10
4
8
4
1
1
27
34
1
9
13
34
1
1
14
19
5
1
12
26
14
1
1
15
1
1
169
10
54
74
54
36
28
21
129
236
74
91
54
184
244
147
1
303
176
67
1301134
3131093
2469541
11049
3683
22098
3862
1288
7725
2159
720
4319
714
238
1428
358028
285318
24390
868594
640036
11045367
32811066
32811244
38181
30427
2601
92629
68255
1177905
35558
553
146930
117092
39028
312240
230077
3970548
180332
11470339
11470401
3792
59
15669
12487
4162
33298
24536
423429
19231
260112
207291
615093
453234
101807
7821763
66294
132588
1066199
1066205
27739
22106
65595
48334
10857
834132
1066205
2132416
1907955
221113
162928
106749
85069
2811741
9676250
23175
46351
372730
372732
203469
23580
17375
11384
9072
299851
1031899
372732
745466
543246
151721
1601825
1276589
109129
3886304
2863599
43672
12197
6412563
6412599
128772
102626
8773
312423
230207
184760
8720
137
621949
495666
165218
1321744
973918
44234
14853
2120934
2120946
701
11
49999
39847
13282
106256
78294
3556
290004
80995
147401
28039
1066653
877308
699172
2074612
1528678
343387
12956
25913
29260
8172
14872
2829
107620
197147
197148
88516
70543
209318
154236
34646
197148
394296
584354
352792
259955
98632
352792
705582
519907
340635
271471
1789195
4285
8571
326558
197153
145272
55119
361160
361162
197153
394305
290543
190359
151708
999867
361162
722325
9733
9799
11196
80784
4041
3539
188
4043
60943
1038
1045
1194
8615
431
377
20
431
6499
77351
25773
77351
25773
40912
40912
784556
14775
30864
16986
786
1
709384
27041
4363
9010
4363
83667
27041
1576
3291
1811
84
9010
1
75651
6543
6580
7526
54260
2717
2376
126
2718
40934
526
529
605
4362
218
191
10
218
3291
15117
5037
15117
5037
75651
75651
1362126
27320
57071
31410
1452
1
1231615
1362126
5000
1666
1666
29997
5000
602
1257
692
32
1666
1
27123
29997
41409761
300697
302693
345869
2494814
65
3
208088
36218
213493
13956528
15
1434
229404
1568388
1860120
1156216
422875
3684433
48625
80292958
763
1261491
48625
80292958
507046
22632
593900
43
160056
735283
3307372
1209640
10249440
229679138
4754635
212223
5569077
403
31013652
11342950
96110316
1253022
998602
85363
3040070
2240072
220
31013652
11342950
38658827
133625
106493
9103
324201
238887
23
28281
305286
3307372
1209640
4122672
125378167
229677684
229679138
2819674
2838391
3243258
23394191
28
1951268
339621
2001951
141
10841986
3965353
34549402
455963
752917384
7155
11829163
455963
175320
176483
201657
1454587
72792
63733
3388
72824
1097337
1170715
1025028
54497
1171238
17648515
8
15
514231
409819
136607
1092833
805253
77
10841986
3965353
13896941
315580
248903
2085
312607704
10721
114907834
3906
14
315580
18697
18821
21505
155121
7763
6797
361
7766
117023
9532594
124848
109312
5812
124904
1882081
10
1
2
54839
43704
14568
116542
85874
127
8
577
158775
277121
772313
1156216
422875
1482004
33654
26544
222
33337253
43830641
1143
12254053
417
1
33654
43830641
80292450
80292958
368391
420570
94474
266
3848882
7258135
1031358
266265
7463450
3454450
3943739
885895
2494
68060464
69985730
910375
725528
2152824
1586306
356337
1361
27376226
69985730
464057
464057
97085
77372
229582
169168
38001
145
1106983
2101043
587404
3848882
2919468
428215
47047
4074178
7463403
7463450
12618005
11848133
99669
1417681
872
24466138
784553
736685
709382
266039
555753
305868
1
14144
11409023
4278717
8938200
4919288
23
227483
28666
54408
773889
570239
373611
297751
476
671844
6733739
9172344
29
68
10158224
16933450
13355673
9841110
348
3733943
24466138
83667
78562
162229
75651
28371
59267
32619
1
1508
162229
309763
592369
1216686
456293
953192
524605
2
24259
9
3057
5802
82529
60812
39843
31753
4
94449
51
2108
1103
12327
112436
386987
734498
205349
1345521
71647
718102
978161
3
461011
7
1083298
1805825
1424282
1049480
37
398197
2609112
2609129
94265
31281
143703
1710197
646389
7631
236411
76336
2003139
2003139
559460
44888223
1172585
21273545
8040586
2940772
949562
24917520
24917520
6959255
17
1172585
5606363
4468020
8040586
1605320
2940772
381946
13602076
10022671
3802832
1062099
1
94265
5527
59665
450700
359188
646389
2397
129053
236411
30705
1093482
805730
305713
85383
24503763
44887939
44888223
387831
4739
1428199
8259977
2659397
972649
1437677
8474516
1642750
11849443
8474516
111841
184680758
1754
2901539
111841
117757
118538
135447
977000
48892
42808
2276
48914
737046
6
387831
723
592981
2176808
1734819
2659397
530954
972649
519188
27603
578282
4626103
3408738
593246
660770
8939188
5865364
1293353
77407
61052
511
76678569
2630
28185384
504
957
3
77407
9467
9529
10889
78542
3931
3441
183
3932
59252
1
31178
58
51241
142805
47670
174995
139463
213791
22220
42684
78192
41738
2219
46489
371896
274031
47692
53120
718628
471521
103974
83819
6223
4908
135
3417718
41
6164250
8104538
211
2265845
41
77
1
6223
8104538
14846537
14846631
11651368
13301658
8499012
5186381
3715040
2987987
1890123
487973
62877
13677930
3070565
2447103
7261162
5350378
2030056
5882318
2086138
566977
1201870
1031788
196279
9596
7466563
195
13677930
90695
90695
309805
246900
732615
539826
204823
593497
210481
57205
121263
79179
104102
8699
15464
19804
968
396914
753339
20
210617
1380026
1380035
1362126
491905
1027584
565548
3
26153
1231615
1362126
124228
1245107
1696019
1633727
5
3412841
13
1878314
1301134
9
86859
4090474
3131093
2469541
1819678
1192222
950148
64
64
690428
45
4523930
10833
22630
12455
1
576
27123
29997