37
482
34780
34780
37
328
25736
25736
292
519010
29432761
292
192112
12142785
27
13699
627946
3
71
1485
1485
37
482
34780
34780
37
328
25736
25736
3
57
1121
1121
292
519010
29432761
292
192112
12142785
26
5134
218489
37
482
34780
34780
37
328
25736
25736
292
519010
29432761
292
192112
12142785
27
13699
627946
3
71
1485
1485
37
482
34780
34780
37
328
25736
25736
3
57
1121
1121
292
519010
29432761
292
192112
12142785
26
5134
218489
526
104793
104793
317
354
87257
87257
686947
93412178
191663
311249
52594683
20965
1946320
76
3759
3759
526
104793
104793
317
354
87257
87257
51
59
2877
2877
686947
93412178
191663
311249
52594683
7108
10386
925520
526
104793
104793
317
354
87257
87257
686947
93412178
191663
311249
52594683
12582
1124
12582
9933
831
1024
9933
6547234
966947
2998626
1764494
20965
1946320
76
3759
3759
526
104793
104793
317
354
87257
87257
51
59
2877
2877
686947
93412178
191663
311249
52594683
7108
10386
925520
820
116
820
12582
1124
12582
9933
831
1024
9933
662
91
111
662
6547234
966947
2998626
1764494
45153
140974
85960
4035009
19023
4035009
86830
190
3090774
11918
11918
190
190
9884
108403
108423
17672555
72501
17675615
1716143651
6074653
1716290531
9377640
20520
805835838
86830
190
7520563
5918582
5919542
20520
20520
2667139
190
190
43146
41341
41361
70648
116781
3409569
7041
87325
581428
44986
189844
532809
222518
18698712
88871
18698712
382052
836
15188659
53232
53232
836
836
45682
77001
45625
77001
10488
657129
3324
657129
25471
15155
17366
38
565460
25471
3534
53336
73952
29287
208608
1529653
53336
18999
8430
96026
626356
2067
2067
17946
24919
218654
505830
655591
38
38
1826
17946
6507
50829
207277
593938
244871
19052059
3029135
125474088
135916
21466
1167613
87986607
41145539
21175984
1535822
395336
194028
285659
285719
61127323
250227
61136503
6321397683
24330303
6321838323
41261616
90288
3477575615
382052
836
31739821
19518442
19521322
90288
90288
10542101
836
836
134307
2896243
21138
2899303
18119
9176
53540
27072
3143871
1589659
3143871
425583
53540
5213
256459279
1141980
256606159
1035704
525429
1875528
4104
148667694
1035704
141360
17366
38
1455929
18119
1872
152988
239208
1235154
383115
8533671
3041316
4477615
51515937
16326318
329341609
3041316
1285111
22060549
3939000
136672122
152988
73165
480830
103056
2457991
1078581
1079541
1027219
1516871
109052152
4104
4104
547184
1027219
446929
96454034
45206995
23868002
38
38
19329
70648
45532
2995737
1113925
695928
14215
1210267
377
2614
782104
151
4952540
22040
4952540
86830
190
3334706
13597
13597
190
190
10354
162096
162116
25052231
91316
25055291
2443514133
7808905
2443661013
9377640
20520
968664063
86830
190
8776734
8230641
8231601
20520
20520
3102842
190
190
52766
876
9205
4914
534
9205
4914
5141291
26687
194037
5152159
15140913
281
3009
1617
86830
190
17054
3848828
577010
178
3009
1617
865
4499
583
4499
19883
707
19979
103191
276
1472
2832555
7796926
190
190
108
15390
7316
193
1472
323
169273
221609
2832555
7796926
115004
19600
660762
1272
364384
671694
100
1454
14215
1210267
377
32289229
80274241
7892944
32814976
359476
246890
23831863
33249823
33249823
88
1092
608
272
3276
1822
38876
360389
185577
22617
360389
185577
180
3276
1822
2446651437
14306490
22284110
2466133359
12202
116171
60375
9383912
21304
364950
1239502328
144082141
7539
116171
60375
29798
87054
218
8554
6110346
16131019
17861719
2473910
17861719
60
1092
608
312
4179
43587
207792
28462
207792
226
4179
14166149
77762
14339311
13671
67213
916402420
3101350543
21304
21304
1841
7741891
1011484
9386
67213
23346
27685038
41086308
916402420
3101350543
100
34831
2759
19600
218
218
57
84746
140443
303943
357202
74425
671694
74
1454
2614
782104
151
108588
8474633
11184419
32289229
80274241
2743255
115066
1942704
389151
20369
67324
67344
116781
5212164
10657
106895
679276
49037
220880
717260
258102
22329779
100986
22329779
382052
836
16313421
59783
59783
836
836
47755
104721
45625
104721
10488
752122
3689
752122
34532
15155
17366
38
606918
34532
3534
73952
43814
307102
2130931
18999
73952
13263
121522
749488
2266
2266
24919
304598
704280
913582
38
38
1907
6507
24919
58467
248924
803419
291956
24234119
3847051
152608169
172084
25628
1422632
121878634
49917740
24065386
2150293
487001
230145
394123
394183
83184862
306318
83194042
8730372868
30545630
8730813508
41261616
90288
4126652236
382052
836
36661151
25986712
25989592
90288
90288
12141330
836
836
157757
3957002
29432
3960062
24884
9176
73513
27072
4367571
1589659
4367571
425583
73513
5213
339122366
1372958
339269246
1431486
525429
1875528
4104
170752037
1431486
141360
17366
38
1688059
24884
1872
239208
1974381
598189
12861479
4477615
79136862
25237421
475794122
1285111
4477615
29002467
5285759
169548329
73165
239208
751990
162168
3553256
1475280
1476240
1516871
157283028
4104
4104
634568
446929
1516871
134532994
56194507
28389381
38
38
29305
45532
116781
4528903
1702654
1103838
17426
158339
1175018
126881
406258
985102
490203
27090
2099185
930288
18213
2099185
930288
23772528
115426
23804124
52088206
52088206
8848
691515
308772
382052
836
18467338
2032239
408977
5997
691515
308772
34117
1299082
24110
1299082
83793
84053
251901
251901
11043
435137
7796926
836
836
67074
15373
1779
7902
435137
1089
239584
329808
7796926
23252
140982
67635
18
23252
140982
29126
67635
888195
5161
890912
2807554
2807554
8230
48817
23628
17366
38
719839
142276
17099
6
8230
48817
10718
23628
91141
117383
63418
422753
3279038
18
91141
49059
117383
31456
245345
1713722
4371
4395
32840
32840
33626
43178
1038393
1242
487003
1176263
1564305
38
38
3429
2625
117
6
33626
18967
43178
1173
99159
134210
1038393
1224
1224
33
185412
630025
1475526
785477
383
34203829
6565438
247402076
807009
202584
8095637
151179813
84217062
53765709
8852321
4911717
3785589
321281
19849
1505110
931941
1548085
7151
1557234
2743255
115066
80274241
36563978
105155067
896291
89914737
107085354
107085354
3406
451337
179051
10344
1258977
497390
1225062
90124865
33977836
876101
90124865
33977836
7281
1258977
497390
8886430512
50692667
9007253059
398757
29492662
11209983
41274160
91856
5061756353
8984205
626982282
286959
29492662
11209983
225166
382500
892
27668069
57926248
65475905
204637
9824523
65475905
2410
451337
179051
20849
3043788
2128002
74202199
1628675
74202199
15795
3043788
40752527
41655338
688716
24878483
3101350543
91856
91856
23978386
38060
3315613
531810
24878483
95580
49677837
78943567
3101350543
664
101933
2780
19849
892
892
262791
421583
767216
901078
912
178453
1548085
5503
1557234
1942704
389151
20369
606940
14754462
20137973
80274241
8327040
23499130
9964983
231042
10250130
10250130
16172
95066
40193
40193
50136494
26785
168225
2353
67015
705503
5130269
2031870
105
705503
5130269
914825
2031870
50136494
12
26785
168225
912
36362
67015
435547491
3483985
444812738
243528
1754421
695376
1881800
4888
269932316
365175
29594816
35
243528
1754421
322868
695376
10635
23499130
17590
66
2759882
5505567
6117629
8601
923729
6117629
13
16172
95066
23112
28595
40193
2577225
48179
1000868
6246543
1849921
40911741
6806711
92316760
30492177
607273961
3064912
105
6806711
50976992
11821250
317869277
2577225
16770
488143
12
1000868
3606134
818354
21308531
4467978
4575483
2619220
215765477
4888
4888
2572500
1886
386328
1226073
35
2619220
212362
13104838
19623961
197873271
114182642
73094751
17278181
13221
215765477
71
146847
13442
93095
2379271
66
66
220003
434036
357789
500511
68
94597
867477
405239
710278
24
1244716
1071330
263043
6478
1166027
11826137
16171237
1162163
5255691
23942001
34299027
21334720
15981237
5935230
3099
36244344
51247
451
21616
17344
417
7222
41106
17635
1845
13954
5927
1783
1520
1334
1520
1334
874
339
473
339
473
304
287704
5669
137969
52263
479
22330
3851
96783
5455
45593
1426
1544
1334
1544
1334
874
3509
17691
443
7471
1169
81
154528
51312
17178
42153
18064
1899
2823
52355
17193
3966
364
499
364
499
304
2491
14312
6079
1886
2848
143
6557151
42586
2996533
55177
487
31964
2230760
32752
1009842
19281
694
11432
5424730
2502120
271736
54053
32138
5258
1849975
845831
250219
19434
11706
5357
25495
15841
25495
15841
7562
2368
1735
2368
1735
874
8115
9471
8115
8439
2584
640
784
640
770
304
82203
68196
26620
124280
81488
99401
6193
46727
21731
284695
5427
135542
31042869
656667
14936489
6611424
43216
3051331
56516
518
33808
2594754
10484994
615729
4964676
604933
139693
18549
138175
18501
7562
2392679
2249366
33608
1030566
321738
21615
6555
1901
6463
1865
874
71780
19785
772
12456
13116
921
192202
74760
23916
17525112
6002366
2074051
5486072
2533475
273912
56110
33678
5387
1937390
5949374
2017638
2692872
113799
135199
112281
102474
2588
1746605
1871233
857951
255175
1500231
74878
4577
6162
4471
4675
306
71630
20278
12509
5652
76624
2739
51247
451
21616
17344
417
7222
41106
17635
1845
13954
5927
1783
1624
1391
1624
1391
874
367
501
367
501
304
287704
5669
137969
52263
479
22330
4508
96783
107770
660
5455
45593
1571
1670
1391
1670
1391
874
4138
17691
2285
83272
5
443
7471
1302
81
154528
51312
17178
42153
18064
1899
3325
52355
363
17193
4692
414
549
414
549
304
2957
14312
5
5
286
6079
1886
3459
201
6557151
42586
2996533
55177
487
31964
2230760
32752
1009842
19281
694
11432
5424730
2502120
271736
54053
32138
5258
1849975
845831
250219
19434
11706
5357
28353
16987
28353
16987
7562
2609
1851
2609
1851
874
9555
11033
9555
10001
2584
740
892
740
878
304
92590
68196
177118
26620
139243
92146
99401
11854437
53044
6193
46727
23774
284695
5427
135542
31042869
656667
14936489
6611424
43216
3051331
56516
518
33808
3020109
10484994
1082426946
4610191
615729
4964676
676324
157916
19836
156398
19788
7562
2802953
2249366
246780
412931121
540
33608
1030566
368336
27002
7852
2028
7760
1992
874
81607
19785
2285
3269045
5
772
12456
14548
1017
192202
74760
23916
17525112
6002366
2074051
5486072
2533475
273912
56110
33678
5387
2241098
5949374
6991532
2017638
3120965
130438
167714
128920
134728
2588
2036647
1871233
540
540
1904710
857951
255175
1817703
103422
5722
8167
5616
6621
306
80804
20278
5
5
32398
12509
5652
88118
3361
53400
453
22227
18078
419
7427
42938
18142
1883
14573
6094
1833
1808
1562
1808
1562
988
399
552
399
552
342
299024
5816
142886
54613
481
23009
4517
100667
5585
47274
1715
1838
1562
1838
1562
988
4167
18498
445
7704
1441
89
162545
54550
17855
44172
18623
1959
3276
55101
18311
4605
430
584
430
584
342
2935
14998
6266
1954
3458
161
6813432
42956
3082422
57743
490
33094
2317998
33085
1038151
20183
700
11838
5662617
2576202
277690
56622
33224
5371
1930720
870154
259711
20336
12100
5521
30575
19147
30575
19147
8588
2871
2077
2871
2077
988
9471
11150
9471
10118
2926
763
934
763
920
342
94842
73730
29391
142880
94919
106000
6337
50100
24444
303446
5570
145126
32186246
673376
15444687
6876664
43586
3140032
59367
521
35116
2983904
10879282
630481
5136827
659992
194044
22125
192526
22077
8588
2778467
2339942
33941
1060289
367129
23951
8073
2261
7981
2225
988
84852
20803
779
12960
15209
1047
207979
82575
25465
18334712
6331806
2149598
5733919
2610563
280426
59026
34961
5528
2214553
6225901
2130067
3079314
164066
206666
162548
173941
2930
2020500
1955565
883664
265607
1856957
86259
5691
8423
5585
6936
344
83867
21316
13005
5875
93643
3298
85941
49145
135086
53400
453
22227
18078
419
7427
42938
18142
1883
14573
6094
1833
4001
32
1790
1383
42
629
3616
31
507
3831
1707
220
1271
269
1267
6016
1472
620
287
1913
1619
1913
1619
988
428
581
428
581
342
251
211
251
211
152
78
98
78
98
57
299024
5816
142886
54613
481
23009
486629
2824
5220
100667
5585
47274
1884
1969
1619
1969
1619
988
10054
401182
22
4836
18498
445
7704
1586
89
162545
54550
17855
44172
18623
1959
1541
3815
55101
18311
5382
485
639
485
639
342
22
22
1293
3435
14998
6266
1954
4110
220
57538
95972
781
30438
60514
4312
95972
46
1984
12047
17519
110
2994
19704
31776
903
10302
809
20029
270
211
270
211
152
457
14829
1
2543
1497
31776
54
703
694
19
4057
39580
75254
298
2293
18862
17833
4380
107001
3947
75254
57
659
4533
1854
248
21029
74
2225
13808
25331
2667
6396
8765
6216
3266
36010
98
119
98
119
57
1
1
55
1791
1394
25331
367
1595
7363
1872
680
329
2235
72
7185
6813432
42956
3082422
57743
490
33094
2317998
33085
1038151
20183
700
11838
5662617
2576202
277690
56622
33224
5371
1930720
870154
259711
20336
12100
5521
519693
3443
249263
12975
310
12070
179813
3873
88264
5989
1057
7789
123464
17341
888749
491522
249144
38191
1252
197
12132
20123
17815
4398
978322
294672
140132
176007
94389
45039
28583
4696
2396
14269
13872
10687
33440
20293
33440
20293
8588
3113
2193
3113
2193
988
10918
12719
10918
11687
2926
864
1043
864
1029
342
6996
2366
6996
2366
1216
500
270
500
270
152
3231
3532
3231
3193
437
228
257
228
247
57
106313
73730
403624
29391
159355
106630
106000
34837074
176004
6337
50100
26790
303446
5570
145126
32186246
673376
15444687
6876664
43586
3140032
59367
521
35116
3439235
10879282
3752475968
19339156
630481
5136827
735390
212308
23412
210790
23364
8588
3217987
2339942
1085832
1842288775
2376
33941
1060289
416695
29980
9377
2388
9285
2352
988
95639
20803
10054
13496400
22
779
12960
16785
1150
207979
82575
25465
18334712
6331806
2149598
5733919
2610563
280426
59026
34961
5528
2544247
6225901
20004853
2130067
3542504
180746
239222
179228
206236
2930
2335786
1955565
2376
2376
7834779
883664
265607
2205923
116950
6843
10435
6737
8889
344
94037
21316
22
22
107569
13005
5875
106445
3978
26357
61699
76067
2425329
14116
5572
38071
13659
17295
77364
155211
2201
92466
40406
4063201
6107825
98747
3575218
2242490
4063201
541025
3918
269640
477764
77364
14325
361
13928
6346
1340934
2103153
1965249
157542402
854622
109590
1219009
736577
339990
106667
3134
106264
3100
1216
1340934
188335
1664834
49356
65120503
108
4744
98319
158216
202254
7696
4269
350
4189
328
152
26357
6696
63929
457
671439
1
1211
9038
2286
9506
563
178948
26858
7599
184902
98408
25719
286599
4093991
621265
190413
4244002
2088410
569097
6413155
517651
171778
31230
1069748
4244002
266872
40257
1348696
22213
8028
1631
38856
184902
19842
4575
59537
1436647
734720
2171367
88917
101816
88514
84230
463
108
1170747
108
382278
1168462
365390
186606
1436647
103084
49290
1239282
44241
468474
3564
4849
3387
3637
81
1
71569
1
22475
73560
23557
15465
85941
15165
11313
76832
2431
38722
4067
139726
57626
4766
47371
19402
16
4006
9038
111382
46540
13064
37759
15737
727
1981899
3749448
1334
2185
1334
874
2185
473
473
473
304
19667
425673
4123
142676
59005
1426
5591
22031
142376
16
12779
1334
2209
1334
874
2209
1169
81
5018
4824
48397
19878
16
9099
4226
205840
58784
113904
47878
13249
3966
69548
3230
10779189
499
499
499
304
2848
3418
143
38641
16198
754
4006094
2252518
456933
17484662
7349250
3354
155162
67006
532662
5940194
2498027
4006
696
9038
4774
54922
23540
133
35
211
14270358
6161609
1786273
144393
68287
20576
4849825
2100194
1981899
3749448
51753
24791
18806
53781
15841
31696
15841
7562
31696
1735
3042
1735
874
3042
9471
8439
9471
2584
784
770
784
304
124280
94816
282816
21731
125204
24107
146128
388
50
18276
420237
2295287
45979358
459025
17713862
7417195
3450
161646
68838
604933
3690173
2432861
15449670
12779
839
18549
165744
18501
7562
162758
321738
21615
3337893
535357
6023142
2521473
9099
4226
839
1901
8654
1865
874
8483
13116
921
108999
4990
57898
24248
256
193
48
266962
74782
23527478
7093276
14460580
6236506
1797117
151341
70973
21105
2692872
7967012
10779189
135199
102474
132213
2588
1500231
2365770
74878
4918369
2126408
4006094
2252518
6162
4675
5977
306
76624
107510
2739
54753
25930
89930
47552
516327
4316584
4316584
16470
87293
87293
662744
6722560
662744
6722560
6722560
31510
248554
31510
248554
248554
11574
101
5774
154745
73611
163661
4374
37
7053
52722
25020
56055
9
17343
26058
11112
153
144531
69692
17807
167834
49419
23902
4302
62
58583
1075
3178544
5482847
635
2217
3723
3916
133
1566
703
2554
3916
14899
862
247
14899
565
862
297
248
14
277914
19191
346455
884477
12161
104
6091
167521
79586
176527
1394
1992
2309
9668
112867
22864
117217
300098
151
11
1473
35278
35278
635
2217
3723
4014
133
1566
703
2554
4014
468
1348
90
1557
8421
4593
38
7380
57369
27153
60645
151
11
1398
32210
27149
32210
199517
233546
61052
588466
11774
170
158609
76041
19288
182065
151940
10531
80023
204919
498
3338
352583
12177631
14899
944
14899
637
944
307
38
248
128398
5754
8525
3080
2
282
54547
26177
4569
71
63793
431
1290
213410
6329892
4509366
1359071
9059
685257
18518432
9033144
19493860
17715
391
7646
242290
125677
373235
1562656
13120708
13120708
532575
3292
806781
6321793
3086534
6703338
17343
3808
26058
8054
205
13939
91632
47661
160624
661497
5621288
5621288
4735
1056
6679
1364385
13956
17043466
8389989
2310987
19944799
26794
1073
309667
167180
45508
609377
49448
262281
262281
5840917
2887963
541688
5573
6972444
3178544
5482847
137709
77731
16443
818
369870
32853
210302
210302
153292
344652
14576
37202
56949
88199
5092
26552
13095
41932
88074
2751
5684
8017
9760
1326
3594
1208
5141
9690
3202405
40955
15312
3200479
28001
40838
13168
4714
56
96014
4128
1726
95870
2538
4075
1753
471
14
1174202
1107865
248388
1343936
71294
8790
278
552328
1153798
43837
1153798
112199
130383
147047
726420
173145
56693
190901
692447
938848
75
104935
133995
9128700
24420867
668
10149
2633
10149
378458
26844
484920
1528053
2001907
7048
25854
20338636
60276938
29290244
2262791
37054630
92630789
1396800
9308
701717
19446933
9400642
20363531
20979
507
9470
293068
150372
456474
2001907
1428
9282
20338636
20338636
22807119
850570
991765
1133942
5608207
12074611
2521296
12600560
31687070
151
1473
35278
7950
35278
77528
103821
124575
618484
63920
34660
13121
50863
605786
510299
387975
25460
448948
4873903
548807
3482
837669
6681970
3227945
7043166
151
1398
32210
27149
7683
32210
3986
7234
9729
35861
2306
4184
1214
5825
33743
47098
51104
2956
57274
548322
10825
282
23567
122021
63361
213086
938848
74
16143
43557
9128700
9128700
9048308
659
10008
9866
2594
10008
457609
532608
136032
2071646
94568
129239
40676
746064
1742698
21129331
25143497
7102079
61262228
1420139
15498
18146307
8851148
2424827
21092336
34226
1355
399379
213308
55215
763437
94568
59317
10078
746064
746064
724500
25320459
5401749
8663531
21669716
498
352583
12177631
3202405
505057
3200479
229052
490677
282300
152
6597
22500723
2223551
4597634
2544014
35
117480
6277973
3071116
568745
6457
7443197
431
213410
6329892
4509366
96014
32426
95870
15799
29423
15029
38
599
996623
437191
808843
391559
13
15962
194709
108112
22677
1044
480827
71294
4539
1259
254
81026
191417
552328
552328
468787
37167
596250
468787
4067
139726
57626
4766
47371
19402
16
4006
9038
111382
46540
13064
37759
15737
727
1981899
3749448
1391
2289
1391
874
2289
501
501
501
304
19667
425673
4123
142676
59005
1571
6564
22031
142376
134752
801
16
12779
1391
2335
1391
874
2335
1302
81
5941
4824
48397
19878
2285
94635
5
16
9099
4226
205840
58784
113904
47878
13249
4692
69548
431
3230
10779189
549
549
549
304
3459
4086
201
38641
16198
5
5
316
754
4006094
2252518
456933
17484662
7349250
3354
155162
67006
532662
5940194
2498027
4006
696
9038
4774
54922
23540
133
35
211
14270358
6161609
1786273
144393
68287
20576
4849825
2100194
1981899
3749448
51753
24791
18806
53781
16987
34676
16987
7562
34676
1851
3291
1851
874
3291
11033
10001
11033
2584
892
878
892
304
139243
94816
282816
23774
140669
24107
146128
388
18377538
50
74024
18276
420237
2295287
45979358
459025
17713862
7417195
3450
161646
68838
676324
4306164
2432861
15449670
12779
1658888912
839
6040971
19836
199843
19788
7562
196857
368336
27002
3920613
535357
6023142
2521473
9099
4226
246780
515963442
839
540
2028
10811
1992
874
10640
14548
1017
122792
4990
57898
24248
256
193
2285
4172171
48
5
266962
74782
23527478
7093276
14460580
6236506
1797117
151341
70973
21105
3120965
7967012
10779189
167714
134728
164728
2588
1817703
2765440
103422
4918369
2126408
540
540
2379236
4006094
2252518
8167
6621
7982
306
88118
120430
3361
54753
25930
5
5
47576
89930
47552
7279
393
1849
3128353
14805283
14805283
79270
12572
43066
164120
48640
3375
265239
265239
38919
7279
477
2083
7279
477
2083
3659290
19786302
3659290
19786302
19786302
712851
83899
43631
580109
79270
13204
57514
79270
13204
57514
712851
83899
43631
580109
580109
11574
101
5774
154745
73611
163661
4374
37
7053
52722
25020
56055
9
17343
26058
11112
153
144531
69692
17807
167834
49419
23902
4302
62
58583
1075
3178544
5482847
654
2310
3890
4122
133
1623
703
2649
4122
920
265
15493
605
920
315
248
14
15493
277914
19191
346455
884477
950
9270
4885
12161
104
6091
167521
79586
176527
564
9270
4885
1588
2272
2653
11474
112867
22864
117217
300098
6052
151
149521
1091
4999612
11
1473
35278
35278
310
3057
1620
654
2310
3890
4278
133
1623
703
2649
4278
526
1578
102
1846
10099
4593
38
7380
57369
27153
60645
544
151
2285
110707
5
210122
11
1398
32210
27149
32210
188
3057
1620
199517
233546
61052
588466
971
4693
11774
170
158609
76041
19288
182065
695
4693
12765
165846
80023
204919
7834
5228
0
26
498
68316
981
33449
3338
352583
12177631
315
1551
148552
1060
15493
735
1060
325
38
248
15493
7119
10192
3499
2
386
140794
54547
26177
4569
71
63793
7834
5228
0
6
431
25
6766
8538
68316
5
5
669
1576
1290
213410
6329892
4509366
231
1551
148552
21837
1179
5547
7553
427
1988
1359071
9059
685257
18518432
9033144
19493860
17715
391
7646
242290
125677
373235
9599039
45333881
45333881
532575
3292
806781
6321793
3086534
6703338
17343
3808
26058
8054
205
13939
91632
47661
160624
3354059
17253245
17253245
4735
1056
6679
1364385
13956
17043466
8389989
2310987
19944799
237810
37716
129198
26794
1073
309667
167180
45508
609377
492360
146473
10125
798088
798088
116757
5840917
2887963
541688
5573
6972444
3178544
5482847
82679
12617
43338
137709
77731
16443
818
369870
390980
72141
4615
486331
486331
153292
344652
62055
16012
40868
62004
99198
5568
29214
13097
45367
99073
3176
6355
8934
11003
1540
4037
1244
5672
10933
21837
1431
6249
21837
1431
6249
48531
18134
3376452
34779
48414
14003
4834
56
3374506
4785
1999
103436
7553
511
2230
3038
4732
1980
499
14
103282
7553
511
2230
1309854
1179997
248388
1343936
148132
48328
56410
8790
2
99
278
606835
43837
184594
1153798
135
1814
2609129
117046
136815
155566
775594
173145
56693
190901
692447
4118374
8522
75
16544224
668
5509112
261967
338129
10149
24420867
2633
382730
10149
24420867
95
1432
746
378458
26844
484920
1528053
11191850
22917
86365
60276938
290
3915
2058
29290244
2262791
37054630
92630789
38331
367026
175170
1396800
9308
701717
19446933
9400642
20363531
22740
367026
175170
20979
507
9470
293068
150372
456474
11191850
2873
19875
22807119
60276938
60276938
186
3915
2058
930187
1085677
1242539
6365708
12074611
2521296
12600560
31687070
694511
151
1473
35278
1351546897
7950
8552591
35278
12404
120462
57895
79732
110699
133007
766960
65111
39749
13123
56822
754262
549178
443264
31380
514700
5586397
548807
3482
837669
6681970
3227945
7043166
11130
151
1398
32210
27149
247004
548422129
57490367
7683
568
32210
7580
120462
57895
4435
8071
10857
43694
2533
4766
1250
6523
41576
48838
55137
3329
62898
590922
10825
282
23567
122021
63361
213086
4118374
284
74
2582354
659
1151
31193
84328
10008
9866
2293
7921107
9048308
1603610
2594
6
10008
9048308
24420867
24420867
62
1432
746
457609
532608
136032
2071646
2144515
252250
131515
275151
83611
1742698
412
4370
21129331
25143497
7102079
61262228
48615
220641
1420139
15498
18146307
8851148
2424827
21092336
36087
220641
237810
39612
172542
237810
39612
172542
34226
1355
399379
213308
55215
763437
2144515
252250
131515
105015
17324
724500
1742698
1742698
328
4370
27664875
6086922
8663531
21669716
2108405
2199054
2
2756
498
352583
12177631
15662
72721
34863638
3376452
616636
3374506
325782
602256
298555
152
7321
24707165
2666121
5225285
2778225
93
157303
6277973
3071116
568745
6457
7443197
2108405
2199054
2
83
431
213410
1000
563795
806909
568
568
4180010
6329892
4509366
565130
12177631
11919
72721
34863638
103436
38943
82679
14017
59858
103282
21334
35940
16201
38
674
82679
14017
59858
1115946
478806
862267
406665
17
18605
194709
108112
22677
1044
480827
1343936
148132
6075
48328
56410
4539
1259
2
4
254
101622
170765
37167
4
49233
7622
288518
370122
6
154763
6
358269
596250
468787
128115
1153798
1153798
109
1814
2609129
4196
144711
59933
4959
49069
20189
16
10758
21720
115494
48523
13480
39147
16406
2881
8508369
14541083
1562
2568
1562
988
2568
552
552
552
342
20222
441910
4252
148055
61571
1715
6560
22692
147941
16
28406
1562
2598
1562
988
2598
1441
89
5973
5017
50241
20764
16
21792
11133
217095
61017
118402
50094
13734
4605
73412
9400
29258051
584
584
584
342
3458
4044
161
40168
16952
2935
15134944
9161531
469243
18066434
7632829
3429
161376
69953
10758
700
550766
6137059
2594289
21720
293
37
4906
57093
24594
462
14776488
6428176
1841467
150312
71267
21217
8508369
5020377
2190431
14541083
74439
53825
25857
180472
19147
37783
19147
8588
37783
2077
3648
2077
988
3648
11150
10118
11150
2926
934
920
934
342
142880
103121
612638
24444
145131
24698
156100
830
56
18742
448572
2355409
47630933
471335
18317035
7711881
3525
168714
72183
659992
4243834
2498856
16016109
28406
919
22125
241979
22077
8588
238993
367129
23951
3884396
553464
6228420
2622019
21792
11133
919
2261
11395
2225
988
11224
15209
1047
128245
5125
60441
25472
538
396
54
290554
79334
24666518
7345047
14989940
6515375
1854600
158257
74432
21838
3079314
8355968
29258051
206666
173941
203680
2930
1856957
2745747
86259
5097753
2221172
15134944
9161531
8423
6936
8238
344
93643
125450
3298
57242
27191
266426
148643
10256570
10256570
302610
302610
14091607
14091607
14091607
5
584222
391
3
4
584222
584222
33
391
12794
138
6006
163510
79071
225116
4816
52
7388
55752
26915
78567
9
41766
59107
12481
246
153309
75313
18771
225376
52456
25853
4808
95
79885
4139
13832966
20632140
730
2502
4198
4395
133
1851
874
3029
4395
14916
962
269
14916
664
962
299
305
21
294591
19800
365488
1422681
13551
147
6329
178589
86343
248411
1474
2264
2654
10845
119379
23671
123862
487359
11
1602
74851
74851
730
2502
4198
4501
133
1851
874
3029
4501
478
1591
101
1867
9544
5117
57
7727
61267
29549
87156
11
1394
1512
69079
56555
69079
215078
250679
64252
940465
13397
314
169999
83113
20536
250351
154786
11915
86022
331213
9894
457967
34863638
14916
1052
14916
742
1052
311
57
305
130831
6646
9499
3194
3
318
58552
28679
5186
123
89196
4656
205731
299667
22579666
16657594
1461224
13381
708447
19381659
9552369
26569639
31047995
31047995
20358
678
7865
265708
139435
653929
41766
4449
570769
5169
837551
6621219
3268106
9250240
59107
13398803
13398803
7707
1166
9739
398
14348
102988
54798
329525
10478
1486644
22312
17886137
8911185
2414436
26625918
908567
908567
30225
1538
339499
184307
49195
962844
13832966
6134217
3070773
588695
8749
9405620
20632140
640620
640620
485778
154568
88858
19509
1425
615153
934274
16362
42560
65879
100027
5092
31910
16173
50862
99902
2911
6148
8785
10637
1326
4058
1436
5909
10567
3223836
45210
16462
3221910
32130
45089
13294
5740
84
97035
4393
1793
96891
2794
4339
1762
547
21
1196185
1193928
0
0
798
140904
1334883
2609129
61664
303271
2609129
116332
137215
155177
791081
0
0
691
319776
375865
19468013
67371414
699
220217
58067
238345
1697118
15041
2867
15041
20505
75894
42553106
177388547
438270
27618
552370
3288902
30872625
2329489
38894139
150020755
1515073
14304
725488
20504281
10016949
28270995
3808
30107
42553106
42553106
85352936
25614
925
9740
337724
175531
845017
907393
1064625
1222002
6257550
1602
12779528
2600375
13317142
51969023
74851
9164
74851
79404
109449
133955
747531
63920
40288
16199
60243
734833
527834
441460
28103
514571
5503454
1394
1512
601262
5739
869560
7124070
3482858
10023683
69079
56555
8703
69079
4152
7720
10531
40549
2306
4670
1442
6627
38431
48110
55577
3179
62705
607228
0
0
669
50247
134504
19468013
19468013
31523973
619
688
15648
577
24103
160425
85367
479847
14709
14434
2820
14709
261675
242061
72569
1753403
4073078
525183
607841
151275
3933076
22532825
26723981
7440938
97066130
1562713
25755
19202825
9479110
2551601
28640636
96296
166215
40074
261675
106550
15644
1753403
1753403
1940656
40113
2081
453433
243384
61413
1232549
25699259
5975292
457967
9292367
34863638
3223836
610301
3221910
330899
595917
285970
228
7623
22848431
2693976
5144891
2645608
59
139308
205731
299667
6722200
3331107
631838
10560
22579666
16657594
10326085
97035
36283
96891
19453
33274
15237
57
675
1015221
500448
883911
405344
17
18276
0
0
767
46509
85570
25264
140904
194783
467991
1334883
1334883
1170186
38544
52276
240654
135193
29178
1809
1508127
1170186
829639
294635
4196
144711
59933
4959
49069
20189
16
10758
21720
115494
48523
13480
39147
16406
2881
8508369
14541083
236
10153
4764
324
3507
1660
16
1341
2405
9136
4376
1153
41
615
4486
3200
1558
141
294
1485
8371
1715
355758
753890
1619
2673
1619
988
2673
581
581
581
342
211
346
211
152
346
98
98
98
57
20222
441910
4252
148055
61571
591930
3295
1884
7595
22692
147941
16
28406
1619
2729
1619
988
2729
10054
450225
22
1586
89
6946
5017
50241
20764
16
21792
11133
217095
61017
118402
50094
13734
1768
5382
73412
9400
29258051
639
639
639
342
22
22
1401
4110
4757
220
40168
16952
2935
15134944
9161531
2280
87976
133961
60514
264
11030
5203
133961
12047
20734
131
809
4512
2911
30006
44212
20029
16
3280
211
365
211
152
365
457
16692
1
694
19
3739
349
3828
1823
44212
4057
16
2420
1457
57413
12781
107001
460
3523
27578
9990
4809
1267
21029
107001
90
883
5653
90
3266
20024
36010
630
3974
9392
12810
2171367
119
119
119
57
1
1
61
2235
2535
72
3518
1723
7185
36010
165
460
2052
10330
2369
866450
468474
469243
18066434
7632829
3429
161376
69953
10758
700
550766
6137059
2594289
21720
293
37
4906
57093
24594
462
14776488
6428176
1841467
150312
71267
21217
8508369
5020377
2190431
14541083
74439
53825
25857
180472
28353
1311495
614643
918
35258
20607
1341
680
37274
454236
215242
2405
72
32
2902
18265
11920
105
154329
20802
1071520
1217912
601834
173663
1618
251
15221
50380
32370
11075
1397045
355758
159056
355758
435862
221046
753890
41167
6234
3305
6234
35038
24956
22214
20293
40770
20293
8588
40770
2193
3898
2193
988
3898
12719
11687
12719
2926
1043
1029
1043
342
2366
8040
2366
1216
8040
270
605
270
152
605
3532
3193
3532
437
257
247
257
57
159355
103121
612638
26790
162057
24698
156100
830
51751860
56
233999
18742
448572
2355409
47630933
471335
18317035
7711881
3525
168714
72183
735390
4900935
2498856
16016109
28406
5527061593
919
25033703
23412
276119
23364
8588
273133
416695
29980
4506834
553464
6228420
2622019
21792
11133
1085832
2295595568
919
2376
2388
13559
2352
988
13388
16785
1150
143322
5125
60441
25472
538
396
10054
16952393
54
22
290554
79334
24666518
7345047
14989940
6515375
1854600
158257
74432
21838
3542504
8355968
29258051
239222
206236
236236
2930
2205923
3179151
116950
5097753
2221172
2376
2376
9694143
15134944
9161531
10435
8889
10250
344
106445
139737
3978
57242
27191
22
22
149822
266426
148643
37151
13659
17295
99770
122239
171
3688793
39
21044
109166
40406
6330
247677
5897111
2242490
285735
9683043
5897111
477764
29801
1389321
643919
109166
6346
1071
40661
22634
1936569
736577
339990
3322162
3049300
3280
233335532
731
1107411
3134
119859
3100
1216
119080
1936569
158216
202254
7696
39552
487167
227596
2498125
2420
1457
49356
81042364
731
108
350
5488
328
152
5340
37151
2286
9506
563
3306
21338
13072
100619
123
101
457
900098
37
1
277356
68073
43751
11956
286599
6182401
1568788
992562
300510
6413155
1296526
636349
181739
231144
42506
1348696
6413155
57103
35343
11672
12956
2637
59537
286599
2171367
101816
84230
101037
463
1239282
108
1693125
108
491826
44241
1686708
866450
468474
235896
2171367
4849
3637
4599
81
76832
1
110857
1
36158
2431
114624
61320
38722
26778
135086
8092
5820
21
4700
740
6
5590
5590
9674
1220
1220
2064
48395055
48395055
116783
142287
773084
773084
109950
406842
4514712
4514712
11395
20890
209880
209880
37686
179592
9674
9674
9674
9674
2064
2064
2064
2064
57984052
57984052
57984052
100
1354883
7930
142287
142287
66
78
1354883
1354883
365
7930
6930334
6930334
6930334
10
448969
352990
305
459925
250
3435922
2881657
6032
2012691
697651
1070
20890
20890
4
6
294217
106021
72
459925
459925
12
250
12794
138
6006
163510
79071
225116
4816
52
7388
55752
26915
78567
9
41766
59107
12481
246
153309
75313
18771
225376
52456
25853
4808
95
79885
4139
13832966
20632140
260
14115
2613
6193
4133
517
22218
14115
685
6017
1445
3204
2256
982
8919
6017
9
11643
15289
333
17788
3380
8700
5977
27662
17788
3620
117
1484
12629
903
8073
1966
11686
8073
4832
3517
401
1441
5032
15994
6043
1053171
2133911
749
2595
4365
4602
133
1908
874
3124
4602
1021
288
15510
705
1021
317
305
21
15510
118
420
684
746
19
327
209
517
746
0
4388
199
64
1460
0
4388
152
199
48
77
7
1460
294591
19800
365488
1422681
32211
2646951
1224898
13551
147
6329
178589
86343
248411
21487
2646951
1224898
652681
4078
1672
2560
3014
12788
17767143
17767143
119379
23671
123862
487359
10480
876589
407237
11
1602
74851
74851
749
2595
4365
4770
133
1908
874
3124
4770
10054
511625
22
539
1831
113
2166
11350
989983
12142
5117
57
7727
61267
29549
87156
7072
876589
407237
11
1394
1512
69079
56555
69079
215078
250679
64252
940465
39324
1815867
13397
314
169999
83113
20536
250351
27851
1815867
148552
3218
14331
98921
98921
86022
331213
12705
619597
9894
169414
457967
34863638
1173
15510
845
1173
329
57
305
15510
54
8661
11406
148552
22
22
2435
8138
11307
3640
3
429
5566
62
58552
28679
5186
123
89196
9122
619597
4656
143932
205731
299667
22579666
16657594
36852
12457
92850
78867
2833
92850
92327
204379
100334
27
36852
423
17495
7355
4879
631
28609
17495
3418
204379
43312
100334
29240
285
904
1272
1520
9166
733489
733489
13309
17501
34571
32952
4531
34571
34372
72386
35720
10
21
1766
12163
20275
4429
20275
118
420
684
805
19
327
209
517
805
457
22360
1
249
881
44
1069
7951
35507
549
9
13309
867
7395
3787
2631
1175
11409
7395
1802
72386
16404
35720
10
5
206
7250
19250
17876
3771
4309
19250
152720
12108
93893
85021
93893
18701
191689
925
6606
57702
14599
8433
306
27
152720
572
21769
10175
6968
35438
21769
4525
4507
74874
191689
352
3032
23486
8600
1143
20
1
41840
414
14
10544
9696
9696
62096
19528
37091
37091
76714
1133
47403
9984
24091
35548
12951
4523930
0
4388
251
1460
0
4388
199
251
53
19
77
1460
1
146
5385
6926
41840
1
1
249
11
11
2
5541
8370
3158
1
271
495
7
9
62096
1236
9739
14771
9739
5606
4040
2582
32779
76714
557
36063
3024
10613
31607
14165
36
7874
2235
405
1128756
2742670
1970380
16770
16770
29022
5983
5983
10098
3660
3660
6192
1454
1454
2315
1461224
13381
708447
19381659
9552369
26569639
148621556
148621556
20358
678
7865
265708
139435
653929
41766
4449
570769
5169
837551
6621219
3268106
9250240
59107
53714510
53714510
7707
1166
9739
398
14348
102988
54798
329525
10478
1486644
22312
17886137
8911185
2414436
26625918
350349
426861
2327681
2327681
30225
1538
339499
184307
49195
962844
329850
1220526
13832966
6134217
3070773
588695
8749
9405620
20632140
118139
148115
1307690
1307690
485778
154568
88858
19509
1425
615153
934274
194257
911565
259956
69463
656456
436929
67746
2547850
1577425
29767
6687
13638164
13638164
70187
52095
5568
232120
152024
128014
11643
2508
345817
236647
114939
1013561
665722
15289
60163
8301049
8301049
5881
818
122395
98403
26574
240189
182758
7769
322930
84220
333559
61571
2704470
952043
650529
3223570
2048250
520472
34185
62670
50900
11638
27115
6808
259790
629900
629900
164629
126357
469385
317677
82136
113058
538776
2343162
1053171
682355
164339
1053171
1431041
962609
556508
391799
2133911
12360
29997
492483
274015
216282
98992
662825
662825
274015
1195658
893209
594504
481716
519602
90852
1634116
17798
46226
70934
112346
5568
34572
16175
54297
112221
3336
6819
9702
11901
1540
4501
1472
6440
11831
29022
29022
29022
29022
54010
19945
3407594
40132
53889
14129
5860
84
3405648
10098
5069
10098
2077
105089
10098
3313
5015
1989
575
10098
21
104935
4652
11346
15532
29846
2269
6285
3270
9341
29407
1087
2226
2782
3865
675
1027
302
1311
3742
6192
6192
6192
6192
17543
7164
288192
12059
17328
5438
1288
28
286392
288192
2315
2315
1158
29997
2315
1332
2248
1007
141
2315
7
29726
29997
50856563
121436
144082
164203
844453
1768
699
220217
58067
238345
21365543
4039
2694
294926
736556
883000
730070
279951
1697118
15041
67371414
2867
716972
15041
67371414
438270
27618
552370
12312
68204
249821
1902605
740827
3288902
177388547
30872625
2329489
38894139
1432252
115368044
45083372
150020755
1515073
14304
725488
20504281
10016949
996127
115368044
45083372
28270995
25614
925
9740
337724
175531
8667
9640
80057
1902605
740827
845017
85352936
177388547
177388547
991385
1164058
1336771
7074469
1602
12779528
2600375
13317142
463895
37984394
14834277
51969023
74851
4847757474
9164
32594438
74851
81608
116327
142387
914469
65111
45377
16201
66202
901771
568156
500764
34521
584925
6273840
1394
1512
601262
5739
869560
7124070
3482858
326139
37984394
14834277
10023683
69079
56555
1086280
2466989002
265320
281539436
8703
2432
69079
4601
8557
11659
48778
2533
5252
1478
7325
46660
11225044
49912
59891
3570
68665
653723
0
619
688
15648
577
24103
160425
85367
8675
2871
783
99367
108933
290219
730070
279951
479847
14709
14434
10070
27965900
31523973
6122
5241773
2820
24
14709
31523973
67371414
67371414
525183
607841
151275
23685
2445218
3933076
586316
180836
4073078
22532825
26723981
7440938
2360558
97066130
101051093
1562713
25755
19202825
9479110
2551601
1750811
28640636
101051093
426861
426861
40113
2081
453433
243384
61413
17594
689980
1185623
224618
2445218
1232549
253629
38393
1940656
4073078
4073078
28144418
6719220
457967
9292367
762113
34863638
3407594
732182
3405648
437931
717798
302225
228
8347
25153190
3185481
5828917
2890136
117
182711
205731
299667
6722200
3331107
631838
10560
571852
4234
980620
1506917
2432
2432
15402914
22579666
16657594
10326085
1211
2116623
34863638
105089
43026
148115
104935
25214
40017
16409
57
750
148115
288232
493554
1139554
546306
942182
421343
22
21191
0
38544
52276
240654
135193
29178
1809
26
130336
5976
3929
6119
48897
105501
349886
623304
143664
1337088
20099
472722
630450
24
392556
24
922445
1508127
1170186
829639
36
294635
2609129
2609129
50629
12099
44820
620526
315079
4273
119694
24891
757255
748009
199959
20885030
1080149
8404527
7405374
2936949
339483
10172611
10112325
3074050
222
1080149
772698
511158
7405374
1247351
2936949
76874
3209667
1894531
367382
108767
30
50629
2187
15961
99868
73634
315079
1358
65824
119694
7865
352481
219711
59545
15901
9372178
20885030
20885030
378072
7574
449506
3898410
2615151
1017014
523310
4094443
612026
4394080
4060930
20275
235420417
4429
2363553
20275
34373
42835
48622
337428
28734
11656
3296
15001
331464
74
378072
920
215324
442187
300363
2615151
449577
1017014
225826
10996
142944
1448912
891611
265913
167111
3634138
2265182
199113
19250
17876
49580
105485384
11155
11990578
3771
4309
136
19250
1987
3315
4124
22843
1335
1503
308
1844
21433
23
30801
227
36964
108173
46255
167540
132556
188971
34901
49247
73047
53162
3467
42757
370604
266130
60806
48168
711762
476405
99589
82354
10727
10632
421
3010661
466
5562795
6992801
293
1726523
1590
1749
2
10727
6992801
14835720
14835720
8824778
10059327
6053379
3963243
2922350
2379882
1477773
460548
131564
10424626
1105499
750315
4055971
2454797
516039
3568755
967981
156885
612386
657353
144471
8496
4221219
234
10424626
62670
62670
209854
159253
641468
415704
126697
536372
159460
37157
100134
82267
99229
10602
14696
20206
840
357091
664016
48
131526
1380035
1380035
288192
170868
278637
117991
76
2403
286392
288192
15655
376293
542246
2011296
136
3682142
136
1779638
1128756
39
89863
3961736
2742670
1970380
1253091
684042
475878
88
83
299534
1054
4523930
13627
25079
12214
19
348
29726
29997
