1
2988
6445476
6445476
1
2983
3455638
3455638
18
16138
93359257
6
7676
26844094
1
2983
1711316
1
50
63001
63001
1
2988
6445484
6445484
1
2983
3455648
3455648
1
31
33760
33760
18
15997
93359257
6
7606
26844094
1
2308
559453
1
2988
6445476
6445476
1
2983
3455638
3455638
18
16138
93359257
6
7676
26844094
1
2983
1711316
1
50
63001
63001
1
2988
6445483
6445483
1
2983
3455648
3455648
1
31
33760
33760
18
15997
93359257
6
7606
26844094
1
2308
559453
5012
6445476
6445476
2450
3044
3455638
3455638
29353
93412178
10049
13958
26850579
4856
1946320
50
63001
63001
5012
6445483
6445483
2450
3044
3455648
3455648
25
31
33760
33760
29244
93412178
10049
13904
26850579
1670
2308
559453
5021
6445475
6445475
2460
3053
3455638
3455638
233371
93412178
80176
110941
26850579
267028
4146
267028
143147
1405
1956
143147
6547234
773095
1881948
1480052
4862
1946320
49
63030
63030
5045
6445499
6445499
2475
3073
3455665
3455665
24
30
33792
33792
233393
93412178
80200
110968
26850581
1671
2312
559454
4311
67
4311
267057
4182
267057
143179
1437
1988
143179
2311
23
32
2311
6547234
773099
1881949
1480054
42671
103875
81692
10100268
1015236
10445690
137
33
4996037
21530
22267
33
33
9210
379987
392793
37905332
3810076
39201668
5011949472
503780106
5183354666
68235
11102
2479130756
486
85
18749642
29699295
30714992
117
328
12704470
2
5
167135
52871
54679
75010
75010
4007209
7954
54635
459187
68081
145466
310313
128250
10100268
1015236
10445690
137
33
4996037
21530
22267
33
33
9210
659052
273054
659052
166337
246348
24761
254772
166814
69113
33
33
121854
166814
42102
23620
23620
19528
114911
2031282
23620
11230
7954
54635
459187
1025
1060
7634
7634
410308
643494
567334
7
19
438
7634
3629
68081
145466
213737
128250
12797438
3074776
107557038
314382
83106
2628681
59254916
35555077
26097611
1509678
905885
668408
379987
392674
37905332
3810085
39201668
5011949472
503780106
5183354666
68261
11125
2479130756
486
85
18749645
29699298
30714994
117
328
12704476
2
5
167144
1805583
186176
1867332
181198
75060
545733
226772
55103133
22830017
55103133
13907407
545733
138136
178977550
17990071
185098458
17509249
7254333
2406
375
88530172
17509249
4419136
26
5
893120
181198
45718
167368
185119
657789
184471
11627681
6848566
6848566
26916163
7548385
475794122
6848566
3256188
12797437
3074776
107557038
167368
88010
312749
83103
2628529
1595883
1650460
2263927
2263927
157283028
7
19
682665
2263927
1076394
59254916
35555077
26097611
1
1
22605
75010
35651
1509678
905861
664906
51319
877248
8127
12977
615786
8127
10100268
1015236
10445690
137
33
4996037
21530
22267
33
33
9210
390745
404110
37905332
3810075
39201668
5011949472
503780106
5183354666
68235
11102
2479130756
497
85
18749642
29699295
30714992
117
350
12704470
2
5
167135
211324
13796352
5716026
145715
13796352
5716026
5050134
507618
16692972
5222845
15985071
52831
3449088
1429006
68
33
1117
2498018
4674296
36428
3449088
1429006
4363
327648
2658
327648
10765
43744
11133
34075
1090
96438
1060983
1060983
33
33
11
4605
8617
664
96438
11582
119716
163264
1060983
1060983
82450
888
622947
178
259418
630196
8
2076
51319
877248
8127
47621212
80274241
6606658
35759316
3645171
42462
18252146
36982260
57179448
134
50241
20815
537
184347
76377
211324
55457675
22976909
145715
55457675
22976909
370
184347
76377
4421864513
444467245
16692972
4573089210
52831
14520102
6015886
60216
9790
1117
2187248769
1337246205
36428
14520102
6015886
671
498
85
11
7783228
17688131
20332253
10814218
27186283
92
50241
20815
13
6492
4363
1813408
2658
1813408
8
6492
31034416
43744
32095772
1090
512464
3058609709
3101350543
124
369
11
13275600
8126212
664
512464
33391347
345119334
470659284
3058609709
3101350543
13
79945
888
888
4
10
11
154334
214783
348403
400483
212995
630196
8
2076
12977
615786
8127
639551
5373356
7327958
47621212
80274241
1464330
23225
785072
370286
9442
52885
54694
75023
5212164
7954
54635
459187
68081
145466
310313
128250
10100268
1015236
10445690
137
33
4996037
21530
22267
33
33
9210
659052
273054
659052
166337
246348
24761
254772
166814
69113
33
33
121854
166814
42102
23620
19528
114911
2031282
11230
23620
7954
54635
459187
1025
1060
7634
410308
643494
567334
7
19
438
3629
7634
68081
145466
213737
128250
12797437
3074776
107557038
345932
83106
2907439
59254916
35555077
26097611
1963634
1178251
864842
390762
404126
37905332
3810084
39201668
5011949472
503780106
5183354666
68268
11144
2479130756
516
84
18749645
29699298
30714994
116
349
12704476
1
4
167156
1852316
186187
1915664
181210
75078
547370
226783
55103133
22830017
55103133
13907407
547370
138150
178977550
17990071
185098458
17509249
7254333
2437
397
88530172
17509249
4419136
25
4
916237
181210
45735
185127
727587
204044
12861479
6848566
26916163
7548385
475794122
3256188
6848566
12797437
3074776
107557038
88020
185127
345935
83116
2907439
1595884
1650462
2263927
157283028
6
18
682671
1076396
2263927
59254916
35555077
26097611
1
1
22622
35670
75023
1963634
1178251
864842
4083
36922
310320
34952
89757
126248
75753
634685
13796352
5716026
437636
13796352
5716026
5050134
507618
5222845
15985071
21207917
158671
3449088
1429006
68
33
2498018
4674296
1420
109409
3449088
1429006
8190
327648
4989
327648
10765
11133
34075
45208
2410
96438
1060983
33
33
4605
8617
134
1468
96438
11582
119716
163264
1060983
42199
341250
141384
168
42199
341250
86127
141384
123174
12380
127386
389879
517266
10549
85312
35346
33
33
60927
114007
134
168
10549
85312
21531
35346
10894
14461
10025
77657
1372748
168
10894
6875
14461
4083
36922
310320
513
530
1623
2153
3446
4338
50564
50564
205195
393420
331472
9
26
219
410
132
152
3446
2062
4338
552
5705
7780
50564
11430
3233
33
34047
88935
124878
74931
269
16318091
3900715
137146641
771826
184231
6486871
79968140
47329285
34380554
4968040
2527985
1672587
181845
4677
814508
389248
842364
28883
1155465
1464344
23253
80274241
9798648
37955739
3815151
20974481
39253799
60691546
170820
3713183
1538425
516951
11237124
4655701
62842547
1366027777
565964877
43331998
1366027777
565964877
356454
11237124
4655701
4423662939
444648015
4574949141
19908807
432763883
179300276
60255
9836
2188138350
306384
1337790079
13727776
432763883
179300276
700
516
84
8944108
18774578
21581108
2628
11478453
28856129
117786
3713183
1538425
68643
2745998
3393105
135737190
2066984
135737190
41815
2745998
31468089
32544276
1115911
44640746
3101350543
123
370
13461112
1884
8229892
679782
44640746
33857956
349942011
477236250
3101350543
12
79972
1555
4677
3
9
154359
214809
348422
400506
48
213019
842364
17595
1155465
785087
370307
9472
876367
9057773
12352611
80274241
2571185
12693140
3021768
303735
3125111
4831833
50839
295617
110611
122478
30849009
123557
718459
67548
297668
8697235
50572391
20952866
3448
8697235
50572391
12763899
20952866
30849009
48
123557
718459
40532
181331
297668
167170631
16803289
172887751
2812527
16354187
6775774
2277
371
82689950
11578
50555210
1115
2812527
16354187
4127611
6775774
126
12693140
41
6
1107885
1494699
1718135
209
913833
2297321
20
50839
295617
55981
74610
122478
1127791
74173
588882
2314419
649057
40911741
8741083
34354112
9634289
607273961
4155996
432
8741083
16333852
3924452
137279100
1127791
37539
279987
29
588882
1100403
264388
9248423
2189280
2264152
3105721
215765477
8
25
936509
131
572565
1476632
153
3105721
2355547
24345975
33202021
81287634
48775499
35801469
13798155
768
215765477
13
91262
7909
41253
999128
1
4
116603
157315
162267
180831
22
96179
380333
187840
248045
25
521700
354472
167196
4276
395685
4089643
5577284
473899
2064067
9310994
13654719
8193321
6013940
2317817
129
36244344
102824
10435
113989
32212
5025
35710
504
589
274
170
199
170
278915
33858
189515
17193
3977
37477
37477
20990
12605
674
173563
16351
173563
102824
10435
113989
56774
58621
9145
58621
6892
278915
33858
189515
17193
3977
38576
32212
5025
35710
3499
809
1066
1066
500
504
589
274
965
418
418
965
37477
37477
20990
12605
674
540
170
199
170
324
33
14749868
1496980
16351405
91192
20828
101051
5631965
883816
6243483
38900
12978
41367
232597
271400
126623
11288
13178
6139
98934
115878
98934
5397
6302
5397
1848406
224385
1255938
113946
26357
39771
4828
27023
2571
645
218643
218643
122459
73538
3941
6051
6051
3389
2148
143
117422
13280
13280
124449
596826
63863
23649
63863
72428
153807
32293
153807
24894232
2345027
24894232
14749868
1496980
16351405
91192
20827
101051
63698256
10249130
1599476
10249130
7737880
1924579
233632
1307695
118638
27436
43281112
5631965
883816
6243483
3929394
908922
45763
5543
31091
2805
650
405519
38900
12978
41367
36763
8478
23866
23866
11190
492638
492638
231151
232597
271400
126623
11288
13178
6139
5876019
242877
242877
5876019
244438
244438
136906
82214
4389
3291088
98934
115878
98934
1979540
106939
8526
8526
4771
2861
143
69703
5399
6305
5399
41851
2226
102824
10435
113989
32212
5025
35710
504
589
274
170
199
170
278915
33858
189515
17193
3977
37477
37477
20990
12605
674
173563
16351
173563
102824
10435
113989
56774
58621
2059328
32237
9145
58621
6892
278915
33858
189515
17193
3977
38576
32212
33
544734
33
5025
35710
3499
809
1066
1066
500
504
589
274
965
418
4752
418
965
37477
37477
20990
12605
674
540
170
12
33
812
199
170
324
33
14749868
1496980
16351405
91192
20828
101051
5631965
883816
6243483
38900
12978
41367
232597
271400
126623
11288
13178
6139
98934
115878
98934
5397
6302
5397
1848406
224385
1255938
113946
26357
39771
4828
27023
2571
645
218643
218643
122459
73538
3941
6051
6051
3389
2148
143
117422
13280
541114
13280
124449
596826
63863
21509005
338890
23649
63863
72428
153798
32290
153798
24888268
2344661
24888268
14744563
1496441
16345524
91115
20827
101008
63741950
10249130
2312071691
36194440
1599042
10249130
7737880
1924579
233632
1307695
118638
27436
43310800
5631965
4208
611590145
352
878684
6243483
3929394
908922
45763
5543
31091
2805
650
405519
38900
40
5689571
4
12978
41367
36763
8478
23866
23866
11190
491101
491101
230430
232519
271400
126623
11288
13178
6139
5943439
242867
29258051
242867
5943439
244438
244438
136906
82214
4389
3328846
98930
12
35
5005620
115472
98930
1999001
106939
8526
8526
4771
2861
143
69703
5399
1
1
104160
6305
5399
41851
2226
102824
10435
113989
32212
5025
35710
504
589
274
170
199
170
278915
33858
189515
17193
3977
37477
37477
20990
12605
674
173563
16351
173563
102824
10435
113989
56774
58621
9145
58621
6892
278915
33858
189515
17193
3977
38576
32212
5025
35710
3499
809
1066
1066
500
504
589
274
965
418
418
965
37477
37477
20990
12605
674
540
170
199
170
324
33
18281918
1855451
20266965
121884
20828
135088
7091574
1109349
7861576
63609
12978
66076
327795
382540
178476
11288
13178
6139
141247
166168
141247
5397
6302
5397
1848406
224385
1255938
113946
26357
39771
4828
27023
2571
645
218643
218643
122459
73538
3941
6051
6051
3389
2148
143
117422
13280
13280
124449
596826
89232
23649
89232
72428
205637
32648
205637
30852289
2906516
30852289
18277829
1855036
20262432
121826
20827
135053
63698256
12905348
2013458
12905348
7737880
1924579
233632
1307695
118638
27436
43281112
7091574
1106408
7861576
3929394
908922
45763
5543
31091
2805
650
405519
63609
12978
66076
36763
8478
23866
23866
11190
692211
692211
324793
327737
382540
178476
11288
13178
6139
5876019
346747
346747
5876019
244438
244438
136906
82214
4389
3291088
141246
164863
141246
1979540
106939
8526
8526
4771
2861
143
69703
5399
6305
5399
41851
2226
67543
67543
135086
102824
10435
113989
32212
5025
35710
504
589
274
170
199
170
8648
734
10094
3064
478
3576
134
134
337
609
154
134
134
134
337
269
269
134
134
278915
33858
189515
17193
3977
37477
37477
20990
12605
674
77354
9390
43325
3656
845
18777
18777
5890
2846
152
173563
16351
173563
102824
10435
113989
2059328
32237
56774
58621
9145
58621
6892
278915
33858
189515
17193
3977
33
544734
33
38576
32212
5025
35710
3499
809
1066
1066
500
504
589
274
4752
965
418
418
965
37477
37477
20990
12605
674
12
33
812
540
170
199
170
324
33
18267
13457
1337
18267
5575
8648
13457
734
10094
2650
40543
634
2480
7523
3489
1173
7523
301
1445
77354
9390
43325
3656
845
33
10724
16
1389
3064
3489
478
3576
117
33
687
434
1888
134
337
2696
434
134
1888
134
1888
134
337
609
154
134
426
66
66
268
472
268
674
538
268
66
472
18777
18777
5890
2846
152
1
2
33
33
134
472
134
337
269
269
134
134
33
33
236
22621770
2295908
25078037
205495
20840
227809
8906637
1389590
9873718
83383
12989
92437
586216
684242
319230
11288
13178
6139
258561
301799
258561
5397
6302
5397
4349477
369530
5076770
63547
5376
74174
1892342
295227
2208768
29900
4638
34904
172491
41432
1449745
677648
923222
233235
7707
1851
64787
30281
41257
10421
815617
490855
360288
360288
490855
360288
50891
30536
22413
22413
30536
22413
1848406
224385
1255938
113946
26357
39771
4828
27023
2571
645
218643
218643
122459
73538
3941
6051
6051
3389
2148
148
320085
38856
179275
15128
3650
6220
937
3484
363
86
87334
87334
27396
13239
813
2424
2424
1520
734
39
117178
13280
541114
13280
124447
596832
151752
21509005
338892
23654
151752
72434
346872
32659
346872
38184697
3597284
38184697
22621770
2295908
25078037
205493
20833
227804
63741949
16208425
2312071691
36194442
2528796
16208425
7737893
1924579
233632
1307695
118641
27444
43310801
8906637
4213
611590145
352
1389590
9873718
3929408
908944
45764
5548
31094
2815
653
405528
83380
40
5689571
4
12980
92437
36772
8481
23862
23862
11188
1238142
1238142
580946
586210
684236
319228
11288
13178
6139
5943442
634768
29258051
634768
5943442
244438
244438
136906
82213
4395
3328851
258560
12
35
5005622
301798
258560
1999008
106946
8527
8527
4774
2861
154
69700
5399
1
1
104086
6305
5399
41851
2226
19719
73428
94376
1376809
24137
11436
73428
8153
11436
56646
134232
9805
134232
23452
3877280
9186478
672493
9186478
1606412
3877280
4349477
369530
5076770
763773
56646
63545
5376
74174
11144
1248623
4645582
5970567
97608551
1528015
724784
4645582
517316
724784
334495
40604
187347
15804
3654
1248623
1892340
3344044
176
25819453
16
295227
2208766
245952
282183
65261
7839
936
4385
370
86
19719
29900
52852
3
364194
1
4639
34904
3860
4431
1004
82336
16212
4546
203031
82336
25587
286599
2600761
362795
101734
6413155
2600761
572581
6413155
677648
172488
41430
1449743
6413155
923220
233232
1449743
30282
7708
1851
64787
203031
41257
10422
64787
2161322
2161322
2171367
101816
101816
31939
15434
820
1
680211
3
371486
815534
490852
360287
2161322
490852
360287
329156
17596
490852
4849
4849
1519
732
39
1
42376
1
23111
50892
30537
22414
67543
30537
22414
20477
1095
30537
10435
113989
102824
5025
35710
32212
134
995281
1122306
589
504
274
199
170
4362
6614015
8409991
33858
278915
17193
3977
189515
37477
12605
20990
674
16351
173563
10435
113989
102824
6892
56774
9145
58621
134
2093341
33858
278915
17193
3977
189515
3499
809
38576
5025
35710
32212
134
1122298
995274
1066
500
589
504
274
965
418
19296
29258051
37477
12605
20990
674
324
540
33
199
170
4362
8409991
6614012
1496980
16351405
14749868
20828
101051
91192
883816
6243483
5631965
995281
15549
1122306
12978
41367
38900
9291
137
10474
271400
232597
126623
13181
11288
6140
115878
98934
6614015
8409992
6302
5397
138490
176096
224385
1848406
113946
26357
1255938
4828
39771
2572
645
27023
218643
73538
122459
3941
6051
2148
3389
142
124449
13290
612638
72428
596826
23649
63863
19572
288
32292
153807
2345027
24894232
1496980
16351405
14749868
20827
101051
91192
7737881
63698257
1599476
10249130
2093348
32752
233632
1924579
118639
27436
1307695
3929394
908922
43281113
883816
6243483
5631965
1122306
995281
15549
5543
45763
2804
649
31091
36762
8478
405518
12978
41367
38900
10474
9291
141
23868
11198
492638
231151
271400
232597
126623
13190
11300
6153
5876020
242877
29258051
244438
82215
136906
4389
1979540
3291088
106940
115878
98934
8409990
6614012
8526
2860
4771
142
41856
69703
2239
6318
5413
176097
138490
68538091
37625045
90299366
201815
159884
383720
68538091
90299366
68538091
37625045
90299366
201815
383720
201815
159884
383720
41206
38364
5217
56994
51412
239994
13337
12417
2512
17855
16106
81058
134
872949
984356
195
176
294
252
137
4077
134
134
134
134
2090
2847
7373886
9373765
194128
220639
261537
1817545
104728
112043
25917
132812
1234969
277524
96160
96160
170342
32342
53858
36501
1730
2
79126
8175
86781
506889
41206
38364
5217
56994
51412
239994
3031
3446
4084
28387
27913
4572
29310
198993
1
134
1416
1836049
1836049
194128
220639
261537
1817545
104728
112043
25917
132812
1234969
1635
1749
404
2074
19288
13337
12417
2512
17855
16106
81058
1
134
862
984356
872942
984356
499
533
250
15650
195
176
294
252
137
4077
2027
630
273
12596
1
12596
3059
32610723
277524
96160
170342
32342
53858
36501
2
1730
1244
211
352
239
14
33
134
134
134
134
2090
1
2847
2983
9373765
7373886
7992541
7448034
1014341
11061796
9994386
90642032
46233
43644
23119
63559
57405
1064838
68538091
63077860
151380478
3202959
2980708
604848
4287952
3867969
39315116
872967
13623
984359
32288
32171
16907
33378
32834
546365
21748350
20585983
49405953
12095
149
13646
124932
112235
187826
160936
87631
10677616
20673
18573
31090
26636
14497
386617
201815
686423
1647404
82258
69702
56515
50849
5724053
7373886
9373765
26898
23046
18682
16782
271195
64462
534236
546325
262004
546325
967173
1099251
1303009
9055231
521769
558214
129125
661686
6152766
15056
17113
20285
140972
8122
8690
2362
10301
95786
883958
587080
587080
542565
197457
328816
222850
10565
2
31624
11438
11438
19409
3847
6406
4341
522
1
403348
265007
31898
828525
64462
8127
1
546325
546325
2983
546325
82963
94293
111775
505631
39952
30795
41364
1341315
21748350
1
527935
622819
49405953
49405953
20
25482
374
25482
88206
31922
96740
2218182
68538091
175072
390035
151380478
151380478
15347755
1585755
16832581
191443946
7992541
7448034
1014341
11061796
9994386
90642028
46233
43644
23119
63559
57405
1064834
68538091
73134
216516
63075718
151380478
34221921
5761891
6548739
7762622
53946138
6703282
1098512
7035714
96438246
1
1419
1836053
28709
1836053
1086739
1235146
1464094
10174683
586271
627220
145079
743484
6913401
3109430
3325781
797196
3941965
36654832
3202959
2980708
604848
4287952
3867969
39315105
1
869
984359
872941
13623
984359
20099
22848
27084
188350
10836
11593
2662
13745
127973
44736
47869
11044
56747
384918
32288
32171
16908
33378
32834
546359
21748350
1
142569
257601
20585983
49405953
11168879
13
13647
12095
173
13647
31898
31898
26404
1011406
201815
230417
64617
1647404
1647404
318436
340310
159489
40858858
124932
112235
187826
160936
87631
10677614
20683
18580
31098
26643
14509
430383
201815
95305
17452
686423
1647404
546325
6569195
5501946
171064
34170864
1
3046
32610723
883958
840948
542567
282841
471005
319216
2
15120
4032140
1850517
3081574
2088491
14
127433
82258
69702
56515
50849
5724053
1
2983
9373691
7371913
31624
30086
19409
10113
16848
11417
1
522
341957
178264
265007
201189
1
9538
26914
23058
18695
16795
432926
64462
8127
8127
1
190329
446383
546325
546325
546325
2983
546325
546325
10435
113989
102824
5025
35710
32212
134
995281
1122306
589
504
274
199
170
4362
6614015
8409991
33858
278915
17193
3977
189515
37477
12605
20990
674
16351
173563
10435
113989
102824
6892
56774
9145
58621
2059328
32237
134
2093341
33858
278915
17193
3977
189515
3499
809
38576
5025
35710
32212
33
544734
33
134
1122298
995274
1066
500
589
504
274
965
418
4752
19296
29258051
37477
12605
20990
674
324
540
33
199
170
12
33
812
4362
8409991
6614012
1496980
16351405
14749868
20828
101051
91192
883816
6243483
5631965
995281
15549
1122306
12978
41367
38900
9291
137
10474
271400
232597
126623
13181
11288
6140
115878
98934
6614015
8409992
6302
5397
138490
176096
224385
1848406
113946
26357
1255938
4828
39771
2572
645
27023
218643
73538
122459
3941
6051
2148
3389
142
124449
13290
612638
72427
596825
23649
63863
19572
21648756
288
338890
32290
153798
2344661
24888268
1496441
16345524
14744563
20827
101008
91115
7737880
63741950
1599042
10249130
2093347
2312071691
32752
36194440
233632
1924579
118638
27436
1307695
3929394
908922
43310800
878684
6243483
5631965
1122306
995281
4208
611590145
15549
373
5543
45763
2804
649
31090
36762
8478
405518
12978
41367
38900
10474
9291
40
5726536
141
4
23868
11198
491101
230430
271400
232519
126623
13190
11300
6153
5943439
242867
29258051
244438
82214
136906
4389
1999001
3328846
106939
115472
98930
12
35
5005619
8409989
6614011
8525
2860
4771
142
41856
69703
2239
6318
5413
1
1
104812
176097
138490
292629
168921
292629
68538091
37625045
90299366
426861
426861
426861
383720
201815
57692
159884
383720
383720
292629
168921
292629
292629
168921
292629
68538091
90299366
68538091
37625045
90299366
383720
201815
57692
383720
426861
426861
426861
426861
426861
426861
383720
201815
57692
159884
383720
41206
38364
5217
56994
51412
239994
13337
12417
2512
17855
16106
81058
134
872949
984356
195
176
294
252
137
4077
134
134
134
134
2090
2847
7373886
9373765
194128
220639
261537
1817545
104728
112043
25917
132812
1234969
96160
96160
277524
32342
53858
36501
1730
2
170342
79126
8175
86781
506889
1373
372906
154500
41206
38364
5217
56994
51412
239994
836
372906
154500
3031
3446
4084
28387
27913
4572
29310
198993
1627220
1
1029664
16118
3151397
134
1416
1836049
1836049
343
93226
38625
194128
220639
261537
1817545
104728
112043
25917
132812
1234969
1635
1749
404
2074
19288
13337
12417
2512
17855
16106
81058
14
1
33
272367
33
311593
134
862
984356
872942
984356
209
93226
38625
499
533
250
15650
41
67968
195
176
294
252
137
4077
19
67968
630
2027
273
12596
3102
3102
3102
5940
1
3102
3102
9494
12596
3059
32610723
12
21202
3102
96160
277524
32342
53858
36501
2
1730
170342
211
352
239
14
33
1244
134
134
134
134
2090
3102
3102
3102
11
1
33
350
477
3102
14
33
530
607
2847
2983
9373765
7373886
8
21202
3102
292629
168921
292629
97566
56308
97566
7992541
7448034
1014341
11061796
9994386
90642032
46233
43644
23119
63559
57405
1064838
68538091
63077860
151380478
3202959
2980708
604848
4287952
3867969
39315116
872967
13623
984359
32288
32171
16907
33378
32834
546365
21748350
20585983
49405953
12095
149
13646
124932
112235
187826
160936
87631
10677616
426861
426861
426861
20673
18573
31090
26636
14497
386617
2494004
201815
57692
686423
1647404
1647404
82258
69702
56515
50849
5724053
7373886
9373765
148115
148115
148115
26898
23046
18682
16782
271195
828525
64462
16421
534236
546325
262004
546325
546325
967173
1099251
1303009
9055231
521769
558214
129125
661686
6152766
15056
17113
20285
140972
8122
8690
2362
10301
95786
292629
168921
292629
292629
168921
292629
587080
587080
883958
197457
328816
222850
10565
2
542565
11438
11438
31624
97566
56308
97566
3847
6406
4341
522
1
19409
97566
56308
97566
403348
383723
31898
828525
64462
888
16421
8127
122
11
1
252451
2983
82194
546325
8
155
2609129
82963
94293
111775
624347
39940
30795
41364
1341315
21748350
13514
1
5612486
20
1116190
527935
622819
25482
20667420
374
441172
25482
49405953
8
1318
546
88189
31919
96721
2217995
68538091
175071
390034
151380478
8
4596
1904
15347755
1585755
16832581
191443945
1373
971954
402694
7992541
7441401
1012082
11054902
9972130
90642027
836
971954
402694
46224
43536
23119
63522
57300
1064833
68538091
73133
216515
34220758
63075718
151380478
8
4596
1904
5896831
6694543
7928620
55080629
6700354
1097693
7035714
96438246
1627220
1
1419
1836053
2016984332
28709
31574982
1836053
343
240927
99819
1086738
1235146
1464094
10174683
586270
627220
145079
743484
6913401
3221420
3444497
797196
4061319
37425685
3201471
2980708
603189
4285960
3866172
39315105
14
1
869
984359
872941
3685
533533516
199428899
13623
327
984359
209
240927
99819
20099
22848
27083
188349
10835
11593
2661
13745
127973
44736
47869
11044
56747
503634
32278
32171
16908
33367
32823
546359
21748350
11
1
1320092
13
53
142569
257600
13647
12095
52
5466954
7223580
2050748
173
5
13647
11168607
20585983
49405953
8
1318
546
31898
31898
26404
1011406
2494004
201815
57692
230417
64617
1647404
8
620
318402
339874
159473
40857354
41
267952
124919
112223
187826
160918
87631
10677613
19
267952
426861
426861
426861
426861
426861
426861
20683
18580
31098
26643
14509
430383
2494004
201815
57692
95305
17452
546325
686423
1647404
8
620
6569139
6173770
171058
34170864
13024653
4696969
58439
5940
1
3046
32610723
12
73091
34863638
883957
840948
542566
282841
471005
319215
2
15120
4032085
2076477
3457854
2343510
14
127432
81330
69679
56496
50754
5717644
13024653
4696969
58439
11
1
2983
380597
3679642
5018142
14
42
5579215
9373690
7371912
2112749
32610723
8
73091
34863638
31623
30085
148115
148115
148115
19409
10113
16847
11417
1
522
148115
148115
148115
341957
178264
296855
201189
1
9538
26914
23058
18695
16795
432926
828525
64462
888
888
16421
8127
8127
122
11
1
113322
219462
2983
2
52387
28484
294402
401493
1
190329
3
446383
546325
546325
166853
546325
546325
8
155
2609129
10435
113989
102824
5025
35710
32212
134
995281
1122306
589
504
274
199
170
4362
6614015
8409991
33858
278915
17193
3977
189515
37477
12605
20990
674
16351
173563
10435
113989
102824
6892
56774
9145
58621
134
2093341
33858
278915
17193
3977
189515
3499
809
38576
5025
35710
32212
134
1122298
995274
1066
500
589
504
274
965
418
19296
29258051
37477
12605
20990
674
324
540
33
199
170
4362
8409991
6614012
1855451
20266965
18281918
20828
135088
121884
995281
15549
1109349
7861576
7091574
1122306
9291
137
12978
66076
63609
10474
382540
327795
178476
13181
11288
6140
6614015
166168
141247
8409992
138490
6302
5397
176096
224385
1848406
113946
26357
1255938
4828
39771
2572
645
27023
218643
73538
122459
3941
6051
2148
3389
142
124449
13290
612638
72427
596825
23649
89232
19572
288
32648
205637
2906516
30852289
1855036
20262432
18277829
20827
135053
121826
7737880
63698256
2013458
12905348
2093347
32752
233632
1924579
118638
27436
1307695
3929394
908922
43281112
1106408
7861576
7091574
1122306
995281
15549
5543
45763
2804
649
31090
36762
8478
405518
12978
66076
63609
10474
9291
141
23868
11198
692211
324793
382540
327737
178476
13190
11300
6153
5876019
346747
29258051
244438
82214
136906
4389
1979540
3291088
106939
164863
141245
8409989
6614011
8525
2860
4771
142
41856
69703
2239
6318
5413
176097
138490
37625045
90299366
159884
383720
90299366
37625045
90299366
81930
383720
81930
20937
38954
159884
383720
13037
81930
41206
38364
5217
56994
51412
239994
13337
12417
2512
17855
16106
81058
134
872949
984356
195
176
294
252
137
4077
134
134
134
134
2090
2847
7757356
10021271
194128
220639
261537
1817545
104728
112043
25917
132812
1234969
277524
96160
96160
170342
32342
53858
36501
1730
2
79126
8175
86781
506889
41206
38364
5217
56994
51412
239994
3031
3446
4084
28387
27913
4572
29310
198993
134
1416
1836049
1836049
194128
220639
261537
1817545
104728
112043
25917
132812
1234969
1635
1749
404
2074
19288
13337
12417
2512
17855
16106
81058
134
694
862
984356
872942
984356
499
533
250
15650
195
176
294
252
137
4077
2027
630
273
12596
12596
6595
34863638
277524
96160
170342
32342
53858
36501
2
1730
1244
211
352
239
14
33
134
134
134
134
2090
2847
6519
6519
10021271
7881200
10491445
9772198
1329979
14515961
13104400
90642032
65536223
157280548
70942
68353
23119
90727
82838
1064838
872967
13623
4265231
3970118
804455
5710065
5150793
39315116
984359
21422208
51412878
12095
149
56997
56880
16907
58087
57543
546365
13646
187331
168293
281653
241317
131407
10677616
818871
1965275
20673
18573
31090
26636
14497
386617
7757356
124432
105374
85438
77059
5748085
10021272
534236
652282
262004
26898
23046
18682
16782
271195
696880
967173
1099251
1303009
9055231
521769
558214
129125
661686
6152766
15056
17113
20285
140972
8122
8690
2362
10301
95786
883958
587080
587080
542565
197457
328816
222850
10565
2
31624
11438
11438
19409
3847
6406
4341
522
1
482481
265007
12
651
39439
278541
652282
2609129
6519
56607
2609129
82963
94293
111775
505631
12
651
55526
527935
622819
51412878
67371414
20
64649
30795
66073
1341315
25482
374
25482
175071
390034
157280548
177388547
125644
36244
137799
2249039
20146300
2081548
22095363
191443945
10491445
9767988
1328514
14511267
13089961
90642027
73133
216515
65534100
157280548
40100090
70933
68245
23119
90695
82744
1064833
5761890
6548739
7762622
53946138
1419
8924455
1462059
9371135
96516170
1836053
28709
1836053
1086738
1235146
1464094
10174683
586270
627220
145079
743484
6913401
3109430
3325781
797196
3941965
36654832
700
869
4264161
3970118
803411
5708632
5149501
39315105
984359
872941
13623
984359
20099
22848
27083
188349
10835
11593
2661
13745
127973
44736
47869
11044
56747
384918
12
651
43353
142569
257600
21422208
51412878
15229841
10
13
56987
56880
16908
58076
57532
546359
13647
12095
173
13647
278541
230417
64617
1965275
4073078
52718
56273
26404
1651777
477456
509655
239136
40979792
187321
168283
281653
241304
131407
10677613
222234
278541
120357
278541
95305
17452
818871
1965275
920750
20683
18580
31098
26643
14509
430383
6820299
5501946
6582
258645
34863638
883957
840948
542566
282841
471005
319215
2
15120
4186245
1850517
3081574
2088491
14
127432
6519
6519
122974
105357
85424
76982
10021271
7881199
5784840
31623
30085
19409
10113
16847
11417
1
522
341957
178264
265007
201189
1
9538
6
530
39439
142359
264868
77098
278541
190329
446383
652282
652282
589814
2240
3099
26914
23058
18695
16795
749973
589814
432926
166853
10435
113989
102824
5025
35710
32212
134
995281
1122307
589
504
274
199
170
4362
6614014
8409991
734
10094
8648
478
3576
3064
134
41987
47348
154
134
134
134
337
609
134
134
134
134
337
269
269
490854
624141
33858
278915
17193
3977
189515
37477
12605
20990
674
9390
77354
3656
845
43325
18777
2846
5890
152
16351
173563
10435
113989
102824
2059328
32237
6892
56774
9145
58621
134
2093341
33858
278915
17193
3977
189515
33
544734
33
3499
809
38576
5025
35710
32212
134
1122298
995273
1066
500
589
504
274
4752
965
418
19296
29258051
37477
12605
20990
674
12
33
812
324
540
33
199
170
4362
8409991
6614011
1337
18267
13457
5575
734
10094
8648
13457
2650
40543
634
301
2480
1173
7523
3489
1445
134
88341
9390
77354
3656
845
43325
33
10724
16
117
33
1389
478
3576
3064
3489
687
134
47348
41987
434
134
1888
134
337
2696
154
134
134
426
1888
134
337
609
66
66
268
472
268
268
674
538
2171367
18777
2846
5890
152
1
2
33
33
33
33
134
134
236
472
134
134
337
269
269
624141
490854
2295908
25078037
22621770
20840
227808
205494
995301
15571
1389589
9873718
8906637
1122328
9296
137
12989
92437
83383
10486
684241
586216
319230
13180
11287
6139
6614014
301798
258560
8409992
138489
6301
5396
176095
369538
5076770
4349477
5375
74175
63547
42004
628
295231
2208767
1892341
47366
632
11
4638
34904
29900
720
172491
41433
1449745
923221
677648
233234
7707
1851
64786
41256
30281
10421
818042
490854
360287
490854
490854
360287
624140
50891
30536
22413
30536
30536
22413
38829
224385
1848406
113946
26357
1255938
4828
39771
2571
645
27023
218643
73538
122459
3941
6051
2148
3389
148
38856
320085
15128
3649
179275
939
6220
363
86
3484
87334
13239
27396
812
2424
734
1520
39
124450
13291
612638
72452
596838
23678
151765
19600
21648756
306
338901
32678
346879
3597284
38184697
2295908
25078037
22621770
20856
227815
205502
7737893
63741949
2528795
16208425
2093363
2312071691
32784
36194442
233632
1924579
118641
27444
1307695
3929408
908943
43310801
1389589
9873718
8906637
1122328
995301
4241
611590145
15587
372
5555
45764
2821
652
31095
36792
8510
405534
13011
92451
83396
10508
9319
39
5726537
145
3
23870
11200
1238144
580951
684242
586218
319236
13191
11302
6154
5943441
634775
29258051
244438
82213
136906
4399
1999008
3328850
106963
301807
258570
11
34
5005622
8409992
6614014
8527
2868
4776
153
41857
69703
2239
6319
5414
1
1
104813
176097
138491
19739
8178
11458
73441
94388
1397
1543090
21
24156
56657
23473
9826
134239
3877280
1606412
672497
9186478
3877280
763777
369541
5076770
4349477
56657
11160
5399
74185
63557
1248626
517323
724791
4645581
5970567
88375
97608551
1384
1528017
40605
334495
15809
3657
187347
1248626
245964
282195
65276
295238
2208767
1892341
3344043
47381
42018
179
25819453
658
15
952
7844
370
85
4393
19739
3888
4461
1031
4667
34918
29915
52865
749
664
2
408178
10
1
116226
25588
16213
4546
286599
2600761
572582
362798
101743
6413155
923221
677649
233237
172494
41444
1449744
6413155
41258
30283
10423
7708
1852
64787
286599
2171367
101816
15434
31939
825
329159
1
681154
2
371488
17612
818042
624142
490854
360289
2171367
4849
735
1521
39
20477
1
42376
1
23111
1095
50892
38829
30537
22414
135086
457
438
248
438
438
248
292629
168921
292629
14997
4998
14997
37625045
90299366
426861
426861
159884
383720
383720
383720
1347166
3224789
62670
62670
12212
12212
12212
12212
292629
168921
292629
168921
14997
4998
14997
4998
90299366
37625045
90299366
81929
383720
81929
426861
426861
20936
38953
159884
383720
13036
81929
3224789
1343673
3224789
12212
6240
4857
248
12212
12212
366258
184077
248
196364
74982
248
62670
62670
12212
12212
6240
4857
248
12212
12212
12212
12212
41206
38364
5217
56994
51412
239994
13337
12417
2512
17855
16106
81058
134
872949
984356
195
176
294
252
137
4077
134
134
134
134
2090
2847
7757357
10021271
1435
5788
3593
4279
3844
491
6756
5788
990
2499
1551
1929
1733
389
2917
2499
134
42365
47771
67
134
134
134
134
134
134
134
134
337
337
67
134
134
134
134
134
134
134
134
337
269
269
879682
1300366
194128
220639
261537
1817545
104728
112043
25917
132812
1234969
96160
96160
277524
32342
53858
36501
1730
2
170342
8262
9390
11131
77354
3417
3656
845
4333
43325
18777
18777
18777
18777
50234
18777
18777
2846
5890
3212
152
1
18925
79126
8175
86781
506889
8461
372906
154500
41206
38364
5217
56994
51412
239994
5154
372906
154500
1029664
16118
3031
3446
4084
28387
3151397
4181061
27913
4572
29310
198993
2115
93226
38625
134
1416
1836049
1836049
194128
220639
261537
1817545
104728
112043
25917
132812
1234969
33
272367
33
1635
1749
404
2074
19288
311593
134
13337
12417
2512
17855
16106
81058
1288
93226
38625
134
694
862
984356
872941
984356
499
533
250
15650
236
67968
195
176
294
252
137
4077
236
67968
3102
3102
630
9494
12596
273
12596
236
21202
12596
2027
87092
34863638
96160
277524
32342
53858
36501
2
1730
170342
33
350
477
3102
14
33
530
211
352
239
14
33
607
134
134
134
134
134
2090
236
21202
2847
1244
29917
41402
10021271
7881200
1055
3943
12225
10907
894
12225
12225
8094
3353
118
1055
1435
5788
4279
3844
491
6756
5788
3593
8094
1594
3353
40543
634
264
301
356
2480
107786
128922
325
3917
6135
5843
957
6135
6135
2382
987
134
438
2639
14270
89133
1370
89133
8262
9390
11131
77354
3417
3656
845
4333
43325
33
10724
16
109
117
33
138
1389
10657
134
43
325
990
2499
1929
1733
389
2917
2499
1551
2382
469
987
134
438
1075
7650
47771
42365
459
641
47771
672
67
217
190
217
134
944
134
337
1348
457
438
438
61
672
67
134
134
134
134
134
134
134
236
944
134
337
337
438
438
438
33
33
33
33
33
101
134
168
67
134
134
236
134
101
134
337
269
438
4523930
18777
18777
18777
50234
18777
18777
2846
5890
3212
1
152
18925
33
33
33
33
33
1
5
33
33
33
16
33
33
33
3
33
101
26
26
168
67
134
134
134
134
134
134
236
236
134
101
134
337
269
269
16
438
438
438
534187
1300367
1022670
292629
168921
292629
97566
56308
97566
14997
4998
14997
4999
1666
4999
15562940
14489769
1970709
21525917
19417562
90642031
72734650
177388547
182813
170203
23122
252863
228099
1064838
872966
13643
6468876
6022803
1218796
8660188
7811966
39315115
984381
24279034
61429736
12099
149
89874
83677
16906
120332
108543
546364
13645
513135
460982
771548
661014
359959
10677616
426861
426861
1467113
4046215
20672
18572
31089
26635
14496
386616
4046215
4073078
7757356
359615
308093
249802
224415
5748085
10021272
148115
148115
534235
1576925
262003
26898
23046
18682
16782
271194
696879
1576925
2244991
2517117
1641937
3089536
2770925
355052
4877883
4179081
70164
50751
7173496
20035024
92671
83250
10625
146323
125358
1112363
42364
630
1473942
1302975
297853
2228493
1909240
47774
62594
2501735
7489499
2644
42
92886
83442
18741
140420
120299
2987
342461
181064
280384
67354
2307999
662539
514978
1500701
1101521
379122
62670
62670
56200
29608
37117
8917
171728
291543
1083821
89807
72480
198665
145821
50189
1083821
1380035
1543296
879681
624458
189198
879681
1014735
701573
421047
322651
1300365
29997
29997
221693
171728
147126
61111
233146
361187
171728
305503
224241
147418
118976
549366
361187
722374
967173
1099251
1303009
9055231
521769
558214
129125
661686
6152766
15056
17113
20285
140972
8122
8690
2361
10301
95786
292629
168921
292629
168921
587080
587080
883958
197457
328816
222850
10565
2
542565
97566
11438
56308
11438
31624
97566
3847
6406
4341
530
56308
1
19408
72242
82108
97327
676377
29881
31968
7394
37894
378830
1691
1734
1806
9571
979
1043
229
1242
5361
14997
4998
14997
4998
133397
133397
288192
20221
41846
22822
1703
1
108572
288192
4999
1666
1666
29997
4999
1666
1666
1666
243
1666
1
11301
29997
9304304
82987
94320
111803
776974
82
19
188153
30824
197570
2999839
8179
2041
233221
527955
622838
360518
149367
1341327
25516
28182703
399
441187
25516
67371414
351082
36274
385048
21537
175091
390051
949242
393284
2249050
177388547
29884887
3087755
32776115
1833344
80801560
33477244
191443946
15562940
14489769
1970709
21525917
19417562
1116822
80801560
33477244
90642031
182830
170223
23151
252882
228114
13120
73159
216534
949242
393284
1064846
40100089
73912502
177388547
5971405
6786866
8044888
55907738
1437
13538698
2217993
14216326
588595
25941350
10747873
96516176
1836078
2027906263
28755
31745960
1836078
1086739
1235146
1464094
10174683
586272
627224
145088
743487
6913401
3221445
3446463
797229
4085304
37987682
705
875
6468876
6022803
1218802
8660188
7811966
358555
25941350
10747873
39315115
984388
872973
3720
536422590
18601
200508803
13671
326
984388
20117
22865
27103
188354
10853
11611
2685
13763
127981
2188432
44769
47897
11079
56775
527931
32
9
12
89900
83701
16938
120354
108566
52
4983
1121
153916
142594
257621
360518
149367
546379
13680
12132
51
7454900
9850287
258
2786558
190
4
13680
15229842
28071653
67371414
52719
56274
26404
12215
869655
1651777
230418
64618
4073078
1307937
1396143
655086
303060
40979792
101051093
513146
460994
771557
661025
359974
144091
10677615
101051093
426861
426861
20683
18581
31099
26644
14509
5807
222235
413482
120357
869655
430383
95306
17452
920751
1697129
4073078
7444361
7082153
87108
756392
104559
34863638
883957
840948
542566
282843
471005
319216
1
15134
4569290
2382001
3966629
2688324
13
127456
29932
41415
359631
308110
249818
224429
49713
380612
3933851
5364821
13
41
5964655
10021273
7881202
5784843
206
2229522
34863638
31626
30087
148115
19412
10119
16851
11421
1
541
148115
113322
219462
341957
178264
296855
201189
1
9538
6
2240
3099
26914
23058
18695
16795
2
52387
3720
530
1311
6838
42289
142359
264868
77098
557083
28484
294402
401493
1
190329
3
446383
749973
589814
432926
15
166853
1087146
2609129
19220
20614
45923
236240
111760
5267
46303
19384
264794
264794
139504
20885030
640676
7874801
3725386
1543480
646152
8826594
8826594
4650210
125
640676
3089539
2775546
3725386
733856
1543480
355065
4877885
4179084
2594425
1692365
3
19220
8613
25493
92684
83265
111760
2665
22015
46303
10651
146334
125370
77831
50770
4721226
8702167
20885030
216652
2507
643403
4463678
1259783
521946
731267
4687090
866816
6023915
4687090
89165
98480697
1396
1541671
89165
91638
104153
123459
857975
37904
40551
9380
48068
480541
42
216652
634
266127
1474248
1324419
1259783
248162
521946
284716
65860
297876
2228503
1909249
337491
353090
3373923
2512918
1185285
47804
42394
180
26050154
903
9737258
479
663
15
47804
2413
2743
3251
22599
998
1068
247
1266
12657
2
13653
39
31400
56730
16770
92904
83462
79389
10695
15638
32892
17942
4150
18771
140435
120317
21268
22251
212617
158359
74694
60880
3012
2671
37
901896
11
1641628
2169111
56
613622
30
41
1
3012
3353732
6181600
14835720
3710249
4227554
2721800
1649322
1173405
930736
589731
165384
19927
10424626
678402
547516
1500702
1101523
424535
1459255
671838
223662
379128
280391
67368
5039
2356569
61
10424626
62670
62670
89808
72481
198666
145822
56200
193179
88939
29608
50189
32291
37118
5913
7883
8918
667
162955
311967
8
88252
575019
1380035
288192
43687
90405
49305
1
2337
108573
288192
49388
510459
696142
685786
1
1419150
5
773977
534187
3
36695
1704348
1300367
1022670
750645
493482
398273
26
26
289304
16
4523930
4547
9410
5132
1
243
11301
29997
