1
2988
6445488
6445488
1
2983
3455653
3455653
18
16750
93390200
6
8327
26850579
1
2983
1711735
1
50
63015
63015
1
2988
6445491
6445491
1
2983
3455656
3455656
1
31
33771
33771
18
16602
93390200
6
7893
26850579
1
2310
559452
1
2988
6445488
6445488
1
2983
3455653
3455653
18
16750
93390200
6
8327
26850579
1
2983
1711735
1
50
63015
63015
1
2988
6445491
6445491
1
2983
3455655
3455655
1
31
33770
33770
18
16602
93390200
6
7893
26850579
1
2310
559452
5023
6445488
6445488
2454
3054
3455653
3455653
30459
93412178
10424
14757
26850579
4857
1946320
50
63015
63015
5023
6445491
6445491
2454
3054
3455655
3455655
25
31
33770
33770
30335
93412178
10424
14423
26850579
1669
2310
559452
5027
6445487
6445487
2463
3056
3455652
3455652
233381
93412178
80184
110952
26850579
267039
4163
267039
143161
1416
1970
143161
6547234
773095
1881948
1480051
4862
1946320
49
63030
63030
5045
6445499
6445499
2475
3073
3455665
3455665
24
30
33792
33792
233393
93412178
80200
110968
26850581
1671
2312
559454
4311
67
4311
267057
4182
267057
143179
1437
1988
143179
2311
23
32
2311
6547234
773099
1881949
1480054
42671
103875
81692
10100268
1015236
10445690
137
33
4996037
21530
22267
33
33
9210
382225
395605
37905333
3810079
39201668
5011949472
503780106
5183354666
68250
11122
2479130756
496
85
18749644
29699297
30714993
112
333
12704473
2
5
167145
52874
54686
75016
75016
4104481
7954
54635
459187
68081
145466
310313
128250
10100268
1015236
10445690
137
33
4996037
21530
22267
33
33
9210
659052
273054
659052
166337
246348
24761
254772
166814
69113
33
33
121854
166814
42102
23620
23620
19528
114911
2031282
23620
11230
7954
54635
459187
1025
1060
7634
7634
410308
643494
567334
7
19
438
7634
3629
68081
145466
213737
128250
12797437
3074776
107557038
318890
83106
2679987
59254916
35555077
26097611
1546324
927850
681185
382156
394813
37905332
3810085
39201668
5011949472
503780106
5183354666
68264
11137
2479130756
496
85
18749645
29699298
30714994
112
333
12704476
2
5
167148
1806706
186180
1868495
181204
75067
546984
226776
55103133
22830017
55103133
13907407
546984
138144
178977550
17990071
185098458
17509249
7254333
2420
377
88530172
17509249
4419136
26
5
893676
181204
45725
170645
185124
670667
188082
11855312
6848566
6848566
26916163
7548385
475794122
6848566
3256189
12797437
3074776
107557038
170645
88013
318872
83106
2679987
1595883
1650460
2263927
2263927
157283028
7
19
682668
2263927
1076394
59254916
35555077
26097611
1
1
22609
75016
35661
1546324
927850
681047
52861
894399
8127
13367
621527
8127
10100268
1015236
10445690
137
33
4996037
21530
22267
33
33
9210
390751
404116
37905333
3810079
39201669
5011949472
503780106
5183354666
68250
11122
2479130756
507
85
18749644
29699297
30714993
117
345
12704473
2
5
167144
211324
13796352
5716026
145715
13796352
5716026
5050134
507618
16692972
5222845
15985071
52831
3449088
1429006
68
33
1117
2498018
4674296
36428
3449088
1429006
4363
327648
2658
327648
10765
43744
11133
34075
1090
96438
1060983
1060983
33
33
11
4605
8617
664
96438
11582
119716
163264
1060983
1060983
82496
888
628873
181
260453
635829
8
2130
52861
894399
8127
48650324
80274241
6704487
35879950
3660122
42462
18345716
37107020
57372342
134
50638
20980
537
184347
76377
211324
55457675
22976909
145715
55457675
22976909
370
184347
76377
4422564173
444537572
16692972
4573812799
52831
14710634
6094826
60238
9813
1117
2187594852
1337457794
36428
14710634
6094826
683
503
85
11
7823128
17747802
20400843
10850700
27277996
92
50638
20980
13
6700
4363
1814997
2658
1814997
8
6700
31087418
43744
32150587
1090
512464
3063833373
3101350543
124
367
11
13298273
8145594
664
512464
33448375
345708748
471463102
3063833373
3101350543
13
79954
888
888
4
10
11
154343
214796
348410
400492
213004
635829
8
2130
13367
621527
8127
646408
5489476
7486318
48650324
80274241
1464336
23232
785078
370294
9456
52885
54694
75023
5212164
7954
54635
459187
68081
145466
310313
128250
10100268
1015236
10445690
137
33
4996037
21530
22267
33
33
9210
659052
273054
659052
166337
246348
24761
254772
166814
69113
33
33
121854
166814
42102
23620
19528
114911
2031282
11230
23620
7954
54635
459187
1025
1060
7634
410308
643494
567334
7
19
438
3629
7634
68081
145466
213737
128250
12797437
3074776
107557038
345933
83111
2907439
59254916
35555077
26097611
1963634
1178251
864842
390762
404126
37905332
3810084
39201668
5011949472
503780106
5183354666
68268
11144
2479130756
516
84
18749645
29699298
30714994
116
349
12704476
1
4
167156
1852316
186187
1915664
181210
75078
547370
226783
55103133
22830017
55103133
13907407
547370
138150
178977550
17990071
185098458
17509249
7254333
2437
397
88530172
17509249
4419136
25
4
916237
181210
45735
185127
727587
204044
12861479
6848566
26916163
7548385
475794122
3256188
6848566
12797437
3074776
107557038
88020
185127
345935
83116
2907439
1595884
1650462
2263927
157283028
6
18
682671
1076396
2263927
59254916
35555077
26097611
1
1
22622
35670
75023
1963634
1178251
864842
4083
36922
310320
34952
94870
131798
79083
634685
13796352
5716026
437636
13796352
5716026
5050134
507618
5222845
15985071
21207917
158671
3449088
1429006
68
33
2498018
4674296
1420
109409
3449088
1429006
8190
327648
4989
327648
10765
11133
34075
45208
2410
96438
1060983
33
33
4605
8617
134
1468
96438
11582
119716
163264
1060983
42199
341250
141384
168
42199
341250
86127
141384
123174
12380
127386
389879
517266
10549
86175
35703
33
33
60927
114007
134
168
10549
86175
21749
35703
10894
14461
10025
77657
1372748
168
10894
6875
14461
4083
36922
310320
526
544
1666
2210
3499
4390
51876
51876
210648
397054
335106
9
26
225
421
132
154
3499
2087
4390
566
5853
7982
51876
11726
3317
33
34952
89757
126248
75753
269
16318196
3902902
137147518
790985
188179
6647895
80063189
47413925
34455159
5098783
2596497
1718063
181845
4677
814508
389248
842364
28883
1155465
1464344
23253
80274241
9798648
37955739
3815151
20974481
39253799
60691546
170820
3713183
1538425
516951
11237124
4655701
62842547
1366027777
565964877
43331998
1366027777
565964877
356454
11237124
4655701
4423662939
444648015
4574949141
19908807
432763883
179300276
60255
9836
2188138350
306384
1337790079
13727776
432763883
179300276
700
516
84
8944108
18774578
21581108
2628
11478453
28856129
117786
3713183
1538425
68643
2745998
3393105
135737190
2066984
135737190
41815
2745998
31468089
32544276
1115911
44640746
3101350543
123
370
13461112
1884
8229892
679782
44640746
33857956
349942011
477236250
3101350543
12
79972
1555
4677
3
9
154359
214809
348422
400506
48
213019
842364
17595
1155465
785087
370307
9472
876367
9057773
12352611
80274241
2571185
12693140
3021768
303735
3125111
4831833
50839
295617
110611
122478
30849009
123557
718459
67548
297668
8697235
50572391
20952866
3448
8697235
50572391
12763899
20952866
30849009
48
123557
718459
40532
181331
297668
167170631
16803289
172887751
2812527
16354187
6775774
2277
371
82689950
11578
50555210
1115
2812527
16354187
4127611
6775774
126
12693140
41
6
1107885
1494699
1718135
209
913833
2297321
20
50839
295617
55981
74610
122478
1127791
74173
588882
2314419
649057
40911741
8741083
34354112
9634289
607273961
4155996
432
8741083
16333852
3924452
137279100
1127791
37539
279987
29
588882
1100403
264388
9248423
2189280
2264152
3105721
215765477
8
25
936509
131
572565
1476632
153
3105721
2355547
24345975
33202021
81287634
48775499
35801469
13798155
768
215765477
13
91262
7909
41253
999128
1
4
116603
157315
162267
180831
22
96179
380333
187840
248045
25
521700
354472
167196
4276
395685
4089643
5577284
473899
2064067
9310994
13654719
8193321
6013940
2317817
129
36244344
102824
10435
113989
32212
5025
35710
504
589
274
170
199
170
278915
33858
189515
17193
3977
37477
37477
20990
12605
674
173563
16351
173563
102824
10435
113989
56774
58621
9145
58621
6892
278915
33858
189515
17193
3977
38576
32212
5025
35710
3499
809
1066
1066
500
504
589
274
965
418
418
965
37477
37477
20990
12605
674
540
170
199
170
324
33
15032162
1524822
16741238
93126
20840
103890
5739353
895829
6368909
39600
12995
42220
238571
278463
129918
11293
13184
6144
101671
118456
101671
5404
6308
5404
1853009
224944
1259066
114229
26423
39951
4849
27145
2585
643
221471
221471
124043
74489
4002
6178
6178
3460
2206
143
118899
13284
13284
124449
596831
65935
23662
65935
72438
157194
32349
157194
25373724
2390395
25373724
15032162
1524822
16741238
93126
20840
103890
63714528
10680776
1629531
10680776
7737890
1924579
233632
1307695
118642
27440
43292168
5739353
895829
6368909
3929403
908932
45764
5549
31093
2814
646
405527
39600
12995
42220
36780
8493
23866
23866
11191
503883
503883
236428
238571
278463
129918
11293
13187
6146
5894214
249142
249142
5894214
244438
244438
136907
82214
4393
3301627
101671
118456
101671
1989112
106950
8525
8525
4772
2862
143
69703
5404
6308
5404
41853
2230
102824
10435
113989
32212
5025
35710
504
589
274
170
199
170
278915
33858
189515
17193
3977
37477
37477
20990
12605
674
173563
16351
173563
102824
10435
113989
56774
58621
2059328
32237
9145
58621
6892
278915
33858
189515
17193
3977
38576
32212
33
544734
33
5025
35710
3499
809
1066
1066
500
504
589
274
965
418
4752
418
965
37477
37477
20990
12605
674
540
170
12
33
812
199
170
324
33
15032162
1524822
16741238
93126
20840
103890
5739353
895829
6368909
39600
12995
42220
238571
278463
129918
11293
13184
6144
101671
118456
101671
5404
6308
5404
1853009
224944
1259066
114229
26423
39951
4849
27145
2585
643
221471
221471
124043
74489
4002
6178
6178
3460
2206
143
118899
13284
543520
13284
124449
596831
65455
21536356
338891
23662
65455
72438
157194
32349
157194
25353131
2388454
25353131
15019962
1524392
16650826
93126
20840
103238
63741949
10441856
2312071691
36194442
1629110
10441856
7737890
1924579
233632
1307695
118642
27440
43310800
5737869
4225
611590145
355
895207
6360886
3929403
908932
45764
5549
31093
2814
646
405527
39600
40
5693506
4
12995
42212
36780
8493
23866
23866
11191
503627
503627
236308
238450
278322
129853
11293
13187
6146
5943439
249142
29258051
249142
5943439
244438
244438
136907
82214
4393
3328847
101486
12
35
5005620
118456
101486
1999003
106950
8525
8525
4772
2862
143
69703
5404
1
1
104812
6308
5404
41853
2230
102824
10435
113989
32212
5025
35710
504
589
274
170
199
170
278915
33858
189515
17193
3977
37477
37477
20990
12605
674
173563
16351
173563
102824
10435
113989
56774
58621
9145
58621
6892
278915
33858
189515
17193
3977
38576
32212
5025
35710
3499
809
1066
1066
500
504
589
274
965
418
418
965
37477
37477
20990
12605
674
540
170
199
170
324
33
18518069
1878880
20571488
124316
20840
138267
7190803
1122136
7975306
64309
12995
66930
335023
391044
182443
11293
13184
6144
144677
168717
144677
5404
6308
5404
1853009
224944
1259066
114229
26423
39951
4849
27145
2585
643
221471
221471
124043
74489
4002
6178
6178
3460
2206
143
118899
13284
13284
124449
596831
90898
23662
90898
72438
209841
32662
209841
31242975
2943322
31242975
18509284
1878527
20519018
124316
20840
137814
63714528
13084095
2041345
13084095
7737890
1924579
233632
1307695
118642
27440
43292168
7189797
1121733
7970464
3929403
908932
45764
5549
31093
2814
646
405527
64309
12995
66921
36780
8493
23866
23866
11191
707420
707420
331930
334939
390945
182397
11293
13187
6146
5894214
354854
354854
5894214
244438
244438
136907
82214
4393
3301627
144547
168717
144547
1989112
106950
8525
8525
4772
2862
143
69703
5404
6308
5404
41853
2230
67543
67543
135086
102824
10435
113989
32212
5025
35710
504
589
274
170
199
170
8648
734
10094
3191
497
3725
134
134
337
609
154
134
134
134
337
269
269
134
134
278915
33858
189515
17193
3977
37477
37477
20990
12605
674
77354
9390
43325
3656
845
18777
18777
5890
2846
152
173563
16351
173563
102824
10435
113989
2059328
32237
56774
58621
9145
58621
6892
278915
33858
189515
17193
3977
33
544734
33
38576
32212
5025
35710
3499
809
1066
1066
500
504
589
274
4752
965
418
418
965
37477
37477
20990
12605
674
12
33
812
540
170
199
170
324
33
18267
13578
1337
18267
5625
8648
13578
734
10094
2674
40543
634
2480
7835
3709
1222
7835
301
1536
77354
9390
43325
3656
845
33
10724
16
1389
3191
3709
497
3725
117
33
730
434
1888
134
337
2696
434
134
1888
134
1888
134
337
609
154
134
426
66
66
268
472
268
674
538
268
66
472
18777
18777
5890
2846
152
1
2
33
33
134
472
134
337
269
269
134
134
33
33
236
22621771
2295908
25078037
205496
20844
227812
8906637
1389590
9873718
83388
12998
92445
586217
684241
319234
11293
13184
6144
258568
301799
258568
5404
6308
5404
4349478
369538
5076770
63548
5386
74178
1892341
295233
2208767
29903
4651
34909
172490
41437
1449743
677647
923221
233233
7707
1851
64787
30281
41257
10421
817208
490852
360287
360287
490852
360287
50891
30536
22413
22413
30536
22413
1853009
224944
1259066
114229
26423
39951
4849
27145
2585
643
221471
221471
124043
74489
4002
6178
6178
3460
2206
148
321496
39027
180066
15195
3648
6287
944
3523
364
86
89806
89806
28172
13613
818
2424
2424
1520
734
34
118002
13284
543520
13284
124448
596835
151760
21515818
338896
23664
151760
72444
346875
32670
346875
38184697
3597284
38184697
22621770
2295908
25078037
205496
20844
227811
63741949
16208425
2312071691
36194442
2528795
16208425
7737893
1924579
233632
1307695
118641
27444
43310801
8906637
4227
611590145
355
1389590
9873718
3929408
908943
45765
5555
31096
2818
649
405529
83388
40
5691373
4
13000
92442
36781
8497
23865
23865
11190
1238142
1238142
580949
586215
684237
319234
11293
13187
6146
5943441
634770
29258051
634770
5943441
244438
244438
136907
82214
4400
3328850
258565
12
35
5005622
301799
258565
1999008
106954
8527
8527
4774
2865
150
69700
5404
1
1
104811
6308
5404
41852
2230
19727
73435
94379
1392221
24146
11444
73435
8167
11444
56649
134234
9816
134234
23463
3877281
9186479
672496
9186479
1606412
3877281
4349478
369538
5076770
763776
56649
63548
5387
74177
11147
1248625
4645581
5970567
97608551
1528016
724788
4645581
517320
724788
334495
40605
187347
15809
3655
1248625
1892341
3344043
172
25819453
16
295233
2208767
245957
282191
65267
7844
945
4390
364
86
19727
29904
52855
3
368270
1
4650
34908
3871
4444
1015
82336
16212
4546
203031
82336
25587
286599
2600761
362796
101736
6413155
2600761
572582
6413155
677648
172491
41435
1449744
6413155
923221
233233
1449744
30282
7708
1851
64787
203031
41257
10422
64787
2163762
2163762
2171367
101816
101816
31939
15434
822
1
681152
3
371486
817208
490852
360287
2163762
490852
360287
329156
17603
490852
4849
4849
1520
731
34
1
42376
1
23111
50892
30537
22414
67543
30537
22414
20477
1095
30537
10435
113989
102824
5025
35710
32212
134
995287
1122312
589
504
274
199
170
4362
6614012
8409992
33858
278915
17193
3977
189515
37477
12605
20990
674
16351
173563
10435
113989
102824
6892
56774
9145
58621
134
2093350
33858
278915
17193
3977
189515
3499
809
38576
5025
35710
32212
134
1122312
995287
1066
500
589
504
274
965
418
19296
29258051
37477
12605
20990
674
324
540
33
199
170
4362
8409991
6614012
1524822
16741238
15032162
20840
103890
93126
895829
6368909
5739353
995301
15565
1122328
12995
42220
39600
9304
135
10492
278463
238571
129918
13184
11295
6144
118456
101671
6614015
8409992
6309
5405
138490
176097
224944
1853009
114229
26423
1259066
4850
39951
2585
642
27145
221471
74489
124043
4002
6179
2206
3460
143
124449
13290
612638
72438
596830
23662
65935
19585
300
32349
157194
2390395
25373724
1524822
16741238
15032162
20840
103890
93126
7737890
63714528
1629531
10680776
2093354
32760
233632
1924579
118642
27441
1307695
3929402
908933
43292168
895829
6368909
5739353
1122316
995290
15565
5548
45764
2814
645
31094
36780
8493
405526
12995
42220
39600
10492
9304
140
23868
11198
503883
236428
278463
238571
129918
13190
11300
6153
5894214
249142
29258051
244438
82215
136908
4393
1989112
3301628
106950
118456
101671
8409990
6614012
8525
2862
4772
143
41856
69703
2239
6318
5413
176097
138490
70303572
38197165
91580882
201815
164511
394488
70303572
91580882
70303572
38159014
91580882
201815
394488
201815
164371
394488
41206
38364
5217
56994
51412
239994
13337
12417
2512
17855
16106
81058
134
872956
984370
195
176
294
252
137
4077
134
134
134
134
2090
2847
7419662
9445756
194128
220639
261537
1817545
104728
112043
25917
132812
1234969
277524
96160
96160
170342
32342
53858
36501
1730
2
79126
8175
86781
506889
41206
38364
5217
56994
51412
239994
3031
3446
4084
28387
27913
4572
29310
198993
1
134
1421
1836065
1836065
194128
220639
261537
1817545
104728
112043
25917
132812
1234969
1635
1749
404
2074
19288
13337
12417
2512
17855
16106
81058
1
134
864
984369
872956
984369
499
533
250
15650
195
176
294
252
137
4077
2027
630
273
12596
1
12596
3194
32821950
277524
96160
170342
32342
53858
36501
2
1730
1244
211
352
239
14
33
134
134
134
134
2090
1
2847
2983
9445756
7419662
8201914
7626527
1037260
11343581
10223360
90642028
47602
44671
23132
65791
59072
1064838
70303572
63695289
152863494
3276304
3052280
617289
4388873
3956541
39315109
872956
13642
984380
32361
32250
16919
33638
32996
546366
22310180
20787218
49884238
12111
172
13662
128984
115384
193938
165451
90483
10677613
20678
18577
31094
26639
14500
387898
201815
686423
1647404
83688
71910
58134
52379
5746510
7419662
9445756
26903
23048
18686
16786
272523
64462
535866
546325
263323
546325
968977
1101301
1305440
9072122
522742
559256
129366
662920
6164243
15148
17217
20408
141828
8172
8743
2361
10363
96368
883957
591344
591344
542564
198892
331205
224469
10642
2
31624
11593
11593
19409
3899
6493
4400
526
1
403348
265007
31898
828525
64462
8127
1
546325
546325
2983
546325
82973
94303
111787
512580
40912
30806
42729
1341319
22310180
1
527944
622828
49884238
49884238
20
25497
383
25497
90916
31928
99712
2248013
70303572
175079
390042
152863494
152863494
15729574
1625705
17273527
191443946
8201914
7626527
1037260
11343581
10223360
90642028
47602
44671
23132
65791
59072
1064838
70303572
73145
216522
63693646
152863494
34556897
5779075
6568270
7785772
54107021
6856971
1123351
7325323
96466853
1
1425
1836065
28732
1836065
1086740
1235144
1464094
10174683
586270
627222
145083
743486
6913401
3119797
3336615
797214
3953722
36764147
3276304
3052280
617289
4388873
3956541
39315109
1
867
984372
872956
13642
984372
20110
22857
27096
188353
10843
11601
2671
13756
127978
44752
47878
11064
56757
389948
32361
32250
16920
33638
32996
546366
22310180
1
142579
257610
20785270
49884238
11276728
13
13662
12111
180
13662
31898
31898
26404
1011406
201815
230417
64617
1647404
1647404
328763
349447
163964
40904692
128984
115384
193938
165451
90483
10677613
20683
18580
31098
26643
14509
430383
201815
95305
17452
686423
1647404
546325
6633035
5585736
176017
34242292
1
3073
32821950
883957
840949
542566
282843
471005
319216
2
15128
4071304
1878698
3128504
2120297
14
127443
83688
71910
58134
52379
5746510
1
2983
9434406
7419662
31624
30086
19409
10113
16847
11417
1
526
341957
178264
265007
201189
1
9538
26914
23058
18695
16795
432926
64462
8127
8127
1
190329
446383
546325
546325
546325
2983
546325
546325
10435
113989
102824
5025
35710
32212
134
995287
1122312
589
504
274
199
170
4362
6614012
8409992
33858
278915
17193
3977
189515
37477
12605
20990
674
16351
173563
10435
113989
102824
6892
56774
9145
58621
2059328
32237
134
2093350
33858
278915
17193
3977
189515
3499
809
38576
5025
35710
32212
33
544734
33
134
1122312
995287
1066
500
589
504
274
965
418
4752
19296
29258051
37477
12605
20990
674
324
540
33
199
170
12
33
812
4362
8409991
6614012
1524822
16741238
15032162
20840
103890
93126
895829
6368909
5739353
995301
15565
1122328
12995
42220
39600
9304
135
10492
278463
238571
129918
13184
11295
6144
118456
101671
6614015
8409992
6309
5405
138490
176097
224944
1853009
114229
26423
1259066
4850
39951
2585
642
27145
221471
74489
124043
4002
6179
2206
3460
143
124449
13290
612638
72438
596830
23662
65455
19585
21648757
300
338891
32349
157194
2388454
25353131
1524392
16650826
15019962
20840
103238
93126
7737890
63741949
1629110
10441856
2093353
2312071691
32760
36194442
233632
1924579
118642
27440
1307695
3929402
908932
43310800
895207
6360886
5737869
1122315
995289
4225
611590145
15565
371
5548
45764
2814
645
31093
36779
8493
405526
12995
42212
39600
10492
9304
40
5726535
140
4
23868
11198
503627
236308
278322
238450
129852
13190
11300
6153
5943439
249142
29258051
244438
82214
136907
4392
1999003
3328846
106949
118456
101486
12
35
5005620
8409990
6614011
8525
2862
4771
143
41856
69703
2239
6318
5413
1
1
104812
176097
138490
297654
171219
297654
70303572
38197165
91580882
426861
426861
426861
394488
201815
57692
164511
394488
394488
297654
171219
297654
297654
171219
297654
70303572
91580882
70303572
38159014
91580882
394488
201815
57692
394488
426861
426861
426861
426861
426861
426861
394488
201815
57692
164371
394488
41206
38364
5217
56994
51412
239994
13337
12417
2512
17855
16106
81058
134
872956
984370
195
176
294
252
137
4077
134
134
134
134
2090
2847
7419662
9445756
194128
220639
261537
1817545
104728
112043
25917
132812
1234969
96160
96160
277524
32342
53858
36501
1730
2
170342
79126
8175
86781
506889
1373
372906
154500
41206
38364
5217
56994
51412
239994
836
372906
154500
3031
3446
4084
28387
27913
4572
29310
198993
1627220
1
1029664
16118
3151397
134
1421
1836065
1836065
343
93226
38625
194128
220639
261537
1817545
104728
112043
25917
132812
1234969
1635
1749
404
2074
19288
13337
12417
2512
17855
16106
81058
14
1
33
272367
33
311593
134
864
984369
872956
984369
209
93226
38625
499
533
250
15650
41
67760
195
176
294
252
137
4077
19
67760
630
2027
273
12596
3102
3102
3102
5940
1
3102
3102
9494
12596
3194
32821950
12
21272
3102
96160
277524
32342
53858
36501
2
1730
170342
211
352
239
14
33
1244
134
134
134
134
2090
3102
3102
3102
11
1
33
350
477
3102
14
33
530
607
2847
2983
9445756
7419662
8
21272
3102
297654
171219
297654
99234
57073
99234
8201914
7626527
1037260
11343581
10223360
90642028
47602
44671
23132
65791
59072
1064838
70303572
63695289
152863494
3276304
3052280
617289
4388873
3956541
39315109
872956
13642
984380
32361
32250
16919
33638
32996
546366
22310180
20787218
49884238
12111
172
13662
128984
115384
193938
165451
90483
10677613
426861
426861
426861
20678
18577
31094
26639
14500
387898
2494004
201815
57692
686423
1647404
1647404
83688
71910
58134
52379
5746510
7419662
9445756
148115
148115
148115
26903
23048
18686
16786
272523
828525
64462
16421
535866
546325
263323
546325
546325
968977
1101301
1305440
9072122
522742
559256
129366
662920
6164243
15148
17217
20408
141828
8172
8743
2361
10363
96368
297654
171219
297654
297654
171219
297654
591344
591344
883957
198892
331205
224469
10642
2
542564
11593
11593
31624
99234
57073
99234
3899
6493
4400
526
1
19409
99234
57073
99234
403348
383723
31898
828525
64462
888
16421
8127
122
11
1
252451
2983
82194
546325
8
155
2609129
82972
94303
111787
631296
40912
30806
42292
1341319
22310180
13514
1
5677976
20
1143561
527943
622828
25497
20867495
383
441177
25497
49884238
8
1318
546
90901
31922
99695
2235501
70303572
175079
390041
152863494
8
4661
1931
15729574
1625205
17251338
191443945
1373
963708
399278
8191378
7626527
1037260
11329924
10220215
90642028
836
963708
399278
47593
44663
23132
65475
59062
1064838
70303572
73145
216522
34556006
63693646
152863494
8
4661
1931
5910194
6708364
7943304
55165953
6856971
1123351
7200170
96466853
1627220
1
1425
1836065
2018332464
28732
31597511
1836065
343
246009
101925
1086739
1235144
1464094
10174683
586270
627222
145083
743485
6913401
3221434
3446450
797214
4072813
37483661
3276304
3050380
617289
4386142
3956541
39315109
14
1
867
984372
872956
3700
533890125
199562196
13642
327
984372
209
246009
101925
20110
22857
27096
188353
10843
11601
2670
13756
127978
44752
47878
11064
56757
508663
32361
32229
16920
33616
32996
546366
22310180
11
1
1335496
13
50
142579
257610
13662
12111
50
5519878
7293510
2070724
180
5
13662
11276728
20785270
49884238
8
1318
546
31898
31898
26404
1011406
2494004
201815
57692
230417
64617
1647404
8
620
327369
349447
163964
40883893
41
269700
128437
115384
193116
165451
90099
10677613
19
269700
426861
426861
426861
426861
426861
426861
20683
18580
31098
26643
14509
430383
2494004
201815
57692
95305
17452
546325
686423
1647404
8
620
6633035
6238543
176017
34242292
13354675
4833126
58860
5940
1
3073
32821950
12
74106
34863638
883957
840948
542566
282843
471005
319216
2
15128
4071304
2098263
3494133
2368097
14
127442
83688
71699
58134
52226
5741572
13354675
4833126
58860
11
1
2983
380603
3703911
5050646
14
42
5615352
9434406
7419662
2130646
32821950
8
74106
34863638
31623
30085
148115
148115
148115
19409
10113
16847
11417
1
526
148115
148115
148115
341957
178264
296855
201189
1
9538
26914
23058
18695
16795
432926
828525
64462
888
888
16421
8127
8127
122
11
1
113322
219462
2983
2
52387
28484
294402
401493
1
190329
3
446383
546325
546325
166853
546325
546325
8
155
2609129
10435
113989
102824
5025
35710
32212
134
995287
1122312
589
504
274
199
170
4362
6614012
8409992
33858
278915
17193
3977
189515
37477
12605
20990
674
16351
173563
10435
113989
102824
6892
56774
9145
58621
134
2093350
33858
278915
17193
3977
189515
3499
809
38576
5025
35710
32212
134
1122312
995287
1066
500
589
504
274
965
418
19296
29258051
37477
12605
20990
674
324
540
33
199
170
4362
8409991
6614012
1878880
20571488
18518069
20840
138267
124316
995301
15565
1122136
7975306
7190803
1122328
9304
135
12995
66929
64309
10492
391044
335023
182443
13184
11295
6144
6614015
168717
144677
8409992
138490
6309
5405
176097
224944
1853009
114229
26423
1259066
4850
39951
2585
642
27145
221471
74489
124043
4002
6179
2206
3460
143
124449
13290
612638
72438
596830
23662
90898
19585
300
32662
209841
2943322
31242975
1878527
20519018
18509284
20840
137814
124316
7737890
63714528
2041345
13084095
2093353
32760
233632
1924579
118642
27440
1307695
3929402
908932
43292168
1121733
7970464
7189797
1122315
995289
15565
5548
45764
2814
645
31093
36779
8493
405526
12995
66921
64309
10492
9304
140
23868
11198
707420
331930
390945
334939
182397
13190
11300
6153
5894214
354854
29258051
244438
82214
136907
4392
1989112
3301627
106949
168717
144547
8409990
6614011
8525
2862
4771
143
41856
69703
2239
6318
5413
176097
138490
38197165
91580882
164511
394488
91580882
38159014
91580882
84229
394488
84229
21525
40047
164371
394488
13277
84229
41206
38364
5217
56994
51412
239994
13337
12417
2512
17855
16106
81058
134
872956
984370
195
176
294
252
137
4077
134
134
134
134
2090
2847
7759589
10021272
194128
220639
261537
1817545
104728
112043
25917
132812
1234969
277524
96160
96160
170342
32342
53858
36501
1730
2
79126
8175
86781
506889
41206
38364
5217
56994
51412
239994
3031
3446
4084
28387
27913
4572
29310
198993
134
1421
1836065
1836065
194128
220639
261537
1817545
104728
112043
25917
132812
1234969
1635
1749
404
2074
19288
13337
12417
2512
17855
16106
81058
134
696
864
984369
872956
984369
499
533
250
15650
195
176
294
252
137
4077
2027
630
273
12596
12596
6730
34863638
277524
96160
170342
32342
53858
36501
2
1730
1244
211
352
239
14
33
134
134
134
134
2090
2847
6519
6519
10021272
7881199
10695639
9951036
1353410
14792834
13337672
90642028
66120371
158683704
72311
69380
23132
93186
84926
1064838
872956
13642
4348831
4050284
819364
5823904
5251750
39315109
984380
21620328
51884240
12111
172
57070
56959
16919
58347
57705
546366
13662
199738
173683
291264
249047
135891
10677613
818871
1965275
20678
18577
31094
26639
14500
387898
7759589
126657
108659
88022
79418
5748371
10021272
535866
652282
263323
26903
23048
18686
16786
272523
698190
968977
1101301
1305440
9072122
522742
559256
129366
662920
6164243
15148
17217
20408
141828
8172
8743
2361
10363
96368
883957
591344
591344
542564
198892
331205
224469
10642
2
31624
11593
11593
19409
3899
6493
4400
526
1
482481
265007
12
651
39439
278541
652282
2609129
6519
56607
2609129
82972
94303
111787
512580
12
651
56913
527943
622828
51884240
67371414
20
65621
30806
67001
1341319
25497
383
25497
175079
390041
158683704
177388547
129007
36257
141488
2249044
20523833
2120556
22509420
191443945
10688050
9951036
1353410
14783202
13335262
90642028
73145
216522
66118753
158683704
40100089
72302
69372
23132
92923
84916
1064838
5779074
6568270
7785772
54107021
1425
9101661
1491090
9557210
96516174
1836065
28732
1836065
1086739
1235144
1464094
10174683
586270
627222
145083
743485
6913401
3119797
3336615
797214
3953721
36764147
698
867
4348831
4048949
819364
5821984
5251750
39315109
984372
872956
13642
984372
20110
22857
27096
188353
10843
11601
2670
13756
127978
44752
47878
11064
56757
389947
12
651
43919
142579
257610
21618611
51884240
15229842
10
13
57070
56938
16920
58325
57705
546366
13662
12111
180
13662
278541
230417
64617
1965275
4073078
52718
56273
26404
1651777
492777
526009
246809
40979792
193332
173683
290691
249047
135623
10677613
222234
278541
120357
278541
95305
17452
818871
1965275
920750
20683
18580
31098
26643
14509
430383
6871745
5585736
6609
266392
34863638
883957
840948
542566
282843
471005
319216
2
15128
4217822
1878698
3128504
2120297
14
127442
6519
6519
126657
108512
88022
79297
10021271
7881199
5784841
31623
30085
19409
10113
16847
11417
1
526
341957
178264
265007
201189
1
9538
6
530
39439
142359
264868
77098
278541
190329
446383
652282
652282
589814
2240
3099
26914
23058
18695
16795
749973
589814
432926
166853
10435
113989
102824
5025
35710
32212
134
995286
1122312
589
504
274
199
170
4362
6614011
8409992
734
10094
8648
497
3725
3191
134
42001
47362
154
134
134
134
337
609
134
134
134
134
337
269
269
490854
624141
33858
278915
17193
3977
189515
37477
12605
20990
674
9390
77354
3656
845
43325
18777
2846
5890
152
16351
173563
10435
113989
102824
2059328
32237
6892
56774
9145
58621
134
2093350
33858
278915
17193
3977
189515
33
544734
33
3499
809
38576
5025
35710
32212
134
1122312
995286
1066
500
589
504
274
4752
965
418
19296
29258051
37477
12605
20990
674
12
33
812
324
540
33
199
170
4362
8409990
6614011
1337
18267
13578
5625
734
10094
8648
13578
2674
40543
634
301
2480
1222
7835
3709
1536
134
88357
9390
77354
3656
845
43325
33
10724
16
117
33
1389
497
3725
3191
3709
730
134
47362
42001
434
134
1888
134
337
2696
154
134
134
426
1888
134
337
609
66
66
268
472
268
268
674
538
2171367
18777
2846
5890
152
1
2
33
33
33
33
134
134
236
472
134
134
337
269
269
624141
490854
2295908
25078037
22621770
20845
227812
205497
995301
15580
1389589
9873718
8906637
1122328
9303
135
12997
92444
83387
10494
684241
586216
319234
13183
11294
6143
6614014
301805
258567
8409992
138489
6308
5404
176096
369538
5076770
4349477
5385
74177
63550
42009
642
295233
2208767
1892341
47372
647
11
4651
34908
29903
732
172489
41436
1449743
923221
677647
233235
7707
1851
64786
41256
30281
10421
818042
490853
360286
490853
490853
360286
624140
50891
30536
22413
30536
30536
22413
38829
224944
1853009
114229
26423
1259066
4849
39951
2585
642
27145
221471
74489
124043
4002
6178
2206
3460
148
39027
321496
15195
3648
180066
943
6287
366
86
3523
89806
13613
28172
817
2424
734
1520
39
124450
13291
612638
72452
596838
23678
151765
19600
21648756
306
338901
32678
346879
3597284
38184697
2295908
25078037
22621770
20856
227815
205502
7737893
63741949
2528795
16208425
2093363
2312071691
32784
36194442
233632
1924579
118641
27444
1307695
3929408
908943
43310801
1389589
9873718
8906637
1122328
995301
4241
611590145
15587
372
5555
45764
2821
652
31095
36792
8510
405534
13011
92451
83396
10508
9319
39
5726537
145
3
23870
11200
1238144
580951
684242
586218
319236
13191
11302
6154
5943441
634775
29258051
244438
82213
136906
4399
1999008
3328850
106963
301807
258570
11
34
5005622
8409992
6614014
8527
2868
4776
153
41857
69703
2239
6319
5414
1
1
104813
176097
138491
19739
8178
11458
73441
94388
1397
1543090
21
24156
56657
23473
9826
134239
3877280
1606412
672497
9186478
3877280
763777
369541
5076770
4349477
56657
11160
5399
74185
63557
1248626
517323
724791
4645581
5970567
88375
97608551
1384
1528017
40605
334495
15809
3657
187347
1248626
245964
282195
65276
295238
2208767
1892341
3344043
47381
42018
179
25819453
658
15
952
7844
370
85
4393
19739
3888
4461
1031
4667
34918
29915
52865
749
664
2
408178
10
1
116226
25588
16213
4546
286599
2600761
572582
362798
101743
6413155
923221
677649
233237
172494
41444
1449744
6413155
41258
30283
10423
7708
1852
64787
286599
2171367
101816
15434
31939
825
329159
1
681154
2
371488
17612
818042
624142
490854
360289
2171367
4849
735
1521
39
20477
1
42376
1
23111
1095
50892
38829
30537
22414
135086
457
438
248
438
438
248
297654
171219
297654
14997
4998
14997
38197165
91580882
426861
426861
164511
394488
394488
394488
1380607
3303059
62670
62670
12212
12212
12212
12212
297654
171219
297654
171219
14997
4998
14997
4998
91580882
38159014
91580882
84228
394488
84228
426861
426861
21524
40046
164371
394488
13276
84228
3303059
1376285
3303059
12212
6240
4857
248
12212
12212
376454
189388
248
201830
77146
248
62670
62670
12212
12212
6240
4857
248
12212
12212
12212
12212
41206
38364
5217
56994
51412
239994
13337
12417
2512
17855
16106
81058
134
872960
984369
195
176
294
252
137
4077
134
134
134
134
2090
2847
7759589
10021272
1435
5788
3593
4279
3844
491
6756
5788
990
2499
1551
1929
1733
389
2917
2499
134
42375
47786
67
134
134
134
134
134
134
134
134
337
337
67
134
134
134
134
134
134
134
134
337
269
269
884733
1300367
194128
220639
261537
1817545
104728
112043
25917
132812
1234969
96160
96160
277524
32342
53858
36501
1730
2
170342
8262
9390
11131
77354
3417
3656
845
4333
43325
18777
18777
18777
18777
50650
18777
18777
2846
5890
3212
152
1
19081
79126
8175
86781
506889
8461
372906
154500
41206
38364
5217
56994
51412
239994
5154
372906
154500
1029664
16118
3031
3446
4084
28387
3151397
4181061
27913
4572
29310
198993
2115
93226
38625
134
1421
1836065
1836065
194128
220639
261537
1817545
104728
112043
25917
132812
1234969
33
272367
33
1635
1749
404
2074
19288
311593
134
13337
12417
2512
17855
16106
81058
1288
93226
38625
134
696
864
984369
872959
984369
499
533
250
15650
236
67760
195
176
294
252
137
4077
236
67760
3102
3102
630
9494
12596
273
12596
236
21272
12596
2027
87098
34863638
96160
277524
32342
53858
36501
2
1730
170342
33
350
477
3102
14
33
530
211
352
239
14
33
607
134
134
134
134
134
2090
236
21272
2847
1244
29923
41406
10021272
7881200
1055
3943
12225
10907
894
12225
12225
8094
3353
125
1055
1435
5788
4279
3844
491
6756
5788
3593
8094
1594
3353
40543
634
264
301
356
2480
107786
128922
325
3917
6135
5843
957
6135
6135
2382
987
134
438
2639
14270
89146
1381
89146
8262
9390
11131
77354
3417
3656
845
4333
43325
33
10724
16
109
117
33
138
1389
10657
134
43
325
990
2499
1929
1733
389
2917
2499
1551
2382
469
987
134
438
1075
7650
47786
42375
468
649
47786
672
67
217
190
217
134
944
134
337
1348
457
438
438
61
672
67
134
134
134
134
134
134
134
236
944
134
337
337
438
438
438
33
33
33
33
33
101
134
168
67
134
134
236
134
101
134
337
269
438
4523930
18777
18777
18777
50650
18777
18777
2846
5890
3212
1
152
19081
33
33
33
33
33
1
5
33
33
33
16
33
33
33
3
33
101
26
26
168
67
134
134
134
134
134
134
236
236
134
101
134
337
269
269
16
438
438
438
534187
1300367
1022670
297654
171219
297654
99234
57073
99234
14997
4998
14997
4999
1666
4999
15562940
14489769
1970708
21525917
19417562
90642031
72862187
177388547
182820
170212
23138
252872
228104
1064842
872971
13655
6468876
6022803
1218798
8660188
7811966
39315115
984384
24406647
61663506
12113
172
89885
83687
16918
120342
108555
546368
13662
513137
460986
771552
661017
359966
10677615
426861
426861
1470263
4049822
20677
18576
31093
26638
14499
387897
4049822
4073078
7759588
359620
308102
249806
224420
5748370
10021272
148115
148115
535865
1579486
263322
26903
23048
18686
16786
272522
698189
1579486
2246201
2517648
1642282
3089537
2769530
355057
4877883
4179082
70477
50759
7294717
20214588
92677
83256
10639
146327
125361
1114506
42377
636
1474242
1305155
297866
2228498
1909245
47786
62697
2562984
7627302
2654
42
92893
83451
18755
140425
120304
2997
346502
183374
280386
67361
2312618
666150
518613
1500702
1101521
379125
62670
62670
56200
29608
37117
8917
171728
291543
1083821
89807
72480
198665
145821
50189
1083821
1380035
1548219
884732
628955
191969
884732
1019182
706070
425413
326035
1300366
29997
29997
221693
171728
147126
61111
233146
361187
171728
305503
224241
147418
118976
549366
361187
722374
968977
1101301
1305440
9072122
522742
559256
129366
662920
6164243
15148
17217
20408
141828
8172
8743
2361
10363
96368
297654
171219
297654
171219
591344
591344
883957
198892
331205
224469
10642
2
542564
99234
11593
57073
11593
31624
99234
3899
6493
4400
532
57073
1
19409
72890
82843
98200
682438
30149
32255
7461
38233
382225
1699
1742
1814
9558
983
1054
237
1254
5353
14997
4998
14997
4998
137041
137041
288192
20774
42989
23445
1705
1
108572
288192
4999
1666
1666
29997
4999
1666
1666
1666
243
1666
1
11301
29997
9304304
82987
94320
111803
776974
82
19
188153
30824
197570
2999839
8179
2041
233221
527955
622838
360518
149367
1341327
25516
28182703
399
441187
25516
67371414
351082
36274
385048
21537
175091
390051
949242
393284
2249050
177388547
29884887
3087755
32776115
1833344
80801560
33477244
191443946
15562940
14489769
1970709
21525917
19417562
1116822
80801560
33477244
90642031
182830
170223
23151
252882
228114
13120
73159
216534
949242
393284
1064846
40100089
73912502
177388547
5971405
6786866
8044888
55907738
1437
13538698
2217993
14216326
588595
25941350
10747873
96516176
1836078
2027906263
28755
31745960
1836078
1086739
1235146
1464094
10174683
586272
627224
145088
743487
6913401
3221445
3446463
797229
4085304
37987682
705
875
6468876
6022803
1218802
8660188
7811966
358555
25941350
10747873
39315115
984388
872973
3720
536422590
18601
200508803
13671
326
984388
20117
22865
27103
188354
10853
11611
2685
13763
127981
2188432
44769
47897
11079
56775
527931
32
9
12
89900
83701
16938
120354
108566
52
4983
1121
153916
142594
257621
360518
149367
546379
13680
12132
51
7454900
9850287
258
2786558
190
4
13680
15229842
28071653
67371414
52719
56274
26404
12215
869655
1651777
230418
64618
4073078
1307937
1396143
655086
303060
40979792
101051093
513146
460994
771557
661025
359974
144091
10677615
101051093
426861
426861
20683
18581
31099
26644
14509
5807
222235
413482
120357
869655
430383
95306
17452
920751
1697129
4073078
7444361
7082153
87108
756392
104559
34863638
883957
840948
542566
282843
471005
319216
1
15134
4569290
2382001
3966629
2688324
13
127456
29932
41415
359631
308110
249818
224429
49713
380612
3933851
5364821
13
41
5964655
10021273
7881202
5784843
206
2229522
34863638
31626
30087
148115
19412
10119
16851
11421
1
541
148115
113322
219462
341957
178264
296855
201189
1
9538
6
2240
3099
26914
23058
18695
16795
2
52387
3720
530
1311
6838
42289
142359
264868
77098
557083
28484
294402
401493
1
190329
3
446383
749973
589814
432926
15
166853
1087146
2609129
19220
20614
45923
236240
111760
5267
46303
19384
264794
264794
139504
20885030
640676
7874801
3725386
1543480
646152
8826594
8826594
4650210
125
640676
3089539
2775546
3725386
733856
1543480
355065
4877885
4179084
2594425
1692365
3
19220
8613
25493
92684
83265
111760
2665
22015
46303
10651
146334
125370
77831
50770
4721226
8702167
20885030
216652
2507
643403
4463678
1259783
521946
731267
4687090
866816
6023915
4687090
89165
98480697
1396
1541671
89165
91638
104153
123459
857975
37904
40551
9380
48068
480541
42
216652
634
266127
1474248
1324419
1259783
248162
521946
284716
65860
297876
2228503
1909249
337491
353090
3373923
2512918
1185285
47804
42394
180
26050154
903
9737258
479
663
15
47804
2413
2743
3251
22599
998
1068
247
1266
12657
2
13653
39
31400
56730
16770
92904
83462
79389
10695
15638
32892
17942
4150
18771
140435
120317
21268
22251
212617
158359
74694
60880
3012
2671
37
901896
11
1641628
2169111
56
613622
30
41
1
3012
3353732
6181600
14835720
3710249
4227554
2721800
1649322
1173405
930736
589731
165384
19927
10424626
678402
547516
1500702
1101523
424535
1459255
671838
223662
379128
280391
67368
5039
2356569
61
10424626
62670
62670
89808
72481
198666
145822
56200
193179
88939
29608
50189
32291
37118
5913
7883
8918
667
162955
311967
8
88252
575019
1380035
288192
43687
90405
49305
1
2337
108573
288192
49388
510459
696142
685786
1
1419150
5
773977
534187
3
36695
1704348
1300367
1022670
750645
493482
398273
26
26
289304
16
4523930
4547
9410
5132
1
243
11301
29997
