1
3000
6445497
6445497
1
2983
3455662
3455662
18
18220
93412178
6
8663
26850580
1
2983
1766981
1
50
63028
63028
1
3000
6445498
6445498
1
2983
3455663
3455663
1
31
33789
33789
18
18220
93412178
6
8663
26850580
1
2310
559453
1
3000
6445497
6445497
1
2983
3455662
3455662
18
18220
93412178
6
8663
26850580
1
2983
1766981
1
50
63027
63027
1
3000
6445498
6445498
1
2983
3455663
3455663
1
31
33789
33789
18
18220
93412178
6
8663
26850579
1
2310
559453
5040
6445497
6445497
2471
3067
3455662
3455662
36243
93412178
12454
17232
26850580
4861
1946320
50
63027
63027
5041
6445498
6445498
2471
3067
3455663
3455663
25
31
33789
33789
36243
93412178
12454
17232
26850579
1669
2310
559453
5040
6445496
6445496
2472
3069
3455662
3455662
233389
93412178
80194
110961
26850579
267054
4177
267054
143174
1433
1983
143174
6547234
773096
1881949
1480052
4862
1946320
49
63030
63030
5045
6445499
6445499
2475
3073
3455665
3455665
24
30
33792
33792
233393
93412178
80200
110968
26850581
1671
2312
559454
4311
67
4311
267057
4182
267057
143179
1437
1988
143179
2311
23
32
2311
6547234
773099
1881949
1480054
42671
103875
81692
10100268
1015236
10445690
137
33
4996037
21530
22267
33
33
9210
390760
404124
37905332
3810084
39201668
5011949472
503780106
5183354666
68264
11140
2479130756
511
82
18749645
29699299
30714994
115
345
12704477
2
5
167154
52882
54691
75020
75020
4586484
7954
54635
459187
68081
145466
213737
128250
10100268
1015236
10445690
137
33
4996037
21530
22267
33
33
9210
659052
273054
659052
166337
246348
24761
254772
166814
69113
33
33
121854
166814
42102
23620
23620
19528
114911
2031282
23620
11230
7954
54635
459187
1025
1060
7634
7634
410308
643494
567334
7
19
438
7634
3629
68081
145466
213737
128250
12797437
3074776
107557038
345619
83115
2900577
59254916
35555077
26097611
1728181
1036811
761141
390761
404124
37905332
3810085
39201668
5011949472
503780106
5183354666
68268
11142
2479130756
511
82
18749645
29699298
30714994
115
345
12704476
2
5
167154
1833352
186185
1896051
181210
75077
547370
226782
55103133
22830017
55103133
13907407
547370
138149
178977550
17990071
185098458
17509249
7254333
2432
394
88530172
17509249
4419136
26
5
908820
181210
45733
185126
185126
725869
204043
12831123
6848566
6848566
26916163
7548385
475794122
6848566
3256188
12797437
3074776
107557038
185126
88018
345619
83115
2900577
1595884
1650462
2263927
2263927
157283028
7
19
682671
2263927
1076396
59254916
35555077
26097611
1
1
22619
75020
35666
1727915
1036811
761024
64062
1009824
8127
16200
669071
8127
10100268
1015236
10445690
137
33
4996037
21530
22267
33
33
9210
390760
404124
37905332
3810084
39201668
5011949472
503780106
5183354666
68263
11139
2479130756
512
83
18749646
29699299
30714994
116
348
12704476
2
5
167153
211324
14132856
5855444
145715
14132856
5855444
5050134
507618
16692972
5222845
15985071
52831
3533214
1463861
68
33
1117
2498018
4674296
36428
3533214
1463861
4363
327648
2658
327648
10765
43744
11133
34075
1090
109216
1060983
1060983
33
33
11
4605
8617
664
109216
11582
119716
163264
1060983
1060983
83278
888
681354
181
270401
692984
8
2454
64062
1009823
8127
55357758
80274241
7207303
36499274
3748408
42462
18833788
37747523
58362645
134
50803
21048
537
194627
80637
211324
61524779
25490597
145715
61524779
25490597
370
194627
80637
4423237490
444605251
16692972
4574509142
52831
15941095
6604624
60249
9830
1117
2187927904
1337661416
36428
15941095
6604624
697
514
83
11
8031256
18054147
20752982
11037994
27748841
92
50803
21048
13
7209
4363
1977111
2658
1977111
8
7209
31310242
43744
32381030
1090
536690
3085793827
3101350543
124
369
11
13417908
8229889
664
536690
33688121
348186663
474842380
3085793827
3101350543
13
79965
888
888
4
10
11
154354
214803
348420
400502
213015
692984
8
2454
16200
669071
8127
707180
6246312
8518459
55357758
80274241
1464341
23245
785085
370304
9466
52885
54694
75023
5212164
7954
54635
459187
68081
145466
213737
128250
10100268
1015236
10445690
137
33
4996037
21530
22267
33
33
9210
659052
273054
659052
166337
246348
24761
254772
166814
69113
33
33
121854
166814
42102
23620
19528
114911
2031282
11230
23620
7954
54635
459187
1025
1060
7634
410308
643494
567334
7
19
438
3629
7634
68081
145466
213737
128250
12797437
3074776
107557038
345934
83115
2907439
59254916
35555077
26097611
1963633
1178249
864841
390762
404126
37905332
3810084
39201668
5011949472
503780106
5183354666
68268
11144
2479130756
516
84
18749645
29699298
30714994
116
349
12704476
1
4
167156
1852316
186187
1915664
181210
75078
547370
226783
55103133
22830017
55103133
13907407
547370
138150
178977550
17990071
185098458
17509249
7254333
2437
397
88530172
17509249
4419136
25
4
916237
181210
45735
185127
727587
204044
12861479
6848566
26916163
7548385
475794122
3256188
6848566
12797437
3074776
107557038
88020
185127
345935
83116
2907439
1595884
1650462
2263927
157283028
6
18
682671
1076396
2263927
59254916
35555077
26097611
1
1
22622
35670
75023
1963634
1178251
864842
4083
42747
310320
34952
90171
126938
76167
650165
14132856
5855444
448310
14132856
5855444
5050134
507618
5222845
15985071
21207917
162541
3533214
1463861
68
33
2498018
4674296
1420
112077
3533214
1463861
8190
327648
4989
327648
10765
11133
34075
45208
2730
109216
1060983
33
33
4605
8617
134
1663
109216
11582
119716
163264
1060983
42199
344703
142815
168
42199
344703
86999
142815
123174
12380
127386
389879
517266
10549
86175
35703
33
33
60927
114007
134
168
10549
86175
21749
35703
10894
14461
10025
77657
1372748
168
10894
6875
14461
4083
36922
310320
526
544
1666
2210
3525
4417
51876
51876
210648
398886
336938
9
26
225
421
132
153
3525
2100
4417
566
5853
7982
51876
11726
3317
33
34952
90171
126938
76167
269
16333852
3924452
137279100
904934
212160
7605593
80624127
47892855
34892346
6036792
3086531
2004272
181845
4677
814508
389248
842364
28883
1155465
1464344
23253
80274241
9798648
37955739
3815151
20974481
39253799
60691546
170820
3713183
1538425
516951
11237124
4655701
62842547
1366027777
565964877
43331998
1366027777
565964877
356454
11237124
4655701
4423662939
444648015
4574949141
19908807
432763883
179300276
60255
9836
2188138350
306384
1337790079
13727776
432763883
179300276
700
516
84
8944108
18774578
21581108
2628
11478453
28856129
117786
3713183
1538425
68643
2745998
3393105
135737190
2066984
135737190
41815
2745998
31468089
32544276
1115911
44640746
3101350543
123
370
13461112
1884
8229892
679782
44640746
33857956
349942011
477236250
3101350543
12
79972
1555
4677
3
9
154359
214809
348422
400506
48
213019
842364
17595
1155465
785087
370307
9472
876367
9057773
12352611
80274241
2571185
12693140
3021768
303735
3125111
4831833
50839
295617
110611
122478
30849009
123557
718459
67548
297668
8697235
50572391
20952866
3448
8697235
50572391
12763899
20952866
30849009
48
123557
718459
40532
181331
297668
167170631
16803289
172887751
2812527
16354187
6775774
2277
371
82689950
11578
50555210
1115
2812527
16354187
4127611
6775774
126
12693140
41
6
1107885
1494699
1718135
209
913833
2297321
20
50839
295617
55981
74610
122478
1127791
74173
588882
2314419
649057
40911741
8741083
34354112
9634289
607273961
4155996
432
8741083
16333852
3924452
137279100
1127791
37539
279987
29
588882
1100403
264388
9248423
2189280
2264152
3105721
215765477
8
25
936509
131
572565
1476632
153
3105721
2355547
24345975
33202021
81287634
48775499
35801469
13798155
768
215765477
13
91262
7909
41253
999128
1
4
116603
157315
162267
180831
22
96179
380333
187840
248045
25
521700
354472
167196
4276
395685
4089643
5577284
473899
2064067
9310994
13654719
8193321
6013940
2317817
129
36244344
102824
10435
113989
32212
5025
35710
504
589
274
170
199
170
278915
33858
189515
17193
3977
42554
42554
23834
14312
765
173563
16351
173563
102824
10435
113989
56774
58621
9145
58621
6892
278915
33858
189515
17193
3977
38576
32212
5025
35710
3499
809
1066
1066
500
504
589
274
965
418
418
965
42554
42554
23834
14312
765
540
170
199
170
324
33
16487658
1673350
18277885
106390
20854
117942
6381961
998861
7074913
43851
13006
46604
278008
324495
151395
11298
13189
6150
129294
134537
129294
5410
6316
5410
1914124
232363
1300591
117997
27296
43478
5298
29542
2817
650
235883
235883
132115
79336
4293
6610
6610
3721
2319
150
124449
13288
13288
124449
596837
73914
23674
73914
72450
185486
32657
185486
27830547
2617496
27830547
16487658
1673350
18277885
106390
20854
117942
63741950
11613983
1811982
11613983
7737891
1924579
233632
1307695
118641
27444
43310801
6381961
998861
7074913
3929408
908942
45764
5554
31095
2819
651
405533
43851
13006
46604
36789
8505
23869
23869
11198
587178
587178
275510
278008
324495
151395
11298
13189
6150
5943440
282965
282965
5943440
244438
244438
136906
82213
4399
3328849
129294
134537
129294
1999007
106960
8524
8524
4774
2865
150
69700
5410
6316
5410
41856
2236
102824
10435
113989
32212
5025
35710
504
589
274
170
199
170
278915
33858
189515
17193
3977
42554
42554
23834
14312
765
173563
16351
173563
102824
10435
113989
56774
58621
2059328
32237
9145
58621
6892
278915
33858
189515
17193
3977
38576
32212
33
544734
33
5025
35710
3499
809
1066
1066
500
504
589
274
965
418
4752
418
965
42554
42554
23834
14312
765
540
170
12
33
812
199
170
324
33
16487658
1673350
18277885
106390
20854
117942
6381961
998861
7074913
43851
13006
46604
278008
324495
151395
11298
13189
6150
129294
134537
129294
5410
6316
5410
1914124
232363
1300591
117997
27296
43478
5298
29542
2817
650
235883
235883
132115
79336
4293
6610
6610
3721
2319
150
124449
13288
576840
13288
124449
596837
73914
21632793
338899
23674
73914
72450
178709
32657
178709
27784380
2617496
27784380
16460307
1670574
18247564
105872
20854
117368
63741950
11613983
2312071691
36194442
1811982
11613983
7737891
1924579
233632
1307695
118641
27444
43310801
6381961
4236
611590145
369
995696
7074913
3929407
908942
45764
5554
31095
2819
651
405533
43851
39
5717849
4
13006
46604
36789
8505
23869
23869
11198
587178
587178
275510
278008
324495
151395
11298
13189
6150
5943440
282965
29258051
282965
5943440
244438
244438
136906
82213
4399
3328849
115263
12
35
5005621
134537
115263
1999007
106960
8524
8524
4774
2865
150
69700
5410
1
1
104812
6316
5410
41856
2236
102824
10435
113989
32212
5025
35710
504
589
274
170
199
170
278915
33858
189515
17193
3977
42554
42554
23834
14312
765
173563
16351
173563
102824
10435
113989
56774
58621
9145
58621
6892
278915
33858
189515
17193
3977
38576
32212
5025
35710
3499
809
1066
1066
500
504
589
274
965
418
418
965
42554
42554
23834
14312
765
540
170
199
170
324
33
19772713
2006754
21919630
138895
20854
153977
7756620
1211021
8598833
68560
13006
71313
374341
436936
203855
11298
13189
6150
173694
194549
173694
5410
6316
5410
1914124
232363
1300591
117997
27296
43478
5298
29542
2817
650
235883
235883
132115
79336
4293
6610
6610
3721
2319
150
124449
13288
13288
124449
596837
102707
23674
102707
72450
233577
32676
233577
33349767
3141798
33349767
19757411
2005201
21902666
138378
20854
153403
63741950
14115608
2202279
14115608
7737891
1924579
233632
1307695
118641
27444
43310801
7756620
1210167
8598833
3929407
908942
45764
5554
31095
2819
651
405533
68560
13006
71313
36789
8505
23869
23869
11198
790641
790641
370978
374341
436936
203855
11298
13189
6150
5943440
409185
409185
5943440
244438
244438
136906
82213
4399
3328849
166678
194549
166678
1999007
106960
8524
8524
4774
2865
150
69700
5410
6316
5410
41856
2236
67543
67543
135086
102824
10435
113989
32212
5025
35710
504
589
274
170
199
170
8648
734
10094
3191
497
3725
134
134
337
609
154
134
134
134
337
269
269
134
134
278915
33858
189515
17193
3977
42554
42554
23834
14312
765
77354
9390
43325
3656
845
18777
18777
5890
2846
152
173563
16351
173563
102824
10435
113989
2059328
32237
56774
58621
9145
58621
6892
278915
33858
189515
17193
3977
33
544734
33
38576
32212
5025
35710
3499
809
1066
1066
500
504
589
274
4752
965
418
418
965
42554
42554
23834
14312
765
12
33
812
540
170
199
170
324
33
18267
13578
1337
18267
5625
8648
13578
734
10094
2674
40543
634
2480
7835
3709
1222
7835
301
1536
77354
9390
43325
3656
845
33
10724
16
1389
3191
3709
497
3725
117
33
730
434
1888
134
337
2696
434
134
1888
134
1888
134
337
609
154
134
426
66
66
268
472
268
674
538
268
66
472
18777
18777
5890
2846
152
1
2
33
33
134
472
134
337
269
269
134
134
33
33
236
22621770
2295908
25078037
205502
20855
227814
8906637
1389591
9873718
83395
13007
92447
586217
684241
319236
11298
13189
6150
258568
301806
258568
5410
6316
5410
4349477
369543
5076770
63557
5397
74183
1892342
295237
2208768
29912
4663
34915
172492
41442
1449744
677649
923221
233236
7709
1852
64788
30283
41258
10423
818041
490852
360288
360288
490852
360288
50891
30536
22413
22413
30536
22413
1914124
232363
1300591
117997
27296
43478
5298
29542
2817
650
235883
235883
132115
79336
4293
6610
6610
3721
2319
152
329984
40058
184820
15622
3655
6759
950
3810
369
84
96742
96742
30347
14665
821
2424
2424
1520
734
34
124449
13288
576840
13288
124449
596837
151763
21615910
338899
23674
151763
72449
346880
32675
346880
38184697
3597285
38184697
22621770
2295909
25078037
205501
20854
227813
63741949
16208425
2312071691
36194442
2528794
16208425
7737893
1924579
233632
1307695
118641
27444
43310801
8906637
4238
611590145
369
1389589
9873718
3929408
908942
45764
5555
31095
2821
652
405532
83393
39
5717849
4
13007
92447
36789
8506
23868
23868
11197
1238144
1238144
580951
586217
684241
319236
11298
13189
6150
5943442
634774
29258051
634774
5943442
244438
244438
136906
82213
4399
3328851
258568
12
35
5005623
301806
258568
1999009
106960
8527
8527
4776
2868
152
69700
5410
1
1
104812
6316
5410
41855
2236
19736
73438
94385
1471145
24151
11454
73438
8173
11454
56657
134238
9824
134238
23473
3877280
9186478
672496
9186478
1606412
3877280
4349477
369541
5076770
763777
56657
63556
5397
74184
11159
1248626
4645582
5970567
97608551
1528018
724790
4645582
517323
724790
334495
40605
187347
15809
3657
1248626
1892341
3344043
176
25819453
16
295236
2208767
245963
282194
65274
7844
952
4393
371
86
19736
29913
52861
3
389424
1
4663
34915
3881
4457
1026
109564
16214
4547
270172
109564
25589
286599
2600761
362796
101741
6413155
2600761
572582
6413155
677649
172492
41442
1449744
6413155
923221
233236
1449744
30284
7709
1853
64788
270172
41258
10424
64788
2171367
2171367
2171367
101816
101816
31939
15434
826
1
681153
3
371487
818041
490852
360288
2171367
490852
360288
329158
17610
490852
4849
4849
1519
733
34
1
42376
1
23111
50892
30537
22414
67543
30537
22414
20477
1095
30537
10435
113989
102824
5025
35710
32212
134
995302
1122326
589
504
274
199
170
4362
6614012
8409992
33858
278915
17193
3977
189515
42554
14312
23834
765
16351
173563
10435
113989
102824
6892
56774
9145
58621
134
2093361
33858
278915
17193
3977
189515
3499
809
38576
5025
35710
32212
134
1122324
995298
1066
500
589
504
274
965
418
19296
29258051
42554
14312
23834
765
324
540
33
199
170
4362
8409991
6614012
1673350
18277885
16487658
20854
117942
106390
998861
7074913
6381961
995302
15582
1122326
13006
46604
43851
9315
141
10504
324495
278008
151395
13190
11300
6152
134537
129294
6614013
8409992
6317
5411
138490
176097
232363
1914124
117997
27296
1300591
5298
43478
2817
650
29542
235883
79336
132115
4293
6610
2319
3721
149
124449
13290
612638
72450
596837
23674
73914
19596
303
32656
185486
2617496
27830547
1673350
18277885
16487658
20854
117942
106390
7737892
63741950
1811982
11613983
2093362
32780
233632
1924579
118641
27444
1307695
3929408
908941
43310802
998861
7074913
6381961
1122326
995299
15582
5554
45764
2819
652
31096
36788
8505
405532
13006
46604
43851
10504
9315
143
23871
11201
587178
275510
324495
278008
151395
13191
11302
6154
5943440
282965
29258051
244438
82213
136906
4398
1999007
3328849
106959
134537
129294
8409991
6614013
8525
2865
4774
149
41856
69703
2239
6318
5413
176097
138490
80913127
41450420
99407258
257848
194519
466844
80913127
99407258
80913127
41420031
99407258
257848
466844
257848
194519
466844
41206
38364
5217
56994
51412
239994
13337
12417
2512
17855
16106
81058
134
872973
984382
195
176
294
252
137
4077
134
134
134
134
2090
2847
7635788
9709219
194128
220639
261537
1817545
104728
112043
25917
132812
1234969
277524
96160
96160
170342
32342
53858
36501
1730
2
79126
8175
86781
506889
41206
38364
5217
56994
51412
239994
3031
3446
4084
28387
27913
4572
29310
198993
1
134
1431
1836075
1836075
194128
220639
261537
1817545
104728
112043
25917
132812
1234969
1635
1749
404
2074
19288
13337
12417
2512
17855
16106
81058
1
134
872
984382
872969
984382
499
533
250
15650
195
176
294
252
137
4077
2027
630
273
12596
1
12596
4024
33774631
277524
96160
170342
32342
53858
36501
2
1730
1244
211
352
239
13
33
134
134
134
134
2090
1
2847
2983
9709219
7635788
9128912
8465034
1155979
12626676
11389957
90642031
58931
49774
23145
74426
67136
1064845
80913127
66739279
160167300
3764898
3505283
709345
5013664
4522601
39315116
872973
13663
984382
33434
33069
16931
35110
34416
546374
25395351
21962776
52710231
12124
185
13674
155008
162120
233068
199679
108739
10677614
20683
18580
31098
26643
14508
430384
257848
910549
2185300
99233
85017
68932
61927
5782204
7635788
9709219
26911
23054
18692
16791
290362
64462
546325
546325
285847
546325
997899
1134173
1344405
9342911
538345
575948
133227
682707
6348236
15605
17736
21024
146110
8418
9007
2369
10676
99277
883956
633627
633627
542564
213113
354886
240519
11403
2
31626
13205
13205
19412
4441
7396
5012
536
1
403348
265007
31898
828525
64462
8127
1
546325
546325
2983
546325
82983
94315
111797
553235
49040
30819
51249
1341323
25395351
1
527953
622835
52710231
52710231
20
25511
396
25511
113164
32016
124112
2249048
80913127
175088
390047
160167300
160167300
18056010
1803890
19225819
191443946
9128912
8465034
1155979
12626676
11389957
90642031
58931
49774
23145
74426
67136
1064843
80913127
73153
216530
66736924
160167300
36208367
5858812
6658897
7893197
54853571
7879549
1284068
8230293
96516175
1
1432
1836075
28749
1836075
1086739
1235146
1464094
10174683
586272
627224
145088
743487
6913401
3176751
3395140
797226
4015157
37271406
3764898
3505283
709345
5013664
4522601
39315115
1
873
984382
872969
13663
984382
20116
22863
27100
188354
10851
11608
2683
13762
127981
44763
47890
11074
56768
415228
33434
33069
16931
35110
34416
546374
25395351
1
142591
257617
21962776
52710231
11915566
13
13675
12125
188
13675
31898
31898
26405
1343984
257848
230419
64619
2185300
2185300
395095
421740
197885
40979792
155008
162120
233068
199679
108739
10677614
20684
18582
31100
26645
14510
430384
257848
95307
17453
910549
2185300
546325
6936037
6003600
208712
34651139
1
3751
33774631
883957
840949
542566
282843
471004
319217
2
15130
4257284
2019242
3362545
2278915
14
127451
99233
85017
68932
61927
5784841
1
2983
9708246
7635023
31625
30087
19411
10116
16849
11419
1
536
341957
178264
265007
201189
1
9538
26914
23058
18695
16795
432926
64462
8127
8127
1
190329
446383
546325
546325
546325
2983
546325
546325
10435
113989
102824
5025
35710
32212
134
995302
1122326
589
504
274
199
170
4362
6614012
8409992
33858
278915
17193
3977
189515
42554
14312
23834
765
16351
173563
10435
113989
102824
6892
56774
9145
58621
2059328
32237
134
2093361
33858
278915
17193
3977
189515
3499
809
38576
5025
35710
32212
33
544734
33
134
1122324
995298
1066
500
589
504
274
965
418
4752
19296
29258051
42554
14312
23834
765
324
540
33
199
170
12
33
812
4362
8409991
6614012
1673350
18277885
16487658
20854
117942
106390
998861
7074913
6381961
995302
15582
1122326
13006
46604
43851
9315
141
10504
324495
278008
151395
13190
11300
6152
134537
129294
6614013
8409992
6317
5411
138490
176097
232363
1914124
117997
27296
1300591
5298
43478
2817
650
29542
235883
79336
132115
4293
6610
2319
3721
149
124449
13290
612638
72450
596837
23674
73914
19596
21648757
303
338898
32656
178709
2617496
27784380
1670574
18247564
16460307
20854
117368
105872
7737891
63741950
1811982
11613983
2093362
2312071691
32780
36194442
233632
1924579
118641
27444
1307695
3929407
908941
43310801
995696
7074913
6381961
1122326
995299
4236
611590145
15581
371
5554
45764
2819
651
31096
36788
8505
405532
13006
46604
43851
10504
9315
39
5726537
143
4
23871
11201
587178
275510
324495
278008
151395
13191
11302
6154
5943440
282965
29258051
244438
82213
136906
4398
1999006
3328849
106959
134537
115263
12
35
5005621
8409991
6614013
8524
2865
4774
149
41856
69703
2239
6318
5413
1
1
104812
176097
138490
317676
187656
317676
80913127
41450420
99407258
426861
426861
426861
466844
257848
65684
194519
466844
466844
317676
187656
317676
317676
187656
317676
80913127
99407258
80913127
41420031
99407258
466844
257848
65684
466844
426861
426861
426861
426861
426861
426861
466844
257848
65684
194519
466844
41206
38364
5217
56994
51412
239994
13337
12417
2512
17855
16106
81058
134
872973
984382
195
176
294
252
137
4077
134
134
134
134
2090
2847
7635788
9709219
194128
220639
261537
1817545
104728
112043
25917
132812
1234969
96160
96160
277524
32342
53858
36501
1730
2
170342
79126
8175
86781
506889
1373
372906
154500
41206
38364
5217
56994
51412
239994
836
372906
154500
3031
3446
4084
28387
27913
4572
29310
198993
1627220
1
1029664
16118
3151397
134
1431
1836075
1836075
343
93226
38625
194128
220639
261537
1817545
104728
112043
25917
132812
1234969
1635
1749
404
2074
19288
13337
12417
2512
17855
16106
81058
14
1
33
272367
33
311593
134
872
984382
872969
984382
209
93226
38625
499
533
250
15650
41
67968
195
176
294
252
137
4077
19
67968
630
2027
273
12596
3102
3102
3102
5940
1
3102
3102
9494
12596
4024
33774631
12
22184
3102
96160
277524
32342
53858
36501
2
1730
170342
211
352
239
13
33
1244
134
134
134
134
2090
3102
3102
3102
11
1
33
350
477
3102
13
33
530
607
2847
2983
9709219
7635788
8
22184
3102
317676
187656
317676
106532
65008
106532
9128912
8465034
1155979
12626676
11389957
90642031
58931
49774
23145
74426
67136
1064845
80913127
66739279
160167300
3764898
3505283
709345
5013664
4522601
39315116
872973
13663
984382
33434
33069
16931
35110
34416
546374
25395351
21962776
52710231
12124
185
13674
155008
162120
233068
199679
108739
10677614
426861
426861
426861
20683
18580
31098
26643
14508
430384
3314100
257848
65684
910549
2185300
2185300
99233
85017
68932
61927
5782204
7635788
9709219
148115
148115
148115
26911
23054
18692
16791
290362
828525
64462
16421
546325
546325
285847
546325
546325
997899
1134173
1344405
9342911
538345
575948
133227
682707
6348236
15605
17736
21024
146110
8418
9007
2369
10676
99277
317676
187656
317676
317676
187656
317676
633627
633627
883956
213113
354886
240519
11403
2
542564
13205
13205
31626
106532
65008
106532
4441
7396
5012
536
1
19412
106532
65008
106532
403348
383723
31898
828525
64462
888
16421
8127
122
11
1
252451
2983
82194
546325
8
155
2609129
82983
94315
111797
671951
49040
30819
51249
1341323
25395351
13514
1
6103609
20
1319604
527952
622834
25511
22049660
396
441183
25511
52710231
8
1483
614
102040
31933
111912
2249048
80913127
175087
390047
160167300
8
4789
1984
17458979
1803890
19148056
191443946
1373
1021799
423346
9091988
8465034
1151303
12575605
11343888
90642031
836
1021799
423346
53139
49774
23145
73499
66300
1064843
80913127
73153
216529
36207089
66736924
160167300
8
4789
1984
5971402
6782617
8019985
55507598
7837992
1284068
8230293
96516175
1627220
1
1432
1836075
2023498604
28749
31709289
1836075
343
255449
105836
1086739
1235146
1464094
10174683
586272
627224
145088
743487
6913401
3221441
3446459
797226
4085301
37715799
3745042
3486796
705604
5013664
4522601
39315115
14
1
873
984382
872969
3714
535256674
200072997
13663
326
984382
209
255449
105836
20116
22863
27100
188354
10851
11608
2683
13762
127981
44763
47890
11074
56768
527927
33317
32952
16931
35110
34416
546374
25395351
11
1
1435608
13
53
142590
257617
13675
12125
52
5832585
7706695
2198953
188
5
13675
11915566
21962776
52710231
8
1483
614
31898
31898
26405
1343984
3314100
257848
65684
230419
64619
2185300
8
620
395095
421740
197885
40979792
41
269700
155008
139255
233068
199679
108739
10677614
19
269700
426861
426861
426861
426861
426861
426861
20684
18582
31100
26645
14510
430384
3314100
257848
65684
95307
17453
546325
910549
2185300
8
620
6934675
6533480
206626
34651139
15444087
5561719
62291
5940
1
3751
33774631
12
78890
34863638
883957
840948
542566
282843
471004
319216
2
15130
4256448
2197461
3659324
2480053
14
127451
98241
84167
68243
61308
5784841
15444087
5561719
62291
11
1
2983
380609
3823011
5197244
14
41
5778342
9708246
7635023
2220299
33774631
8
78890
34863638
31624
30086
148115
148115
148115
19410
10116
16849
11419
1
536
148115
148115
148115
341957
178264
296855
201189
1
9538
26914
23058
18695
16795
432926
828525
64462
888
888
16421
8127
8127
122
11
1
113322
219462
2983
2
52387
28484
294402
401493
1
190329
3
446383
546325
546325
166853
546325
546325
8
155
2609129
10435
113989
102824
5025
35710
32212
134
995302
1122326
589
504
274
199
170
4362
6614012
8409992
33858
278915
17193
3977
189515
42554
14312
23834
765
16351
173563
10435
113989
102824
6892
56774
9145
58621
134
2093361
33858
278915
17193
3977
189515
3499
809
38576
5025
35710
32212
134
1122324
995298
1066
500
589
504
274
965
418
19296
29258051
42554
14312
23834
765
324
540
33
199
170
4362
8409991
6614012
2006754
21919630
19772713
20854
153977
138895
995302
15582
1211021
8598833
7756620
1122326
9315
141
13006
71313
68560
10504
436936
374341
203855
13190
11300
6152
6614013
194549
173694
8409992
138490
6317
5411
176097
232363
1914124
117997
27296
1300591
5298
43478
2817
650
29542
235883
79336
132115
4293
6610
2319
3721
149
124449
13290
612638
72450
596837
23674
102707
19596
303
32675
233577
3141798
33349767
2005201
21902666
19757411
20854
153403
138378
7737891
63741950
2202279
14115608
2093362
32780
233632
1924579
118641
27444
1307695
3929407
908941
43310801
1210167
8598833
7756620
1122326
995299
15581
5554
45764
2819
651
31096
36788
8505
405532
13006
71313
68560
10504
9315
143
23871
11201
790641
370978
436936
374341
203855
13191
11302
6154
5943440
409185
29258051
244438
82213
136906
4398
1999006
3328849
106959
194549
166678
8409991
6614013
8524
2865
4774
149
41856
69703
2239
6318
5413
176097
138490
41450420
99407258
194519
466844
99407258
41420031
99407258
99678
466844
99678
25472
47393
194519
466844
14332
99678
41206
38364
5217
56994
51412
239994
13337
12417
2512
17855
16106
81058
134
872973
984382
195
176
294
252
137
4077
134
134
134
134
2090
2847
7803773
10021272
194128
220639
261537
1817545
104728
112043
25917
132812
1234969
277524
96160
96160
170342
32342
53858
36501
1730
2
79126
8175
86781
506889
41206
38364
5217
56994
51412
239994
3031
3446
4084
28387
27913
4572
29310
198993
134
1431
1836075
1836075
194128
220639
261537
1817545
104728
112043
25917
132812
1234969
1635
1749
404
2074
19288
13337
12417
2512
17855
16106
81058
134
701
872
984382
872969
984382
499
533
250
15650
195
176
294
252
137
4077
2027
630
273
12596
12596
8306
34863638
277524
96160
170342
32342
53858
36501
2
1730
1244
211
352
239
13
33
134
134
134
134
2090
2847
6519
6519
10021272
7881201
11706536
10881638
1482379
16191923
14606006
90642031
69564823
166948548
84711
74483
23145
110248
99503
1064845
872973
13663
4845155
4511048
912876
6459853
5827143
39315116
984382
22669162
54405543
12124
185
58143
57778
16931
59819
59125
546374
13674
219000
219608
329285
282112
153630
10677614
1087145
2609128
20683
18580
31098
26643
14508
430384
7803773
149437
128029
104750
95263
5782204
10021272
599388
652282
285847
26911
23054
18692
16791
290362
734942
997899
1134173
1344405
9342911
538345
575948
133227
682707
6348236
15605
17736
21024
146110
8418
9007
2369
10676
99277
883956
633627
633627
542564
213113
354886
240519
11403
2
31626
13205
13205
19412
4441
7396
5012
536
1
482481
265007
12
651
39439
278541
652282
2609129
6519
56607
2609129
82983
94315
111797
553235
12
651
67152
527952
622834
54405543
67371414
20
73749
30819
75958
1341323
25511
396
25511
175087
390047
166948548
177388547
152117
36268
166834
2249048
22443181
2318866
24614457
191443946
11687576
10881638
1479978
16165698
14582349
90642031
73153
216529
69562467
166948548
40100088
79217
74483
23145
109569
98837
1064843
5858812
6658896
7893197
54853571
1432
10098858
1654457
10604318
96516175
1836075
28749
1836075
1086739
1235146
1464094
10174683
586272
627224
145088
743487
6913401
3176751
3395139
797226
4015157
37271406
702
873
4825298
4492561
909135
6459853
5827143
39315115
984382
872969
13663
984382
20116
22863
27100
188354
10851
11608
2683
13762
127981
44763
47890
11074
56768
415227
12
651
48550
142590
257617
22669162
54405543
15229841
10
13
58026
57661
16931
59819
59125
546374
13675
12125
188
13675
278541
230419
64619
2609128
4073078
52720
56275
26405
1651777
558202
595846
279578
40979792
219000
196743
329285
282112
153630
10677614
222235
278541
120358
278541
95307
17453
1087145
2609128
920752
20684
18582
31100
26645
14510
430384
7102768
6003600
7931
313257
34863638
883957
840948
542566
282843
471004
319216
2
15130
4359622
2019242
3362545
2278915
14
127451
6519
6519
148939
127602
104374
94886
10021271
7881200
5784841
31624
30086
19410
10116
16849
11419
1
536
341957
178264
265007
201189
1
9538
6
530
39439
142359
264868
77098
278541
190329
446383
652282
652282
589814
2240
3099
26914
23058
18695
16795
749973
589814
432926
166853
10435
113989
102824
5025
35710
32212
134
995302
1122329
589
504
274
199
170
4362
6614012
8409992
734
10094
8648
497
3725
3191
134
42013
47376
154
134
134
134
337
609
134
134
134
134
337
269
269
490853
624141
33858
278915
17193
3977
189515
42554
14312
23834
765
9390
77354
3656
845
43325
18777
2846
5890
152
16351
173563
10435
113989
102824
2059328
32237
6892
56774
9145
58621
134
2093360
33858
278915
17193
3977
189515
33
544734
33
3499
809
38576
5025
35710
32212
134
1122323
995297
1066
500
589
504
274
4752
965
418
19296
29258051
42554
14312
23834
765
12
33
812
324
540
33
199
170
4362
8409991
6614012
1337
18267
13578
5625
734
10094
8648
13578
2674
40543
634
301
2480
1222
7835
3709
1536
134
88371
9390
77354
3656
845
43325
33
10724
16
117
33
1389
497
3725
3191
3709
730
134
47376
42013
434
134
1888
134
337
2696
154
134
134
426
1888
134
337
609
66
66
268
472
268
268
674
538
2171367
18777
2846
5890
152
1
2
33
33
33
33
134
134
236
472
134
134
337
269
269
624141
490854
2295908
25078037
22621770
20855
227814
205501
995302
15584
1389590
9873718
8906637
1122328
9316
141
13007
92449
83394
10505
684241
586218
319235
13189
11299
6151
6614014
301806
258569
8409992
138489
6316
5410
176096
369542
5076770
4349477
5397
74183
63556
42016
653
295237
2208767
1892342
47379
661
11
4663
34915
29912
744
172493
41442
1449744
923221
677648
233236
7709
1852
64787
41258
30283
10423
818041
490852
360288
490852
490852
360288
624141
50891
30536
22413
30536
30536
22413
38829
232363
1914124
117997
27296
1300591
5298
43478
2817
650
29542
235883
79336
132115
4293
6610
2319
3721
152
40058
329984
15622
3655
184820
950
6759
369
84
3810
96742
14665
30347
821
2424
734
1520
39
124450
13291
612638
72452
596838
23678
151765
19600
21648756
306
338901
32678
346879
3597284
38184697
2295908
25078037
22621770
20856
227815
205502
7737893
63741949
2528795
16208425
2093363
2312071691
32784
36194442
233632
1924579
118641
27444
1307695
3929408
908943
43310801
1389589
9873718
8906637
1122328
995301
4241
611590145
15587
372
5555
45764
2821
652
31095
36792
8510
405534
13011
92451
83396
10508
9319
39
5726537
145
3
23870
11200
1238144
580951
684242
586218
319236
13191
11302
6154
5943441
634775
29258051
244438
82213
136906
4399
1999008
3328850
106963
301807
258570
11
34
5005622
8409992
6614014
8527
2868
4776
153
41857
69703
2239
6319
5414
1
1
104813
176097
138491
19739
8178
11458
73441
94388
1397
1543090
21
24156
56657
23473
9826
134239
3877280
1606412
672497
9186478
3877280
763777
369541
5076770
4349477
56657
11160
5399
74185
63557
1248626
517323
724791
4645581
5970567
88375
97608551
1384
1528017
40605
334495
15809
3657
187347
1248626
245964
282195
65276
295238
2208767
1892341
3344043
47381
42018
179
25819453
658
15
952
7844
370
85
4393
19739
3888
4461
1031
4667
34918
29915
52865
749
664
2
408178
10
1
116226
25588
16213
4546
286599
2600761
572582
362798
101743
6413155
923221
677649
233237
172494
41444
1449744
6413155
41258
30283
10423
7708
1852
64787
286599
2171367
101816
15434
31939
825
329159
1
681154
2
371488
17612
818042
624142
490854
360289
2171367
4849
735
1521
39
20477
1
42376
1
23111
1095
50892
38829
30537
22414
135086
457
438
248
438
438
248
317676
187656
317676
14997
4998
14997
41450420
99407258
426861
426861
194519
466844
466844
466844
1566663
3751535
62670
62670
12212
12212
12212
12212
317676
187656
317676
187656
14997
4998
14997
4998
99407258
41420031
99407258
99677
466844
99677
426861
426861
25471
47392
194519
466844
14331
99677
3751535
1563152
3751535
12212
6240
4857
248
12212
12212
461092
223391
248
247208
90996
248
62670
62670
12212
12212
6240
4857
248
12212
12212
12212
12212
41206
38364
5217
56994
51412
239994
13337
12417
2512
17855
16106
81058
134
872973
984388
195
176
294
252
137
4077
134
134
134
134
2090
2847
7803772
10021271
1435
7087
3593
4279
3844
491
8272
7087
990
2528
1981
1952
1753
497
2950
2528
134
42387
47798
67
134
134
134
134
134
134
134
134
337
337
67
134
134
134
134
134
134
134
134
337
269
269
926948
1300367
194128
220639
261537
1817545
104728
112043
25917
132812
1234969
96160
96160
277524
32342
53858
36501
1730
2
170342
8262
9390
11131
77354
3417
3656
845
4333
43325
18777
18777
18777
18777
50650
18777
18777
2846
5890
3212
152
1
19112
79126
8175
86781
506889
8461
372906
154500
41206
38364
5217
56994
51412
239994
5154
372906
154500
1029664
16118
3031
3446
4084
28387
3151397
4181061
27913
4572
29310
198993
2115
93226
38625
134
1431
1836075
1836075
194128
220639
261537
1817545
104728
112043
25917
132812
1234969
33
272367
33
1635
1749
404
2074
19288
311593
134
13337
12417
2512
17855
16106
81058
1288
93226
38625
134
701
872
984384
872969
984384
499
533
250
15650
236
67968
195
176
294
252
137
4077
236
67968
3102
3102
630
9494
12596
273
12596
236
22184
12596
2027
87104
34863638
96160
277524
32342
53858
36501
2
1730
170342
33
350
477
3102
13
33
530
211
352
239
13
33
607
134
134
134
134
134
2090
236
22184
2847
1244
29929
41412
10021272
7881200
1055
3943
12225
10907
894
12225
12225
8094
3353
126
1055
1435
5788
4279
3844
491
6756
5788
3593
8094
1594
3353
40543
634
264
301
356
2480
107786
130398
338
3917
6206
5910
968
6206
6206
2562
1061
134
438
2981
16120
89159
1393
89159
8262
9390
11131
77354
3417
3656
845
4333
43325
33
10724
16
109
117
33
138
1389
10657
134
43
338
990
2528
1952
1753
394
2950
2528
1569
2562
504
1061
134
438
1214
8642
47798
42387
478
660
47798
672
67
217
190
217
134
944
134
337
1348
457
438
438
62
672
67
134
134
134
134
134
134
134
236
944
134
337
337
438
438
438
33
33
33
33
33
101
134
168
67
134
134
236
134
101
134
337
269
438
4523930
18777
18777
18777
50650
18777
18777
2846
5890
3212
1
152
19081
33
33
33
33
33
1
5
33
33
33
16
33
33
33
3
33
101
26
26
168
67
134
134
134
134
134
134
236
236
134
101
134
337
269
269
16
438
438
438
534187
1300367
1022670
317676
187656
317676
106532
65008
106532
14997
4998
14997
4999
1666
4999
15562940
14489769
1970709
21525917
19417562
90642031
73724483
177388547
182829
170221
23149
252881
228111
1064847
872973
13666
6468877
6022803
1218801
8660188
7811966
39315116
984387
24941567
63264437
12123
185
89895
83697
16932
120348
108560
546374
13673
513145
460993
771556
661024
359972
10677615
426861
426861
1594674
4073078
20682
18579
31097
26642
14507
430384
4073078
4073078
7803772
359626
308107
249814
224423
5782204
10021271
148115
148115
599387
1687856
285846
26911
23054
18692
16791
290361
734941
1687856
2300369
2540779
1657371
3089538
2775546
355062
4877884
4179085
72232
50766
7936803
20885030
92682
83262
10647
146331
125367
1127940
42390
657
1474246
1319827
297873
2228502
1909248
47801
63508
2818630
8813313
2667
40
92899
83457
18767
140430
120312
3007
367635
196986
280389
67366
2350486
678401
542490
1500701
1101522
379127
62670
62670
56201
29609
37119
8919
171728
388579
1380035
89809
72482
198666
145822
50190
1380035
1380035
1608149
926947
665504
205390
926947
1022669
742619
449184
347487
1300366
29997
29997
221693
171728
147126
61111
233146
361187
171728
305503
224241
147418
118976
549366
361187
722374
997899
1134173
1344405
9342911
538345
575948
133227
682707
6348236
15605
17736
21024
146110
8418
9007
2369
10676
99277
317676
187656
317676
187656
633627
633627
883956
213113
354886
240519
11403
2
542564
106532
13205
65008
13205
31625
106532
4441
7396
5012
537
65008
1
19411
77372
87938
104238
724404
32003
34238
7919
40585
405730
1705
1753
1828
11514
993
1063
244
1261
6449
14997
4998
14997
4998
155914
155914
288192
23635
48910
26674
1740
1
108571
288192
4999
1666
1666
29997
4999
1666
1666
1666
243
1666
1
11301
29997
9304304
82987
94320
111803
776974
82
19
188153
30824
197570
2999839
8179
2041
233221
527955
622838
360518
149367
1341327
25516
28182703
399
441187
25516
67371414
351082
36274
385048
21537
175091
390051
949242
393284
2249050
177388547
29884887
3087755
32776115
1833344
80801560
33477244
191443946
15562940
14489769
1970709
21525917
19417562
1116822
80801560
33477244
90642031
182830
170223
23151
252882
228114
13120
73159
216534
949242
393284
1064846
40100089
73912502
177388547
5971405
6786866
8044888
55907738
1437
13538698
2217993
14216326
588595
25941350
10747873
96516176
1836078
2027906263
28755
31745960
1836078
1086739
1235146
1464094
10174683
586272
627224
145088
743487
6913401
3221445
3446463
797229
4085304
37987682
705
875
6468876
6022803
1218802
8660188
7811966
358555
25941350
10747873
39315115
984388
872973
3720
536422590
18601
200508803
13671
326
984388
20117
22865
27103
188354
10853
11611
2685
13763
127981
2188432
44769
47897
11079
56775
527931
32
9
12
89900
83701
16938
120354
108566
52
4983
1121
153916
142594
257621
360518
149367
546379
13680
12132
51
7454900
9850287
258
2786558
190
4
13680
15229842
28071653
67371414
52719
56274
26404
12215
869655
1651777
230418
64618
4073078
1307937
1396143
655086
303060
40979792
101051093
513146
460994
771557
661025
359974
144091
10677615
101051093
426861
426861
20683
18581
31099
26644
14509
5807
222235
413482
120357
869655
430383
95306
17452
920751
1697129
4073078
7444361
7082153
87108
756392
104559
34863638
883957
840948
542566
282843
471005
319216
1
15134
4569290
2382001
3966629
2688324
13
127456
29932
41415
359631
308110
249818
224429
49713
380612
3933851
5364821
13
41
5964655
10021273
7881202
5784843
206
2229522
34863638
31626
30087
148115
19412
10119
16851
11421
1
541
148115
113322
219462
341957
178264
296855
201189
1
9538
6
2240
3099
26914
23058
18695
16795
2
52387
3720
530
1311
6838
42289
142359
264868
77098
557083
28484
294402
401493
1
190329
3
446383
749973
589814
432926
15
166853
1087146
2609129
19220
20614
45923
236240
111760
5267
46303
19384
264794
264794
139504
20885030
640676
7874801
3725386
1543480
646152
8826594
8826594
4650210
125
640676
3089539
2775546
3725386
733856
1543480
355065
4877885
4179084
2594425
1692365
3
19220
8613
25493
92684
83265
111760
2665
22015
46303
10651
146334
125370
77831
50770
4721226
8702167
20885030
216652
2507
643403
4463678
1259783
521946
731267
4687090
866816
6023915
4687090
89165
98480697
1396
1541671
89165
91638
104153
123459
857975
37904
40551
9380
48068
480541
42
216652
634
266127
1474248
1324419
1259783
248162
521946
284716
65860
297876
2228503
1909249
337491
353090
3373923
2512918
1185285
47804
42394
180
26050154
903
9737258
479
663
15
47804
2413
2743
3251
22599
998
1068
247
1266
12657
2
13653
39
31400
56730
16770
92904
83462
79389
10695
15638
32892
17942
4150
18771
140435
120317
21268
22251
212617
158359
74694
60880
3012
2671
37
901896
11
1641628
2169111
56
613622
30
41
1
3012
3353732
6181600
14835720
3710249
4227554
2721800
1649322
1173405
930736
589731
165384
19927
10424626
678402
547516
1500702
1101523
424535
1459255
671838
223662
379128
280391
67368
5039
2356569
61
10424626
62670
62670
89808
72481
198666
145822
56200
193179
88939
29608
50189
32291
37118
5913
7883
8918
667
162955
311967
8
88252
575019
1380035
288192
43687
90405
49305
1
2337
108573
288192
49388
510459
696142
685786
1
1419150
5
773977
534187
3
36695
1704348
1300367
1022670
750645
493482
398273
26
26
289304
16
4523930
4547
9410
5132
1
243
11301
29997
