13709267.803854438
7710954.138204013
2569679.0180969574
601343.2318282315
70022397.12440914
1032.3335080429658
7710954.138204013
23411.530911123216
90480588.75518364
1220394.7113242862
1143639.211169243
9559308149.776922
336393.6132646103
489363.22995560954
626350.3894681724
5771684833.051499
771616385.8338951
3226.6157015310764
16013232.630400248
14320717.583109101
38516908.766808376
50634634.58071946
7753026.583585063
90480588.75518364
54507.359177626764
55748.92237323678
10973483.256261496
6507512.513114322
3492.2506285079776
9519.157985068578
25293.17302541749
6356706.896679233
752966.5679401489
6507512.513114322
5190525.720105608
1717965.4981505661
42626646.22184557
812856.7014610416
2922796.4966529445
7710954.138204013
2569679.0180969574
601343.2318282315
70022397.12440914
114.91030863902174
911689.4945675115
1110751.8684281684
2748518.6336269304
4138187.4080981594
976882.715856558
7710954.138204013
9265004.340440845
2178822.594995986
18123097.084529582
1559482.365123791
11412293.774882536
11443502.329481935
363900818.55091673
210119731.30825374
42154877.73457915
363900818.55091673
1559482.365123791
6222759.007892458
1476710.085592085
11412293.774882536
2706182.2373342463
46548.17099042349
438537697.18563294
444120953.7072609
7829.132612683187
20341.993286179764
266858905.2915545
45018198.845143095
237527360.2961062
49294511.917459354
444120953.7072609
1220842.6528982883
1368401.5679612663
3490425.174137139
5160251.530563305
1141815.828096826
9265004.340440845
2178822.594995986
4044157.541760833
9108724.851869361
2241610.275078978
18123097.084529582
6489430.100598936
6461169.948401212
6489430.100598936
94054007.07079273
94941884.82384166
39256543.26814032
6518435.395293131
94054007.07079273
29347407.353416648
16791362.97933471
1331363.5751415163
918655.0582127299
3450808.052044884
844777.4050389215
6461169.948401212
1536861.9159272923
3564.2908776683403
19474157.524403624
1118964.479996452
107024443.60305834
637.5476227647223
107024443.60305834
478.0505124048314
1317.7479542580975
9936187.129686344
1806724.9377404645
76051783.8581748
42616878.40060522
26604613.98368878
56046380.26590793
9862777.249891121
107024443.60305834
1118964.479996452
296.12246692527003
44.952083899087086
31.117903570185664
56046380.26590793
7715.769782166884
863338.236700067
1628368.5082398017
3693652.868379007
1351372.7456627772
273201.40408085426
689985.3112979549
2252855.649252387
10673635.278970461
18055300.1189742
2765399.7290575947
1029696.1414641243
806669.0969069679
564948.9623119187
1333346.822138713
2171932.0467016334
606959.0626896963
3693652.868379007
4389389.703344989
2371554.404241077
1721659.9473923035
5172484.836794107
13331049.454512164
10620374.531147704
2961937.178103026
3007.555011433677
18055300.1189742
9787601.553185891
1583.5722219301913
1621347.3207259416
710172.8442770273
9787601.553185891
353063.0016115525
5442350.007395023
1296825.6516001134
1194571.3294763358
885804.33328707
6.60366538386283
874648.8774433178
27213408.138615657
14352452.303495716
9015567.399313984
4986249.243741116
3725420.380724441
876436.4850373309
83748.79365966794
313679.2893315249
6.60366538386283
874467.4773182821
590764.5702821185
350004.56076679414
265054.2270738898
698505.6055987962
99137.5035745516
86057.20595209247
361641967.002376
31816757.995185666
489326.273512803
591191.3209367483
656517.3990222351
28625.30072750768
13640.277831877427
17467.852368783995
43244.413663260995
72060189.05446929
266063068.53875646
194967074.95300436
27149218.799635384
15603454.145745223
9904993.106035585
5526550.713733777
4145994.637766758
3702849.1877846755
7352807.972039465
3416689.8844080865
359672.09616985905
217.88288281566162
1176133.6671258686
119025.66967398569
445708.56324772973
6322041.868905283
3204769.658540221
973333.8835917112
353063.0016115525
749322.030858579
746591.4082466626
1952241.1295802335
987037.8324738508
3603625.881691721
2658684.7982429266
926470.2699961066
5442350.007395023
579050.2810658849
788429.935025654
471165.92650864454
358800.7518575883
628961.8526208812
2544.0610540398898
41.68494891635849
628961.8526208812
614757.150585759
81.48704189721377
874862.8480613808
885143.6048475883
531272.997528534
280753.90416019957
182766.67870348095
385306.1522184563
111.12650594935693
2544.0610540398898
7.868506389117197
21.903008241753327
51678.320930897855
200529.2916260333
576224.4790384169
398940.63134097063
248516.62680700092
192334.95764061718
81.48704189721377
3810.6817530320623
151126.2867696829
3148.6863695660245
17431699.823827274
12348.330484317927
151126.2867696829
17431699.823827274
226.8577165150978
470.6709199395987
1213.6922813013311
3365406.6976762894
11420859.720410869
8450340.256124752
1068493.0484430068
151126.2867696829
4727.656860762905
10019.488430972675
4980.984485236882
253.81188104960458
12348.330484317927
151126.2867696829
15623490.663863845
8450340.256124752
5195242.984616137
2787410.9297105935
1829836.2869398464
222969.67747112107
629602.6911553413
169327.8797629222
667354.0145093198
1304564.4999999998
10.031237344420747
697341.9672060333
505423.24087749096
104569.62015997458
927151.0566329764
397832.8256379872
19914.522687328223
800060.7387861155
454739.5429884751
169327.8797629222
667354.0145093198
253223.47813232758
305415.5578550311
761603.7128147621
420804.5593842389
221286.36721378326
830181.8871444594
1115432.9729839943
755109.8896421655
585887.6817718423
830976.2101131614
525560.6522581304
410171.6507289224
295277.6877357528
1304564.4999999998
67187.38228170277
1.5596789986400323
658539.440502941
648711.3898429892
650485.3842063068
542702.9479624063
5470173.776998446
3858704.3136478155
2810620.8453109474
616878.1551172815
5470173.776998446
579142.7014706174
2729901.6709367246
2014702.376887352
1387271.807672721
848863.7200303018
656670.1980292615
67187.38228170277
1.5596789986400323
657633.2257002462
327963.14888840035
82098.63765363408
648711.3898429892
55072.50320901537
211870.1988641429
147570.94855962272
35408.92655359177
295653.7037074646
282709.8438953036
202826.0564411717
129182.78760421091
100401.4660374635
4255.7329209199725
23251978.059097577
7550817.993304729
5444841.505445643
151172941.41191447
677660.6774198498
613.8190263567262
1609.192028719695
4497926.499036805
16742053.59254996
12428190.370389948
2335040.3506523957
3546007.887822843
804239.0894697759
7550817.993304729
745519.2939675336
3794373.252271545
2622635.698975489
1821756.781961096
1124861.6698381305
874522.7072971233
103053853.95156343
48344995.55743146
13807484.337652342
265785.86112350435
549336.7702392767
264962.3166012184
14693.022047777598
120919.87362747101
539743.1091790206
341860.29006855993
408189.249481701
512447.4473979287
565613.2262891151
1026655.2955015404
796123.6190432105
403761.71702988335
1510322.0192459563
119032.64669991193
458302.1785034756
334931.31934973464
723817.4873090204
189666.8546274975
763044.5123203559
84685.95314188654
724164.980103741
657392.5639086124
475446.81049438333
308046.4457510835
242520.46793735112
2751555.1373577835
5167001.998335636
2267603.329058964
249335.44608554256
4525516.541351046
2449070.546169777
859913.8205099098
1618173.4567039956
1638458.305430975
1638458.305430975
643126.0207691716
263345.96372270514
1618173.4567039956
154301.2442039553
1200909.1605115237
929928.5177599374
646041.0440340047
843170.7862316048
504479.39196436945
382818.892439465
264760.55240342533
842155.6772349003
524196.8472570802
227005.22455464362
58367.52069671493
430771.6226074424
92717.24299869926
65598.61076795624
23685.7421522594
196918.3617822804
38426.26043233765
145906.62768125325
102672.23038263085
296592.147906712
227167.61677226462
161867.76691668984
103040.41859269438
81260.98909101136
58407.12651947221
9.765530134589373
249.9697284278722
1.8853661737857577
5.128141107346164
9.99987542562568
5.996900191729493
1.0
1.0
986019.0887860662
1051.137848974352
41840.00000000001
4423.268883555623
8149.734874048771
3469.8376708021638
214.89724287287086
10544.000000000022
50.18802149468077
136.23983267379012
1195386.770596612
561592.582730366
695948.6744101777
158047.27617175595
1441773.4843612332
777590.1363814877
1981123.9557536603
1371681.6820443368
986019.0887860662
627616.5748379986
685974.9995781156
477643.0132945095
301051.4076927384
2261964.9999999995
