43714834.312596954
25687186.168892965
9621218.422338454
923138.4147359879
80354357.23254557
382.5127197380891
25687186.168892965
11660.804612916769
575281798.3802483
746575.850425042
4353812.786091777
33579830208.9244
746575.8504250417
4353812.786091777
4353812.786091777
33579830208.924408
33190734394.996193
11660.804612916769
424808412.4174516
538594557.153667
575281798.3802483
575281798.3802483
547388763.0527575
575281798.3802483
10235.817916914903
49156.24510858308
609372596.8245575
1456034.008906803
10235.817916914903
49156.24510858308
49156.24510858308
609372596.8245575
540714536.19811
1456034.008906803
43714834.312596954
21701939.157544196
80184301.94183324
15418308.086373104
25687186.168892965
25687186.168892965
9621218.422338454
923138.4147359879
80354357.23254557
382.5127197380891
14283917.151356036
19925620.93202445
25687186.168892965
25687186.168892965
20790511.999955744
25687186.168892965
83885472.7263082
7029650.060945213
26221975.74815089
21197690.11720757
62655510.82123158
62655529.676793195
1415299536.1311455
1415299536.1311455
1415299536.1311455
1415299536.1311455
21197690.11720757
62655510.82123158
62655510.82123158
62655510.82123158
62655529.676793195
314124.33388387464
2830169132.7358003
497747358.6858905
314124.33388387464
314124.33388387464
2830169132.7358003
2722960011.0520835
497747358.6858905
497747358.6858905
497747358.6858905
55034058.33466725
73006874.77709126
83885472.7263082
83885472.7263082
75269423.0617485
83885472.7263082
7029650.060945213
26221975.74815089
26221975.74815089
26206163.055176772
26221975.74815089
13639873.686688535
13639826.840353277
13639873.686688535
275278672.0420933
275280887.10015136
275278672.0420933
238361473.90628582
275278672.0420933
229427268.2563891
181532366.8357083
12392133.179131724
10372276.774773398
13639826.840353277
12576359.857083052
13639826.840353277
13639873.686688535
6151.6299421278945
104738459.29316501
189187.57176382214
216463622.4846591
5171.065731682081
216463622.4846591
6151.6299421278945
6151.6299421278945
104738459.29316501
85973932.09498417
123580364.18717344
85029822.58470935
64326312.418683544
216130765.1206929
91604400.98867755
216463622.4846591
189187.57176382214
5171.065731682081
5171.065731682081
2453.506634675851
216130765.1206929
64673.457827130784
4236123.011842401
7417087.7025847165
7417087.7025847165
2710260.9441665984
274582.45987302175
697160.6862204003
4535486.10909451
21406082.771823213
36038865.0
12606879.932089815
5913376.500562908
3954954.518943132
5521541.094596626
7417087.7025847165
7417087.7025847165
5831167.590691522
7417087.7025847165
8937863.50645715
5580976.057347768
4190984.4558108402
10360879.761423077
26702039.712575275
21277588.486772988
5918177.597241656
5167.575162718482
36038865.0
13949932.646151667
139.39951320530338
8399468.558585344
3340710.59517693
13949932.646151667
610665.924219324
8643466.655597689
2876256.788503475
17607541.77073893
6272752.370654475
585.7950618966975
5904308.557448982
93597928.31137249
93597928.31137249
93597928.31137249
93597928.31137249
93597928.31137249
17607541.77073893
6272203.116126446
6272752.370654475
585.7950618966975
5904308.557448982
5904308.557448982
5904308.557448982
5904308.557448982
225032.13930277273
4652.253280487092
23997.3094025742
227839860.54617217
35571970.25383011
225032.13930277273
225032.13930277273
225032.13930277273
225032.13930277273
4652.253280487092
23997.3094025742
23997.3094025742
227759511.2961953
227839860.54617217
227839860.54617217
218159291.0240797
35571970.25383011
35571970.25383011
35571970.25383011
35571970.25383011
11096322.370145628
13949932.646151667
13931525.126954978
882628.0836444147
139.39951320530338
8399468.558585344
2704323.5377578945
3340710.59517693
13949932.646151667
13949932.646151667
8258305.28954445
610665.924219324
5380838.126452692
7095280.410849073
8643466.655597689
8382465.788110162
8643466.655597689
8643466.655597689
7416252.059054786
8643466.655597689
2876256.788503475
2876256.788503475
2876256.788503475
2876256.788503475
1346168.5132967024
724.2542636943508
28.970170547774035
1346168.5132967024
1346168.5132967024
28.970170547774035
23392474.86930597
23392474.86930597
23392474.86930597
23392474.86930597
23176903.990756746
1341395.9848686205
724.2542636943508
724.2542636943508
28.970170547774035
28.970170547774035
970267.832398396
1346168.5132967024
1346168.5132967024
1346168.5132967024
1346168.5132967024
1341435.1290897105
28.970170547774035
151.05020703133238
16726.46069263379
539.7481302866191
19026421.83271583
4949.451162465596
16726.46069263379
19026421.83271583
151.05020703133238
539.7481302866191
539.7481302866191
11087436.917965362
19026421.83271583
18997571.604687184
8763296.138236586
16726.46069263379
4949.451162465596
4949.451162465596
4949.451162465596
4949.451162465596
4949.451162465596
16726.46069263379
19026421.83271583
18997571.604687184
17560418.39248177
14127027.196953591
11722548.248091131
976592.6898052668
1271071.3250584211
774599.454553914
1271071.3250584211
2470409.0
12.543608124253286
1168736.9946522727
1212983.2309603996
459935.3054929993
1271071.3250584211
1270748.639887669
86989.77016473335
1271071.3250584211
1271071.3250584211
774599.454553914
1271071.3250584211
535561.774166881
716236.7787276723
1690971.5307251597
990252.5258885642
530317.220395565
2017554.1757617388
2470409.0
2468708.8476009076
2414905.9830898023
2018085.310381404
1339673.117112761
1065657.3699518694
774607.3679390168
2470409.0
362177.1713096086
98.56687705254005
3941145.748307322
2134995.2167808735
2134994.0392218553
2110868.40558878
24220070.682472568
22213100.158075757
24220070.682472568
24220070.682472568
24220070.682472568
15963399.243297804
22213100.158075757
22213100.158075757
22213100.158075757
22213100.158075757
22213100.158075757
362177.1713096086
98.56687705254005
3941145.748307322
2134995.2167808735
2134995.2167808735
2134995.2167808735
2134780.2039606622
2134994.0392218553
2134994.0392218553
1449309.2227743056
2110868.40558878
2110868.40558878
2110868.40558878
2110868.40558878
2110868.40558878
2453.0381089112366
33230165.83583076
11411309.919551624
9899053.933108583
86138979.02424191
22723.074159253854
2453.0381089112366
2453.0381089112366
33191398.756266687
33230165.83583076
33230165.83583076
30180496.208455276
11411309.919551624
11411309.919551624
11411309.919551624
5572159.987125029
9899053.933108583
9899053.933108583
9899053.933108583
9899053.933108583
9899053.933108583
86138979.02424191
76044666.91884647
34850925.91254457
22723.074159253854
22723.074159253854
22723.074159253854
22723.074159253854
120557.83134488923
2717726.972469636
1535320.7324063363
2054871.0268873738
2729215.801886258
2580364.0053338273
2729215.801886258
2729215.801886258
2203620.8510309667
2729215.801886258
1060281.3323294064
1415674.4704483505
1415674.4704483505
1415674.4704483505
1408821.0185145417
1415674.4704483505
537194.2525413984
1217755.0582135546
1217755.0582135546
1217755.0582135546
1217755.0582135546
1217755.0582135546
4596152.923664286
9858884.059450483
4973664.601092242
249772.70734875754
10151498.684503188
6026463.287421
2277254.5271982662
5177227.086794603
5177242.555016737
5177242.555016737
5177227.086794603
4790803.461274834
5177227.086794603
1892699.5719342397
5152058.026041776
5177242.555016737
5177242.555016737
5177242.555016737
5177242.555016737
5153465.539426692
4790804.980322297
4719198.823339843
4012723.7226616694
451263.08118094836
436474.64784920606
451263.08118094836
434696.4120348026
395225.7878210013
227380.69552194275
450964.4728056816
364755.0763996216
451263.1829220748
451263.1829220748
451263.1829220748
451263.1829220748
451263.1829220748
451263.1829220748
450705.4244123086
436474.3839917041
246.73941396400318
246.73941396400318
9.869576558560125
9.869576558560125
9.869576558560125
105.56297243109059
105.56297243109059
79.7612399262257
4453122.235922764
2704.1789661045264
4024.5885531898607
1137.3906444644517
1137.3906444644517
1137.3906444644517
1137.3906444644517
1137.3906444644517
125.60946884285173
125.60946884285173
3484820.0473122452
2428999.319292522
1840568.3643848314
690651.1186791222
3553753.481143007
3204492.939678051
4454988.0
4454988.0
4453122.235922764
4325239.43991156
3858728.1213867078
3326751.9388486333
2569863.7307196986
4454988.0
