28006649.68609679
16454279.044987937
6010774.611798172
609955.4168519973
80281023.00320421
569.3226485519
16454279.044987937
21657.2417002754
182722952.20292765
2204155.4923890894
2386963.027185189
19146242449.28859
432169.8951163491
477845.286441356
953785.9166776721
12182684639.041737
2615720571.832302
4246.346460781
44187257.37022342
47772737.09165039
92311124.34084406
109533438.2951508
26102266.274832983
182722952.20292765
39952.473543678
56562.6352540957
43656134.507380046
13254325.226795552
4917.3287635855
13982.8801172499
30581.2276310296
23549926.94946614
6172825.789325811
13254325.226795552
11809596.792460488
5132788.289837383
47170481.54229972
3420562.6293869647
6938254.584765968
16454279.044987937
6010774.611798172
609955.4168519973
80281023.00320421
78.083946483
3009519.328285343
3922713.7648901623
7165265.135194991
9297344.776571687
3015581.3617991223
16454279.044987937
17167087.86918484
2860335.6154750283
28122320.091620132
2118063.987174092
17747603.88774394
17747603.88774394
645842380.9552389
370843656.72530866
85578250.78212284
645842380.9552389
2118063.987174092
9143233.63344863
2882720.3406867296
17747603.88774394
4534275.629961138
76292.2246443645
831910736.5842139
656796989.3581631
21083.5228489671
41575.4783203513
530622356.32197124
115036510.73240073
373974729.00955254
87542056.54253314
656796989.3581631
3621383.7428092384
4262673.379233383
8040444.521958373
10163039.355768697
3050824.5285782306
17167087.86918484
2860335.6154750283
7389019.913125081
14496861.84136932
4761156.787287035
28122320.091620132
8726678.763995294
8726678.763995294
8726678.763995294
187284586.83714455
187284586.83714455
93045605.75329185
32256921.45458543
187284586.83714455
50528985.69689907
37939959.636063226
1804357.8767007708
1354811.779157506
4556993.762858205
1583075.704223845
8726678.763995294
2374646.9283818644
4057.6972028009
44246210.994020514
1956343.949598436
215675996.1746306
709.2773751163
215675996.1746306
766.1377030137
1619.7929437932
23911692.34533884
6293687.509458694
155293453.55730778
88350240.69045532
59866318.62529269
116556377.39238715
30678272.618592687
215675996.1746306
1956343.949598436
309.2661438562
67.5093612426
0.8348846717
116556377.39238715
87407.8281644325
1721079.4750089322
3561003.618688707
7435599.1710572485
2716236.3418476484
275635.5340471811
1160946.467549242
5671613.665646841
24348868.67848262
36244465.28516879
6061217.730069893
2867078.1109026815
1252506.6042468324
1876599.4930310978
3313302.990623112
4530923.250679176
1684446.508572884
7435599.1710572485
8968913.068745945
5029248.210711583
3871896.265225831
12449850.594273511
27541476.90091282
22085764.266076673
8210752.301218094
41376.6815695476
36244465.28516879
19455366.63944063
1459.3967146762
3236663.607784586
1413829.5863798282
19455366.63944063
360132.2781830438
10901325.490331257
2563610.584912582
2541874.630962588
917915.8225249499
6.5228863487
1804094.8551167324
54853172.73852713
28693814.50722404
19432278.640106313
12435967.052095441
9834818.944594327
1899004.9081028872
159171.8202119486
376236.18358683
6.5228863487
902610.8301086971
656460.9479608086
434965.9980069087
353178.3466852891
1394189.7258520175
89898.3274986378
86418.9596449229
726435405.3404403
58978082.86139265
534933.0436538324
1245784.7778935072
750877.7772939121
28939.1261798775
17626.4110678101
16605.4208803662
32190.2358230313
208755777.93045658
548499815.9380589
410209823.217755
87043453.10604239
30433006.05771345
20783887.26114438
13364264.973148251
10606894.787931899
7980420.280187942
15583867.31729576
8047859.496768075
351011.7439275031
286.1446605254
2341900.4625757644
227189.2960153049
534886.2526894544
12828879.432881687
7158237.927075698
2860156.9047455788
360132.2781830438
2201289.0346668223
2425061.8118454986
4668619.722216062
2901098.974158215
7438350.1988546625
5624338.586144182
1431756.0262408354
10901325.490331257
1198953.3793457386
877242.9839514198
584090.0313440181
475634.0929235964
455404.6509897251
317.0213555283
12.6808542211
455404.6509897251
889594.7252900492
24.7709833502
2061270.9691483339
1019887.8428647781
766612.1044636976
529069.2444584797
442453.1030221549
367126.9859235522
56.9267152939
317.0213555283
3.2933141079
6.5031998641
101690.2806441958
238716.6761726602
447446.9912803472
336973.492797408
232968.7827459933
194887.0321892661
24.7709833502
2669.8331961921
152282.7593681921
3134.7176517939
34868264.268737935
12355.326334303
152282.7593681921
34868264.268737935
274.3002030546
665.5292381
1397.033731934
9665551.413035247
23002853.60942912
17518100.418744892
3709665.183671668
152282.7593681921
5146.0480094187
10627.1409697501
5810.1650303729
243.203714322
12355.326334303
152282.7593681921
31460021.945507366
17518100.418744892
11835362.488073858
7303094.324034528
5602622.620217446
334022.7094142993
660071.0792230141
234493.5402383801
1335603.7923981913
2608989.7988802586
14.0417408596
676405.8355502893
547949.0546562001
208305.5160112281
1012581.9732591307
488704.4921093828
20083.2687326439
836886.5600618157
505389.2965279305
234493.5402383801
1335603.7923981913
387721.4181132711
508182.1765135882
923164.199783634
622985.3016347813
436584.9766987615
917885.5511544282
2263394.095832886
1558934.2319948375
1218125.460917128
917946.5627682753
630969.7704643116
525130.5673025023
409764.3862546869
2608989.7988802586
56149.8432342585
1.2208478172
1241302.2943020172
556797.8806636595
556797.8806636595
498035.5304298593
8024794.571158279
6083342.898763072
3577013.240831604
937160.9899174332
8024794.571158279
584838.4482580804
4949986.994203088
2791839.6024425044
1978279.3658840116
1305987.5032885731
1064523.0291950712
56149.8432342585
1.2208478172
738046.6710920746
273768.4327112046
93444.2282210272
556797.8806636595
86948.6916825626
207281.9786823106
143127.8843033563
43900.9403003938
277956.2930521033
258645.711625232
195850.6265402076
136361.2481854453
113844.9047443227
3491.335662172
38070453.91479219
9415861.64470702
7289979.487067527
234669547.57193673
533428.6190090008
818.5232185511
1602.8423238003
10542923.105989689
27677966.583868377
20823112.410720572
4836662.693221582
4280499.8318011
1189359.8852136992
9415861.64470702
680879.6534514747
5552677.1158919595
3425930.957170437
2464152.8768126443
1647159.6456860304
1350402.843899589
166525163.7132114
81344479.75655934
28049420.731042434
234191.447186187
417572.6993229145
195400.7535083896
10006.9930084286
121473.1502923438
1228893.0245468502
529503.7513719638
683771.9236080186
1257826.6941873604
846170.3724307343
2116214.7194834757
1657009.5190869702
561581.2737223255
3027004.2874589986
235560.8313350491
559758.7834004231
393116.168602664
743559.2105296922
257781.6969560488
1529001.899606761
113213.362055836
719177.0133314949
673217.7733926936
511632.3731464446
357123.6153736111
298479.8881793837
5954031.436426236
11203965.56668859
5545534.445748139
249932.878220221
9308890.523481537
5428252.84331675
2427025.827601923
2089132.0600400022
2089132.0600400022
2089132.0600400022
1035554.9882453753
358970.0611744071
2089132.0600400022
196151.9554206551
1323486.2405491422
1329753.7329155568
1035554.9882453753
779636.5271914102
538898.0812989115
450781.9986610871
358970.0611744071
569493.2283795918
427607.0417748171
241659.4092654402
83972.1091572692
459925.0000000001
91392.9423269756
68622.8804137524
31478.6962438373
212394.6267056056
76728.7269856084
180820.481877824
125954.6293360502
311937.405289373
241659.4092654402
182158.811304496
126010.3004328618
105430.0843188876
83972.1091572692
42.4190654698
250.0
2.4570848198
4.8973480391
10.0
6.3379020286
1.3899210841
0.0178575242
2089897.8857946224
5595.7217851792
41840.0
4781.4994643638
8641.0504173139
4116.1511961393
214.875917729
10544.0
76.3577436455
161.6167104705
2368532.609661748
1189600.6589445889
818788.3169905384
272534.7564679506
2843343.350627097
1131516.0157380106
4004341.1373845767
2829031.896585182
2089897.8857946224
1440357.5133238672
897390.9753282473
695075.4010642044
486823.7387430992
4514366.261453462
