13038959.0
5460486.0
857986.0
356765.0
30868324.0
284.0
5460486.0
12769.0
134143785.0
1417655.0
1201563.0
12764956095.0
117585.0
216496.0
638728.0
9054027664.0
1233961162.0
1375.0
17057689.0
18052878.0
51422671.0
66465683.0
12022872.0
134143785.0
29631.0
37081.0
381438380.0
3999204.0
2662.0
5205.0
14629.0
201601051.0
28725508.0
3999204.0
2491306.0
795140.0
19367935.0
367712.0
1309347.0
5460486.0
857986.0
356765.0
30868324.0
32.0
552380.0
570960.0
1405802.0
1979499.0
364307.0
5460486.0
9932776.0
1139154.0
6656752.0
1119540.0
6962848.0
13311351.0
406102564.0
195627510.0
29958638.0
406102564.0
1119540.0
2448565.0
430143.0
6962848.0
1052369.0
50849.0
541102754.0
399878928.0
8641.0
24569.0
346353770.0
47672444.0
197373547.0
30968426.0
399878928.0
828253.0
950151.0
2239362.0
4075846.0
659289.0
9932776.0
1139154.0
727352.0
2485076.0
570615.0
6656752.0
5927248.0
12457912.0
5927248.0
188479840.0
180197339.0
93612877.0
12307420.0
188479840.0
90519197.0
48797494.0
899295.0
602510.0
1061481.0
189602.0
12457912.0
516536.0
2891.0
25434844.0
424543.0
181331721.0
2139.0
181331721.0
334.0
775.0
10855282.0
1613346.0
145968856.0
72948546.0
43583359.0
72753393.0
11291641.0
181331721.0
424543.0
1707.0
246.0
5.0
72753393.0
112123.0
42979.0
179925.0
943555.0
299446.0
122359.0
95752.0
496620.0
1477627.0
7863275.0
348535.0
100238.0
33264.0
69481.0
253962.0
430189.0
58791.0
943555.0
1438718.0
1071552.0
592612.0
432815.0
4248826.0
833075.0
132343.0
13688.0
7863275.0
8248356.0
793.0
1676542.0
199929.0
8248356.0
187676.0
6808727.0
762776.0
1625524.0
230074.0
58.0
604747.0
40841250.0
22234677.0
13849475.0
7936256.0
4927869.0
1373240.0
15355.0
70518.0
58.0
211668.0
147253.0
90223.0
57214.0
1290829.0
71888.0
73285.0
721457514.0
44497792.0
457328.0
1094028.0
636481.0
33082.0
5864.0
13846.0
34888.0
190821081.0
557686500.0
480206644.0
62758119.0
24933234.0
14221850.0
8420191.0
4977891.0
2654252.0
5673949.0
3326479.0
189510.0
67.0
1502246.0
14811.0
73229.0
5463355.0
2325489.0
499216.0
187676.0
1186837.0
996846.0
2758147.0
1615412.0
4757962.0
4194005.0
762859.0
6808727.0
229472.0
147341.0
93479.0
67259.0
5738326.0
1563.0
230.0
5738326.0
405353.0
1245.0
23976853.0
12706013.0
7648201.0
4746925.0
2525226.0
92692.0
51.0
1563.0
19.0
43.0
7998.0
24546.0
135032.0
70507.0
42868.0
30529.0
1245.0
1835.0
44529.0
2586.0
27190730.0
11463.0
44529.0
27190730.0
136.0
370.0
931.0
5241666.0
17167112.0
14770986.0
1515194.0
44529.0
3668.0
8254.0
3610.0
192.0
11463.0
44529.0
21674199.0
14770986.0
8653777.0
4659057.0
2775884.0
19094.0
30637.0
5875.0
175070.0
1147613.0
2.0
119130.0
25840.0
8660.0
47740.0
39409.0
949.0
51399.0
26053.0
5875.0
175070.0
30529.0
44153.0
99048.0
69964.0
32835.0
100261.0
416820.0
228278.0
137123.0
93670.0
48201.0
40833.0
22815.0
1147613.0
16385.0
15.0
562730.0
145198.0
220657.0
108682.0
4537562.0
2764362.0
1662623.0
192199.0
4537562.0
144464.0
2522051.0
1180750.0
636076.0
361985.0
211863.0
16385.0
15.0
464785.0
23467.0
6205.0
145198.0
7394.0
13534.0
9485.0
3152.0
55169.0
14665.0
12326.0
7059.0
6079.0
3497.0
34760517.0
4799271.0
3618734.0
194795547.0
379533.0
562.0
1402.0
7345523.0
23111873.0
18855378.0
2311923.0
1507692.0
201071.0
4799271.0
188461.0
3996626.0
1173195.0
811647.0
436754.0
245723.0
138870148.0
50513202.0
9035578.0
184063.0
326853.0
117709.0
9083.0
14080.0
575478.0
45666.0
56062.0
179684.0
83064.0
250978.0
203076.0
28690.0
674590.0
3395.0
19030.0
12412.0
44963.0
4811.0
162157.0
7480.0
103211.0
13741.0
15489.0
6202.0
7441.0
1337744.0
1921348.0
666454.0
59467.0
1405253.0
498261.0
156314.0
2102712.0
2584078.0
2584078.0
593651.0
58813.0
2102712.0
50737.0
1858039.0
750256.0
757919.0
293211.0
170663.0
164066.0
99457.0
647242.0
454141.0
5796.0
1295.0
192488.0
7616.0
5725.0
1175.0
71310.0
3265.0
38939.0
8049.0
19300.0
39852.0
7153.0
4762.0
1420.0
3707.0
89.0
418.0
11.0
24.0
1173.0
7.0
2.0
1.0
645530.0
6292.0
6693.0
2239.0
5808.0
1074.0
76.0
5860.0
20.0
62.0
1801353.0
618072.0
426188.0
96951.0
2175327.0
327846.0
2590114.0
839109.0
645530.0
442609.0
609963.0
103167.0
71758.0
4254519.0
