36262868
21658640
8554604
882673
104664815
855
21658640
5005
126781122
14416
20017
365140205
2213
2144
6611
197783748
56065118
768
13578513
17034302
41873161
68672924
19466491
126781122
4281
5945
108453221
5310797
657
637
1964
58745337
16652350
5310797
14375367
5567949
72227763
2099829
8573487
21658640
8554604
882673
104664815
131
2319684
2910053
7153397
11731732
3325556
21658640
25249771
5168598
61188342
5167668
61177331
61043080
716684859
388203259
110042719
716684859
5167668
33137632
9393417
61177331
15867787
6931
126435409
306393790
742
2289
68485663
19413409
165962859
47044953
306393790
2704301
3392557
8339473
13676923
3876953
25249771
5168598
15905547
33143597
9395108
61188342
18458848
18499444
18458848
92633900
92430620
50176561
14223387
92633900
13154120
9626941
2626942
1922547
10020505
2840480
18499444
4798268
2059
37553595
1838945
181476767
9948
181476767
221
680
20341476
5766132
43115625
25826583
18901378
98299652
27864684
181476767
1838945
5388
1527
1
98299652
1579
727098
2968702
7499637
2962163
305639
598946
4166236
19966387
36241800
4977691
1927988
803226
1007651
2476974
4062292
1151525
7499637
8610402
5157695
3774698
9420841
25009972
19630922
5564714
315
36241800
37788886
603
7731605
3877139
37788886
646941
15272810
7001906
6846533
3867935
1
6985283
81831726
44325400
32439824
21398574
17251709
1798811
338512
1277498
1
3783685
2769114
1826615
1472633
712821
5250
7289
132964722
82026462
242880
493903
235430
13829
806
781
2407
24603185
91757143
72022365
20415946
44430881
32517021
21449496
17292763
12875832
26183365
12480881
733108
93
2031349
339318
1280538
26077595
14980312
5802260
646941
1635749
2052054
5044291
2826011
10539558
8272750
2345050
15272810
3792689
2775703
1830962
1476137
1169627
585
3
1169627
2310450
5
22661089
12274724
8983334
5925758
4777395
307300
90
585
1
2
102363
386303
1251490
915911
604171
487087
5
897
230176
1245
22715015
24915
230176
22715015
138
133
411
4203083
15675322
12303934
3487756
230176
8489
17263
8229
483
24915
230176
20540530
12303934
9004712
5939859
4788764
244400
715447
202805
1320828
2609129
16
347025
450047
115596
915182
436242
25624
911485
523604
202805
1320828
279443
350562
861741
482781
252958
1032813
2359360
1800524
1413274
1034314
682274
550055
400616
2609129
128822
1
3034517
1525055
1521708
1391191
17865831
16297630
9677299
2743193
17865831
657464
4281928
8827859
6460725
4261746
3435855
128822
1
797268
826069
234163
1525055
133176
502588
395559
56122
365512
753560
551497
363789
293290
1953
35633584
17869040
16336418
174162206
377357
209
645
6593476
24590251
19301473
5471326
9679037
2743685
17869040
659029
4292119
8848869
6476101
4271889
3444033
120186966
69041576
26741576
128577
261465
124633
7321
128845
799165
325776
408688
1004623
562829
2099062
1647604
467041
3041738
133493
503784
396500
826218
234205
1525329
56256
366382
755353
552810
364655
293988
5065559
10300957
4910179
288417
10259346
5893496
2282702
4523116
4513190
4513190
2450015
694498
4523116
182067
1185765
3114491
2444638
1789124
1180176
951468
692974
642288
470063
249795
70809
461162
65486
47926
18563
120897
40271
151978
119613
317543
249247
182413
120327
97009
70653
35
230
1
1
1
134
38
1
2450456
39
45842
3340
6792
3237
190
9802
27
82
1074805
643816
471182
182500
1188586
837087
4090859
3121902
2450456
1793381
1182984
953732
694623
4523930
