27322258
13355828
4450853
794591
80274241
339
13355828
13040
132317651
1135407
1499619
12882774489
191935
268172
1067496
9537310863
1352809555
2967
22138603
24675801
64293817
90649862
17669965
132317651
20207
32299
434306424
7796926
3340
7143
23853
251883732
32897373
7796926
8720023
2873214
56965403
1381288
4893440
13355828
4450853
794591
80274241
86
1571072
1837455
4673376
6991479
1637102
13355828
14802622
2766914
26038298
1831108
16461908
16461908
492943940
258385218
32355583
492943940
1831108
8005670
1436245
16461908
2936093
57861
540412309
510924327
11235
41636
365166393
50166855
268238061
35755063
510924327
2055206
2647115
6395484
9273829
1984439
14802622
2766914
7290341
14392622
4308755
26038298
13626495
13626495
13626495
200542501
200542501
104984070
14791511
200542501
81495003
51282842
2693690
1839592
7097988
1490360
13626495
2840669
1821
35805959
1038393
215765477
1242
215765477
467
1254
18054021
2583747
151179813
84217062
53765709
114182642
17278181
215765477
1038393
1224
1224
33
114182642
13221
882675
3211898
7451973
2728943
276403
695701
4533382
21454165
36244344
4864041
1759319
888285
1191990
2832163
4402268
1127791
7451973
8852321
4911717
3785589
10385830
26775477
21334720
5935230
3099
36244344
19468013
1680
3243070
1528236
19468013
360355
10905021
2565724
2504990
815636
72
1582553
49077237
26718423
15813608
8275169
5060606
1919495
75440
305691
72
784265
508388
289007
208040
777546
133709
114260
753818881
50645370
333474
658557
307213
19006
21091
22926
83888
206778521
625302823
512575801
67597282
27360458
16264315
8559047
5280948
7274879
14623463
6872385
370041
430
2250196
118187
474153
12738520
6333736
1931628
360355
1672786
1816973
4733307
2557971
8193781
6621484
1258211
10905021
1195290
813700
494243
374517
584222
715
22
584222
1354883
120
33227886
16001104
9861464
5265503
3432100
302610
47
715
9
16
52944
207561
646073
427700
248594
183850
120
2756
148552
3218
34863638
14102
148552
34863638
449
777
2178
6670791
22579666
16657594
2116623
148552
7153
10936
3411
372
14102
148552
31339132
16657594
10326085
5553478
3655294
211875
620001
176197
1334883
2609129
37
640620
511921
97755
917428
381320
20455
794787
450556
176197
1334883
253054
305063
760935
420388
221088
828838
2229308
1508127
1170186
829639
524576
409251
294635
2609129
45431
4
1118984
546205
546205
424997
7567972
4168677
2912311
306625
7567972
150780
3243247
1801122
1043763
532005
346794
45431
4
724731
257633
46654
546205
45776
185501
96377
20716
238948
198913
125530
71285
53013
4801
36413233
8855087
5076091
235420417
327572
1084
3456
8542397
27653388
21795195
2742272
3564358
464073
8855087
209492
3643079
2283714
1384108
731643
488089
157041640
62682311
11990578
169531
272734
95564
8543
121863
1083597
380792
495374
1185103
669960
2220025
1798330
436548
3036719
107622
435634
457047
815187
276630
1533909
108646
705350
641527
455223
296199
233592
5528038
10383441
4558886
250661
9092685
4922359
1726523
3461792
3461792
3461792
1402930
179616
3461792
110975
2503305
2031666
1402930
850677
447627
305628
179616
897347
547364
221314
43838
459925
86572
58024
17526
209880
39862
157251
84173
303486
221314
143567
84174
64063
43838
12
250
3
6
10
11
11
2
1970380
1054
41840
5181
8209
2699
271
10544
100
199
2343162
1053171
682355
164339
2886675
777213
3961736
2742670
1970380
1253091
684042
475878
299534
4523930
