90240557.63129392
55357648.97706854
21973602.084692672
6449604.051063829
150814053.6142094
339160.0
55357648.97706854
209890020.0
4655508451.656736
113340610800.0
20554038120.0
1540004852005.6777
113340610800.0
15743518559.999996
15743518559.999996
1529289574945.5605
958748096916.1074
209890020.0
3801256490.9447045
3855616528.6184163
3853559636.3040547
4756392634.315856
4392148273.626169
4655508451.656736
183146400.0
54290640.0
6583701134.705918
345134717.84205884
183146400.0
41584320.0
41584320.0
6657661443.670457
3340288517.3727093
345134717.84205884
78575234.42650615
64463356.51993328
182222269.86111677
33246473.61182267
49647781.814268745
55357648.97706854
21973602.084692672
6449604.051063829
150814053.6142094
339160.0
33900621.58162007
37418765.808176495
43357793.80817649
49647781.814268745
41058486.56534955
55357648.97706854
163070412.0
50556446.21967034
180156311.2528005
50556446.21967034
180156311.2528005
180156311.2528005
31134755214.273876
44788817451.83395
29395440785.451576
31134755214.273876
50556446.21967034
197818568.63601497
178911965.88268736
180156311.2528005
196689128.16169927
218659980.0
25136231169.7379
31134755214.273876
218659980.0
218659980.0
24655876584.879654
14673800382.362598
44788817451.83395
29395440785.451576
31134755214.273876
163070411.99999994
163070411.99999997
163070411.99999994
163070412.0
163070412.0
163070412.0
50556446.21967034
197818568.63601494
197818568.63601497
197818568.63601494
180156311.2528005
21104025.212635532
21104025.212635532
21104025.212635532
502677202.45287526
502677202.45287526
415401132.60173345
159965491.6595355
502677202.45287526
413140748.29865485
413140748.29865485
10396793.0
10396793.0
18236117.307137743
8199199.421754113
21104025.212635532
13886993.072740747
577560.0
217256421.8480457
9017912.118727548
502677202.45287526
795764.7311889718
502677202.45287526
577560.0
577560.0
167562108.7697901
61410103.337759845
501198277.08980596
413140748.29865485
413140748.29865485
415401132.60173345
159965491.6595355
502677202.45287526
9017912.118727548
1598415.6186099942
1598415.6186099942
98617.88639206189
415401132.60173345
1670865.8268231049
7451976.0
7451976.0
7451976.0
2728944.0
276404.0
4446938.999999999
12378919.0
35793597.0
36244344.0
12670688.0
12670688.0
7451976.0
7451975.999999999
7451976.0
7451976.0
7451976.000000001
7451976.0
10396793.0
10396793.0
10396793.0
14326163.999999998
35835108.0
22797545.0
14326163.999999998
41512.0
36244344.0
75676361.0212798
344082.0
34635324.860070005
19587051.505045064
75676361.0212798
6314522.362943263
44917674.82890071
15833681.91578014
34635324.860070005
19587051.505045064
10340.0
15833681.91578014
1405308634.6439764
1460795356.7158103
1460795356.7158103
1098609449.423544
1098609449.423544
34535038.13402557
15332256.000000004
18841570.459471337
10340.0
16660616.610474631
16660616.610474631
16660616.610474633
16660616.610474633
326738195.57512957
185804280.0
39965604.0
6663683298.526441
1405308634.6439764
352914109.5029592
352914109.5029592
243893792.51641306
82425116.27681549
185804279.99999997
30611952.0
30611952.0
4302864050.834489
8382576942.773088
7359823379.386966
3567679703.1486187
1460795356.7158103
1460795356.7158103
1098609449.423544
1098609449.423544
80862012.78992026
80862012.78992026
55368368.10989147
9282547.484014332
344081.99999999994
34535038.13402557
15332256.000000004
18841570.459471337
80870421.30131266
57433448.347291656
48612929.858767584
6314522.362943263
37213799.53740757
37947797.018093966
37883519.133270174
37947797.018093966
48818760.92985738
48254677.11567191
46911125.87117798
44917674.82890071
16660616.610474631
16660616.610474631
16660616.610474633
16660616.610474633
1334883.0
21000.0
840.0
1334883.0
1856923.6322104018
940.0
63152279.11037265
58431814.26863243
58431814.26863243
43944377.97694174
43944377.97694174
1238894.291864973
18000.0
21000.0
720.0
840.0
392557.0
1258719.0
1210325.297913704
1210325.297913704
763800.0
763800.0
940.0
300240.0
1351482.6489361702
118157.99999999999
63152279.11037265
713685.5848066988
1351482.6489361702
63152279.11037265
300240.0
90504.0
90504.0
29048833.760838922
75360422.18303742
58431814.26863243
20748665.463175017
1351482.6489361702
713685.5848066988
713685.5848066988
660419.75
402995.5289936021
713685.5848066988
1351482.6489361702
75360422.18303742
58431814.26863243
58431814.26863243
43944377.97694174
43944377.97694174
763800.0
1258719.0
763800.0
1334883.0
2609129.0
556.0
1307689.0000000002
1334883.0
392557.0
1334883.0
1258719.0
47312.0
1334883.0
1258719.0
763800.0
1334883.0
627879.0000000001
763800.0
1258719.0
763800.0
763800.0
1258719.0
2584552.0
2584552.0
1258719.0
1258719.0
763800.0
763800.0
763800.0
2609129.0
474443.0
110.0
3036719.0
1533909.0
1533909.0
1325362.0
111704636.94394878
72782645.52949496
106525217.0
45289905.898367055
111704636.94394878
11897275.0
68714187.77496853
56737575.0
56737575.0
31327374.999999996
31327374.999999996
474443.0
110.0
3036719.0
1533909.0
1118605.194948916
1533909.0
1235255.2535430926
1533908.9999999998
1505026.9999430748
1325362.0
1325362.0
1325362.0
1325362.0
1325362.0
1325362.0
425166.0
218940062.82950515
111704636.94394878
72782645.52949496
409088622.1279155
5628050.759632476
425166.0
425166.0
118823545.00224353
234299425.63987055
193587587.15584606
66524289.38643908
106525217.0
45289905.898367055
111704636.94394878
11897275.0
68714187.77496853
56737575.0
56737575.0
31327374.999999996
31327374.999999996
477344655.08762246
284606095.58764255
125831614.45087798
6058656.546789727
6058656.546789727
4642470.122327882
2130181.8732325323
474443.0
3036719.0
3036719.0
3036719.0
3036719.0
3036719.0
3036719.0
3036719.0
3036719.0
3036719.0
1533909.0000000002
1533908.9999999998
1533909.0
1533909.0
1533909.0
1533909.0
1325362.0
1325362.0
1325362.0
1325362.0
1325362.0
1325362.0
14756237.0
14756237.0
7566523.0
741937.0
14779366.0
7566523.0
4351813.0
4523930.0
4523930.0
4523930.0
2269503.0
475891.0
4523930.0
475891.0
2886675.0
4499972.0
2269503.0
2269503.0
1253095.0
1253095.0
475891.0
2269503.0
2269503.0
459925.0
192212.0
459925.0
459925.0
459925.0
192212.0
459925.0
254644.0
459925.0
434352.0
459925.0
459925.0
459925.0
434352.0
434352.0
192212.0
250.0
250.0
10.0
10.0
10.0
1257.0
1257.0
1257.0
2269503.0
44229.99999999999
41840.0
14364.0
14364.0
14364.0
14364.0
14364.0
1257.0
1257.0
2886675.0
2269503.0
2269503.0
475891.0
2886675.0
1384067.9999999995
4499972.0
4499972.0
2269503.0
2269503.0
1253095.0
1253095.0
475891.0
4523930.0
