14390584.847378163
2108993.2094068034
11567472.197170187
2163952.491191618
14177934.03394534
11387571.596279655
14194052.362066366
11662422.128059527
11662422.128059527
11464515.34206165
11662422.128059527
14837478.671299554
14629618.58143671
13685985.09614035
14612119.728126539
15148624.82317867
15255495.015411979
15255495.015411979
11787505.177226795
15255495.015411979
2194894.1344869533
15255495.015411979
11787505.177226795
11990987.591873623
2229386.67784617
752077.3636779421
15520961.063672515
55901131.3529572
154803.77115460066
45368883.969253145
57637118.50127705
55483731.851949506
45001538.43355621
46647061.71315598
15772491.81736093
60397005.08459124
19772620051.053753
7696029270.8561125
71802576707.92915
74336341786.05841
69010140636.10048
23036662664.81173
76975735509.30966
77579905560.15942
12653706721.482334
121928277.26552229
55571473069.2205
61005583155.17442
3471134613.534389
14410553.45038948
44047.391235500996
10420785.78324487
16194214.036678152
15589180.245785866
11150804.726546118
12177703.542807687
2739748.2782279383
13822028.795691459
17186295.90106388
7719531.191829171
42313.85603876498
3829895.2417541486
4624186.853789549
10004479.334479718
10734181.903913252
8034767.8790865075
2739748.2782279383
10136728.866973246
17186295.90106388
7719531.191829171
3829895.2417541486
10734181.903913252
10136728.866973246
132713246.43784522
43218979.520002075
183143068.9284164
188716138.8214525
132713246.43784522
504999.2471296534
43218979.520002075
37380868.75443198
386479.4070407575
183143068.9284164
53474629.937740125
4097545.6781199244
188716138.8214525
895169962.0561445
14410553.45038948
10420785.78324487
11150804.726546118
13822028.795691459
188511315.8977033
180146847.4668679
190517828.7918643
705346061.741039
188511315.8977033
770821.9545183547
180146847.4668679
211091216.29746085
1663027.955599257
190517828.7918643
212515340.36241838
4097545.6781199244
705346061.741039
895169962.0561445
14243130.941634292
154159.12919456908
10548536.912127238
11389923.764958877
34071765.85609644
31709600.067474805
32263767.385934602
15772491.81736093
59297428.20659
60397005.08459124
106437.45232795259
431180.52962170413
147409.02023577836
4192381.1983650485
1160431.1321941991
6083345.542372145
2234111.753674524
4378708877456.2007
10279172379060.191
10389292302174.969
7576389347451.395
478601716566.7654
14243130.941634292
10548536.912127238
31709600.067474805
59297428.20659
4207.263213814314
1715593.5617102284
2686524.166356475
736697.8055941121
155835.85368251838
5531190.138972075
2234111.753674524
1046284421.7754195
108477997.17096482
682350288.0008858
78321.71574864085
478601716566.7654
105849913.42207932
83017350.59194046
185066086.99875143
270613190.00737673
28977.674015070024
4685089.561210695
882050.2902639622
3657309.5715505406
312102.43263401184
24183228.136157222
63566.98863737884
105849913.42207932
743942.9142629486
83017350.59194046
69203427.8751411
828370.8714337945
185066086.99875143
150068100.1518033
6226876.915607865
270613190.00737673
329557732.1215106
733091.7130230422
2545586.830703337
141572.51472157656
20812924.60482328
3933841.588206557
29284869.988531332
63566.98863737884
55901131.3529572
45368883.969253145
45001538.43355621
60397005.08459124
61649648.63728622
7696029270.8561125
141293580.12769786
33575713.406697236
46696824.34113919
6214711.6806189995
40156379.42573105
20463179.429040197
633375.0849926599
1675.9365866209434
68901.16029619666
61005583155.17442
1733952.482449487
223099768.59892145
235554994.32560444
234587118.0573159
317447958.95460224
4419042.568106638
296.0710238478154
441215880810.7411
27982769532.891926
223099768.59892145
813623.4226292721
235554994.32560444
229210393.07967788
1805775.23826596
234587118.0573159
244487805.83783942
6226876.915607865
329557732.1215106
317447958.95460224
2264748.436562999
2009319.226930089
1635320.7565596376
2545066.7836731947
2616768.9600335844
1782161.9053633162
1911031.6424316897
2470882.4468725515
2696989.358708704
293757.208436841
118333.81690399199
3271.910086769743
1197490.074464826
1939242.820044442
614746.69357059
746178.7663743369
1718511.651763516
1710138.813897428
1312057.9998899195
1953813.2483126665
2696989.358708704
2696989.358708704
12765.998496075033
131169.20368584993
221737.89318750185
6413.910618143335
27952.273372890377
1197490.074464826
614746.69357059
1710138.813897428
1953813.2483126665
486541.9188619375
87957.51051885319
90911.37097237707
6413.910618143335
142557.57610993998
293757.20843684097
118333.81690399199
2310.1561630377687
19669700.05151641
6883353.965657643
27496868.07332342
30609875.969696295
3762731.829985923
540052.4724639705
5897.967401474528
43638.9250495972
411190.53798330924
19669700.05151641
22171403.6904095
6883353.965657643
5998192.34132847
65451.92461153085
27496868.07332342
8633228.895582216
30609875.969696295
29819646.54733867
124534879.27818717
98727.42105159599
805369.0053732211
14385.470724986597
43638.9250495972
460999.9118767029
2264748.436562999
1635320.7565596376
1782161.9053633162
2470882.4468725515
27913447.23582875
26637126.6454111
28688888.747224923
99844216.23596424
27913447.23582875
33131496.452913545
26637126.6454111
31256922.164097395
263013.7127813137
28688888.747224923
31423242.28775361
99844216.23596424
124534879.27818717
29819646.54733867
2388637.3064987357
11724846.333182525
1775453.9668062672
1922231.979191664
6429347.647148712
5771190.579356948
5779857.4957584115
15486145.33387753
15772428.737112366
15772428.737112366
148022.57492712315
17965.128199023886
77495.39617826101
24807.26189928886
1098809.8226433836
752745.0639737111
340270.25595588156
333203.16962860664
926543.4150217597
16445.71331332957
1099012.7593216088
372807.6943896091
1036845.9275495596
32298.675046238543
163469.40279559884
1732753880.961853
676168167.5454865
5190637425.809631
1627208855.4378717
1301390154.7643797
74886202.88721615
84658938.65755917
2388637.3064987357
1775453.9668062672
5771190.579356948
15486145.33387753
5451812.898548995
710.1261947751594
303608.3581494345
475433.81455871556
132274.62164401822
228173.41095683564
379877.93116546166
16445.71331332957
978853.9629582133
372807.6943896091
124620.7257012248
815361.3316016599
22353109.651064266
2178543.7630610676
3220191.79427097
2208931.2162613515
3105.5002538418566
74886202.88721615
3135.6380846952347
1098809.8226433836
333203.16962860664
51106.58420369875
17049633.7757583
13685938.865632517
31851080.355724305
62966614.10219178
16511296.275064578
4802.084773598334
829119.659346499
156096.31932012682
638331.5671386113
1127146.3648974614
9308.633413932363
98374.91649393486
4279702.578186777
10302.41011559851
282802.3070870543
2457809.4946700893
12257853.834931692
4982.322015694346
17049633.7757583
49964684.4253813
13685938.865632517
11470914.995581197
151661.47539947592
31851080.355724305
26156517.546753034
62966614.10219178
8924260.568870386
76891979.93279935
534624.0513965436
121485.54611140564
431880.9682021483
22890.85623226205
3632601.101935736
1680889.9006902922
22704.274939240582
98374.91649393486
5153450.443964816
10302.41011559851
3354463.178974967
742693.6762202012
9539255092.029661
20017384358.146637
14390584.847378163
2108993.2094068034
200166.15109999545
750000.7110578804
11387571.596279655
674740.8935224818
11662422.128059527
11464515.34206165
208641.70799824144
502649.6597690578
371856.8083135508
384813.50579069037
430563.45386872964
344953.651965579
791408.8702579028
198526.48619008446
68703.20356856477
2165581.2683301494
11787505.177226795
1977625.4139221152
11979.669829105369
228461.08154724736
11990987.591873623
14125.22862109466
28595.72367789008
15520961.063672515
50360792.57209931
53171537.50228924
53849475.74980268
71659178.30099584
362495008.22301185
94324.393777441
388001376.000908
1956266.101586548
13215.393216931552
16487.64745816111
26420.474338044984
12137.110666688075
70872478.40970492
2721860702.8070474
50360792.57209931
53387134.56186007
53171537.50228924
51740157.0326452
435371.42683469906
53849475.74980268
55187929.9956156
76891979.93279935
8924260.568870386
71659178.30099584
362495008.2230119
8949525.134341413
389767962.819346
67474539.17164138
67750085.7163547
395999464.1691887
15161051.933315147
4004011.4077176317
2121500.567485868
1929332.6697865273
4507773.446882384
14540477.962049872
3197111.945208012
3945716.1048453464
14540477.962049872
3445303.896969869
14154068.443291957
14005973.774905443
4265514.530760653
15691802.951715726
15571861.652503086
15679101.932650937
15869098.307116926
15928059.342309544
5844793.586106933
24443.65440046682
3593568.0260397177
481916.5146145554
15415730.817946972
271229764.16441596
307013.9634507282
216780138.26577747
2481.1317264949084
49035479876.04021
9507038.239817789
59390418293.628944
74202307.38066301
10500385479.976534
563577378.0983386
2174895843.083798
1185196592.035688
1333507098.1203814
308523503.5089486
59586519.97173581
3887146.5776440473
278331032.4111229
948652657.0646
1055649522.2993968
6037220871.532918
12028203661.152487
62189688.904263616
59081376.64283402
732589.1903532193
2371965.86806403
782073.7431659728
549850.0367569701
2623188.5647280165
2738718.589842722
987220.9935020256
75299906.7970125
61095.32408875564
2559668.897421452
1858867399.0888753
4279999.596258547
32751.492428898047
3243215.9786654017
2727691.009367213
3887146.5776440473
99305.9904827473
681740.5916896435
1067567.8760035704
73840.09916501176
301517.7096905348
2197977.9606608567
987220.9935020256
38531315.60176945
438159.71654979326
1027181.5429585018
1518965.383595209
6037220871.532918
11380204503.154108
6828274.282703624
58728615.86831363
236382.78084864045
1861755.488517176
350508.12745247566
134279.7005342996
884976.8837613814
9609903.31653747
25589.21730215304
420474198740.9252
20138914.275986496
341647.72589675075
11846501.751554137
48149.19867483821
1822786.3636037281
7446128.836454569
9609903.31653747
25589.21730215304
476230823205.3824
2752982225.1926312
319270.44657782704
1929332.6697865273
1006843.4942729307
2659725.145190855
1028057.8035249801
616229.0570593246
304672.67469819385
34901.57390334202
1172638.3274539274
92072.08271224397
221.9366072723559
408954.48240196897
861195.6940567001
709661.4027551207
15415730.817946972
1022208.0781336582
43772.60599404319
7494.942019034586
229593.9152741356
1014914.581256516
121959.18116317625
708894.0145072411
15869098.307116926
14153501.886683626
256561.01545787163
15227038.051787006
15415730.817946972
442935305.0976041
4041172.164658662
39919.16393431087
40.664429065462905
41675.55958808462
11352.603704257872
4554334.515173807
2409326245.6616488
67678715.53733698
3954857.2897945186
328451357.08666724
698561933.8458246
495343241.221835
2246262461.707962
519809533.9663956
2409326245.6616488
323.16470732948414
41441.05324659862
1897.5408886528262
467076.05815819895
106548.35108753885
5753.642866400241
370082.4792278382
79296.24964424712
38706.13608223145
87528.40314730686
40728.65658024158
396819.7950889861
219284.7227363654
281319.51798427914
32511.04565168071
25954.990012372094
30013.176430279756
32582.299273460892
63076.48344300242
676.8273863627753
41441.05324659862
1339.7726900451903
22268.91345657352
87736.25614462011
1357177.018870964
3231.715947834378
195755.73633920224
143956.00028174394
181932.29918253238
44108494.799127154
196593.99434754837
35609.92200289883
7882.335047735434
291926.45290985826
309897.53652060305
10739942.322191166
54662425.313917615
3030215.316700643
1270827.7493627528
3107752.156849061
2856448.2005182398
3218055.7125786445
1162220.2966693514
392406.9128989342
169080.64324920444
2967560.909660553
2967560.909660553
307719.3580014915
51364.43823363748
1045965.5950799398
367577.491196702
1294403.6119473735
3301105.8734673206
1201154.060350639
369375.16313907044
1153843.6322902825
112873.44481477064
401029.06896493497
339589.1196393195
433045.57725016004
112593.78094218863
125376.82574557023
145376.18374887295
133946.49829000726
135901.35558102635
143897.726724135
438693.86195408565
107164.8354574125
469993.1351416171
3361234.4065361763
1534440.2261766524
47119.447818719345
8250.728276209302
140676.9911598986
32022.304373504052
3048510.4887726433
3664277.770043817
3726182.098635164
3715219.745229968
443201.1605520604
3499284.341470621
22286.176846097253
21300.74969702962
21391.005268619243
22675.192088332722
450.568684176496
21369.320187712194
1478.9455152690803
22824.090475987367
3157006.7856094628
983.4123156714747
3428651.650273852
3146876.4912212514
98560.70392884179
3406284.02501876
635995.4285708985
3218097.170593386
634649.6341334993
59488.8224076282
22722.331920344466
2412285.945067724
1045965.5950799398
19565.264412419474
134316.51879454852
210332.2032304154
149877.64340220825
164419.81086448394
59673.619216565174
433045.5772501599
49848.973530027695
43624.22100568644
1785.5976061920849
143897.726724135
58912.78731347841
107164.8354574125
196111.24889681258
1534440.2261766524
4580.512709223888
8250.728276209302
94333.10245095448
3664277.770043817
482358.890983397
284162.56774507853
2967560.9096605526
30971.47335805281
3821.631142067998
715044.456090712
136432.28292997114
112873.44481477064
27892.140139223513
124644.34296952236
160254.4955987859
22609.58334468061
3048510.4887726433
544818.3902809679
3424267.8523510285
443201.1605520603
3499284.341470621
9502481.695687043
46572.13112083257
366803.0319927184
69057.10480276751
2680.096064794582
175146.5067549131
1893342.9740928647
4186.789797308699
133691.0219021208
473478.58890566416
252331.287139754
1378402.656050234
168736.80852306483
3375740.8528303993
16534966.269800516
81136044.23623778
1673685.5013543717
227811391.06586805
409327.9113233276
378225808.2355071
326523.546854784
10026.436384751505
438414036.862759
475462.76526913134
525665066.25021046
235146.7632543114
56689.83628325825
4091435.24191691
7822.776395437591
8763.243779977034
1473669.514404727
1893342.9740928647
4186.789797308699
1379120.1066245746
473478.5889056643
704303.4706381268
12431573.357993083
79069.89294134358
3375740.8528303993
16534966.269800518
171149791.16219443
16288946.585697455
227811391.06586805
9971065.477992903
438414036.862759
438318714.5937693
15210099.50429388
5032893.584702351
1633044.95095589
525665066.25021046
75323.84819287111
76933.94535557253
68191.27300055667
77401.79532380441
66970.27202487891
61945.73983716141
61320.49547003758
77616.63330165028
61769.83996235086
71177.63514393065
77663.00000000001
56155.328206195394
64290.509577767465
77663.00000000001
77663.00000000001
56084.71680642924
71098.05674816902
65715.52300858643
56087.48379830869
63243.595617886545
64585.19676642929
62041.7640077113
69541.7403502798
59864.46614106544
68414.00534906439
64939.969842569655
77779.12868707502
63827.19365603672
57573.51472434266
62411.92645741918
60220.84489424494
67318.31140745574
50922.119934687005
69066.80328747416
17829.221195319446
63827.19365603672
79851.0
44793.62379713922
69272.574133561
79851.0
59431.057721001824
33563.03851299999
79851.0
79851.0
61413.954693678315
41210.777013070576
2194.6031710362026
77663.00000000001
63165.87451760749
55022.16888418296
71217.81348597253
63798.284299017236
65236.63314076054
75970.26988717486
59513.22510725471
78806.94032298763
65416.61007541964
59518.03490292445
79851.0
69550.85008966897
79851.0
79851.0
79851.0
935339.7794427935
7110.034976243505
486589.03071251983
778556.6517183797
160878.1512974149
13422.721636685192
931851.0929430755
148583.20938272367
199803.9287998302
4452.478161709656
30945.471141474547
1996.359758157739
985138.8705984763
1615.4240592349981
6199.058415787239
23744.77917420957
2398.8397146438947
100531.68770022255
985138.8705984761
936222.2230543498
9815.733891683522
985138.8705984761
28408.20831905619
985138.8705984763
935339.7794427937
22585.23737311506
837565.0824641418
934712.0785096278
936222.2230543498
936222.2230543498
936018.6647303082
29198.916669463608
933292.8257820805
34051.220108141904
25280.07918667107
34190.27546382507
1045008.3697539547
985138.8705984763
506097.56853870826
653884.7948484197
71646.25705999893
618329.2109644428
653884.7948484197
642707.1212118488
115891.63087776485
187239.72752760706
653884.7948484197
612207.2176373121
497659.46529231843
623756.213887819
634744.5563148069
496958.52419249865
1776.9889072480514
516548.3564926317
634501.9155818716
636741.4218479233
174305.69711538462
180866.44312187098
667462.1991791647
252032442.53263757
252104124.03258097
78157956.00548619
254089216.40252864
254089216.40252864
25922868.94089473
196512384.31515867
78771593.7418194
213364257.93010893
41425098.069671765
399338.72313988337
182143554.19567683
29194870.565158505
199954637.29785284
11543626.09838639
11440764.815376086
50821579.431142345
258240548.13170418
51098406.71257378
2022817.5734013468
2186838.529807629
258565268.17239776
174337.2102088549
15784.5043773473
141766.72830270455
30900.60921701411
49921.411225040414
143010.99824061713
132893.42060750083
118297.75271307072
112808.48104073312
104645.96316660348
65191.2430458245
145454.53032156208
18329.289947334597
73075.964936883
168562.63117582933
165681.17852017938
183721.02211997414
172010.93626840782
123313.6401766669
505.61898482777445
118646.06970153624
134850.35326711094
30277.63393933403
152750.64921130767
189929.99473734744
118297.75271307072
112808.48104073312
65191.2430458245
73075.964936883
164027.65623255144
1456.1153289082959
6976.451305386361
9795.802481952353
45317.008547831276
142971.26170142062
46027.90654644585
46443.8453587022
15808.291891592247
90296.63528318143
159259.85653380162
52460.7327856604
110389.3745578437
118706.32455242051
485.7197744148218
43605.35061889076
88973.36703141994
30277.63393933403
112023.49077668137
189929.99473734744
470.24148039799724
6976.451305386361
3734.7686704111234
44662.90856913689
90296.63528318143
54628.45779275024
118706.32455242051
43605.35061889076
112023.49077668137
142748.17286833897
15704.947094461542
1552368.830833824
2025328.1316033315
492070.57540748414
2085548.5940395235
629.0148374681912
435154.73702854704
11911.781342265784
65882.0185268098
1047260.3575559467
64682.866491977096
885898.7171493376
841760.2306056061
289588.7178102147
324120.38194179395
91401.4356054983
435154.73702854704
614889.7631821692
66134.11977475324
749598.2664849785
1048897.0306313722
268235.04295530316
472301.59805192077
75360.02444942358
1552368.830833824
424080.5635730364
4264.411829577158
2025328.1316033315
5796.874673174536
492070.57540748414
592153.7433214358
45282.987885317525
2085548.5940395235
9892744.030540654
5041.724485404712
140134.2381959017
11652.355508211345
48634.28802566902
168562.63117582933
56176.63681140359
123313.6401766669
118646.06970153624
152750.64921130767
6744.023315557238
8740844.721979503
37164.366306221775
71740.179209006
2205048.093643898
2106883.5445526373
2051065.6168973262
7794953.291022494
990805.0082080249
8842670.961715315
1939654.0833321975
72853.63034933897
986227.1916671451
1056791.99215661
980300.0949665682
885898.7171493376
841760.2306056061
599924.8654059543
289588.7178102147
861641.07896634
80697.23002229797
324120.38194179395
2205048.093643898
2394799.397542928
18349.842081048046
2106883.5445526373
8848.247380707755
2051065.6168973262
2353298.2735056067
45282.987885317525
7794953.291022494
9892744.030540654
496958.52419249865
516548.3564926317
634501.9155818716
667462.1991791647
311128.37246297294
459521.5439007205
4868.470864051309
20636.64199238077
166604.26235321688
617878.8650023685
25347.072930320493
174145.2633222447
129217.0420390509
375947.6927473087
350667.62523046765
619802.0540823544
142583.11210533042
1769.5890771045158
120306.09215806474
120100.58279268892
137381.31515982474
357274.2935009945
87322.5139966352
174305.69711538462
143964.39822247595
457772.1258354357
166616.1936944279
487362.7036242849
168117.0467319405
664041.7039525
655310.503906703
667462.1991791647
30056302061.497517
31058044827.00665
21942970107.04418
1386140901.4489586
3846184933.0801167
20819669711.579723
61833816.36443581
333594824.20525265
1572.2360042060823
20636.64199238077
166604.26235321688
211941.47874075433
9663.879405612468
171631.6725827196
350667.62523046765
120100.58279268892
655310.503906703
173485.04191321344
618834.9302328384
71202.0716145149
43071.40680188717
143023.24837337312
414920.9580467617
119834.19081111178
336051.9067303864
168117.0467319405
19383461.81541268
6866996.7054339
23432.88731445636
1386140901.4489586
23553641.026476543
1163306.6861553984
61857436.48521483
7639086.462178469
1238143.9739691045
2046594.2522281497
945195.7433579641
2990613.105339133
2103.0891911328276
1287206.3641314846
30822.261980956748
253172.96600552776
861260.2066845539
3220660.2159799426
490406.78359947866
72395.21078068693
288973.5411874359
1314710.0765163086
39344.43773563393
917719.2753497943
4783.41980063538
8959471.862095714
511011.3106296154
337545851.0446706
1988509.232142901
2705153.8142088796
2714894.0793137136
3035624.687193595
3642023.778004194
3647830.232751952
305597.5150755761
1287206.3641314844
1591054.5052537278
254141.74659396044
1544585.5355468523
1867837.534284843
1238143.9739691045
785102.9061756693
9140.24002072348
2046594.2522281497
3225693.5086301966
808123.7652862142
8539.703499540741
828612.4597901693
945195.7433579641
1106840.8616160501
1661785.9228102944
296021.8212150013
68814.7525574898
768457.9589776312
2203688.2659532228
160019.2002967551
2877272.963160961
4783.41980063538
2990613.105339133
3642023.778004194
31686041769.72089
3450976428.021696
337545851.0446706
22884.512549243733
611208.9484618666
653884.7948484197
217919.2884001806
43701.74302811393
182412.12768155392
497659.46529231843
516548.3564926317
667462.1991791647
2221597.3935918417
2021849.9023942847
315874.3719933785
1429183.8423380365
1627248.6755634884
25922868.94089473
4753004.073319788
516170.3195773008
1954738.0413368356
80214.54971182178
199.2775988891682
28372.506933598394
199954637.29785284
318638.5515977746
112276.26778565194
1157275.3365467305
2608378.9116882286
186465.5342859115
2186838.529807629
1223431.0593749483
193245.17588135175
2038257.5404968339
857800.5749265035
2131671.8681512047
2609634.95532758
2594233.5262435647
2681916.2063801847
3508195.6880479977
30611.289181716005
38124034.35426669
139383.62805466008
269075.1578981452
509751.38596958783
118432918.42729163
13309120.195236485
35.204388521649214
131058.9000745089
16304563.290349405
14177.08079818988
3071363.735760055
1050815.1113340417
382394.971014394
4497288.519003628
38568159.28558967
7274603.341228415
273251.36772505555
2645299.8866065396
2616352.7153509883
2609634.95532758
2600358.844321997
19924.914878599935
2594233.5262435647
3260191.669408424
3311789.479516453
1988509.232142901
9339.56444281649
2681916.2063801847
2707346.8220702056
2705153.8142088796
2714215.4882019064
2078354.8306637714
2714894.0793137136
3035624.687193595
2809417.072014824
532482.4401817326
68814.7525574898
886863.8921967885
11273.17507217441
3642023.778004194
3647830.232751952
468461.1263134218
3508195.6880479977
17270951850.55505
43786944429.47485
47081397618.34705
88571810.17562881
78703922.83096601
57590122058.7017
317446499.9038892
3071363.735760055
2276020391.6667333
2288022500.625548
30215.688742948925
19324.186677157377
25983.532735447076
23387.227946868796
30215.688742948925
25983.532735447076
23727.290079357652
30215.688742948925
20514.199754428326
19562.29650174535
18146.821411739806
18787.38983972509
17154.023979001788
17154.023979001788
30824.225587324763
29621.589772282612
28873.41551748118
26491.1376743887
26491.1376743887
23307.83191025638
28873.41551748118
22143.29939643939
28873.41551748118
19708.43157277723
18618.977925744057
18618.977925744057
21161.89568752834
23064.928914484546
1429.6247002712587
25620.379733371985
24025.067871430187
27306.331325417083
29805.09457389926
20514.199754428326
19562.29650174535
17154.023979001788
17154.023979001788
22105.24798385513
8365.490330454799
280.4336523426268
28532.733866819523
1527.0582358231775
1223.167079563346
6456.676696295854
27349.74439417735
25599.045089659692
7709.135685912036
30160.567985851463
7567.350808087345
11292.584765564063
29621.589772282612
14007.239795031972
25465.708079292308
9915.584278761398
8465.29046312611
18962.04890490756
18911.94828719945
6999.211054835984
15677.240595399278
14529.133852711724
22260.523461265748
453.47422793898346
14454.869765387326
21592.07208499262
29805.09457389926
29805.09457389926
6554.375993444723
8561232.465106063
22105.247983855123
8365.490330454799
239.69419682868065
493.15195796051466
1223.167079563346
2461.686409533777
26954.981637349607
14007.239795031972
8735.109959595235
18911.94828719945
6999.211054835984
21592.07208499262
25559.1009706172
11218.760857852743
24963.21226701299
8335.815616544947
12142.250076005788
452.225481283801
14403.641368087085
17172.28471576726
230079.74027766017
304080.19678677863
78370.56738109632
338277.28879469534
659.6608585467839
76294.79882392535
7851.3752340023275
39761.14983359676
175412.35680162723
50620.9381055102
51181.278405485864
787.7407893297909
3076.848908283429
111392.33382022807
49531.432726054576
143361.27005072896
136218.52408379957
66171.36037015695
66070.78555720307
95854.57431595259
76294.79882392536
405290.3692212787
39913.298108905554
126373.00658623052
175686.49367638127
44585.240156378495
159521.68395493182
73181.67363455854
50954.04400823081
230079.74027766017
60880.9386950779
68048.6268321
722.1962063105979
304080.19678677863
78370.56738109632
1017.0768847478133
95600.45227843309
254505.02996228394
3085.3451229854695
111788.51493771875
338277.28879469534
329544.26855032786
1376265.6655095823
491557.36954727594
6172.333498831671
25684.32388271942
8819.12367729117
29436.6379707118
26491.1376743887
8982.209283800872
19708.43157277723
18618.977925744057
27306.331325417083
8256.37361740411
1602054.4995865668
28127.973147725726
43421.82787203341
326508.21687433554
317262.42103600263
303277.5503073432
1103403.0586589272
1212993.482820525
1620717.591167926
1468033.5868584646
44095.7610053561
159809.83953771266
179515.68896077166
163639.38600072553
159690.20700787587
143361.27005072896
136218.52408379957
97083.32225196353
71991.867442563
66171.36037015695
66070.78555720307
215432.9362228968
326508.21687433554
287541.737086235
354605.2729268726
2902.091981339023
317262.42103600263
303277.5503073432
1467.9301690447367
347966.70065139496
380315.681189436
23607.138474749365
1045080.9206778624
1103403.0586589272
1376265.6655095823
329544.26855032786
491557.36954727594
170087.27135818457
82685.50666680986
55863.323384097566
82093.86727268473
112739.93509273099
5230.980601760261
3695.048003830073
27940.286311299904
163727.0
17054.581734696796
25722.336536912506
158072.97450451658
21807.444508818804
23555.463404569397
70941.38953714973
63821.987376352
166662.1359017215
24387.766336217173
170053.18377470484
131796.47869711358
20305.957362487632
65508.17197084176
20214.467457555973
22939.546299765145
64003.514488321925
134589.2397701717
134886.99999999997
1162.7394879142867
82700.77766431506
28039.610785209617
87592.92965526159
86653.64963466206
28053.801908808073
78022.71975382394
173407.0
171141.2115034679
174304.99999999997
79802.78439057534
2768.3020525746356
167605.14608917563
174304.99999999997
5984970.327070876
5789608.54471666
19920438.76424549
35049302.86365992
4718633.484447025
16728952.88821072
14410251.949444504
4946021.772708024
4779916.699190593
275051.88233453874
35123697.000267066
15725352.089243157
312108.36965641595
6581231.316174655
838637.1620413625
547281.5349068788
2271247.4210853614
316823.68107205385
2427536.1636245395
53894877.67956705
1689.3057941702832
3695.0480038300734
27940.286311299904
56160.753272657224
6502.266421465928
155791.36915215908
63821.987376352
20214.467457555973
53281.71107588509
171141.2115034679
143338.85154281557
82685.50666680983
31149.3642382452
112572.56544810935
21624.207769348282
23555.463404569397
166402.08041242426
12017.897052341496
50737.02870423386
1159.5376145620112
73428.50523919435
21207.040370365336
59471.06000659644
64700.53532554519
28053.801908808073
34443.870558563154
59394.65647468668
5302.65089839411
149331.6109368721
98217.27693863717
104302.6421362714
5789608.54471666
257851.72820124554
177587.68938552315
4711420.084521783
15323016.389533626
289689.995513781
4946021.772708023
1237.623112746131
275051.88233453874
96934.86883719021
701.932131364385
456610.5791690719
58488.174026603236
547234.2813098555
121240.2830093242
58302.5121000297
1657998.8740257577
199432.39097096812
352232.21628780686
155821.5369126587
695859.582187082
2259.6866798197925
230477.87077265143
20738.520287826304
229807.0187908042
150320.76631511317
414668.21521583403
106820.7162210465
751456.1468427648
81268.59827216185
1243.2741203756912
6936.118478464464
232664.06256253662
6962.779768956768
162408.65473596414
209041.08120255524
775.2569941978019
65598.76018281546
167178.49824018413
452263.95646622544
296064.268005241
242073.84013809374
5301.983963018702
982400453.2802196
334748.4028576394
907.9855212228412
231342.6617580635
22484.75177747059
708863.7054607745
15449.447167458744
63027978.63124122
328352.5192910819
230477.87077265145
1070528.702813188
230686.38826852813
269585.52077593206
323797.79305578046
415284.7319625235
199432.39097096812
127064.92839226901
130135.87586692214
1673.4319552411373
352232.21628780686
752630.5329770504
137050.51139942082
589468.8907271377
137314.9299113136
1605.2302817975515
155821.5369126587
176370.72211827597
289645.3850283006
573543.4564406176
6955.271434475132
387797.4625458201
25873.500344317217
488154.4082974702
425369.1439776793
775.2569941978019
252423.5603222497
695859.582187082
98624.20457774996
326636.4105076132
605351.8679918977
849752.2344577328
791923.2530348946
457106.1407117758
610631.0243749026
612829.6823689167
849752.2344577328
851222.5455872652
850429.287395028
168494475.34666207
968145977.6078373
3254650503.749861
63664656.02996613
31256706.239115935
5213609.806903116
708863.7054607745
3800163.9709086213
136174600.5414325
72103.20642308806
64451.06158196355
53930.87476119118
31259.47965537883
168329.05511811018
61366.540672024596
67203.59078005984
42097.07937937986
129823.690701163
168329.05511811018
72486.84706279439
168329.05511811018
57739.325420411435
49699.325140281726
67548.25661440875
165917.0
78421.93241795064
165899.41479332594
69594.96856816048
41838.65877621717
46239.252513460335
31645.817749341277
23711.661780414022
130354.73292297294
130354.73292297294
161534.23655754793
154986.99999999994
69726.72929441085
24145.02079942298
85952.0297307684
50770.995002378244
44325.83017433092
12061.872537886027
45937.47237007971
132782.74570419456
46267.86358534492
53281.71107588509
132782.74570419456
13523.77172126279
5965.179033117996
4040.0112480239454
3688.8014640589518
166522.39041909628
71481.19386990703
58822.12584492486
31071.52097845831
68607.0862435778
124956.34177678796
56401.62900050305
73454.61535295058
64779.39058514531
171525.9687201948
44995.90880806664
171525.9687201948
589078.534233797
595506.3369108184
242073.84013809374
605385.6279032022
791923.2530348946
43035.392130138556
39.206964255882404
56310.82889857912
10499490.716380544
697166.3613751057
158512.49332238844
10429760.15247557
244717.34307410385
179017.93329701293
612.0810159424584
5590.551418439781
1494535.3799196542
10295410.161743456
214489.0462589769
1460726.5836750835
39166.455322846465
73318.45828190757
1385.2462623303902
2745.5237633524835
3931.7980594040196
744.4438956229639
10900987.638956605
5531.265575820307
105.5801484120934
3702110.7925198474
120803.47544373022
316630.5161437194
2370.7303913618625
597104.3715571901
590594.9487115556
596634.7896223794
589078.534233797
589628.8251205069
586984.6176638171
4803.886129586154
595506.3369108184
771476.8940669791
770120.01806755
590152.8334574037
457106.1407117758
2930.1998324789442
605385.6279032022
611126.0493268259
610631.0243749026
612676.5048366233
469144.465130496
612829.6823689167
37991.801885994864
2865.3591546110497
849752.2344577328
851222.5455872652
851618.2256465891
850429.287395028
848590.4058027884
668154.6775779307
98624.20457774996
791923.2530348946
10446842.834451824
309057.5329990656
8182462.948222562
10499490.716380546
8182462.948222562
8182462.948222562
10519905.219052128
245653.7677459933
10498963.514989138
190354.19251841085
10552924.846763719
1513217.603135396
10552924.846763719
10552924.846763719
1460726.5836750837
261365.50067811197
262432.84195236536
8333950.950346694
35828.51457396087
1538812.5845845987
16143.246237631363
405102.1132535149
316630.5161437194
425910.60892413405
428156.55784170056
10927352.943506466
10936831.009504218
10749951.126619197
26885.97503306032
11562.19012810954
31228.741925010185
56908.341646969726
62664.31571090536
29255.588183300617
31502.83292817668
4496.81134172902
7562.297998918426
15895.233012485132
33024.47813383959
31531.295078113213
30137.768157431507
29218.46161041995
38085.34111729309
66550.55500985046
49670.84497443251
51190.723309026806
12129.62657672619
414.9277615701757
45822.69841669526
52081.00938099286
57269.84446878414
26885.97503306032
33024.47813383959
31531.295078113213
30137.768157431507
11091.266564991303
1080.1070839329254
62498.511103601166
6250.852803494277
31744.408437025217
303.0484404992218
6045.087580598222
4582.0808942713775
7161.709952726357
27336.602815020775
51339.756662641965
45712.69756547331
50654.015884171014
12129.626576726187
404.06771578603514
27780.937116018806
31208.787434146052
41933.99255187909
30097.808912402135
23005.587093464605
57269.84446878414
4365.709988528829
1631.1966089810307
1991876.9858306663
111.62225791109958
31694.87524447445
6005.568551348356
101662.79301953402
25703.602915403608
7884762.2423824305
305760.5367078402
32448.57285983233
131536.48477012748
27784.65731280213
47855.688483156184
243565.08577351025
112572.43492375695
137536.3052369943
128471.57685119567
125996.00177627787
2058.3598415866722
1771236.552365543
17407.68828758862
5080.282341898246
760690.694115695
757267.7607267612
620073.2008295673
337998.99788634916
354903.4035905656
2169127.457820294
9435420.397219839
256791.23561387966
112572.43492375695
322694.4833200922
122433.14214787584
131199.1434922939
31410.24424515874
137536.3052369943
128471.57685119567
125996.00177627787
92669.2764623863
339683.87676460925
6079.702510221615
1795571.8193229923
17407.68828758862
7052.232886692673
1623874.9798811486
1426623.2008186178
1863159.4011721734
1868353.3213495503
2169127.457820294
1586503.6143473955
270473.8476242618
200332.04586266493
290764.84433197393
297712.0884208065
209630.51184865815
212827.30914274938
293983.2715832812
303187.0
1149466.2903348533
4623277.246565429
26537236.575696155
52953047.67841895
52230577.65574647
5332130.935915457
1004618.1284195102
8315691.635483584
807702.111641147
54336819.61376908
192611.61220672537
85068.71939557638
9462.719437790092
213212.87299845577
297368.0
296041.5155542132
61297.68134885718
287412.1869970713
2789.662360283187
41376.24904975892
91975.99999999999
1040.639605463566
52561.67796552944
14407.679080296586
67283.97311968864
194674.1839996784
72274.42918298773
64615.55453091972
70619.98043793702
206088.74215756895
71828.83586832923
217850.99999999997
207301.2214412608
74288.44041769985
303005.0
297014.42482900934
74418.04244543595
218995.19351400295
303187.0
19597750.89694334
5890177.82270683
16895279.946722895
4649992.419817302
1639216.9498033638
4987415.652147971
90542.91877980618
389973.9463154849
849961.2284545506
54387972.13689139
53147.12368235068
396018.1460692416
31073.583454860924
140375.47687147453
223936.64516765485
130195.02417283536
212827.30914274938
91930.04181328263
67997.26430462685
191673.2160361482
26537236.575696155
48180988.320044056
4595813.223747184
2216459.9636706347
365464.94739513414
176255.4752926716
802335.726911222
2150281.4102436877
17080140.374375638
64386.75213845717
1808088.2935514208
156114.06241732466
145907.24328184177
338549.38174864335
90577.50559334941
92666.16500173605
197347.00276785344
53147.12368235068
286963.71610405704
20408.634305089236
52218.06235016457
30299.51561814293
71004.43642702852
164880.81195714505
47619.572590827745
133539.91927110218
74288.44041769985
2641786.707442351
324838.0980146544
209906.2340379016
555872.1342946049
744216.6118881379
31147.489437058484
114831.97264705578
72123.38072825289
178030.66204466583
522437.9745113268
15634.6473082171
364682.22762404697
1925.5901742355618
2209763942.076529
309819.62067183567
6873.30333022286
647697.5354899631
123292.12477684332
956830.9291823289
759404.4603888012
1060954.3880974636
4197.686098025999
1051795.9489818718
336467.2288358997
1231714.7256691682
137164.78585652512
33831.56562125819
5287.659496668086
269890.00554290967
386163.91033754067
842475.6344072362
412522.020075803
337246.8129607134
518364.2757109846
860611.2759786545
54422.96678864412
1088030.940000083
612783.9659781764
1925.5901742355618
1187133.2242758337
496111.6779756014
776476.3209797294
1315075.7906818702
1215211.324749687
995859.523709861
1315075.7906818702
1317501.8671084924
1312596.8778033855
1331347.0
2297401964.2121944
4450577.29723202
1275305.3336783396
15675381.430072432
123292.12477684332
46304.85916362689
56052.353514338625
137414.29588395375
25926.511147266818
46117.37382350712
164822.75996590848
128156.11894456243
163097.9396520964
136528.94756455798
31013.47163178528
270118.89572126995
38646.47542051451
248460.7448241453
171317.60358701923
16388.55115919072
197980.72023950674
19789.254538754525
63.876673947918334
50585.935378158436
41918.53962873317
1785.5433925305583
53437.811565388474
42513.68867352397
36983.30426709517
23764.600176540942
137523.25539979327
71036.98753876997
156432.96873913502
133704.07144739522
166769.25218926498
198021.949227018
285000.20792003046
155260.24687337448
154719.2355667304
146962.39889983606
168923.3568658308
166038.0167481218
156010.88773869476
291174.75208310335
291174.7520831034
158377.84394526237
5560906.869838929
379104.5438736741
26727.78162007419
296327.98241690785
1504.254827293191
14502.77195417106
11.703830695695997
183911.67441181894
39554.02370862427
2913.4601921318085
8569.783857994546
9020.510115660893
213.96212529519624
1744974.8434474831
516540.1461736062
14099802.50714157
1215211.324749687
1246877.9868210377
7753.95895440417
995859.523709861
1145010.795456607
1298663.51878479
996844.2522951529
1275045.7757025983
1242923.119825489
261785.6483916871
33831.56562125819
5679.890030410915
322085.4402678512
4680.490042004598
1303681.6263003836
1315075.7906818702
1020584.1339601907
1315075.7906818702
1317501.8671084924
1312596.8778033855
1318154.7561774305
1015505.6406475673
1023115.0241473783
142993.8693840881
1331347.0
5952721.394036336
12157085.061214881
434433.8970816685
13773003.02459794
78998.8022047164
367759.66080976167
20729.449302528043
2831582.316669411
2834694.051649288
8569.783857994546
483154.6199458151
485702.4329679553
13931750.027123246
14099802.50714157
9547.0
9103.998544317938
8717.999999999996
8717.999999999996
2929.63363549366
365.2725822713499
162.6372081635488
9308.205243179653
8017.769965863836
9483.548895553427
1160.5200517606118
4822.789659499485
210.29913687972794
8656.430327430562
1300.1625485917918
353.8569313150008
5355.293242218064
10880.683506265046
11082.425229307213
10971.756766515231
10986.715649998236
1306.1632501600586
11092.121797425127
6514.818119079033
4606.838469017723
7645.551418478066
5606.377719727409
2925.9456003694245
5152.69835678735
6586.517714740818
10094.289523595371
8733.525164289505
5537.034390830991
3987.866058957488
2879.5842657164235
10975.54764604652
7680.339775431057
11101.999999999998
10593.16177612342
11101.999999999998
2929.63363549366
216.49956791751106
139.01040285133854
3692.196722787075
6602.158665559512
9468.750999588852
4791.261255141636
9093.467447691994
6491.729450944356
4342.220805965983
2459.7787021953604
4606.07890333695
2297.2795923587373
8367.580852215107
7598.104303606296
8458.238397475548
33876.42717416092
20844.583411422227
40178.020217768746
431.63250970160874
18551.95439683134
7430.232978340582
21915.30836738714
12676.9761573138
74007.53763012525
33929.369726457044
5962.617246439111
20981.749059352816
8287.253656507657
40887.02089436653
54020.376104188814
34279.13983270802
32205.449013976744
31389.48378836325
31341.77445545739
40320.91849813091
118403.39706514186
255624.60426653794
557.2942956231786
22067.84264666411
114411.27294155967
102919.19216923813
57579.75762976764
57673.64105714237
21910.275100552215
462.0486047661934
67994.88601825494
197370.41634646952
309937.91066897614
300476.0375782869
61550.92789097645
365299.8759929316
34279.13983270802
31373.86808301455
34187.39832869318
34279.13983270802
32205.449013976744
31389.48378836325
31341.77445545739
23137.494303291463
54026.87637505245
54071.901877394426
39466.23010869711
256958.5904948069
235557.16872269014
264369.64586285484
1140.1486003575972
182246.7510231818
206944.0850942423
270267.4521478875
271020.8753773309
309937.91066897614
228891.3516219658
637.1746500867969
67994.88601825494
300476.0375782869
582.8629157848501
593.48528318366
596.0
596.0
586.384858311296
66.10818821105092
139.17718230833688
588.7328409596047
63226.880674893175
41.72212017911199
63494.78571750004
19470.215886159738
19757.305549095498
635.5838955273745
17940.266917622484
20829.348703878124
5969.610007970182
7979.474810055191
26367.62410835446
8137.38763457263
21960.140295021407
24492.66765521754
14052.546719003949
6055.598204286313
7574.3816585633085
15586.057498313827
10489.707869839134
835.4001381469556
32484.814529254494
28701.820267643474
9382.007313121892
31327.288577939747
23441.610782362015
3329.5947851822366
5125.44382903678
26310.03243058318
8826.923030612348
28623.555431875153
7650.250078096196
31938.99774168967
66255.52796660994
7119.943467461527
34862.77082947527
993.9201897287248
10828.312777331981
16282.88078930412
77785.76048381411
7555.869137673831
71751.1455609145
81431.35898829652
27363.38388214939
9673.631761703271
81147.9382530204
68869.43679232901
40717.972723425155
26570.273606549617
28908.587160989555
1455.7380253250415
20713.221035320483
63157.38837224597
41692.80549393119
57734.27136034348
38917.513819316984
29435.922091488996
583.340314161007
26276.231462479802
53383.334485267806
31387.120405707345
7922.0089230182175
8780.238143803937
8940.036432696133
2345.895921299123
45055.47384402753
88147.49214229324
89863.0
24671.081729629757
59979.23369262727
84742.21130871012
63042.19980156049
25163.91984980308
20797.00153651063
33350.914562636484
58104.27223286015
67289.74907895525
76338.49625825985
90261.80534321321
14209.747140189129
297.26935708603196
68192.27408826766
35234.19551916257
102930.7200976844
3080.3379241591088
71849.68575701611
92479.89904927471
220869.9939210594
110013.11368755385
315.05618949154035
31010.939672614168
24438.413257798602
263761.83593652456
41845.46542819444
73959.8673692307
19129.209160329017
260284.22580179886
166040.441403198
2710874.703041253
20171.920075768703
2726679.762526703
92632.02124795954
22470.347346965264
284767.9318093035
242995.17088729225
2560894.1744951503
92974.03603922001
1129021.9028420884
1206141.341000919
2069731.9767570435
1743.7430799616066
72019.76845515589
726.9753103990925
3374.941493879719
21055.227205780877
256590.5791761115
2441787.9582277853
1800.4266104342576
10013.02609631983
537.0874493168726
45558.26176299787
261611.3929803175
64076.43662218856
619.5760190553652
133904.75939177992
103101.00456988964
67287.57716012448
55977.343381519095
84470.40285768377
121643.17661451941
8842.072385025413
154731.54825119113
157246.54066164378
151128.07036333677
104658.55497659353
271563.2983606926
152743.67356622944
315.05618949154035
103778.8727591735
58793.904385486756
316475.527947676
692.1264133884424
297940.1622450135
121426.51099942751
32456.496829726217
53340.801490065125
79342.51886725774
117478.07106680593
53241.00646110628
266255.3845387402
143546.08380092742
319119.7082981236
250926.70680788314
327151.99999999994
328064.0
1743.7430799616066
78952.61991339512
9238.754456383473
9165.259401635
102230.11823868216
331124.8903240166
2710285.2905090046
2710874.703041253
33161.29746999895
58364.82958142094
2528073.444793517
58812.28943608506
312006.3901964962
98084.67177017749
2726679.762526703
144432.88548158034
287130.7834543977
89422.89839178043
290327.6741213027
327151.99999999994
327806.0
326886.99999999994
327649.99999999994
251145.48827600566
328064.0
328067.26390046824
2706644.9289731095
330867.5034379674
1129021.9028420884
2721172.167949545
2069731.9767570435
935.1317639559454
34789.00000000001
34789.00000000001
33708.102117758244
30981.881999651123
430.6855485890844
19511.894966078304
899.5296837104077
36.48251070430877
739.3442760276713
11247.63733596902
796.3739021319907
33941.05775445766
31670.588818438307
519.6920208888721
614.4611859552881
33336.138851455566
28468.293787067123
10211.34822754714
35.063426351472756
29179.95446324955
227.57196960346238
33968.59785961979
31791.357286325387
18017.865636377475
27635.556272474445
27399.384554557266
20342.834311720275
17432.47034793717
23113.55968117209
19978.398476752605
19534.26379312578
479.6169862859698
17226.90187936525
34612.84789156626
810.0
11170.312459520856
18259.74929655659
23251.351565422665
33681.84343658104
379.8873374921877
5321.0
380.8957885382954
34789.00000000001
34789.00000000001
