14872962.775398783
2459129.5785445776
10176343.690661063
3114916.8247548575
15801559.498241734
8976739.758197984
15502305.224926483
9980113.350490274
9488328.867130602
9982975.537813887
9403333.516122468
14823914.592924379
15918375.775886267
14545699.619660353
14893365.867092572
15310436.464001983
15660883.418987593
15256868.92050413
11075233.413106987
16156889.55334657
3621819.9848463396
14988111.391520042
9830350.336224236
10283288.569771495
3982735.8823355213
1461309.5909945522
16075123.339644292
14336582.322039627
26493.332142221956
10149600.583351105
16346139.82165563
133762706.12252906
8705393.570802553
44279607.81092883
9685211.858956011
146739277.91513827
21539078871.385418
6341430720.7318735
78485953343.07854
76412824764.88689
78072678829.6153
23723335328.71135
77777600183.43312
78416887522.24167
10303381079.810957
123810713.73847178
44642328749.28113
49008596281.365555
6754098665.108678
748446.6092269876
35830.222694072436
18377861.57575079
13402923.626258899
2334505.9515796076
18590288.888010893
22276504.403038077
8207127.92711941
6202060.5871495595
6231782.344453485
3178883.9302062644
49897.76787632009
1078820.9466784515
358851.38248043554
9814498.455840861
248289.06729558483
1776532.13095926
4664569.933019301
7418348.5982286185
6231782.344453485
3178883.9302062644
1078820.9466784515
248289.06729558483
7418348.5982286185
2590133.312115265
2352650.46147385
4974675.70491512
1482413.5031474587
2590133.312115265
460725.1099657274
2352650.46147385
3599068.761263281
8918.58353948069
4974675.70491512
56585819.88892486
227717.12962631675
1482413.5031474587
9422531.2204445
748446.6092269876
18377861.57575079
18590288.888010893
6202060.5871495595
4846168.326943943
4107147.8250828665
4633318.096394801
7066699.25659099
4846168.326943943
69211.5975671099
4107147.8250828665
7045203.445393802
635614.8577120373
4633318.096394801
5241284.29280981
907696.4454340598
7066699.25659099
9422531.2204445
9669331.420148168
221691.0226794653
603113.2827224985
1823483.5823083385
7203794.667029816
4192647.31593141
3721368.583794447
3907674.7506004455
64181586.791600905
146739277.91513827
8309.76145617644
122642.98587378267
12749.452025436485
224059.24237993135
802971.7840047529
74652.22972483332
1396026.1596763853
93509717196.9745
139599887104.60077
213974845709.8447
143271867055.12485
6390989655.231529
9669331.420148168
603113.2827224985
4192647.31593141
64181586.791600905
5048.999070794163
6913471.765831175
597700.3227414741
1672332.2740722355
444864.4184481227
2909468.92374957
1396026.1596763853
294519979.3856713
163924836.49755052
829536329.1720691
9474572.952085229
6390989655.231529
36685402.46497671
673586.6178999054
2375212.379219015
4391764.566674173
1054.447256060385
5475372.942906991
295679.43764421484
738882.6977338727
797879.4051020257
10757488.892400742
134221.17007697315
36685402.46497671
977292.8337138034
673586.6178999054
430726.55348878197
284665.1648554742
2375212.379219015
1467820.6967890325
1075110.4035621237
4391764.566674173
4521584.371051141
14345.807177582263
12857014.825279348
3796.9635003876338
1986063.47910139
7236379.125228071
14141714.449163241
134221.17007697315
14336582.322039627
10149600.583351105
8705393.570802553
146739277.91513827
14816151.291829264
6341430720.7318735
38128906.40332592
51949699.075040475
13486200.87921375
6643610.818273755
27958231.091457527
17087114.953841187
1165815.4015197698
107384.44800309048
31515144.408766154
49008596281.365555
2287177.3135829805
2332266.9314724435
3056769.88252244
3093859.566737285
4085390.5074910778
16511108.661094137
18471976.185523026
824299220825.9337
28538456963.09267
2332266.9314724435
1867791.903497597
3056769.88252244
2969484.2841812293
1406483.16004023
3093859.566737285
2217995.1590092876
3731728.256177409
4521584.371051141
4085390.5074910778
1753662.816336922
2091133.397086218
7855396.978814629
2287069.0961733754
32310103.154838037
18739254.974762153
1641890.1269611176
560115.3811196876
46521692.64308732
7933261.575045033
143852.4070562876
27371.695187964982
1198447.312875786
32998677.35121881
32692.22834376772
102364.34932402916
2857601.33945274
361609.3718079644
481805.93060932367
615738.9919646037
1556412.8780049393
46521692.64308732
1760.0054238634364
1556123.81592527
2850254.5219669878
2939.8951079191716
19916.22790983912
1198447.312875786
32692.22834376772
361609.3718079644
615738.9919646037
123901.34806918548
105221.33662796141
115296.17694411053
35083.19912871621
5287409.718267391
265234.8150587102
143852.4070562876
19999.400101873547
14543582.91708557
4457639.832273585
1265853.4005468597
116826.4165106389
4088223.725481669
387555.3710251909
12537.786008890225
83243.79348112697
4129362.831250723
14543582.91708557
34458403.14010653
4457639.832273585
220673.86699842272
87346.05576714643
1265853.4005468597
2199837.849700948
116826.4165106389
10837080.571942467
24448986.661032602
333.24850785025
1637473.7444814257
29295.491309533143
26832.020916950827
1496634.9770519887
1753662.816336922
7855396.978814629
18739254.974762153
560115.3811196876
15072673.554888105
10765782.973734463
18883494.86738862
13039201.024301518
15072673.554888105
51374397.05689709
10765782.973734463
16852212.706074595
184611.6282837789
18883494.86738862
13571620.252618074
13039201.024301518
24448986.661032602
4722748.866022494
3144774.3139549913
9368848.597338734
1941970.6695095438
2216795.3874419257
2451226.5936571853
293430.17836923175
1926673.6104288027
7049739.427310843
7044206.355356261
15592154.842965828
6317898.323004511
2280.6019123455003
10787.631828224963
3261.5018775456433
12392817.057076406
241040.08282550648
691975.5772067959
297241.23430236883
427594.1838539455
35713.11412087354
386311.79884901387
267577.6643274775
1202148.5627083618
111988.54343018788
8631474.023057176
3029956130.9059486
27411450.044239804
134519128.54084843
63978490.786781736
44720302.4922279
1698318.5013957792
5085286.292464101
3144774.3139549913
1941970.6695095438
293430.17836923175
7049739.427310843
7183538.607200228
1221.0857209351163
3564931.4744748017
128103.33965134763
408983.2377904347
253778.94067590102
1037143.9596514727
39670.36983378496
411269.2704236291
267577.6643274775
37108.10659544281
5768506.435788209
32469157.150988422
1888775.4785624263
4363070.481204557
3006099.354856851
269839.3975966459
1698318.5013957792
49426.57587836108
14204736.07355465
297241.23430236883
48603.47698268735
6633492.05541779
744241.7157493305
2317013.7983132848
31480806.218386382
12810712.156966131
6732.75655290335
12992180.168669885
102635.11818011536
1273540.0116367296
2150291.680993855
16045.306240778118
116427.04859570337
1975994.2400811973
2186.4145099805196
381872.16542432836
2105829.609206037
3300541.423951401
315969.7160704978
6633492.05541779
6651370.56854479
744241.7157493305
1274272.6412534355
101891.1993924473
2317013.7983132848
4429639.962075717
31480806.218386382
5115597.320630577
24362319.950983122
47347.379239045214
16486.72758692542
2006261.270070183
50.028367050004135
1263907.2520034395
5669919.591297332
110783.87716545106
220396.12152405092
558415.9840012982
2186.4145099805196
3038711.7025728426
194763.4459217912
2939523.609417358
308981326.51022357
14872962.775398783
3230358.095174463
713814.8243764375
7386280.679260686
8976739.758197984
4023487.2197734765
9488328.867130602
10323276.850869505
566583.980496396
607999.6551873654
6585531.336527725
667225.8672082337
1901620.1053955161
1504365.5870851006
1923309.2310110831
426293.325675702
292302.01838080346
2234878.049861899
9830350.336224236
1741803.8992191772
135402.03226664994
1875556.3821575951
10283288.569771495
17823.850510613833
256232.7460321443
16075123.339644292
67214355.84104331
35911422.9741281
2050357.7549145026
852467.1667491726
532319835.2151223
49448.287853823036
587935792.4000742
2614409.721863005
106311.39048794954
808013.5082305493
379433.9739704236
15403579.741865942
126140792.10333404
2783192898.7040567
67214355.84104331
9986750.656006744
35911422.9741281
162734217.68262142
66363.89225212407
2050357.7549145026
54636573.2965403
24362319.950983122
153966.51667342352
852467.1667491726
533758377.92343986
18879289.676819548
590618802.0951108
89785149.00110611
91383196.60696414
596309010.4128115
15710252.797567273
3795933.1635370795
1504355.6309276486
4007758.104432618
3231947.7329596435
15376252.351859221
5931069.501607392
2891210.872975809
15894275.969240915
4951677.439843393
15980362.305881485
15688564.067234483
4375681.546741032
15977994.233723182
15442492.447926579
16017642.369069548
16036887.696857534
15388366.742241805
6148650.295661573
14489.139323132655
2982838.477068932
1256300.135225715
15766660.124640292
29707679.849459715
2122.7505631793474
16302070.660723792
4309946.664275274
2470213344.531055
124274847.23220144
3792555982.36116
174613478.68757775
11883449865.896872
38041429.75491064
2644418423.516582
57126759.03195193
84466596.80661291
32797630.56096444
90894549.30307302
4737634.237491667
24121488.24709004
43796593.086058825
76270919.98418148
10455755750.394196
11424141152.657856
1797354480.701699
103516025.18415733
874499.3363672742
2201420.1810157616
389128.52729663905
47951.5441352361
1301815.5153514803
2680334.623082539
1233131.3505676948
365811201.96075386
1130633156.7735777
2241493.4795058686
2157571329.448325
2008359.6795308483
524198.03638699313
3846313.262296499
4596630.384445871
4737634.237491667
300527.59867661394
1305299.895865495
152843.10306599652
160876.0488562835
416572.6791711848
2039912.9909436048
1233131.3505676948
42392729.52153019
1174798.555389756
1494115.0900472717
1806976.9185452887
10455755750.394196
10821011997.222437
21487850.925771683
98195121.17086078
1003894.9903852834
4834505.520490596
172150.40191011608
232015.0541127108
2643212.204845748
10064814.525329914
27395.99545587296
494400060934.8455
130575960.55193122
3354837.7048539696
10887650.446027827
2002.7491726006576
3764896.8818188175
8181632.909334422
10575261.272797154
27395.99545587296
593697163830.5583
4050322800.6199217
4550559.824928485
4007758.104432618
7341070.364861897
4382505.04382188
1483502.6772396546
3247460.7753548804
5204829.472826301
485785.5840215798
2287017.4937054357
251159.43550621552
2165.892725290295
734240.8367719509
1757597.4054317707
8708896.32429387
15766660.124640292
8667807.418462109
423600.79118558293
71457.46707375103
3153046.7810503086
4498161.324016676
3525516.104336357
141063.34501398882
16036887.696857534
13677162.292969154
403898.8514228432
15752149.91797013
17013422.71458396
1152151897.1698244
4448550.503863441
116616.15959815489
75936.55373479704
3624679.876663157
794372.5904801361
9116241.037985934
3139602610.158674
168389622.75846753
4585139.370100519
12807268.18879082
496962680.82276195
1186285526.6026168
2640973204.3314624
444722901.4570758
3139857767.9729214
144.85996923165598
41363.29920649229
1094.0391699317593
353182.06975588476
13142.663102495308
2225.2785297808846
120290.44905797536
56927.76679529215
87601.25601088547
76756.86701080223
67284.61097089334
1015722.7763322169
24167.161046314246
5225465.705945229
42043.799190125705
2511.5595594847646
41661.52678902103
60443.56057711012
2309937.3299132823
745.8514162629897
41363.29920649229
12281.653434094864
55323.98372565523
69542.88838831546
838282.3588938501
1344.2347336856171
244066.37835925838
925068.255650776
2231955.7632380365
5210124.446316555
754.1684729015407
12132.49911861146
3474.0328811572913
308790.9862368981
728847.6784953419
2112539.838349657
10429451.096032161
3719.211634905842
3962403.447664362
2907107.100050155
3669126.785055609
3828632.8849462494
3788597.3065607823
230362.77663448322
155861.14693301174
3899005.2384725856
2562050.0849785334
36795.577770194934
62761.58891071327
701441.3031338103
39676.33040301908
684441.588475516
3858595.9221537225
2838091.405662504
231716.98833846193
176138.34943116418
265167.58504333266
507303.22807781433
235391.8635775864
82160.64725824198
49325.77460951836
253427.0956202447
198064.02150168116
244388.03025349104
198565.3523917973
152975.85105068507
189279.04421333372
193266.45102751182
997346.7275812607
3825073.4866837645
2088084.162084629
69278.27852772783
5529.6281909078125
626889.4542460241
24664.616598938668
3178667.1543350588
3441589.225203772
3893292.364741749
3204095.1686620596
2528075.691191801
3914095.408884261
11263.233383127452
31631.23029824304
7369.793457977563
17861.09630694652
50883.88142932197
999030.3596506375
7357090.24389495
4080641.277128166
15086212.18828837
99963.63270912976
15927982.993248325
15518991.709310459
4317.316685182471
16215526.218645371
2541211.157518852
3395991.8528537843
205456.1588896929
2414.9334739650767
23791.16313953027
3126956.7284502853
701441.3031338103
133077.7447368631
1160110.4290001246
141127.62874795892
1087169.0434948683
501397.0650474059
5448.482259251382
135275.058531501
560.7732439483503
45038.35353194599
697.0380829777662
152975.85105068507
17646.10462055533
108390.88595562703
557172.2035167062
2088084.162084629
9646.61229891533
5529.6281909078125
399547.12189870136
3558209.071843987
1743955.151757764
1350660.4718667828
2636929.8223907216
193055.21445465655
18253.05067740046
4471911.771637271
1434479.5990299077
265167.58504333266
60027.23889847387
52242.434896358
497894.1960747176
10087.361692161421
3178667.1543350588
2516424.71451719
3695741.4123853957
1189867.8409925979
3954168.134868786
13557471.899817243
351096.2243517318
2969617.0923630297
26513.790237497826
8921.138706562722
564780.822534578
2171813.206210166
7881.867291828963
43867.107744889574
977448.1755082883
708459.3321550384
2186990.828718124
367000.69101509685
1807304.3127494636
14975349.855078116
4858669.669562186
4371628.584986056
216162853.63835675
23116.852562431206
357259437.2645395
1816384.9027358664
19960.70279667014
522445203.58089674
83089.43379449096
534340875.9634019
14106293.110516556
3552.809119289667
2639557.156387023
429.6044365590648
45244.15283572815
1773453.5246347624
1476395.6312261939
7881.867291828963
558854.9140489869
189001.85058940697
2315174.706054728
19804555.953008126
1504606.3368117039
1807304.3127494636
16064207.467156824
15212069.776980137
22506628.95411836
216162853.63835675
23646741.10800387
522207064.1876657
444613927.597928
33469842.936756626
8274235.877921611
3054513.733553173
535172293.7521991
24300.454844484982
5457.362926910467
73211.07382196272
124922.8763268822
62709.38870946821
33752.80263742349
49530.742555388315
78419.33942637985
8474.86329716128
40429.56713432442
9529.268782804425
38858.023887427276
99584.07207756881
102380.63142807463
157814.32577434203
70504.44395922445
136862.113501655
4704.71855337004
34770.90197494135
103759.8084596222
164403.23955376475
106862.91538351424
33550.73630332253
35413.433374552784
26361.25234256367
106218.60850556807
125071.5197308538
132180.182080258
31175.03599407749
38914.0006604114
6503.561330972952
9370.608998078482
62607.05799504496
35465.703527654885
18863.695347281337
1734.1960650495666
46646.338238020704
44502.4771314347
37118.919435594784
23260.5346766055
129006.51396340637
63283.17250121226
55686.17556185874
36912.40028319337
20900.735191749358
8988.95302997732
407.2445018933212
113623.82150679368
20981.65524766837
49552.21908183629
11741.422390166328
19212.93038374906
107542.6049238562
11102.614993161455
75127.88795131983
60960.9076776583
188096.62294452303
13673.367521066048
46646.338238020704
155689.91159295206
23260.5346766055
80150.78171491611
36912.40028319337
2979420.0079080802
372.73266421586345
35638.05745281922
408347.2386004319
284514.25847819215
2269.325111424071
1450318.198058047
251320.67074842233
947119.9018481044
2293.109646944917
125323.44049882307
561.8998724098062
1501418.1295358588
2406.41956426949
38321.36630822425
187312.02965885773
7745.789673666181
1053167.7592645579
1028047.0926313275
1529718.541865162
5314.260298169392
1301014.2766325464
2896.429635796339
1501418.1295358588
520353.31867699616
5321.010206086498
1526683.269081462
1847857.6443100234
1523612.4117335847
2575039.4314391413
1069335.1691277018
286.40559854665514
1023697.9305853518
2414.5368237466873
5280.604945273569
4706.729362002364
113202.53213582803
1501418.1295358588
27358.79592867543
218665.31518812466
124075.4320418717
844113.7813967947
1172593.6828275244
1962126.7157585772
125917.02602503158
259600.83452867827
921840.6411992449
778703.7369508898
573032.2984862264
725201.7490741569
364873.6679063309
87630.77919387865
2863.6222697757753
348195.2630673313
1280442.3901621855
29207.74354875725
322013.3852234837
65063.18059369201
2207538.650059508
259832985.02876633
258840767.04913965
48991627.79456005
260619158.86269566
260190905.5810407
2047426.8198429658
165743406.6876263
49280651.89851875
212331339.8417663
73402363.87153658
587747.8836270997
195657013.2232902
1667676.9558955415
169750885.9887214
12710362.941986728
12783434.815537639
50204011.93545284
257887535.8939651
51750398.908209
2066563.910224209
2615706.885971735
262280593.28668252
289056.2467785896
1637.907818329219
1001557.47142021
26477.880531713225
12190.494714783954
77806.04101590272
1873505.6448157257
17358.807140772395
195918.97319324975
160603.21044112323
64536.257383307646
160090.3921490779
33227.42244799218
175729.41013640587
238254.09417817474
196955.641255448
268004.0867052018
826859.3313999576
7534.616257567343
713.0043150351872
976821.9468748331
230068.79397671865
8837.60498402797
73806.58885307227
20866.413557030934
17358.807140772395
195918.97319324975
64536.257383307646
175729.41013640587
90540.22992391251
165.03207522255624
3411.616817487045
3117.6324157369772
15092.137986933669
182020.57423867757
51690.14000750584
74277.13936555326
24758.074246412718
5035.52457212242
39799.74837357313
19049.971733829716
32018.46600660093
36578.66353782091
730.4310160559368
30489.564640793757
109312.6314805431
164025.28027988315
52833.78847377401
20866.413557030934
3.919595710289787
39468.581009788024
272.4608751541565
112635.67327227317
37695.51242197488
42455.714438186296
92960.91216664398
43193.39888190674
178460.97865291577
74953.99200747267
36888.368191160494
1998471.3162478388
5232444.072961095
1749244.367737087
2082444.9388582336
372.1726986714914
343348.0630367185
30817.54717568593
10707.443874577586
187623.26434896604
187366.05957129304
7784077.667919628
5716026.043954435
813102.0272444161
1644722.1774100857
17911.537938125184
289764.8393096814
68872.9624518067
3698.0646882703295
605559.1669708757
89307.61429062548
364415.5271248886
808483.9663119311
222844.78425948703
1962744.3647261087
371223.52997082577
8647.093543115952
4570773.345371094
196.72681172751626
2373006.693754236
804789.3564938398
41106.001404077135
2161939.247117447
8829543.256318646
4397.9781733275695
762711.7587470886
96.12449292594616
69068.69735089876
39604.265348911336
62557.222722857565
78776.82241675159
539190.6853594629
22425.089234836574
63614.98951589813
7273226.046850175
130101.3732199442
19243.900229149385
4534228.868335753
5668522.189804619
4897361.781419156
6667875.849539802
1170748.0462819089
10919890.830759598
1702589.658028407
27874.134016739976
1771754.0279125536
167823.53449488612
649193.261646548
7784077.667919628
5716026.043954435
6013921.48407642
813102.0272444161
1762264.4441059623
131178.58724708876
1644722.1774100857
6169465.781580228
6425225.092340147
18993.816544779755
4979873.660655685
4611.93174966913
4418407.472407457
4973343.243569225
90471.05189078451
6789469.289703059
8829543.256318646
87630.77919387865
348195.2630673313
1280442.3901621855
2207538.650059508
169941.66717589006
86178.12122790172
853.5784725191439
14647.495235774142
13858.2373101913
567562.988500964
13720.649832181134
243674.1998001421
77711.45484732171
46426.64074447318
102019.95734437152
239574.75719521588
189335.4118115123
3218.299063032297
147487.87884512855
13594.94191383274
157646.90731683976
549104.2120711593
35209.09202113419
220684.13711754463
115809.10253646452
218157.21367663884
86284.59509703236
393218.07286834775
183515.68818939844
1697424.8658766996
1770188.6815334049
2207538.650059508
988617297.3065398
24440415924.322186
41961568191.92251
37659631.12137912
6430785972.6067505
27462312905.30637
95017465.56123045
469723988.23075086
290.5072419216376
7827.664169780464
79390.3852793345
166044.10415970552
357.9680134817603
235572.39075343017
209494.7396514123
65127.685825456385
1455442.6650631598
57591.015655603216
144345.04169725254
15771.714480302731
23320.38794151279
82972.91327601527
87402.32616868087
12464.866297960016
49114.03692037359
176847.70076705219
56514948.54915166
14565190.73285844
1161054.0953156666
37659631.12137912
25132002.07423505
1971541.9490217136
93892544.79361282
26325813.027740832
521762.5296457813
2221366.7333244225
457582.35526054155
3637018.5913244784
5008.88633000276
78997.20041827232
9044.956660161299
15281.139044337988
515577.31370717403
2855208.487537617
376682.3127088327
35852.69412042479
215389.05589561287
1275681.184952687
61754.60457979825
1665636.1452769167
5615.020000918613
14023931.476762796
546223540.334693
54361283309.791954
2412193.985030176
3394591.3623291315
2668275.8269850574
3750292.2406231933
4572192.039394605
3855275.2493239595
111278.80304688033
85187.41218604229
189753.4528552262
19724.20253215084
1494235.3461848525
1213536.9247110977
822011.1021810607
69465.1194952019
14410.62591397985
1344317.6528650122
3115560.29340542
947962.057755971
18721.183293906466
597551.0610336158
92498.15440356216
1405843.4951357364
3075447.6343779294
65042.62865253104
135698.94165723285
1211.5048477923244
1804690.0432935408
1660.6831078396565
3364265.672548087
10593.760877980101
3146020.8532242975
4572192.039394605
127635485625.15991
470575822059.795
54366181166.64817
31471.0577020645
567942.8597350973
46562.949211387815
207444.1736573198
111851.12974130189
217216.65126913026
808379.9424370736
1076938.8032549638
452390.0688484767
4724309.889402096
2230641.858643439
3166312.8988412623
1394093.4921281834
2538716.168059199
2047426.8198429658
6290411.115389431
28115532.641811717
2552767.7879144032
2074953.278658498
5719.10178584203
195245.03615195336
169750885.9887214
3152035.6404256714
3030799.9057352296
2733369.024108572
2454969.8998872265
7689818.5073386
2679821.1181900445
1857182.178707304
2446248.6263336604
3977016.343540732
1042943.8388505358
3161080.2068196046
2017209.3884965815
2198882.8848377345
2699460.616314086
3213558.4365860745
28250.691527928204
10770187.856289322
1197679.753529887
72934.57700916298
400918663.77642626
171221536.19699678
14259564.169391083
569563.4608356975
173864.60274765483
599019399.3270092
2378642.7273211367
280032470.11578804
8539998.91295647
2106149.364928627
1449707.2566533042
7024670.033824569
9297383.462649811
148842.0513512898
3046281.1777122617
3521353.742676158
2490187.4408929464
2324025.324927793
23707.826486265505
2746885.186324371
4436892.517709728
4081019.949737485
2412193.985030176
11227.66383658467
2805514.7675081757
2805241.790829803
3394591.3623291315
2732994.21158732
2653552.208642601
2668275.8269850574
3750292.2406231933
3353988.2331170123
2753.0842703485127
202660.88572581112
1600211.5186975154
12619.739346358414
4572192.039394605
3855275.2493239595
1233465.5727933524
3598929.545819133
17517948813.94595
37884556280.23312
48577415145.50444
91283969.03385799
197390202.46311748
13958609.309486378
692049557.6707686
279429494.76944685
2722081944.831867
2731262754.4107575
127232.10559430599
32154.160035932357
207577.21680207746
262258.0562565345
88956.3480275566
59221.74509866036
68191.5644324065
107480.47956053741
24047.596702475916
331326.02760523354
32571.669014636675
2154.4008572684834
12678.676563280784
5506.880623143437
420077.4486552665
247468.22021464145
9000.135784794611
185460.68720508637
309996.18878511037
256337.73952207022
88247.30081877793
39372.46250091796
6175.459423334014
199395.2582484208
46923.08260639677
109768.62630817182
19016.36444199999
234954.45897336007
4934.905983110048
14390.383063356448
1863.8910913421905
48857.050733184355
184893.83928552622
24047.596702475916
331326.02760523354
12678.676563280784
5506.880623143437
243898.30975365965
24517.632308507676
231.05035063770129
7594.998794322358
2111.724576956988
3080.7154191186287
5124.255491944175
339194.108417289
46892.776231585885
30521.543686081255
49217.2620435312
13221.935252599464
27921.59833355815
247468.22021464145
19890.49398782446
41801.21154516503
10413.760646235896
4259.8771653350495
200585.2326707306
61907.092129730605
7245.40213079503
108377.63312357457
24172.241449411835
127242.3458308069
1764.1527348722502
29713.05194742128
3873.8721636871287
173706.7205419732
184893.83928552622
5496955.905779352
9711164.201688673
110419.11041786369
11740.310273407391
20.739011129578596
130.83906335897558
1330.9016652980326
9032.584851436097
358419.3357997341
28108.747058722463
6260.467276054475
40475.00486418395
2866.5103538007766
35843.35593700215
272437.1982890117
16859.2145872101
190453.81195943052
24567.259692674084
91300.22633580067
819.3244706626023
13434.34738841816
161483.59451143467
77520.62884977822
43246.14830411697
174811.3365290567
216507.81185109576
7466.440337234838
11653.469206492631
102297.84660309131
3946.368406419318
134235.4443489806
7790.433175409174
34586.9327849691
851.7228842671301
1744.3209507226677
14365.306818257604
181188.81838018956
27963.774698403435
1065144.628794502
68658.9152618332
46351.37874130893
138851.59405149787
33995.554059050475
1858414.4919918166
26236.43041795344
36260.51092296804
15317.936732925755
220522.58304989894
847985.8024423047
194846.57094437742
206517.83255154578
54907.96694190236
4458.884476326206
24508.462394469625
673.6522136754022
13305.349748154576
31152.59969232059
994.9540503062767
77969.8986415664
283468.8805518155
8089.44611158161
239731.2353692667
149615.59925879395
216821.94688117533
1332139.9471497636
14248.927018580149
42458.43921120788
243044.14767571495
67496.16212215902
162986.25770814912
95884.45262523321
19096.257082374184
90012.10954773932
202214.91262181537
22080.039311397475
138856.75228426285
1779817.559213291
75655.90072698412
29181.26853674682
56820.63394417928
56091.338211916904
582040.5383471523
56617.600186459786
5755391.402871665
23558781.948834576
68257.75340142302
30567.100215318384
94639.15911651276
314233.0499992258
173516.89449380126
513962.55883764423
27963.774698403435
1065144.628794502
410460.5997686327
94487.75632402275
68658.9152618332
46351.37874130893
346285.23910346185
151697.08613770458
115069.56162239061
44543.84740794546
2729.4272445864085
111304.30706714699
844087.8518164634
540.2940745944455
7514.187559291987
348653.7168910236
57433.375666891814
27155.434628570405
137976.72827629233
1332139.9471497636
804878.6058877946
14248.927018580149
218899.94199571587
13425.396422079935
30553.70772279126
56594.542120882856
36490.3343532379
1790.2385065761398
983.9990871724428
36762.40091782202
108771.8156278636
2944.9680839904004
56984.54902469072
103725.47144536507
6126.414022758904
6519.437542007879
56682.93950758219
72155.75374701258
231847.06017168774
47751.32631914207
446707.41402812826
70488.10303735061
10061.728848241648
52029.82701385437
2782.6900879980813
14137.113838146961
159547.64903068438
235169.18355827275
119475.36619621362
322.1754057506513
41783.23376233883
24.795458792484528
42752.07368235492
17454.561227238744
27662.695785426367
14562.9907823043
295239.6766861042
39391.63593671882
6154.976919842402
80052.53346507176
2740.970333094535
198027.76844026623
266185.17985516414
1427199.99484289
7616602.127983014
2377308.9974757843
39912447.55905176
112630.38642477097
2442623.0493596713
3217846.7883139704
3297160.975256575
1902852.7699137328
205274.15499589968
43090527.88855811
2459545.8674425706
46179.26055654919
8092675.251656918
318468.6399040412
953052.2731203111
2344656.2412672765
673074.8673900092
2956609.8431188995
57818349.58232392
1066.331491136744
3172.544666597483
33570.39736711872
28352.57828376316
8224.137047614118
178247.7567344211
61893.3665356135
10685.482820106376
78583.40884065641
106270.38592322341
261244.02019856268
12706.118153280082
28549.886481560676
129474.37132537176
29628.86405536245
6211.294462191098
413932.3893352614
13369.218022356044
16197.456968780869
1445.1772213711179
2247.2993339290433
6379.869342124486
14676.001357030045
39602.05307743907
9555.377213242498
4841.343176238609
41803.70401576917
2822.6033523927626
162897.590263703
77454.238428033
132582.07449278553
7616602.127983014
1151959.0283553388
833812.1968322982
1610048.3511858657
2343605.118967957
1021525.2124463207
2733031.081445875
11693.365887525943
205274.15499589968
3890307.4004135267
3251.916956043126
2125752.8401846373
137540.08163368044
579302.7213186224
924896.9309625064
214180.03337870975
2448209.955074445
224899.54397624536
419069.30413503706
6528.946194403261
752795.4730162116
5745.002670035179
62417.151465654344
60076.265984018486
52990.71699053413
128535.50712955416
1454585.4768881937
16538.491626154362
422551.1000869733
86547.70016730845
280.3109119677527
3136.2930736733865
9111.318411520111
5402.468929524236
353434.0608944111
204799.8545827229
1248.7656238446941
38499.424705331076
690006.4124517996
1869415.723875739
323527.4956901672
441818.0289914184
134728.2769240172
2151896193.609602
1096108.3659181234
35456.24932842618
178688.02616864393
3332.34810393103
55653605.06712633
137591.49531298914
836800134.7741281
164573.8671604885
43642.30680368417
1696844.5094871174
26701.887781987363
162018.79558537246
225053.69577243878
29063.048653362803
93532.68052703567
129664.86068158923
64394.751477957216
2795.736722366081
190167.37512653202
413901.44676572946
22890.74065615734
646367.4140102661
46641.07922431657
719.0551721629487
46186.164193317396
84291.27709810359
96634.64554635121
780962.6419603522
2746.822700473192
152076.9108102141
22631.01360906006
320626.3698622032
166256.3502259489
1044.4732381892225
198654.92745119947
971815.847040328
14683.169596210084
111125.82360363379
971482.5510329972
887414.0318742924
2157701.3796169637
581771.2044529511
1625575.3012239411
1177434.4255714805
887414.0318742924
756928.8351959729
263581.4960153796
259295695.25855222
2109475647.4690144
3790781239.255456
195862838.5362346
82286289.91403438
20613055.067903843
55700163.88048676
251243355.0519555
5720960858.386972
75465.09883062645
50998.467983185095
34683.247825918
11828.716221054177
86465.88816914885
99433.58378712069
92054.01720013941
1187.1819759464054
71588.35244403765
155805.7903099135
71449.38876479359
184485.17752129963
24819.45580945286
8487.684495687707
84931.38916191684
38732.058739601285
156044.24770567706
412215.9993239113
36715.26372820788
42725.77826391662
8531.587427558954
34492.656404913185
23991.492979976818
167098.6480208575
51790.34323645334
238271.9499897162
160451.9098737547
2002.4848027450028
47133.93215220577
24082.466061400042
64490.902912396064
22544.625227323028
12160.142622440644
37309.2046753413
374686.92359320825
68990.73460739513
39691.6317482728
348276.3990435193
1892.0448153594136
4473.691387985936
1832.6845103798992
9180.313041953415
104903.54657622411
85933.85806090337
47138.246870375646
13191.20563988521
137721.01254479025
72850.99041189274
25674.674281348784
82344.93300651204
45115.745859079674
84117.00548726798
5560.071067679479
25111.226378567644
886759.468120254
175911.51275719758
441818.0289914184
1247239.9415666221
2007943.0866944885
1242963.0145626222
2663.4183718097843
253442.51531548498
12190624.138873525
1601364.413056336
2364268.7102441676
11478815.855324857
96069.12226641925
597194.5786659333
709.9736883893087
511573.2518779441
2633792.048305829
10882610.412852319
2096933.1545900367
2588132.708607214
12721.878184419707
725440.2263418632
8072.8671541492895
1624.97465787324
29838.8544650008
0.8413591860795796
10682070.968447441
3673.8906342251807
2635.1433688943557
2900694.7406833307
1263941.6852724485
29951.669238646016
24216.99308155417
1487275.0284721253
1849852.8874359808
521760.62971758074
254268.9727076396
1371024.3145129785
1312175.7534893467
3324.7089405910006
649552.479104287
1299382.8491165722
1719065.133143688
395354.24042229494
581771.2044529511
2072.0070799203654
91634.70616762205
446968.87922829867
1625575.3012239411
493579.9552549296
162116.948925587
1177434.4255714805
28346.782117472158
4964.563411080238
887414.0318742924
756928.8351959729
436970.0517307191
263581.4960153796
1496644.8123928849
686981.9734788083
159965.10327218467
2157701.3796169637
10539768.921181599
29086.458064623104
8252075.374969212
11953508.329336528
7021208.261438488
7933656.215920018
11598496.43008306
81058.25988504781
10822439.55198446
14225.95318717046
10720959.215477897
2223698.8007758553
10976878.17346464
10663608.730882678
2029914.9759960962
36419.25774286124
9736.504330873528
7700705.055390569
2949.7230993466264
2648804.1041085073
3672.783568588827
81224.97797392157
68666.48643697216
67220.80220445535
22840.78233025015
11431285.898333814
11280754.789651606
11995663.263142414
101493.57768556736
32256.11128998443
19003.79394799825
51245.24330861449
513524.0301361981
24697.064715818753
38068.00963831524
4748.821318511393
31964.134585202224
19225.655047078595
63938.07041914061
2175.6674378050684
59199.48951674068
118696.6022531068
116297.31989161712
102935.88246838047
52222.13723449528
116062.39678561476
320259.8183226896
1383.745446659682
1207.8771258658908
19663.95316574896
82504.69884549489
101493.57768556736
63938.07041914061
2175.6674378050684
59199.48951674068
172516.01292379468
6936.673124885235
172351.1064200023
10880.327105839307
36655.21565743904
51.363248888516644
30903.1599431472
20318.879665991437
24620.86683640764
81491.13973356565
302868.7572717238
79746.9808961037
56477.55719838091
97808.68912721473
1875.6785517738167
3997.1964253684623
34584.018660076916
38419.527180862315
25868.990169171502
42964.276514004625
82504.69884549489
3775805.210548834
38.889533846541866
6686553.796680579
84.08846735890116
18894.607934038548
37320.174418345814
72545.92963540216
92444.0718053919
1560906262.8641603
1625.6526688995668
48656.333717381116
463972.8491351211
67997.97710691317
122817.21761300016
177288.0198940697
166253.3115693485
158162.007770818
274595.4855594564
31386.777207352392
4815.960331705823
2171939.322804468
21163.815105631536
2422.7887135774745
1822700.541593799
13555.055109822042
537140.6156307936
4050.8682407965757
153693.7003877149
4189845.6483655227
728386681.6868036
22470.64835654645
166253.3115693485
26411.40958896352
111649.19417941231
791361.6508859342
90657.65688213169
158162.007770818
274595.4855594564
31386.777207352392
45129.32681040461
256059.34617092455
839.1159454288328
3645144.9272216214
1002.2178200420516
2075.1992433692258
3204531.5164595116
2737960.0473990017
3611930.097662579
3487910.1854653135
4189845.6483655227
2679269.522668046
213907.018051228
279450.84453413397
113612.49332219416
210143.23268073783
217736.83759757795
71576.78423174213
838579.1173363318
279975.5857017612
2542136.461435331
10156606.912491353
24925272.809286565
52352911.75181558
51611046.79096794
9471299.72905215
4387496.475158938
9606131.45990073
1156944.5157682265
56302807.56867076
170600.86386067924
88932.63253326289
6376.776194695013
204694.4946929632
217227.04209905147
574246.2288958299
167016.95471031027
265994.05312246346
1817.654293841034
79099.22265445815
189516.7042171836
833.0651557390622
92208.70116582072
11322.486101313225
35682.9477805636
518919.81738436443
2957.8204468892436
95357.9192227569
34730.903394648434
3158.3557278535204
42984.38977332385
332937.3612084255
222950.82010109222
29735.856298421073
497261.57569619396
275379.07197490206
115138.64220648432
212416.58254991772
279975.5857017612
22036079.32790637
10420503.191442402
24982706.329445932
5955991.283104077
3536114.835949137
5781534.3179365145
317988.9463032379
230092.63024988447
811827.4794765175
54585291.19406691
62154.36755452721
969595.2120642252
364072.2342991724
177977.07970678675
61914.82836121168
316670.1940103428
469029.3746573318
274919.3705851705
489153.80627102597
275111.0069318399
24925272.809286565
48166864.12502627
4141310.8221973972
4283876.144158658
4785.366110787745
824557.0829558432
572959.1702176534
1771404.9553203173
18822968.323288117
131076.10399841878
3331007.3721185555
37738.71509750085
247571.62028443252
2842061.6876228503
164310.6921635958
176077.30759675283
177448.45393470625
62154.36755452721
420749.17091379006
2665.6623127649987
58299.033719262494
28035.76855031964
46589.74347132431
57737.246765004296
8334.613792609976
78691.7718245961
48078.78212938805
2211244.030062976
201304.39632613794
302816.5125433291
1545822.0264841104
2240183.678157059
8896.699323921508
300542.0550167041
2377.6572991551675
174928.17668651155
1209721.3930804406
33714.41090171959
264306.6296615694
2583.0502117590463
4513127833.038049
1761108.391410733
63650.38074573827
1803001.7687809167
5414.5138060671015
1305119.2580919852
1377863.716316047
1123132.3758246135
2921.9413517513644
1034466.7525450651
632574.8942823337
1540789.499261257
49850.59089361446
12243.360655714729
3437.9336339851748
280715.7489126159
109630.05967346116
687584.1517200553
447886.27740903606
65651.77626137545
116694.34003387787
1192575.1871399975
44601.694161681764
3579478.3986336524
503702.47978207195
1412.6930442836936
1418542.6063053191
712564.0683333335
194170.47606974753
1467741.436075934
1734774.5402425244
2311202.620996209
1467741.436075934
1231710.1776184856
481404.0016546865
1151128.0878888993
4632260412.356643
289126570.67489475
50709769.6704127
450623520.3230359
2634.5540208465522
68471.85316355497
140417.15298150913
361068.54675559537
24910.010389450796
172785.02095841675
156501.78571369575
5423.202943070941
253777.14100657176
258110.14056378038
30909.469220148098
544747.3561470255
12592.734075574735
415628.87851038453
48213.27090829858
43832.3654672687
446932.9077908184
615.6186479903165
169.89835805052456
154977.74379326685
2769.5583210095747
199.64479349942638
86578.77229296925
44216.147122338836
4875.321314668711
39386.73376289963
186594.69749596072
77073.72292692644
237326.4503794218
151461.296592756
301743.1200129556
65882.78396735738
705725.525339347
330823.50432116457
148376.39870285464
200813.04902995468
319486.47621018987
64897.18513048112
36711.71386341898
262435.72157960857
358470.69630749634
352050.63144736196
5050689.676743801
1819251.9804172516
19381.926737451504
261286.67232562165
1906.3484211439738
27088.501149994034
2154.256821070289
555892.7907053706
300625.60650787613
1392.246630633858
6309.400272925243
9736.695183158054
1477.6244080975646
1691751.971908295
505865.21195954067
13937581.893319571
1734774.5402425244
1215902.090913013
22609.834412168984
2311202.620996209
1637597.8578075436
1395108.654120871
1365160.570838464
1713198.6170317924
1035750.3828230608
262093.51280187836
72987.04303795563
921.8951595301228
497150.6363315688
207.45427902892055
1537761.9505068164
1467741.436075934
1294517.5769590272
1534836.6918852585
1231710.1776184856
481404.0016546865
1023503.6291674968
1822590.5747721926
1497037.5123760626
31876.24291459209
1151128.0878888993
5361964.542801585
10750900.047307206
114238.21904096895
13596343.112705013
5028.370240726792
127292.31452570723
46088.64180116982
2854899.2353693186
2156928.421900467
7015.368598574392
61172.81033026336
91980.74849406506
13605765.628701258
14475222.797724122
21962.547011949526
7198.544044875405
1433.8965743411813
9762.073456659513
269.5512965368001
193.9668372070824
517.3119815293094
26173.468920686664
23291.834784576866
24275.661058164696
3179.1034246624863
6620.847331813805
134.0028384096057
5395.985678877635
3736.3994758331405
265.98783669441553
14732.014274259946
281.04507052611604
11946.515365142566
21074.577739644366
23775.637551035048
91.28710559170622
23595.805626833702
6832.097294503191
6049.870713393116
17130.85275350174
10043.49357829086
3355.502673016586
5683.7341043601855
9776.505879201128
21635.183740777004
5629.891981055373
1480.8532079183024
642.4487266888083
3401.94561557274
24225.46923267651
7997.362337947668
3920.1180562607615
8522.201657055006
23942.273616611605
2528.182737505574
27.121311736557715
673.1202566400326
7569.623955351874
375.45149100528215
15531.79617762565
10153.964650641074
95645.55813829596
12233.968459313674
7963.443883285537
2866.4578915491747
6331.905721292209
1298.1013459479827
136066.1204776046
68042.47269285836
55883.47621466384
48947.362471222565
107541.55118203198
1331.2196668617003
43.10735306023079
9001.780517949019
20240.83473712408
71502.36811690516
34.500309522218295
2891161.2335683154
8257.432764850115
14854.586050618695
100440.98393725687
35758.92743614968
40978.768732906974
496174.3769311428
69116.23530899863
29067.707463453506
20146.798984322068
3627.202799179431
79036.37672929752
11583.936387849175
79357.49472288686
236.31980645711474
8213.121258404106
19382.378586519313
26492.55648266495
24052.217492040836
25051.181629686835
10197.817074887234
985.607999326675
108260.23326883711
29566.540238658523
314276.507272057
40491.391755972494
25.715894024403813
19.298063477442753
85388.5900773632
28847.476400731593
149672.29558180925
69116.23530899863
29067.707463453506
20146.798984322068
3627.202799179431
36240.147776457845
239664.2176086189
496399.7470499322
83490.28747860882
119767.0560989469
12511.008695473498
23864.84235677248
413.7030586833355
37467.63653292858
37105.64269116767
30494.98763343551
70854.84306850012
314276.507272057
254809.98920811532
2530.913349867392
36223.04874512842
40491.391755972494
555.963228674231
770.9737364773189
1947.604594651641
602.9754766743738
1912.5118371518242
43278.983810238635
8831.436230352865
94938.29647124861
22879.69329091853
19810.201947559937
3465934.5389327556
49632.655051043635
4980.090471522224
81.33160804705706
28.700606783801966
40290.349925806986
1207.2990130288545
12188.245200392616
38095.2808593147
1170.5905793441282
38084.842730067874
4573.520365631399
19196.222899075532
4061.643978044096
927.8675830963498
9558.48254273783
3048.9852206686974
193.91871912141477
783.5405681962025
60673.782787792734
6202.640191779632
50142.612132139264
63540.94777232131
926.942357924798
196.03095351758319
8802.556650146731
12703.779324867603
14572.294156494923
1241.0505931616783
78959.5657323072
86128.65538457115
6959.4494240968625
117383.70274299622
513.2825987052161
14226.070837382476
7122.54244419724
20437.705086523194
7818.503741667927
122150.15856812012
198561.01643557556
11443.176043280208
5639.8070213601695
71597.19575010282
97490.91956340543
21654.899928899093
72501.49956766101
65925.9484697
480.8309827587714
17347.07408814644
43161.07547147048
157.58084285774774
74394.703211003
63096.989101350955
23678.34076212717
498.1548209197856
51469.51324691646
6571.608006451339
41435.58309366305
4953.558010782393
2326.2052582374986
2576.8067730004377
3121.1984218443845
3529.9467793921967
276662.3152505671
57559.371812377896
30530.43398407217
47102.07634198785
70872.56422167731
53159.48123576746
31215.45722452169
49135.6265035689
27381.106095455943
15005.302727518916
52614.07155075854
59763.565832091524
73325.03078978861
12913.384778297073
609.636714376392
42764.659360386475
32727.097105546043
60359.08156202973
1069.525787602138
63502.34120183032
38206.73249451646
288836.60932119406
119174.00023826308
146.68218856811765
8079.640685427359
47930.91103991766
1180393.2931814808
106781.13914556926
232779.04004975205
44531.46752323402
677849.3530175391
71296.21408659473
2626847.1654196265
3411.200886689822
2240019.6363508888
225813.67476390232
50560.81898806794
94992.97951955043
270130.22540869156
2671871.3792811804
620668.0743071047
211807.21362341737
1827637.6376590452
1305242.534865776
628.3699508284733
67306.06950885913
1126.856442195507
1939.8129322306909
128271.14497034886
677026.5670781491
2121333.6466454016
11535.089056572333
5414.471703246634
3083.303792973637
514767.60533723
50244.50631195111
35541.32030720515
1898.7425477600627
206131.19251304556
64691.788957177196
35609.0481034997
27170.84741698449
40484.182782897944
11598.745965178145
10472.540989278305
90494.98605885358
36524.864744364364
117561.7491421791
46180.41536132523
475810.8984654812
186137.89706710694
75.845525878568
87928.89190056839
20967.269301184246
548249.4439668894
879.6286475982171
97916.88862162695
102354.22881310886
47188.6241586315
87772.0055786018
31913.549104234375
158462.9210026052
54761.00664525994
262368.96445422195
261810.23798094512
30495.849602677154
765364.6494929795
1041782.173504927
332088.3554921938
587.7875564051942
2393.4964789349797
473.26341303025004
4811.316777161737
31912.978515861843
69433.66489239849
2453024.3604816324
2337573.453620185
43839.408162751104
25803.345168433214
3514675.284995913
3447.801499621425
822329.1224650205
15843.10429790675
3102950.4763446366
15131.809657196345
555841.173039483
9105.9579496212
538923.8324369981
1041782.173504927
190636.65690879835
21421.017328617258
609202.7817432517
484930.98668085615
332088.3554921938
123795.32069946452
3186780.159970293
179914.43366720364
211807.21362341737
3486153.992488874
2634057.2458171146
398.8635077076371
95358.56760753322
50884.26364184265
9060.308296434523
31816.276350261283
42.08368493121734
13112.052247409643
122.62587899465835
6.635061975073557
16.168918490468315
29265.553863187768
116.57281510582885
4275.438571983111
34364.691148756894
265.6630707042705
95.23918582782834
19809.7943853351
56281.34630039111
15891.283118097837
21.82684851306542
19664.73976191937
102.06196545240707
18627.711699829106
74191.37633157511
25932.559693566807
37416.86817381656
33001.73479150371
28455.416459613734
12069.779989965185
13425.753432735612
50242.10087959363
29156.56518555652
139.12606115828063
24971.677558434738
64691.71539260488
19.672947046857896
13922.185987685365
5160.834658337816
47270.13059479612
67536.04191211083
88.43803274558381
2359.4115896092903
90.10892986271033
13924.937501594823
46409.49841764357
