17145214.524548363
3652686.4747422514
12146141.586629633
3737093.1062375545
17905691.038238615
12069431.426855331
17956611.57488994
12295834.000000002
12278934.014964053
12153430.972650735
12295834.000000002
17765392.92323761
17444613.679550175
17669349.682847224
17373986.664206363
17757469.929891158
17931667.0
17928594.394881412
12247733.283784328
17931667.0
3746776.454682705
17931667.0
12247733.283784328
12392206.0
3794545.0
1477257.0
18122613.0
18385941.32534668
12131763.948130548
19071244.187970743
19113333.392734736
19354611.74404386
19351711.83767494
19352285.383174237
19355235.7672636
19355238.111732826
15153311904.785925
395143026.56279486
80445403055.97774
77636724784.16875
78930374181.69641
15523844975.488836
79386627985.86983
80323283528.0
21919293089.123333
125018947.0
49159287497.72397
50642750900.0
7412169380.043726
1796948.91277207
89511.48081909127
1717905.6385065406
1956716.0
1956601.0300300098
1907597.8980768332
1796948.91277207
1809315.5542790738
1796948.91277207
1956716.0
1795523.5746687776
89345.52400708963
1585229.2228380658
1743361.5290701676
1806955.1692546583
1907597.8980768332
1584702.058829395
1809315.5542790738
1624485.1865681026
1956716.0
1795523.5746687776
1585229.2228380658
1907597.8980768332
1624485.1865681026
61087116.25627791
33810045.29634567
69742583.16167349
31610974.710950755
61087116.25627791
1422701.8755186056
33810045.29634567
33514293.072445024
2214684.1428571427
69742583.16167349
28362284.625207372
55621881.575811595
31610974.710950755
72323292.0
1796948.91277207
1717905.6385065406
1907597.8980768332
1796948.91277207
61090381.96217711
62421786.892332725
69742583.16167349
66299097.61316752
61090381.96217711
1492780.1133512084
62421786.892332725
65986000.73966883
2289401.0
69742583.16167349
66267009.378662944
55621881.575811595
66299097.61316752
72323292.0
1737302.1876065258
14000.943539556876
1400228.2737848759
1295859.179265067
2826361.7402078835
3037893.291582727
2985744.3337211013
1045269.7103979965
3591347.276276291
3609718.0
696986.3856605305
931129.0
900239.8525005671
690949.9459479634
645596.3086994864
922895.9267461202
905693.0
2693794989614.426
4380838853781.1104
5921444035493.066
6051898119541.571
164647728850.8835
1737302.1876065258
1400228.2737848759
3037893.291582727
3591347.276276291
696986.3856605305
928793.4963311383
899707.1247524857
690949.9459479634
645596.3086994864
922895.9267461202
905693.0
2475452247.4262133
7376738144.494546
11526036535.350641
6208465.908107542
164647728850.8835
16628402.43315755
11844969.547589075
20632509.62587923
22483832.688778333
4328351.982475115
7030969.900814636
4423781.0
4620497.170348759
4546546.392813233
6356680.196096724
6907109.0
16628402.43315755
107902.59193712883
11844969.547589075
10636483.369570553
278489.5714285714
20632509.62587923
17207172.94545251
4699798.068681584
22483832.688778333
24741885.0
4328351.982475115
7059715.0
4423781.0
4620497.170348759
4546546.392813233
6356680.196096724
6907109.0
18385941.32534668
19071244.187970743
19351711.83767494
19355238.111732826
491414403.8422225
395143026.56279486
179665405.79271513
220270802.3932518
80517409.70459008
106317362.83432329
213192081.5527406
103520416.01776955
57858154.283119604
1146111.9867024077
1015328.0
50642750900.0
27936682.08888889
22670906.320213385
24731565.5
24372088.58958603
24783444.0
1042093743.0019084
219694935.57969946
897718088089.365
23595291102.0
22670906.320213385
109170.71433625359
24731565.5
22670906.320213385
282920.0
24372088.58958603
24741885.0
4699798.068681584
24741885.0
24783444.0
18382675.48330156
18845238.435759865
19067580.542016126
19109952.25718474
19350999.148758434
19347644.255527873
19348391.16383453
19351913.32288094
19351913.32288094
184587.0
134173.16702738704
75164.24780491507
181457.4811559172
192850.33333333334
159767.4936233631
175242.9320160989
183898.87189440994
192091.51229796442
160748.21270436863
165811.90442586408
197629.0
197629.0
140418.65663233603
135139.1934435642
170153.6861770833
27188.047370759763
195266.0
181457.4811559172
159767.4936233631
192091.51229796442
165811.90442586408
140418.65663233603
135139.1934435642
170148.6861770833
27188.047370759763
195261.0
5130293.191372549
5130293.321830194
727166.8376295631
5481561.860007398
3094185.884597177
6136429.102135355
2927267.4404790075
1648817.7213973172
1511128.7283110102
5121364.294034045
241202.23254128738
6041678.0
5481561.860007398
4973469.333333333
3094185.884597177
2972164.137098293
234228.42857142858
6136429.102135355
2523405.575754963
2927267.4404790075
5942759.0
6352980.0
1648817.7213973172
1511128.7283110102
5121824.294034045
241202.23254128738
6042138.0
18382675.48330156
19067580.542016126
19347644.255527873
19351913.32288094
5481950.29417686
5499637.565455379
6136429.102135355
5838098.088390159
5481950.29417686
6361021.0
5499637.565455379
5928301.744859438
241422.0
6136429.102135355
5834087.059077088
5838098.088390159
6352980.0
5942759.0
12620180.95680671
10183702.233123528
8719590.269833138
12602957.363171715
13156290.35258834
10144178.332128335
8880616.452468194
15447932.915506389
15482118.038398279
15482118.038398279
5015418.751728837
4778557.367752109
5036601.615968296
4446676.929628466
5068121.336202013
5041417.724632839
4827970.097618166
5073447.279621489
5096028.833493722
4050745.4913357515
5057938.088055237
4637085.941995745
5060213.366544541
338634.31344605866
5130325.0
3548349650.19585
457862348.30224407
3446017082.6125402
1008125009.6080722
1123785977.0927653
31987508.895363845
84350609.91582976
12620180.95680671
8719590.269833138
10144178.332128335
15447932.915506389
5015418.751728837
667649.405841629
1063309.4178433064
3286255.6094802786
638208.7685433538
3220670.656196869
1283181.3831705605
4050745.4913357515
5057938.088055237
4637085.941995745
585855.8130426343
1392396.9061921276
226247594.3958493
12015763.342012437
56439922.97428664
33558052.62383058
447621.65190348687
31987508.895363845
1093583.2735300672
5068121.336202013
5073447.279621489
281570.2085047092
1968286.2155304805
1253689.4373372945
2830107.5019474914
4714095.371636938
737057.0
513773.14035842963
898698.4677168191
459097.0
545413.6800878544
596912.748568787
699548.0870377385
30726.396507508583
836061.0381959483
788754.0
725059.0
907046.0
29867513598.012493
175427232.22935802
1968286.2155304805
4972392.666666667
1253689.4373372945
1111865.9478702354
30398.714285714286
2830107.5019474914
2293374.8988550324
4714095.371636938
644570.0
5047726.0
737057.0
513773.14035842963
907690.0
459097.0
545413.6800878544
597174.6442089255
700665.4993355726
30726.396507508583
836061.0381959483
788754.0
725059.0
907690.0
750217965289.659
23260960014.13789
17145214.524548363
3652686.4747422505
877550.4585032356
2479183.7184244012
12069431.426855331
1745617.3838272155
12278934.014964053
12153430.972650735
1532954.7518861238
1879177.6899490068
1072334.5816006553
1393046.6620765985
1529910.1489237137
1207064.0090174864
3028869.5434768065
1064970.4872049382
596575.7332186056
3708383.991994882
12247733.283784328
5144287.553187658
140716.0
1645544.0433451158
12392206.0
88916.50398916681
124507.82222222222
18122613.0
18385065.542970352
19070395.982960504
19350150.591782685
19354481.04079192
650942866.1034384
123573870.85941589
713880352.1318493
19640612.23754438
9006928.50420327
7361867.560456017
4985329.412510819
40128666.45058747
148680912.86439043
3126258740.0
18385065.542970352
18847872.458121795
19070395.982960504
19112426.24383104
17382182.757171918
19350150.591782685
19351282.443435676
19354481.04079192
19351623.900362413
19354481.04079192
650942866.1034385
697861541.5117946
717309836.6647422
105378715.02747515
105860776.85285246
726277506.0
16253360.585378192
4916255.400928533
1031988.3265698955
1014780.7547183459
5116938.624082718
16391128.67827185
7534926.292350667
4785030.823421957
16394234.0
7768317.0
16089597.86677157
16000234.295699444
5050080.754045784
16373727.077203251
16413797.942217508
16470488.332737865
16539066.0
16539066.0
7371249.949169457
33912.0
5151710.0
1034097.0
16635845.0
5895331712.531081
2086266270.3660548
4148196875.8270035
102335283.93962581
1081121287479.9878
10034635383.575237
1664195296424.7988
556757511334.7638
12664863525.411488
361867605.0332048
6042035792.814628
790602064.9936755
1235231404.9925325
249820487.3770713
817646035.2941443
34486182.12544441
345195203.65243363
2110775634.747574
2662483225.245396
9653662438.11629
12827716980.327032
137246034.4095355
908220784.0732892
258647.0
272660.0
259161.76229202034
75015.59042349519
259537.0
262389.9079368941
259838.13144635188
720027003.0608389
36127694.513447404
8008316.305042389
4305113358.881076
38509589.785254516
545605.3738752601
27704043.40937478
21395517.718826
34486182.12544441
657427.7137101127
1060883.4659323746
2270487.317329344
583188.6214887921
635283.6287001998
4396596.101833208
3184382.519019459
165465396.6538301
26794045.89078539
75111652.02389935
37068619.03940765
9653662438.11629
12236476394.84697
90546223.86588818
872129120.2718952
1128232.5116718481
1325095.64276936
282267.0
369932.6658627626
1226499.7281302663
1245608.4677300884
1302525.12365385
1076638620271.0822
4178278012.6405315
1151307.0
1372840.0
282267.0
369932.6658627626
1229920.0
1245608.4677300884
1302525.12365385
1656235272061.3613
69631979028.65054
1782135.741728291
1014780.7547183459
1530918.0602393541
6079959.941562658
1643007.5552153243
1056544.7505540012
1145350.3141542745
137461.0
1960353.0463332632
590280.6962016796
7757.980385184446
1397910.656808598
1347676.8377365428
1155159.4322710289
16635845.0
1776290.4034418992
309569.54067389993
78084.41811023444
1284356.9999876015
1622839.891226741
928218.0888888887
1108911.5548502272
16539066.0
15089374.0
948839.5814814814
15164261.0
16635844.999999998
1242741801.9427466
77831801.26055366
3272493.801169812
1057356.339569781
4027465.42097897
2191414.721814271
81179735.80472577
3269409075.9999995
127845399.39733626
6788328.0
93516086.4291809
695518822.7169588
1620212651.6798854
3172550142.267624
691695046.4697067
3269409075.9999995
463533.79118934507
4346173.383303076
97332.27837423694
4875613.146733201
4511232.939562523
7896.1119697025515
11102.0
9725.893596684426
7606.754302593914
10185.0
9022.0
11102.0
4700573.276757588
4175415.2648480455
1276977.239794526
2275870.895956761
1044231.9716855965
2244364.7338254764
1389290.9061921276
142692.67644554243
4346173.383303076
83492.55239139369
731731.3178550297
4511232.939562522
86329.96934956007
321481.7225856176
77786.08069665157
101994.0
371032.0
472289334.1526097
52326013.061510265
86329.96934956007
321573.7225856176
77786.08069665157
101994.0
371124.0
637045305.53758
540276464.5696678
1546763.2656438318
4831740.764970063
4775974.309335647
4722344.291278333
4610695.57027896
435394.74412366614
183946.06199232407
4848807.689977644
4848807.689977644
596831.6225798237
71975.17770559691
1553882.6274313205
573341.6890451745
1584521.0444538456
4864324.0
1791756.6615885952
407635.4036096999
1457408.007780942
1457534.1010887832
1535595.9610305622
1312841.4468183347
1432518.9357617376
1405680.1625343154
440447.9727872615
448165.7821549889
405555.6048795538
564357.9501189729
439929.0889692094
1448456.8812399735
354716.7364018218
1583195.7696531056
4773494.805443931
2183763.968113249
127871.158472938
24207.04891711965
554216.2774662852
35090.90856930219
3589926.125670167
4877285.99129722
4917328.006052187
4885545.307384346
1476127.3110112892
4917746.0
474.0
474.0
474.0
474.0
225819.02850534522
419108.0334729604
267940.1904761905
422687.0
73326379.74896389
2991259.782938677
74274221.0
73326379.74896389
4706404.895264117
74274221.0
2062235.5184662633
4722344.291278333
3245683.6949870656
245579.5364587498
87701.92586078982
4186930.718995749
1553882.6274313205
189487.96840203594
685664.67604428
321294.7597089084
586398.6245129016
737077.6472437169
407172.6750064645
1432518.9357617376
222015.6656233169
195697.66317021725
53533.55570175573
439929.0889692094
409332.4407652844
354716.7364018218
869215.2287524947
2183763.968113249
36700.56162041905
24207.04891711965
410965.6540276513
4877285.991297218
1352896.9061921276
1177250.7945014832
4848807.689977643
250590.28661108148
24212.611856988435
1904648.583333333
772055.7185187535
1457534.1010887832
548290.8043864262
429763.8034689261
705989.7935289869
30179.586349904344
3589926.125670167
1821629.0624244972
4737122.1316171875
1476127.3110112892
4917746.0
5015199.903595625
640021.1853861145
1060713.397522785
2226805.722827125
1277530.7824266767
634774.4535924244
4481602.185301834
3740006.527792331
582729.3616960992
2096151.7190401247
2274940.3136927723
1392153.9061921276
1289205.1627399763
4668003.031730446
5130082.0
246635520.36086205
81046998.08130284
336586858.38091356
138848681.96395668
470093420.3291697
24249208.837731622
2123342.004631303
645205110.0534098
6244617.4134790525
655259591.0
265331.0
215571.68020227924
302296.0
29980.0
297182.11618832406
232090.0
244450.06457761387
238350.31471238888
180407.0
202387.70158705063
156565.30616119935
302296.0
224033.8801232123
302296.0
281412.0
609691414.1468138
250761423.46020854
336586858.38091356
619016611.7945795
645205110.0534099
633872220.6808971
29697120.960837882
81675702.4644114
23181957.914438643
655259591.0
75934.01199112894
77583.67624240447
73934.49781547682
77832.24632086555
73419.32710548761
71188.96610014536
71035.30636381518
78348.05250682085
69631.8599830015
77566.2547176679
78519.0
63739.6
69184.66666666666
78118.7065608858
78519.0
67955.25823013054
77063.87899867693
69407.64803041593
64662.09211967903
66980.48362720587
71840.68758349052
69984.41316012738
77020.93279918836
66826.34640551613
72799.65191566812
77175.58240774459
79463.0
70836.0
64289.52593220179
68953.35888947766
67533.63306792986
72324.0
63114.82632307504
73554.0
33161.0
70836.0
79851.0
58449.73868456637
72733.33333333333
79851.0
69841.88520241226
56779.78586447208
79851.0
79851.0
69055.01606150033
52343.139679868276
9523.336864841502
78519.0
69443.60328556685
63257.722044499176
73751.93950675125
70025.16459618493
69921.58888888889
79463.0
66154.28992969968
79463.0
77290.80391095573
67106.88521443194
79851.0
74565.00869678437
79851.0
79851.0
79851.0
1496731.6606972243
1039419.2518150613
1204876.8296960632
1442662.8747166255
720622.6954054943
45704.337530323544
1571087.0
777126.0
871071.9999999998
27271.475409836068
313221.878052756
34941.57667647292
1600612.0
27451.50338777951
445501.9002526213
222953.2535059929
154656.69482489736
738270.4403841458
1600612.0
1593234.9999999998
42579.9210686096
1600612.0
63330.44609188776
1600612.0
1496731.6606972243
1572293.9265559705
1520472.529744288
1563056.5795133049
1592803.5078140663
1593235.0
1565069.9309008145
63706.693989071035
1565069.9309008145
63689.971332686706
47723.606557377054
63981.32527290943
1572342.4222005627
1600612.0
712879.5135957804
916589.0
391901.4192783753
914418.8250833945
916589.0
915966.4570366141
528660.7973217671
653074.7667089989
916589.0
914095.463841175
712862.0134247955
914751.8918351043
915460.6556454559
710774.0006910897
14004.021567064416
724697.7501074863
926786.281628496
926796.2774733005
672559.6135180744
617601.6806860574
931129.0
261070779.10239232
259387641.88201508
61877941.57278854
262548068.99999997
262548068.99999997
4059504.8163047694
167111663.66325912
62272761.0
240682021.36568514
85716596.71033852
438389.0
165407404.03396827
4125131.0
169562457.0
22589861.604234215
22566447.750735477
59952365.500448205
264198690.02323696
60786430.125202656
4240299.257123875
4374296.0
266326198.0
1334623.0
1013829.8145236518
1305710.560446676
1286482.7819653647
1293948.4711098787
1289514.6343869646
1200225.8292498863
1237848.5079337992
1128661.1929955576
1055842.1104996167
1201271.120129866
1335458.5241290107
1249134.6933725197
1121888.7215079458
1767780.66320047
1767780.66320047
1919386.0
1919386.0
1838026.9343231262
89511.48081909127
1684631.5309181227
1756022.5180947236
1795648.5673109966
1776644.66320047
1928270.0
1237848.5079337992
1128661.1929955576
1201271.120129866
1121888.7215079458
1325067.5120403613
584785.4820607902
626533.5421626305
1160620.2879107534
1259126.46212618
1289514.6343869646
1083581.6095909406
1041814.0210798217
1249134.6933725197
1766500.3132334813
1767780.66320047
1721007.5290701676
1784601.1692546583
1838026.9343231262
89345.52400708963
1561513.749529617
1555609.7651928412
1795648.5673109966
1609488.5772485358
1928270.0
500299.98798185744
626533.5421626305
1017173.737406078
1245860.8983004417
1671956.4823443964
1029171.2547349343
1616288.2899578924
1465638.8775036766
1571446.5229433505
1289514.6343869646
1249134.6933725197
47085923.316759475
40364008.86067461
29253967.8799861
29347915.54159196
584785.4820607902
626533.5421626305
1163286.4882888184
1261271.3055373607
13925800.992625982
11983707.340510754
12568916.489518354
11178481.91679517
12946470.438966244
11678466.121273952
584785.4820607902
626533.5421626305
1163286.4882888184
1261271.3055373607
12372155.935674243
13925800.992625982
7671405.56226576
10664202.304675011
11983707.340510754
60163497.853021316
32317777.072445024
2214684.1428571427
59673361.69488592
1422701.8755186056
32586085.29464554
26963370.072670843
54883864.27953541
30801404.307694163
67875220.0
805932.6683334174
1274180.8552864583
1074632.7669076663
1274666.7980578572
1673219.136199144
1029171.2547349343
1616288.2899578924
1532621.4280479893
1690287.3611502927
500903.7680670117
13892936.782368839
2273733.438000916
13732043.163386915
47087560.980332464
40364008.86067461
40898920.67298205
48992397.9660338
1013829.8145236518
1318031.9501780048
1299402.7740965267
1298941.8163610222
14224783.0
13925800.992625982
13276251.593341172
12568916.489518354
11178481.91679517
10678480.412521137
12946470.438966244
14362926.811090283
11983707.340510754
11678466.121273952
60166763.55892052
64789484.73966883
2289401.0
59673361.69488592
1492780.1133512084
57187505.73525702
59966671.650575176
54883864.27953541
63252158.81925169
67875220.0
710774.0006910897
724697.7501074863
926786.281628496
931129.0
682173.2840500205
874376.9737148585
171319.03692375703
319776.9582355324
655548.2090197122
915966.4570366141
407233.7257969123
642207.738399896
579247.9741595646
871860.2774906141
691601.6624558871
914751.8918351043
596879.2936851981
14000.943539556876
534658.2031262175
500437.88836964965
549049.2016456554
690450.7546035156
640291.3870628633
672559.6135180744
595941.6574513126
882940.1890272112
600487.5729973816
897796.7540681732
611313.3542001386
931129.0
924559.6857694993
931129.0
17912891746.867996
15734191709.288742
18641153276.163647
547662461.3204349
5780571558.169243
15501092993.979263
825704672.9561632
8267964707.522934
102485.2439909196
305612.23502290907
582268.6926928998
310138.9668219449
271706.1976392175
594287.4585960836
598775.5468136624
448754.7871256174
805201.263009544
668716.0198639487
914751.8918351043
500726.53992562805
617444.482313327
595568.2168920491
882505.4439284189
593445.9900522346
886792.3165143454
608302.0072723948
125224999.76592271
135461041.88331985
376278.65065500606
547662461.3204349
579984930.256
14093488.3958798
825704672.9561632
35021200.09364747
4543295.69289283
3819461.3636742663
3250097.3254583175
4863120.785808689
497483.68931240507
13890330.274044685
2271200.528078837
13729664.797063647
4277712.741804382
6774644.086375047
3553050.318109207
4158711.409949154
4687818.980779457
5619571.571125554
3957619.3526714365
6712177.094263373
5936843.687464054
3707913936.160183
132678944.04568565
120918436876.08914
5199100.439789922
5462656.033562361
5462656.033562361
7046601.223986246
7059285.0
7059285.0
200795.4357037728
421916.25044702005
600462.227707834
987836.4316111417
4455356.4789177105
5737959.129132678
6086133.1592043275
4617873.023187398
278489.5714285714
5115217.100754155
6774644.086375047
3608687.1637610747
107902.59193712883
3747981.8903274834
4017027.978282273
5000834.968634287
4316785.98745841
4433520.34439164
4147044.5269361227
4691638.6943926
5631911.167553277
4003522.539281872
6858850.57430796
5952758.00542038
6019393.953006307
7059285.0
83501429880.72131
251202343413.59042
120918436876.08914
93256.54690319841
305178.3611829991
305178.36118299933
107712.9789753785
126082.79113381062
303805.1919555728
301972.5612939446
302447.37058042025
305469.2853472155
4766260.454876323
3824311.402061475
3167164.1624366427
2551832.518452473
3350257.80336997
4059504.8163047694
10045000.335109321
2518539.7142857146
4063669.8789930693
1320483.0078196512
22063.597098449154
86081.0
169562457.0
2612952.427314168
383883.9555555555
6745108.846429227
3179204.2323778537
494387.6394482737
4374296.0
2193207.397761003
594282.735598715
4251808.883565813
2350352.1978984335
4052598.668329581
5089687.4759834595
3919081.547062038
4043184.0665574074
5255686.622899046
498454.0153391461
13890644.323038228
2271308.003026369
13729744.65566971
319290644.8334018
1111125305.8214307
296018535.91399175
3766384.3591578584
17520318.214494403
228887445.65483043
1525757.2664013377
561578713.4918033
15261216.957472725
4065797.215738419
14151448.961041605
13890644.323038232
14151474.909070263
13729764.983435078
5240174.317669819
6759554.0
6752458.014075452
6752458.014075452
282920.0
5240156.817498834
6774644.086375047
6776877.170794789
5199100.439789922
109170.71433625359
5462656.033562361
5462656.033562361
5462656.033562361
5462656.033562361
5452398.359015361
5462656.033562361
7046601.223986246
7044908.467063014
5089641.742535171
4147044.5269361227
4836487.880834535
7059715.0
7059285.0
7059285.0
5244517.0
7059715.0
12045857083.626196
39250135053.57007
53071123012.52995
85849904.0
222775652.3938622
58905955099.08667
577593353.7120099
561578713.4918033
2758584170.3441677
2758584170.3441677
148110.0
127805.08098213718
144413.76284146577
146869.87133387482
148110.0
142037.9290373263
132815.9257255268
148110.0
136979.12746649416
126190.71821537065
118509.99760511593
141306.2720618271
133367.01294792054
124918.49150952302
148184.0
194608.24437296408
194582.0
179271.23601497387
179271.23601497387
170765.4343114473
194582.0
154182.43978892578
194582.0
186147.35734779155
170194.82189490134
170153.6861770833
178125.52940907038
191991.35719029407
30330.74830572065
176536.05304451645
169735.59885215334
179953.23601497387
195266.0
136979.12746649416
126190.71821537065
133367.01294792054
124918.49150952302
182337.0
126636.06829284101
20448.98398489103
147294.0305997273
64597.661186390396
73699.93869474289
133605.48632795937
144084.25606837607
142037.9290373263
123304.86861191898
148110.0
116844.87913785658
141306.2720618271
194608.24437296408
179084.34421839396
179271.23601497387
128076.378950189
173226.9320160989
181882.87189440994
186147.35734779155
157590.62274987862
170152.4464816926
158011.18428474118
188418.08031967902
26563.73980815547
135178.56683304562
164448.98539681258
195266.0
195266.0
9389.027434063622
11102.0
182142.04736024846
126558.33334439146
19857.380997034474
54352.67798755872
73699.93869474289
117742.4041268331
142900.54447477302
172655.95782074795
113306.64134100162
168835.08140623593
150776.57186076825
161644.51505830727
142037.9290373263
141306.2720618271
194608.24437296408
127762.39081400595
170119.18469492497
26548.848021489146
135067.343019412
195261.0
4548018.027512338
3929541.2619215
2719950.777304754
2738707.7042146595
496835.1496329913
13890161.306234641
2271064.295297383
13729435.943288848
1308421.9230280328
1266892.5344254083
1286954.7781579194
5119308.5699615935
222723.94019157527
1469691.7762456373
6041678.0
1181729.5559631556
1055953.7263070731
1222351.554225551
1094874.3558288119
64597.661186390396
73699.93869474289
133981.9328042211
144567.25606837607
1198431.5010131518
1308421.9230280328
799020.6612714916
1341669.289644522
1008498.9648703056
1266892.5344254083
5397604.732438617
1295180.0827161195
2863714.137098293
234228.42857142858
5426822.288177055
2982669.042622846
5121710.242058099
2395517.2452158406
4806570.461038841
223156.6109365523
1473208.9234591834
2853678.312910226
5844911.0
6042138.0
6042138.0
87364.95389383144
296712.0042746582
120679.01754461764
295741.0958697696
293072.17807019246
99428.81379770048
286776.21571558074
287385.0848382021
293738.56200450036
498249.5895884654
13890340.849046877
2271077.6292470302
13729448.527133133
4548355.585359106
3929541.2619215
3974508.92351986
4703894.562078341
14151244.535290925
13890340.84904688
14151244.535290925
13729468.854898501
1342762.0
1308421.9230280328
1249512.9245283324
1341669.289644522
1181729.5559631556
1055953.7263070731
1010171.8964133878
1266892.5344254083
1222351.554225551
1094874.3558288119
1355194.0
5397993.166608079
5125510.674370184
5819851.744859438
241422.0
5426822.288177055
5126599.465938489
5121824.294034045
5383592.175008905
5755098.345213022
566168.1456175727
5632597.466585453
5620245.421748641
6042138.0
5844911.0
6042138.0
141997.55393272903
118471.0
92203.96073224336
118343.79602416216
109814.70759553117
27054.90644704821
42840.63817742186
83500.9937990878
143756.0
54336.81740268596
79411.74801787433
141935.01675213675
66659.12803169615
119464.14077857076
118354.30608464073
95764.11873681321
143756.0
77382.75995178454
143756.0
110762.16587376781
69322.13830073099
97095.26013738208
58792.39721019608
70908.02588548374
93659.86939243626
113041.4325054415
113142.74969028801
5817.458181924525
119706.32258416232
68926.63360969682
123736.02425892197
123618.0244321174
70441.9558814424
120125.96531708099
146245.0
145580.27521833254
146245.0
117297.86585343635
9399.682276598847
142478.0
146245.0
4118153.1936451136
3916277.9161334923
14925695.664311131
42664831.65178404
3934627.315267786
15597919.197176121
10692621.432224698
43048569.43458859
4909369.994061297
165721.28166909987
42725373.80929877
11988270.4466821
467374.0674552402
13407866.13569871
1642015.7556278992
14319708.90412071
14935632.12029568
1884921.4110014145
16477939.646712203
61286293.15308816
14019.109911039373
81797.4856250121
111080.54384063891
45464.87237106435
47670.23047719688
129864.7324679282
99767.43522520887
85872.84134426904
49900.937376844966
132529.23846495387
148152.6083924931
160714.33720126326
77628.27829734812
165977.5004859415
123603.95171479924
160643.2304592282
165986.2516955042
75375.54537047794
107471.96320691991
110106.78392932104
160438.30719082901
122269.36869138322
102982.23131783324
153994.43225015677
134429.83530743414
67264.4689190067
159293.3899668923
9088.299838559034
165996.9567325706
119056.67078990334
543545.2286071356
3916277.9161334923
1268593.8222114095
2191160.3782737404
3906387.3728571
12256996.613469353
2543869.576945443
43048569.434588574
31969.87516518715
165721.28166909987
967787.9384091994
33452.18746662156
2300436.7658619233
727711.3228651453
14319708.90412071
304260.15947192395
221377.93226683157
8080567.570875096
524004.1891346126
472907.3078211671
346992.3197759155
685583.7609499979
465286.18407965504
8402841.480573682
2138121.6845115907
11835142.72114602
474178.05940285977
563718.2485304335
451580.1554191729
875081.0
385133.5984043688
582332.3959560962
28788.841872065543
645183.2830663472
393190.39510771376
742045.2570276104
778024.2196942036
579533.4698900728
595731.2277673834
558868.8554549848
695340.8490350368
906687.6811503915
264102.13188998355
201129768.48692635
1076958611.3266406
96598780.71751286
4089867.978019058
296391147.69853985
7754799.036833604
3664019713.096452
1142832.7797111701
1038636734.0165825
3748164.912483119
8402841.480573686
8259554.633197444
11835156.96424974
514275.1398386974
659592.5769470362
563843.8908008132
661037.6395057876
459546.7722679954
457403.1742538522
30398.714285714286
589745.4019891424
875081.0
430862.349433088
870117.6291445177
425529.14920427755
610627.1897636103
407691.241432919
547043.3129288378
500185.9952049708
675844.475984057
28823.711784976975
647188.8477916508
401212.5631820294
781648.7498248635
780816.5153042944
582353.8929424887
672441.2499527899
815817.0099041116
522974.0
559526.8016572727
695876.0
907598.0
907690.0
668881.2711286778
700665.4993355726
700665.4993355726
907598.0
907598.0
907598.0
8130928625.018212
1081063831.7330348
2891706432.2394586
102821986.17465478
2663675422.6423287
19940380.048556983
3664019713.096452
191526342.62909457
4157200228.8032675
84611.62845452939
73349.18377099757
72146.80568022584
41039.02317822157
168717.0
67143.16359911158
76975.2759520652
47717.00556170088
129768.70183073447
168717.0
90432.66326498942
168717.0
60792.5699774481
73076.95884201842
75827.32142857142
167296.0
96607.99808253997
168716.7960527719
79188.41067850207
66409.18931554258
60403.042900203014
41787.31798129839
23993.18026568238
130534.22205417838
130534.22205417838
167235.11425235125
157461.05147622692
80435.57777777777
24155.06437716052
109516.18274007157
74886.38970758207
70050.36551307618
15855.0
58505.0
132703.0
72378.73895740269
68806.0
132703.0
14088.162028445859
4381.994931362238
4637.645817802154
2685.8888888888887
171348.16698865415
92549.65830947766
64952.2782900467
39266.07669138829
83605.32875274747
142008.00270235477
66616.15182575805
82815.24735556846
71853.10731483475
171459.0
44943.0
171459.0
301073.1539846314
296594.50820356095
126988.56380203148
297254.60403188627
301814.71117228724
2040594.065069616
810383.1602171268
498261.9451066006
13498020.048943043
3944442.6513357707
2231080.3326054323
13371313.083732272
13349723.185475666
1959506.5587462892
1933280.9991354595
859439.3115999519
3595737.441118584
13594973.785840781
2155270.4666666663
3485721.8386766184
222925.84367718318
1248349.0
134016.29229568885
1589787.2853249572
234058.28937432208
49671.352260897394
13601420.27505152
89956.12677437483
39802.32680736671
6768812.744285995
1653122.8901607618
13705535.508196719
17503.523467536645
674748.4031523885
871087.0
674748.4031523885
870117.6291445177
870117.6291445177
870117.6291445177
32574.0
674748.4031523885
875081.0
875051.0
870117.6291445177
668881.2711286778
700665.4993355726
700665.4993355726
700665.4993355726
700665.4993355726
700665.4993355726
699352.236999631
700665.4993355726
44037.8087174943
907690.0
907598.0
907598.0
907598.0
907598.0
907598.0
898055.0
522974.0
907690.0
13643532.767280955
13564051.780494247
10633996.346549243
13498020.048943045
10633996.346549243
10633996.346549243
13498020.048943045
13349741.28976683
13496341.999810403
10350832.53398248
13739865.0
3618742.143989076
13739865.0
13739865.0
3485721.8386766193
477834.27574139234
480020.1598939149
10714869.0
3645275.3278688528
3668399.0
81578.86006207779
579274.2473277367
13705535.508196719
613349.2030528977
613349.2030528977
13611172.471346598
13611172.471346598
13856246.0
80445.59200691595
87246.71692963935
87931.57013674313
90028.1385571828
90034.60892581909
79935.94164447465
86568.62144316331
70719.65062168539
84200.69542537778
87201.55590405891
84554.08294743953
78093.73838508027
76057.16635641475
72524.08423354343
90036.0
108192.54818454634
105633.43644233912
99301.60810836763
99798.85344991901
5404.778874017564
95113.18271504174
99301.60810836763
108203.0
80445.59200691595
84554.08294743953
78093.73838508027
76057.16635641475
85304.11135537428
48085.773841743154
90034.60892581909
72101.23570973027
86568.62144316331
28261.689733868883
84200.69542537778
78062.47764204035
70615.43112914098
89439.3270890733
100016.38664596273
105633.43644233912
99301.60810836763
99798.85344991901
5388.240767662861
87366.51127065928
98919.23084424049
89821.89123748583
87280.02459671606
96188.17496221731
108203.0
11102.0
10185.0
20833169.315419592
1944689.0690268397
86568.62144316331
84200.69542537778
798398.3864259181
659766.3383547254
4208113745.540491
142879429.47301632
409216.3093227727
798398.3864259181
659766.3383547254
600240.1819896774
683918.0351388232
723984.9716815939
719496.4310501321
629384.3074893558
646376.2804332733
119769.14285714286
4202887.272831318
3135966.6193497824
73762.6984030514
1833180.4647964332
3475389.9078320265
1715541.7472825681
1514136.9634156788
1830870.5996480598
4343568.0
6073060986.394693
2154404797.052447
723984.9716815939
815962.9828263894
754788.0623554678
798398.3864259181
659766.3383547254
719496.4310501321
629384.3074893558
646376.2804332733
602198.8387793462
809043.0
123353.0
4202887.272831318
3135966.6193497824
80753.0770081368
3764839.596726148
3476133.37554293
3989636.473355897
3992553.5855835853
4343568.0
3713998.5178024992
245286.43990835646
226198.2835800571
264342.9857596742
267771.9298841193
231139.3625755749
236170.48399017716
272345.2655930435
272660.0
2087328.9468155762
11585594.643127795
40183227.29577988
54148911.63051898
54030253.83314792
50958558.62881692
1704494.1084886785
10773027.134122103
3765701.684124928
54789072.735666886
220526.65444438398
75714.23888565347
46017.26075306285
234274.73925707198
268148.51150500553
268034.867071499
81084.807266141
260161.87178530951
10874.537036599615
72920.91583147261
79955.92799987413
971.4332781948071
56936.33513559081
41027.615151971164
91819.48365730574
224179.68335970148
96243.17355796209
74682.87162837124
79470.90217414756
230566.325986069
80711.84364525585
237548.7043694081
232382.33694449277
83172.91539002114
272660.0
271585.5422740731
96505.15369997577
232713.33832432656
272660.0
27453028.276059948
5051845.614165397
13035136.728568723
5118951.278536909
1535824.9992281303
5201082.175781823
1455077.0865315434
1532775.2866923397
3414922.0671569486
55030628.0
161110.51850726188
474.0
516784.0
95179.30054895992
142499.45450959806
81009.94970575505
149906.9010432738
80584.61524330596
499598.8587491418
948890.2506342812
40183227.29577988
50481437.69745091
11943481.093600623
26003156.459037356
1425628.9189321445
1386968.5969392085
3581705.550715518
2180302.6871912666
21918743.471340235
38659.52969107495
4116932.8936586543
361671.6459981823
458015.8252209244
967300.32695067
1455077.0865315434
158628.81458776235
381460.8807305585
161110.51850726188
260161.87178530951
69679.13307753339
56842.711134555655
73690.50362374028
186239.4612577273
229249.7408330263
77574.26204427553
217707.07991796706
81811.00633817597
2839453.0
997309.8732868221
772494.0900713304
1138115.9283088082
1309849.7629483081
325284.7839211162
326558.67472553777
497906.54766241746
753548.8528647501
929683.2362218704
248622.57061074706
1028357.6938045955
732580.5266633995
4197373230.3826947
28082005.560160473
649978.6183654221
61471287.73318634
167775705.39994338
1097434.0630768714
928117.4465705743
1146145.7014827393
15409.571428571428
1137493.409227374
454967.80829375517
1309849.7629483081
351759.1258431437
243667.18141074054
5784.958840038517
327188.8869225874
646724.4284967264
941104.4302847425
826022.949893152
536676.6403880126
598560.5645096079
938429.6324930211
250884.42935873513
1155779.6446828526
926101.8695520691
742183.8507041342
1245039.0421046915
835458.8156913843
956864.621673581
1368974.0
1264780.5314304135
1240503.356117305
1368974.0
1368974.0
1368974.0
1372840.0
6051210820.337588
163612488.24124533
51305153.50362073
315161233.8757776
167775705.39994338
65181.83921005309
60606.78104816704
141798.68864662814
22170.75088859701
58939.41067726549
181446.14163883752
131207.80394417536
166123.7866264014
138036.93742005646
42254.0819282244
272833.0
41390.5586938206
259879.0
188872.20227729046
23543.55953871722
215469.44725036263
28266.771230566766
249.91891610691047
62239.29206850687
59668.523271225335
5513.090594418695
59527.78571428572
42167.0
41611.642592592594
29711.144444444442
127352.01618243573
71605.91826097692
150900.81873173636
129485.50412369547
157100.52086551808
186842.00469912746
262033.0
149657.95026759885
142923.89720259147
134991.3057799414
161497.63399619528
155275.54964621205
146399.9774065206
277348.0
277348.0
150974.0
6860957.31816019
1337627.9151997762
151303.97261919358
1183326.2156581667
15058.130200125845
193994.64831301462
23342.62010753587
1422908.4197887988
1421936.9214613866
117582.5931699997
1466271.3606557376
60758.84349249959
29381.48213052566
2591937.0714285714
1489861.386517009
14225975.999999996
1264780.5314304135
1312502.0090230834
15788.0
1240503.356117305
1241867.986906892
1349902.829727649
1241270.7785183613
1331307.5836660042
1309849.7629483081
418105.42291993345
243667.18141074054
5910.744892999531
353290.1380292033
1372592.5793855092
1367984.5
1368974.0
1242112.3045482072
1368974.0
1368974.0
1368974.0
1368974.0
1242112.3045482072
1251504.0
329427.0
1372840.0
8148443.196369705
12884130.50719746
523459.3062516586
14135142.941843184
197645.10500615567
1458411.4413024166
63129.0
4527967.146090665
4601980.0
1466271.3606557376
529467.9172622085
529467.9172622085
13962758.746657955
14225975.999999998
10420.036522510713
9792.783905404503
9932.951440263583
9461.077513769527
7216.833254296762
4510.815189878175
1986.4343809682898
10178.824189957992
10389.0
10592.12036189868
9118.229145431742
10614.109843943572
6402.81242483998
9389.027434063622
8862.809103475369
3273.6513656979387
11048.683425579511
10857.992136752137
11102.0
11101.748030626519
11101.748030626519
10003.731224611827
11102.0
7617.106077484062
8946.378828770547
10806.073667625798
9725.645657606281
7197.130122904872
10140.617513625006
10062.8448581509
10186.0
9309.136406523943
9000.856469729755
9822.85691600425
7833.891600373052
11102.0
10360.61102484472
11102.0
10777.833333333332
11102.0
122985.9711084954
7745.974349032651
2845.8693755903278
83644.52590426618
131484.52404520861
10592.12036189868
10614.109843943572
11102.0
7610.768203947612
9723.540912580214
7174.497789044553
9962.79837026174
7821.1988904177215
11102.0
11101.0
11102.0
76472.5239546998
72643.72731224897
76832.8456402412
321393.2561761267
65882.29935137986
68597.64796393455
371032.0
996161.9570308758
3194507.324107858
76472.5239546998
44223.16787622017
72643.72731224897
57837.46172232801
67800.32012523885
77571.3001973289
68568.10740857282
60934.65332363913
69791.82715905391
62011.4854829092
77031.7852396713
165796.7055258708
358670.2200513868
321550.91219042847
66374.83783069105
305905.887640882
156192.55402475203
132302.78713866297
160217.86406676212
68810.21522198778
12707.428571428572
332055.0
259486.83333333334
370393.0
371124.0
10185.0
11102.0
76472.5239546998
72391.91280250993
72643.72731224897
68568.10740857282
60934.65332363913
69791.82715905391
62011.4854829092
58077.42921679696
77571.3001973289
77741.0
78582.0
342904.8488461917
321436.0685471635
358670.2200513868
321573.7225856176
292019.7874328577
305967.13100937527
340660.8520199459
341025.491048407
370393.0
328445.12996539596
13057.0
332055.0
371124.0
474.0
474.0
474.0
474.0
474.0
474.0
474.0
474.0
752893.4157651959
48550.47965998786
756002.0
474.0
474.0
474.0
474.0
33434.92194117117
9199.755458374962
39218.69659502409
39792.61746224441
39241.61134227863
35844.79177243401
36760.38223479339
28674.897993767372
10128.738378878985
9023.660678385566
27441.126847166393
89010.14687398776
1248.1775397815
39670.833005146065
41314.40440706891
9285.309961987266
84495.31118906588
38962.78318349932
3633.258568004975
32139.560921447577
36089.66891842168
9891.205989525553
41321.30374830076
8790.25109134035
41041.43937810116
85637.86075058444
8125.898145592665
41440.31147186001
5036.526932081615
9985.147996488351
29920.72341453567
88857.30044840169
8654.731181288244
86672.14768219531
89895.09643963297
37671.39551448045
9131.184469261949
89314.13089600092
88631.6469050941
58118.13752711354
49430.21662287775
36743.37643590676
2109.9365617524436
31476.613055319882
84470.92321407894
60628.0
78947.06018874439
46104.58677223881
52889.06593839216
722.0123692667426
38975.6302231682
72415.97774493456
54757.431721684436
8956.794657466053
83516.66009672904
11414.190815060578
1027.7052412117441
46915.02175955588
88253.00861010658
89651.57992184669
33789.15937597752
70730.78370693876
88532.66553506898
73964.1975555137
37630.68431739801
32572.225084924074
40541.66746932698
65689.01871382692
72816.79993813476
85768.52507023994
90373.0
54130.85833580738
126731.64824103916
129991.12081360933
95361.00824425141
126945.64671647028
25546.082896422202
132050.56588461887
157812.04425641644
243685.80247213814
157595.92933120648
78655.26876111141
91163.89952636913
45627.77244641327
293740.67277499946
95250.54924357038
120663.46276112237
64174.18780405518
235697.56928553683
216439.19617240946
3778855.3105467786
82834.93624772313
3788801.0
157433.8821752488
59213.878125124735
260675.47866056126
2473686.4406317156
3703187.490333002
1213445.159445725
2517629.3172364077
2519227.0
3175421.428330033
1841948.007434967
679760.1228530647
11748.722886742937
82894.89629620072
498034.11489939183
1612341.0226854486
3177652.980897297
80563.43134536753
1842135.4122663299
955318.5689540885
638691.772633316
28786.721492251512
77900.05637085364
153651.23963413894
155599.87423924648
125966.48509985142
97746.62215691485
55991.961588919905
62915.80449741107
128823.6186449989
25971.05987037662
162006.07396619505
164643.99565661215
161988.02622859628
121001.40820818588
247232.23978312933
160206.5973659206
80464.33565062226
118875.0584923226
46609.29422598523
297724.020742157
1798.7142857142858
279499.9933776109
122273.0
33657.0
56859.67194327308
99362.78538253906
122339.7057466374
68335.71655312525
237565.0
132713.39234661814
294104.8333333333
236663.89214200323
297272.0
302296.0
1841948.007434967
683184.7526005803
96388.18564170702
104604.50849670998
776961.7183555368
1997683.796185841
3711624.919814733
3778855.310546779
237351.75602057524
3708501.698676343
3767785.0
3658661.475945548
1920799.2027953418
164054.3715846995
3788801.0
159981.94687685487
288117.7739518631
70912.20810927392
264257.0
297272.0
297272.0
297272.0
297272.0
240677.0
302296.0
3716123.789417576
3775469.7955936645
2015865.9131627134
2517629.3172364077
3788801.0
3175421.428330033
984.7252580449303
34773.0
34773.0
34102.42119851986
33652.08372173543
822.8275478601219
28080.79713804507
1010.7728069763409
647.428657885533
1006.6243130866218
28495.729002515844
33844.36109398475
33950.79334536847
33938.71186022343
12295.648226754127
31860.82460245781
34591.0
32895.24650885849
17652.815785163824
22964.632552974235
31925.831349206346
27672.87081166372
34591.0
34589.3161106223
28722.59956668856
32895.24650885849
33511.0
29153.0
27457.004533015905
30039.0
27934.243022665
28525.832502009445
691.2295081967213
22397.101424059292
34127.81025794259
34489.19672131148
20442.821602597203
25686.0
29014.222222222223
33057.696581672135
912.2205208654404
23212.957478478755
488.5182119388262
34773.0
34773.0
