14203195.523077004
2508405.068297528
10507165.073542008
2565384.0617158753
15080814.251846649
10478228.274885146
15086642.674186742
10782675.810747836
10630914.964608664
10700056.10354913
10791037.289873965
14827033.264757818
14412357.078951638
14952944.887070281
14489657.749111587
15101167.997944651
15418787.2104245
15371669.388455281
11056554.814841153
15471408.015902111
2679625.515336033
15466736.957757786
11042020.679326702
11127874.495003829
2700814.22140184
956861.8442623952
15638166.34652255
58427803.17648097
148123.99990266663
43564906.61380173
60980227.40843487
36914299.342785686
45257520.47987016
45601419.52022411
10118271.651738634
63873297.25486952
3264678808.7232885
6028363814.665952
22603075583.292843
58918988513.130974
22884685820.99944
18523969944.792385
62077621381.93914
63248690025.127594
9686834035.156057
97659515.89660616
42280110113.945045
44449973051.08726
883674075.2735199
10510619.121910004
36962.07840805211
39208609.28657015
15153452.540656941
36914299.342785686
8528159.964980423
8240910.042933543
4350652.526730824
8274117.292967237
15875420.630294243
2606749.581840948
36880.4064026534
588394.3484031531
314789.706339938
7301582.6791048115
662736.0621828126
1234758.0763334157
4350652.526730823
3138666.0428753626
15875420.630294243
2606749.581840948
588394.3484031531
662736.0621828126
3138666.0428753626
29624076.67658899
9833637.367129508
8690488.085982315
18606042.49871202
29624076.67658899
350264.86445331457
9833637.367129508
3337490.9101668675
120592.07259074209
8690488.085982315
12654821.213234087
1788629.3897120543
18606042.49871202
166809143.21967262
10510619.121910004
39208609.28657015
8528159.964980423
8274117.292967237
85756366.20690374
70191053.21061671
77735171.03781503
50746683.67925608
85756366.20690374
360180.086628772
70191053.21061671
123711443.60258079
546759.0905101578
77735171.03781503
79276195.2689123
1788629.3897120545
50746683.67925608
166809143.21967262
6659539.98911358
147711.2787598719
660433.3054366227
650334.8217040568
7301582.6791048115
2607035.800235436
6556072.951202993
10118271.651738634
27681175.53542079
63873297.25486952
7316.395484050171
51324.613096967594
7225.359052285215
2064176.0260950746
1525695.4452311064
1545706.5239874157
1920943.1457922773
6950121330.382296
184568357455.60852
24614825851.424206
163837980094.6874
567954310.4861315
6659539.98911358
660433.3054366227
2607035.800235436
27681175.53542079
2431.257638212156
6914978.216967066
826401.9414764859
623595.7938819282
260329.75781266956
1291919.5336496544
1920943.1457922773
723106076.9315636
6287121716.102038
571521123.5552996
67732844.3139842
567954310.4861315
37393697.545455426
5147567.85635251
14723870.939174265
139628920.12157825
16288.101325746658
23996958.70575606
209376.43330686577
3086470.6887656846
748745.4890986716
8625396.442461742
78518.59133824163
37393697.545455426
739562.5229666682
5147567.85635251
3653008.6446898887
207748.39582401118
14723870.939174265
32113329.35755304
4249970.371033423
139628920.12157825
97190752.99643357
49015.862864734125
283531.607694442
9508.677389734376
10216583.985172883
4749876.692342212
8832476.380464057
78518.59133824163
58427803.17648097
43564906.61380173
45257520.47987016
63873297.25486952
405174977.37997735
6028363814.665952
883275760.0866641
752149581.9325104
1672393227.0677013
603727104.0461941
553545837.4379567
401324777.25609064
79668065.8685721
359845.04669613927
29501801.569160085
44449973051.08726
38352516.54405465
233503892.074359
66192824.74037059
222723632.0379728
331612488.4248738
148012721.27895305
26629842.97178136
1067959114.1076198
21296595225.007404
233503892.074359
747420.5931558195
66192824.74037059
243300004.2693546
1042977.3945229482
222723632.0379728
227155000.37391242
4249970.371033423
97190752.99643357
331612488.4248738
10510619.121910004
10744411.952350998
6938712.265892615
15153452.540656941
15807900.651077038
8546849.95340045
8240910.042933543
1463218.922140074
15875420.630294243
8166188.374879625
196646.39428214324
12032.89328118829
1176024.7475381058
10719069.20915194
101156.22318957355
130890.56817987013
1834912.1718530895
504048.4828318444
1234758.0763334157
555715.1660595383
7012716.71632819
15875420.630294243
1448.841681964952
641226.9272269558
1135061.3794710352
14611.572812137496
23705.015510355388
1176024.7475381058
101156.22318957355
504048.4828318444
555715.1660595383
394756.577985533
62777.293109316335
97043.5472775472
14570.822535337646
6591477.217513048
8132148.242970001
196646.39428214324
8953.710053885681
4846605.326768933
1593987.2817037038
1455080.1580369377
3115614.6000242485
2140511.733953467
442781.9092677598
9768.087934296127
79976.1016088728
12397268.76139354
4846605.326768933
18197004.035179213
1593987.2817037038
543212.5723168517
29787.916122335562
1455080.1580369377
2202531.257034172
3115614.6000242485
7578302.395410327
26259709.265213963
7856.139185096775
1969941.1097070496
31053.608737587696
80199.77108738237
46468.787791288174
10510619.121910004
6938712.265892615
8546849.95340045
1463218.922140074
15130125.70095772
11756414.686639942
13937657.200035535
8463888.12262473
15130125.70095772
18667893.49082323
11756414.686639942
21831844.922085423
192780.91150862313
13937657.200035535
14134880.707191711
8463888.12262473
26259709.265213963
7578302.395410327
1412081.8255081463
10719069.209151942
131949.84575407865
130890.56817987011
1834912.1718530895
591505.5541058001
1565927.8403428784
6882892.349724652
7012716.71632819
15875420.630294243
21736.795836603244
1580.9353750104829
12079.224820438543
1429.3385658211737
8166188.374879625
472982.12939283345
892335.3693325141
289221.10806395614
1584316.3116825863
14611.572812137494
332298.14744217007
400596.2110040911
732427.7631765642
59915.84872765131
23705.015510355388
359262294.75228846
9913939.809053171
560049745.742013
46628902.18334866
159091799.4789446
1457467.3538971622
5554113.343512612
1412081.8255081463
131949.84575407865
591505.5541058001
6882892.349724652
6208249.042974387
525.3490211666747
1796892.315816305
186710.04631432178
142889.78398255247
405411.70808107854
706950.0366094782
14570.822535337644
320782.6843138795
400596.2110040911
130762.40651766307
12054127.291607933
36884521.34946222
2318420.4632092807
37806806.04110852
1834906.4549815564
166398.9358275364
1457467.3538971622
29449.168109438186
8132148.242970001
289221.10806395614
39892.57422697643
7016442.503740316
939725.7313240186
2975724.380979966
32602679.408472035
6866206.4337582765
3138.587566514513
5650410.6195720965
47304.68504225402
643336.1174154552
1322654.5760330213
13634.276813706118
96236.25312330892
1810686.144137489
14072.666146451942
293462.8852409421
38648579.15910463
6579671.47875666
334657.0360248684
7016442.503740316
50776532.172958545
939725.7313240186
659655.7777984431
58279.78445535282
2975724.380979966
7082297.574240957
32602679.408472035
2563873.820513603
23462669.757671446
88344.07377521972
9444.966891632645
60234.545909312175
1596.4702258845005
2129518.8378732153
4105032.3253125404
40161.892998385614
96505.39743163087
1700099.8551981954
14072.666146451942
1950414.1366319384
115192.11437307205
94619437.03185326
203616036.70952132
14203195.523077004
2507482.579521371
484030.79136833857
5522527.146186639
10478228.274885146
3091274.901434467
10630914.964608664
10692721.424967406
821173.9191519577
979956.3879673196
2920981.5427419147
1534127.0817317772
760579.440628512
621103.058773624
2390973.1806255523
665518.8519963284
352208.2895064353
2624561.3043290004
11042020.679326702
2724761.3944394058
54270.908628719175
941935.4444495785
11127874.495003829
31068.212475273842
112721.72679872897
15638166.34652255
54447656.85871274
16343755.917228358
52782521.8704294
77144993.56335016
41699713.626274966
112120.93905573025
450198262.66665107
156279.8862791806
50898.010776120966
849068.801513748
179317.48362328837
11494616.269139389
1042263.3909730293
2401410104.346501
54447656.85871274
51181073.62729397
16343755.917228358
56780722.58952088
497743.05796596635
52782521.8704294
53510667.25098436
23462669.757671446
2563873.820513603
77144993.56335016
41210681.32731865
1556549.482024331
454632171.0421992
838663.1459945737
850200.263863976
456006374.32864475
15294873.625661438
4501536.83859479
2241606.5524002654
2207976.978436194
4817636.239505772
15374527.720516473
3447302.885186494
4360523.116092983
15617861.276558693
3634840.8862444023
15213559.70770573
15164849.127701076
4667649.496156784
15442374.83287856
15360481.254196161
15458982.787267026
15698954.706246488
15813229.383984197
4846916.752310932
22964.518810009806
4151704.618609594
1012402.9279473652
15911873.760924514
321599720.6097457
22036.997945155956
198961807.99471918
1879.9673771673959
43398701579.99784
37010.99885408012
62826511270.88864
724963.0182251885
3934776803.7986217
11519287.30192665
2768485489.963832
154807647.45970216
209061226.98492813
25596669.19087114
41551108.92117228
1314618.3491318023
68650103.11675474
111352011.8396176
38860847.43756005
4570281708.38053
8776118646.02998
264653397.82921362
114622172.28262082
592753.5863450945
2556799.024676887
474405.528824218
706732.3259260779
2156835.4693554416
1310931.7721485218
1299470.8706125247
29097448.538434207
1149655752.1721115
2967182.1857141913
1920688059.1840475
46622424.450498134
984794.1574270499
2756823.428760536
9983968.045517325
1314618.3491318023
428125.2246899893
3631389.0930561977
404209.24341198953
138768.18073734242
381970.28047024354
632380.4607111267
1299470.8706125247
1149655752.1721115
15837936.055794824
28994455.896363333
2381306.7450378914
4570281708.38053
7941013052.541544
60667001.77480365
114526465.19083422
553890.370537148
11661644.574514208
102410.0809154224
366165.75243609067
1483847.3821947658
3839049.1837592367
28079.39194359381
418951600555.45
54273701.76842819
21446.21079062864
11396131.030728325
3334.1332517126434
2166531.1349323825
8614556.26091746
5571377.974985891
28079.39194359381
540840907786.6389
842067444.9082412
1986070.2673186215
2207976.978436194
3940670.4649106637
2439836.4784266925
5771072.752152037
3575584.4748119926
2179509.154573983
320777.7186291228
3948083.8466548966
371914.86503428477
1088.1501856806235
651830.2641381436
4919684.328862389
4203711.921708337
15911873.760924514
7093727.484162719
268377.15707984724
60745.745895802174
1913240.1925961385
5527198.314384458
1429222.7549702178
1191184.0575297566
15698954.706246488
13494959.324180048
457850.84534357383
15911800.224031521
15911873.760924514
168634859.29183105
20173386.113066018
220809.72479013418
36293.67908850426
2471503.7383570787
1324579.5889046898
149285205.9678409
1026366642.587802
1396599.5012931493
3484796.484435096
130463908.99808434
311366259.5012743
234974584.1437348
916764828.7457471
492862886.9833631
1026366642.5878023
44.110629883455566
51305.064304726926
6176.99994133474
310092.41286766005
238165.81581127763
743.0490356769977
399440.6670543128
138317.6486850328
111458.0076102599
136372.42720505528
62708.69748587495
421834.4797548893
202453.7934341383
2554326.533391175
61719.78794927131
50638.339348119414
52845.57616885191
45821.26206907273
1963019.683447553
3311.2566433871043
51305.064304726926
4596.323193861016
62367.1260909963
209346.77670715158
1087661.9489618067
1190.33118354368
165207.44203102388
654024.4572926614
1963019.6834475533
6195159.261005928
689.04330312238
3991.953663153026
3784.1672894991907
537462.9803524838
379200.13788135943
2377033.4009053903
10604976.631373731
2853.1404653516793
1582492.265757349
3394779.794813457
3325936.699000659
3310006.244327559
1485851.3285133073
256492.8039993338
63323.91545713764
3429748.1746900035
3438577.8965997878
248147.45854684478
31700.1934777585
1601067.55923392
241959.08958468362
1613448.1732324762
3560845.784837602
1536058.0560172966
157601.55280869262
1551934.5438939324
127421.14289477475
958051.3123690551
318974.10879312694
162262.40685294344
68172.2709226638
158618.68128855538
159392.0339679061
78712.01710667016
368242.6472164698
157970.08998554468
354988.30590246804
121019.27114692057
988326.5085796743
3357021.3131218897
1414964.613518802
51133.253361871626
3373.534263792809
381506.3466657852
27359.214207748897
2473180.210241994
3513831.4770719656
3560534.036271708
3539106.562645599
996566.8429033394
3627654.9378596926
25104.20166235082
25364.13737821783
25813.256697450634
26297.56911110298
1641889.2731841207
3429316.378233037
2393824.5751395365
3627654.9378596926
3429316.378233037
193922.68969730564
224944288.56861645
745758.1085099963
2219.1797662643453
1630664.4584755371
1894725.0660963915
3309675.585089915
746192.63748742
101626.04472996044
28001.796244569276
2554326.533391175
1601067.55923392
103004.75141524637
957136.0327162896
93776.5515184887
877031.5446397463
427499.48691354285
96363.34793448896
161533.44363406688
61765.88658273124
32054.19127658325
7998.662382421708
157970.08998554468
69702.60109238196
120681.75999320982
454546.62092356075
1414964.613518802
7166.066334571786
3373.534263792809
173328.4872045836
3507912.255015853
1963019.6834475528
1641889.2731841207
3429316.3782330374
131566.1751278592
11566.975484039665
2393824.5751395365
945558.8279959358
127421.14289477475
24078.109544260762
158244.941782715
675178.6333288586
20358.068969273034
2473180.210241994
1361978.7497641079
3038407.001955689
993717.4345219339
3627654.9378596926
2660360.6666384814
117986.48050690856
2824840.0317612677
23759.140557775885
9257.613930559488
331505.0477827183
833085.7929836548
5258.813003770095
156429.71837326826
759304.8235213937
834280.8031716632
5900110.286141328
163957.13570152712
1488518.4600344186
15539548.199411692
10481805.301572796
14135366.087931572
106813519.74290323
127372.21331964292
56838946.268626265
1140708.9923013123
81434.37229103914
101205527.54826201
193922.68969730564
224944288.56861645
34229.54163549065
4568.346131278073
1601812.4683426516
568.046011416522
17033.57478843824
792923.5207462967
360749.6271453311
5258.813003770095
796680.7529108957
611305.0897395554
1836301.847691897
3467595.32740883
6467.673423847062
1488518.4600344186
11605724.841944696
85118392.81898397
50088567.62040277
106813519.74290323
351446.21916226286
100841691.29358919
91292753.2079267
306127.85550920904
3741311.673022009
1874565.7046716812
224944288.56861645
73650.9357458245
75275.93574582452
65894.67608921893
75432.93574582452
65039.49838429981
59452.37849226348
58758.30127344228
76746.9357458245
56280.242274231074
69401.10802624315
77333.93574582449
54236.90072393724
63005.8310059599
76284.9357458245
77350.93574582452
53861.571514784155
69739.76256575162
59637.91095504925
47931.24342836804
61075.39441886697
63628.327396746165
58319.976467053624
68787.90570329945
56910.63764663367
67522.6775713559
64367.23066684128
77804.86031042131
62912.07922709672
50072.52870189668
56952.11739228333
53554.356443931356
66640.3237798924
40870.581651277884
68513.7777565203
12832.419656742528
62912.07922709672
79851.00000000001
37254.56893972972
68713.36947892029
79851.0
58140.07856749865
28672.51822631901
79851.00000000001
79851.00000000001
59319.94107678539
30786.94715573029
2319.51712893817
76946.93574582452
60886.30228967153
52496.43698793484
70800.95233648829
58274.76567469474
63930.1223141017
75732.39911308208
58503.26428309445
79838.00000000003
65177.02631578951
52560.30146285745
79851.00000000001
69039.9951130203
79851.0
79851.00000000001
79851.00000000001
817344.310213643
2127.3570668064567
400407.5124456902
664420.5850081143
320679.9466198533
2272.289670724344
941223.4314647084
531482.3440254019
605095.7264265473
1593.373903563991
158122.1206399139
1135.4284909131854
1025935.6082553775
1176.8578870043355
143583.3077014945
87362.98573320326
14968.302140310443
359514.14416548796
1025935.6082553772
998893.5419089061
3404.63452278076
1025935.6082553774
4151.690393697139
1025935.6082553775
807338.2966881335
3546.9766651574955
816822.7229534466
899124.0651046105
997436.326279278
998893.5419089062
904092.2959502406
4792.018821529237
904054.01641052
3845.6798089209237
3145.601978088701
3898.5831246984226
880857.7966794656
1025935.6082553775
521965.2984938427
684457.2755059735
73626.96127260501
649862.8732206076
682753.0436034729
679537.0380388644
119771.46651340314
198916.93485563633
685379.7414150577
642522.8095310539
522139.40719214553
659666.25530989
670112.7929278397
514317.1477210202
1824.300367102067
530301.203643887
635895.093613502
637126.857759192
213907.71791642363
161096.0593189665
701300.1631443185
251815731.7507747
250095183.75142053
78270193.39493613
255572195.66287887
254444296.4389525
25620522.160961382
181907839.86368448
79390602.93465307
223447596.81180426
39828113.12279831
394088.40727735456
174405274.47779104
26547747.471488565
183355949.8689286
15636624.293231105
15456293.881547648
59617714.04485749
252885861.1180736
59485687.734873205
11438274.385840114
11768190.391716035
259071414.42041284
170162.45509057082
14810.794187654865
802914.9283944756
29939.89761837884
49430.74007272177
140788.2748862637
745513.4285642548
624542.1924339299
575189.2662532757
541537.9753585248
89144.85409382884
275493.00000000035
23903.837205486103
92868.75249633736
122820.93122627528
122332.12712316633
170315.35999854625
642522.809531054
98390.02095873198
455.2262513365394
477273.43667216384
95833.9578212143
91976.0
90846.09777195702
174305.0
624542.1924339299
575189.2662532757
89144.85409382884
92868.75249633736
56210.20747329263
363.99784262296606
13252.68250433009
2689.3841317155498
45905.67393099456
138235.33613952002
118060.84484417841
93294.9064675947
23375.05070269691
30460.946914916683
120689.97976522737
19232.62205247463
302776.06223401683
40634.31352650703
454.22037605955035
33275.68442423148
52376.70193975561
91975.99999999999
78281.49756207594
174305.0
61.616362409559414
13161.667269141231
968.0793028150805
45427.01243284574
30460.946914916683
25979.771177321865
40634.31352650703
33275.68442423148
78281.49756207594
136814.13322951188
23080.316664741833
346169.58734168793
532839.5989514897
556125.3514058711
464053.470680329
593.6023122658708
179549.89976021423
15662.378042991188
4306.536509867453
251551.27551777524
131543.16980165843
3415069.8704312555
2694203.604993499
522570.0014009654
490505.5201735529
21882.531922332004
179722.25509820116
161380.42135108303
4295.928911443241
281328.1529666683
688467.7313481228
751161.1953791858
447751.7999795409
133222.96692767795
346169.58734168805
203909.78480564494
5000.613494407503
532839.5989514895
4313.8743297846495
556125.3514058711
536799.7274046425
37812.9431705669
464053.47068032896
6028891.386528704
2815.332132115224
780106.2471221217
10497.374863901558
47861.53941364969
122820.93122627525
25763.122931017646
98390.020958732
477273.43667216384
90846.09777195702
27122.46549563799
34856015.04727216
169835.10865207
11332.992450822938
1002098.6046537842
896836.4968584164
2646448.5282063996
557175.8320427435
890383.5096136866
35045408.607850716
1796587.2691381318
11612.673817896715
678728.912074414
704181.450949506
4549177.685186352
3415069.8704312555
2694203.604993499
2117383.5553738894
522570.0014009654
562340.625705788
136490.35565664404
490505.5201735529
1002098.6046537844
1390439.5052271015
9516.77786727076
896836.4968584162
4435.990553127739
2646448.5282063996
921906.8663590017
37812.9431705669
557175.8320427435
6028891.386528704
514317.1477210202
530301.203643887
635895.093613502
701300.1631443185
141057.4720066378
214069.2610793238
1740.0127551237426
11320.141742120006
77819.47890172555
653533.9950806807
9984.095392130803
184128.94500459914
39733.33174970699
302776.06223401683
159845.09690431354
646080.5541984624
105503.02159542452
1819.2172790622765
54857.69630908215
37349.7303544858
101970.29606117403
278099.3989366144
96646.8939003578
213907.71791642363
83810.26247814146
132622.1481879486
54621.58540949531
384745.58588663687
81397.99980410603
697719.4656114214
690396.4440913561
701300.1631443185
521173316.20701545
2470007337.7421293
1987934890.9055684
15392680.95065837
478794463.90993583
11183496037.303705
34861676.81402084
179942009.9613261
317.77109013885314
9768.719886942441
77819.47890172555
129656.2169601636
3593.9068697812686
182209.02031727292
159845.09690431354
37349.73035448579
690396.4440913562
79933.27842684306
524563.8742845914
31875.361904664067
37102.40416860145
67936.43221129525
105743.11327619913
33188.159939810546
201943.5311718617
81397.99980410603
18595411.80203561
153208114.02198198
1523405.7600542426
15392680.95065837
32984891.734590087
659094720.7366192
34736387.56277886
29837077.493842028
436960.8204099704
902764.1955919337
291112.3194931522
3482486.1328920526
3061.356537470717
121642.79623401377
58145.16215989126
17321.198249704277
395627.621837536
1933391.0524328048
213547.55511629078
71520.61549664957
241971.51500195064
387233.8376637445
35173.528203097485
700802.0020273053
3327.1449477141355
1421844.6313579294
369001800.57164204
5993100.403595122
2000570.561890076
2519124.3068696875
2675852.9369933894
2945458.5189216146
3512712.0868835743
3520423.5252167606
104604.69871163405
153514.68665006914
599110.220883051
17278.533729192717
698160.1817255147
927194.0858594177
436960.8204099704
223186.88700028043
8614.740664792389
902764.1955919337
3291722.745951364
621372.5159487503
9108.47791735021
367516.6720037252
291112.3194931522
553199.0092672815
1362202.2907097628
300886.28117720014
89847.50504538625
380083.5295201912
757829.492997596
71882.79923756114
2125442.900342552
3327.1449477141355
3482486.1328920526
3512712.0868835743
18935685.17572619
12428877279.407057
6015204.227283017
12695.535696820005
504925.53249061626
682753.0436034728
128312.66334465901
41993.66337240346
192602.2289698485
522139.4071921456
530301.203643887
701300.1631443185
12591239.118626466
9367633.237732066
3991869.836994351
7396685.796195232
21293858.697611295
25620522.160961382
33920878.43042336
7451470.458244519
6544416.578752387
1328462.782538442
5833.2983557984635
536412.3173151864
183355949.8689286
1627955.6989289334
1567723.5911494705
9347618.003644297
12601716.626250358
4995642.720422536
11670489.873219904
6985330.025809619
2376655.496853864
10803195.039603345
5757532.891601231
16608158.874348447
2728589.5470942366
2569579.2426744616
2495701.312335941
3640956.4282408752
122306.78752170342
22560634.558653504
679407.8018568392
41328.44934635561
168964062.7387237
2256942759.580837
198789080.44347388
256286.9954782514
75494.44082019773
635573004.4444927
1587245.4612800526
4300245.709920814
6247892.860446786
2076267.6788476638
4426246.92163609
28365034.85696653
7187061.71566513
42348.37389517932
2620282.7253592815
2790046.851617533
2728589.547094237
2734540.376432693
18153.85305253615
2569579.2426744616
3376772.4919051565
3379581.0715861777
2000570.561890076
9205.258184830174
2495701.312335941
2641596.9366609175
2519124.3068696875
2647697.2888327753
2116095.6094402974
2675852.9369933894
2945458.5189216146
2489249.8826203523
700055.559905103
89847.50504538625
716696.1205872142
13855.557307704583
3512712.0868835743
3520423.5252167606
455898.258930679
3640956.4282408752
14085883968.794382
32165397581.230366
36539774216.32861
71506271.26312268
927137.7577709
49919245057.68391
44026231.870988786
4315306.553229925
38580098.98635371
38883955.38305029
170162.45509057082
104621.05396827932
150944.02419107847
130747.22714827693
170248.35999854625
146350.50845473428
134102.7281140571
169947.35999854625
111571.17393355524
104053.59904332056
97013.7677099482
18578.722012068898
17498.59301116812
16522.111960704857
174305.0
166846.1757566328
169836.89048055914
122820.93122627528
123444.47796206224
109235.99376431157
170315.35999854625
95265.26404720983
170601.3599985462
98605.64875651206
84462.6501546482
85460.90391628226
95833.9578212143
132328.55365673182
8192.4178730674
15247.517429304604
14091.169429906024
16065.487659390505
174305.0
111571.17393355524
104053.59904332056
17498.59301116812
16522.111960704857
88139.70623477653
9194.622855251855
683.3779078051664
48204.68106138201
2207.168668811241
2374.8319305882724
9579.890079872997
157719.16532066776
143295.11511790383
20739.85069083682
169671.03732700893
16256.393920504759
18128.754074878114
166846.1757566328
13742.335533468316
121787.24167663274
20059.673684740483
7996.985852258538
76088.63808785354
30904.707398130977
5720.725512640456
47888.8455434664
52376.70193975561
132016.43154450296
701.3967982866851
11120.06830116767
13860.09687645697
174305.0
174305.0
5832.189149014653
6690936.975761932
87500.01149663475
9194.622855251855
637.2745850962851
430.6188299308354
2358.5223354081354
3448.407834418448
156074.6171527734
13742.335533468315
26215.968195793113
30904.70739813098
5720.725512640456
13860.09687645697
141821.89242186342
17900.170147530018
140381.86691597765
15624.042527343407
33721.04247155342
695.8116137307888
11050.405548517176
58363.832948949195
56634.58761236265
89215.27999115076
90145.35558704693
77706.57132185106
4148.51385502287
4369.998509061312
55791.15986884306
14796.065183146758
141821.89242186342
96632.89031469243
14423.403892102415
491.10610951081344
3819.1598439557697
59919.26179482782
109770.8600267595
577934.5102698299
466764.1572765939
96852.50783860649
82909.14240777439
132688.8052555333
32205.56667716789
574855.2909772588
14759.620416601376
51863.0864766593
146141.5233948909
125449.92911230234
637308.5554017845
73521.95167638773
97866.88560060754
56634.58761236266
61626.19528436077
33188.51248026681
1235.2209571615372
89215.27999115075
90145.35558704693
1205.0484054057476
93428.27989855043
224114.93858759615
3849.815717120331
60296.998222245486
77706.57132185106
268788.69159857597
949090.2713486594
341688.95828910806
19887.05070104654
146656.1052397829
45841.928829730794
164843.75067401203
122820.93122627525
25997.38380817907
98605.64875651208
84462.6501546482
16065.487659390505
191588.70823666727
8522163.060422324
741668.1850993866
34150.60250376481
176801.77605223085
160799.79616450195
443258.00684433145
92929.69638857117
6289525.060675307
8708929.7532893
7845678.257280058
34993.38848779257
138643.2071706026
149767.52253145268
772184.5434097666
638263.0261041884
577934.5102698299
466764.1572765939
362252.2255094995
100156.60678776966
96852.50783860649
82909.14240777439
180916.2182878228
176801.77605223088
156365.95104347588
245376.32710177187
2080.5220383827304
160799.79616450192
443258.00684433145
2127.801880784113
164375.23943881132
229914.42960431433
20700.67284429994
89220.58736050954
92929.69638857116
949090.2713486594
268788.69159857597
341688.95828910806
166846.17575663276
88139.70623477653
32321.692836770002
48204.68106138201
111623.31884524274
2732.8943397627877
2570.5509022395204
16500.76011365282
163995.925918302
9579.890079872997
27915.166325863145
157719.16532066776
7996.985852258538
13523.151645540227
76088.63808785354
36266.959819632226
166435.44487476486
24743.362049797877
169671.0373270089
129552.37214498645
11853.715791563582
66843.15096468125
7462.208702470964
23162.14429916244
66424.45781472839
132016.43154450296
132328.55365673182
701.396798286685
28511.294653120756
10805.378388412983
90549.70218315424
50759.923985568974
16974.854449108552
46396.46040673555
173417.01167835607
171666.27902897203
174305.0
86158.15926952314
3402.7699233305016
166833.0345271032
174305.0
2435290.772985214
3644735.383755178
24761630.152097862
37737916.850485176
2223145.1758712293
24118982.369476404
8999902.938214103
2793363.6707014036
5028667.899522129
126849.25211043246
37266407.41857954
17903137.155043453
268017.05507662654
9393651.854026971
1531799.1815019269
1025516.4067274873
3875427.401883823
256676.70693433876
12543466.51968584
52614650.07819224
533.1879613654929
2552.8971710152323
16500.76011365282
35301.82569968457
3448.407834418448
156074.6171527734
36266.959819632226
7462.2087024709635
50763.06087450346
171666.27902897203
140381.86691597765
87500.01149663473
18315.78884829907
110911.02800487529
21742.514493888837
13523.151645540227
164724.31554133756
6887.665837119118
47067.76091661276
695.8116137307888
26080.922886931115
7498.243370989781
52476.055311521304
43251.44831508644
16974.854449108552
18636.362194783964
73443.66366715827
2758.1747020673
161049.75378560906
106732.5348138294
149191.93139093128
3644735.383755178
2882054.0861127516
2427341.503138624
2199157.508061676
23471702.80399594
1090490.4287811036
2785296.0113287345
18498.665971280185
126849.25211043246
1719853.5967751695
3705.8805844547087
1521150.6388231497
200578.83154006719
1022819.8239516034
882154.3956639952
95663.54540625899
6626488.670622312
81990.03238625609
182450.4872527319
53144.658791730515
813143.7157593751
5136.648681645948
34826.319628107965
55791.15986884306
14796.065183146758
82463.61745850775
511199.1115206217
57598.18851080243
584938.805990103
41148.91526909375
685.4848857843738
4595.643274271926
84799.21894180174
7946.800158897372
165013.37202879152
149429.59436464796
596.3148252155573
41824.56384616758
255679.84547120373
673805.7409421732
342211.4866396042
147813.73737978993
309550.63542591565
25223307.31599751
76026387.43950541
21871.2098802024
102258.80637061068
3507.712340400802
92038.31624453938
616283.2375027251
120213331.52523437
164293.96174241626
34859.750457634254
574855.2909772588
14759.620416601376
145522.73646408168
186667.43883626006
514482.1254038228
81990.03238625609
128418.82555867093
40302.81169813153
2416.6984639832076
182450.4872527319
796233.335408891
132178.6225833045
637308.5554017844
70817.53939081711
1558.499223866386
53144.658791730515
111487.22081581238
300421.1077494566
625365.5474073555
4632.531873618878
145869.14878819563
12068.844491442484
451537.2695106216
215827.3981737216
596.3148252155573
123551.17708060762
813143.7157593751
90935.97136702535
413049.4369566308
678053.4730692565
847998.4063026501
847017.437597842
476589.7405548951
621611.6056443799
630347.8941177943
847998.4063026501
849874.8821653982
849247.7633360347
21939851.36408951
26807491.462366708
3243336591.8197026
4031938.0147122005
992611.6240325071
17278.471344413847
91717.00085298918
1529303.4450456826
294425113.61459017
50747.860544999654
41976.74823338974
45416.73080115886
21092.52717186544
165162.10845623564
37659.29486878847
60789.89138103956
24696.210710376097
125672.21538111506
165636.5864165249
71811.00789649834
165970.21358111748
35897.465537353986
45841.928829730794
61529.58875589845
165571.41511870114
72388.18278782866
164843.750674012
42117.46163350227
37321.369011156814
36542.78995666209
21540.947906815312
23044.07183191522
126935.24006378955
127392.62050981009
158555.9871446776
154771.10511574722
63779.277674108074
23291.3714532706
83561.89241954683
47128.41717696566
40649.74426195201
4743.456949253754
41996.0132256306
128877.69619367107
42430.11047361746
50763.06087450346
129406.61279374232
11302.330059982034
2219.473012588384
3058.549560772871
2664.8939525292503
165994.45960589376
66889.1646707864
36702.362419765064
18043.38147673892
51885.29836861181
124756.01462804312
36175.9199411296
60384.29178818171
42940.780125590136
171058.63830647853
37957.837750154344
171700.05434873892
636243.3878453169
608955.9124607954
147813.73737978993
616216.8369625126
847017.437597842
688980.0940411927
1230.681734926887
237919.3968712772
9625115.817070283
1678343.4073620022
741668.1850993865
9641073.086762467
34150.6025037648
433350.2291459115
1769.6478228493158
257073.3885925123
1856056.4236907244
10230159.059108382
1280967.4934936108
1561960.5284502588
8404.768732834553
684878.0792880029
2860.1454059864764
1220.6288590204722
22831.775876436222
366.40326569198044
8027435.733679407
7569.325230982953
2675.257310510856
4787827.647762386
553228.8057704711
32113.47828979039
10252.440459438454
619598.5580783064
651081.2264985144
613092.0366084129
636243.387845317
634165.9035100867
638179.9251929813
5371.721678491414
608955.9124607954
819196.614673044
805026.048913327
638263.0261041884
476589.7405548951
2959.59399114854
616216.8369625126
622278.2437375555
621611.6056443799
623715.2973557668
498486.44248041406
630347.8941177943
42529.5541784747
3230.4093812887454
847998.4063026501
849874.8821653982
850318.4249652632
849247.7633360347
848047.8172928661
677168.4609398206
90935.97136702535
847017.437597842
10511137.498653594
47355.53146799415
7609771.0219152225
9622723.814282387
7642304.501486898
7641925.375922903
9635500.461743595
34239.5257257241
9596641.374876713
24508.99591073222
10739904.255893383
1889943.5881767434
10727211.911596924
10697545.412920672
1543642.852986087
32711.289892406225
32996.95533166812
7707062.890286717
6838.7180864616785
1903006.9037195758
2846.134115147744
35885.94572368097
32114.057781752523
37649.69200446102
37948.38459321203
8222888.337567994
8224270.380523312
10848688.477568066
45721.91554898615
88028.79387828622
52287.59987706282
275493.00000000023
302773.00000000023
48682.30003625061
51643.719928512204
6992.663056899599
12271.736533661706
69427.00000000004
52397.36420295075
48256.79006897396
47743.92871589096
45433.53974854309
61191.51127501431
283760.0000000001
48010.06490629797
46152.87960781635
91976.0
1043.0000000000005
41059.80955588871
46572.54201013466
62747.03212743967
45721.91554898615
52397.36420295075
48256.79006897396
47743.92871589096
85740.6929736485
3032.1193894916246
302435.0732862432
15336.602546076398
51456.042762014236
459.4297602821233
12002.985647950156
9563.825099255477
17143.56945617423
56047.83604304662
197429.33086515038
44172.01230201766
45948.45960039219
91975.99999999999
1041.8174451542855
24796.815945056143
26200.18913546456
40145.29806695679
30863.857474895085
22028.622306820962
62747.03212743967
2164.5500384576517
935.2251879417895
13684813.254820272
125.37454403618446
29862.304560393863
11851.641016764861
110063.83640282028
66891.48308700613
2985010704.364465
1208.1241901838482
97579.0128960294
308009.5724477458
67745.68267193447
82277.41870069313
76069.58608550078
265331.4940854336
286514.9255683641
226036.237804192
250215.9272143104
3260.7193872316484
249200.1922844866
15757.92214150812
1838.498142660154
170566.4078368811
114778.81715555448
235598.72572651182
166086.71996919037
131553.4242299414
1932398.6604391632
147539.76139737334
14155.620809690237
265331.4940854336
275493.00000000023
297062.9696301578
310972.43446288153
69387.61652641185
286514.9255683641
226036.237804192
250215.9272143104
177642.6295169822
259436.82495326048
4202.933884304748
269857.2225377389
15757.922141508117
1862.062659206261
227673.8326886113
146758.54877154768
278978.1112309607
282595.8752200271
1932398.6604391632
1283139.0784020987
272988.0000000001
146737.3708736348
291907.2464925769
300288.0000000002
217460.54716344428
213429.59925690957
293859.0
303187.0
932141.8015555178
2203700.804653247
26588881.9658492
51101923.08718079
50653683.812803134
6227283.580769389
3008523.1473857476
8017136.621923002
1891222.6416908759
51684762.23425492
197429.33086515038
85740.6929736485
8195.970978087538
158576.74150173922
302435.07328624313
298481.3347846957
60664.261968699175
289105.5874005759
1608.63391833329
44768.75403490792
91975.99999999999
1041.8174451542855
36237.28701073387
9563.825099255477
50516.07359300613
147389.4449869537
53500.98510430615
36733.03892097589
40558.64518850878
112478.39421785784
40763.32615950411
217851.00000000003
155699.035795084
55063.74819226314
303005.0
298669.3030019585
74580.06163471915
211113.52177634687
303187.0
17158681.300369337
6608131.183486641
23016152.076140907
3494972.4902242036
1086293.596536743
6576708.4969322495
168672.52860436513
298239.9316353584
879767.7204477682
52304725.613596104
35628.74767645798
394020.0022857078
132044.23728785414
104885.83362128996
230139.29504475568
129250.03117496506
213429.59925690957
135297.591495521
242647.20058042332
223326.6493068983
26588881.9658492
44152760.24030799
11845883.770565985
2272504.2427691645
1302026.3217093328
1651510.597906932
1885229.5565048005
8042016.230760614
13684813.254820272
109480.13626476943
5253771.686034614
594372.6737470547
183851.8500730062
1764771.1799299198
167171.16070038275
122432.9979208303
324845.3811642809
35628.74767645798
286133.28152287606
20678.396531070448
35780.374122669906
14900.598561342793
49293.60517977077
55209.79549566272
16232.973745849584
106050.30319710771
55063.74819226314
14208638.298245728
301249.5471987102
276008.6063587885
951873.4266819578
1016064.0795379084
37706.8914883161
117629.9245070042
93434.77015769151
131248.68632920444
184886.9770289102
17204.055931551615
340564.1508559213
1189.8354956160797
2985010704.364465
185632.7024693958
136798.73876009267
1771618.546577907
8345.035108909142
653142.0720231682
744062.5695328877
951873.4266819578
5617.361136403858
720481.5837696604
291018.22235226916
1187591.161174196
137241.3514008455
38146.79537307294
4203.059356666455
162251.3428196158
160801.82121068065
588684.0624356724
167982.67297595213
77764.18920606197
157648.63410104756
478026.1349376742
25205.0649465595
971002.6158543847
241453.06776588276
1189.8354956160797
1276444.7147019855
357220.25388213975
506656.7670373193
1311796.3271602716
1249454.0890880032
1048056.3130104532
1311796.3271602716
1314769.2922547902
1311076.001555515
1331347.0
3352055412.4466863
590294.9662178804
2099858.3417255776
16442200.70078553
8407.743066371884
45819.77472384656
52089.48587256648
105940.78994128238
21451.729639561545
46568.50886832924
161862.42356976648
100495.61665331184
161384.56466415417
109339.01607848894
32603.519022234363
274645.15955992916
40241.69871005974
249362.71686998464
169727.55792276366
19537.469105698165
191516.06271791272
13564.957363524936
91.57724454812762
41877.43885224639
39525.39506180906
1552.2726789433746
50579.102833811296
40447.518558191994
31433.12713884358
30127.723386259622
99484.57720224356
56250.088292222084
127001.32104715669
100039.39677280393
143181.6733862155
188898.41933563643
276997.0189389578
145299.3974437088
118175.85308798873
108207.54872778896
134197.70201058834
126967.63711968716
123912.22982708723
277048.01893895766
282461.37046103633
148220.9659140326
3600283.5429235087
821320.5581837796
11914.16522787556
1128732.5378903681
1557.9405469351834
47879.92059881112
875.6307739648934
441497.78295330564
452437.065246304
15806.284708257706
2907.0091695726587
9320.79007204682
3329.6743938985364
4177300.911314157
3482211.941138393
13693834.763282496
1249454.0890880032
1268925.2590254522
8017.3610427112635
1048056.3130104532
1066205.1966443227
1312755.6039677537
1044205.5204712325
1240529.690977614
1201930.3940368397
297224.4602673392
38146.79537307294
4219.509939484793
305196.5966662798
5108.789002200426
1298885.5249148759
1311796.3271602716
1020442.4184903628
1312030.7961670817
1314769.2922547902
1311076.001555515
1315268.5525256256
1017258.7081398017
1030098.5488896237
161227.78624159264
1331347.0
4264732.691367687
10783610.069428733
57771.798421482374
13497435.444430823
13218.030977448816
737162.6598712653
19587.299467992354
3163451.65424702
3506827.544889073
2934.941946792818
50438.23306236128
50849.61772310009
11305792.29953301
13780629.86148342
9360.513198258754
8729.809437618507
8984.187041292455
8501.187041292455
2398.8780397853675
331.29856784115475
350.8071747815841
7690.514076591667
9903.493524293106
9474.81553371024
2694.1942295106046
9318.321331911899
543.3446354100611
8389.103806650355
2987.222227184543
572.3429808873357
9994.795270470297
10699.060508726054
11082.24820104409
10995.594346303917
11094.30396972454
2840.9228546669624
11083.864762820167
5703.008224224231
4263.046127034203
7838.456010254745
5835.695437809593
3486.770700479009
4514.171278918783
5787.491072075029
8208.025221770695
7115.089977835059
5485.625340362588
3840.611219506497
3010.194741307025
11036.536957623684
9668.074049143877
11102.0
10702.952210276613
11384.21876112868
2398.8780397853675
195.36007038522533
327.140362900745
3725.7481881573385
41138.830369300915
9377.404583772603
9200.827406099774
87784.84824687774
5667.281172867348
4109.2185763971875
2715.769686164952
3524.2579722218857
5763.008228608643
76497.55705366819
58363.83294894919
76327.4215764627
33299.320883452405
49189.4134305691
30446.87867407501
59.84578768246546
7194.3571374698895
14159.71013229363
58363.83294894919
45.952121829006956
1718607.43773677
53498.72956003238
16296.475810995442
49817.55881763741
13510.15540763138
51958.37695873558
256856.3466004535
48487.10845627265
39160.22302735358
49226.05092904259
42326.996293000055
30638.818541687953
27648.02835690074
41857.57736981675
146.84621025961403
16813.598346725335
23567.220962589654
39490.29270689192
28138.48634881164
21174.43107417633
18202.678523349663
948.1607433231586
83179.61157626876
59879.897950170205
323782.15764778934
64149.96767011673
121.08404395978019
231.18241317073264
54133.372955595376
50423.933607776016
50964.339265322575
48487.10845627265
39160.22302735358
49226.05092904259
42326.996293000055
30391.96074068077
257268.19536290862
259436.82495326048
62559.667555354135
45264.498892013915
38133.46385261452
45556.575103351795
183.05468790979336
30419.066211676316
36926.01710302581
46577.673481885126
47181.68871832694
323782.15764778934
255748.4355127341
2143.538656403121
83179.61157626874
64149.96767011673
607.7826707990074
663.2213762385014
666.7517330051963
669.912380952381
87481.77505845578
49539.0023393724
67620.709350049
90157.11036294175
87481.77505845577
8465.21358912
2327278.357068771
17871.619502781596
19500.080436079625
77.98203600950191
15.319339368240582
15261.397006184377
3585.008222444456
5957.84813130945
38124.653094123256
4922.387995825092
28462.327745993764
16328.674444479866
12351.972858317064
4373.690407091797
3560.066028482211
12914.016291281105
6411.697355989615
477.46849385887606
13827.767268682193
40880.84310897946
3766.050192039683
37247.18286248118
31548.53997520878
1155.4207483102937
2258.1229979586865
27951.99409078263
6637.817593996539
22779.427056868826
4119.151194510905
37440.09903373793
82006.14642237026
2606.250957777498
40404.22435500604
889.2159249312791
6693.820887861109
10386.660810689977
83538.88615701639
5763.008228608642
76497.55705366819
87481.7750584558
29245.78166745788
6059.88576771852
87784.84824687775
85420.43535299084
41237.413295212595
40334.47951629604
35307.93306640937
901.7771231267127
24448.00493336246
69871.00863401852
49539.0023393724
67561.20331338355
44241.61631788515
37208.395959782014
293.6122700702568
38796.8261629157
63078.35492880317
40070.98610024392
4651.645703952773
9673.21405855973
9295.728441310335
1448.9725351475706
45814.52108531403
85857.12886182801
87239.97499276222
28203.3525663811
58702.16152733543
82238.59977242371
61708.72776312052
27720.169481311736
24556.359147488143
41138.830369300915
58363.83294894919
67620.709350049
76327.42157646269
90157.11036294175
19902.92713915054
465.44121954792695
47185.520369819955
30496.25153364234
41674.60637280175
3991.341276052217
82496.01851380948
78700.72974596047
265789.34334399045
150563.9667652269
222.836818876365
23310.21224446778
23827.690018698682
303329.3979600379
70879.57884011684
127572.48928488078
44743.06511963242
261070.84129373883
175420.07042739342
2581750.4771056627
8465.21358912
2327278.357068771
143791.99634595442
34489.68781049156
302390.46956396993
661117.8536839981
2324384.186464732
334774.33642364235
1045103.6938208103
1086330.1064107702
1746422.1396384516
442.94047927986884
40832.29108077656
1042.422217410635
2432.8657163005028
76073.59123605581
679213.2698323412
1718607.4377367697
5322.070227465663
5035.207816990188
1855.4229479139826
229635.73095148348
257000.5604867384
34253.06153156338
660.995065360045
66013.48307314493
54185.1983150219
34491.42333071272
15247.9382251195
28779.898023105212
30952.441338343488
4294.260465754624
81724.14544852645
154497.0520218468
79705.73258907453
51958.376958735586
267496.2909590002
150563.9667652269
222.836818876365
50466.638305637294
29344.37231586128
318629.39869592764
948.1607433231586
297887.72185326903
119253.44897148309
33297.002086672735
52959.74688890356
77887.45086312368
122668.40587135626
57445.52246220297
262716.65540992236
121054.82388576635
319064.23129113374
256856.3466004535
323782.15764778934
328064.0
443.7577266409785
44238.70891515132
2346.149747098453
4319.915272905737
158777.0222268384
964081.4454444564
2068906.1081134789
2588427.4983311184
37119.53561164707
7734.466805091342
2596779.6691594063
7086.077524392037
728108.6161587287
10757.340984600109
2327386.768486948
143791.99634595442
285208.2202337419
49126.85156534086
289957.0636546373
323782.15764778934
324518.0844137815
323517.2064460158
324280.119915084
259436.82495326045
328064.0
956336.3330968104
2583024.047733457
721794.050187114
1045103.6938208103
2603047.50720296
1749189.2201191853
148.62086779642686
34907.99675727509
34907.9967572751
30340.623966698073
27915.704341432738
49.677365069974115
16649.4172707307
122.20426845160245
23.13675257006136
102.05239107838271
13630.781732374653
110.72198999855264
31430.69795181648
28743.830842172098
505.1278893256145
99.23003581667852
33028.14451086475
26086.738393990734
6213.994073824265
36.459762958540594
30342.919533737026
42.5006246297355
33994.553959683646
32351.060194749003
19870.588808508746
25538.640614572774
28020.402770087512
22090.122191800103
14913.340352562367
24537.15504772481
14380.41690838492
15035.145224491707
80.61521967459055
13743.43416513523
31321.904838061564
125.24543794594454
9850.96148776289
19998.477623510866
24599.206469675708
29051.80847004268
63.803880202624335
7520.482580471998
61.18313557615583
34907.99675727509
35340.64455414992
