22818783.27924061
4578239.87703568
14279461.175343635
4432179294.918014
22818783.27924061
14279461.175343635
22818783.27924061
14309901.204419225
14309901.204419225
14309901.204419225
14309901.204419225
22867426.881261744
22661082.364654385
22867426.881261744
22867426.881261744
22661082.364654385
22867426.881261744
22867426.881261744
14309901.204419225
14485231
4601350.451337434
22867426.881261744
14309901.204419225
14309901.204419225
4601350.451337458
1789118.3433070327
22867426.881261744
194458993.688052
6656025.343318821
134669125.2868375
195502126.01684174
195215166.71285152
134669125.2868375
134669125.2868375
22867426.881261744
195502126.01684174
19615120862.687378
1811881206.6103797
98802160516.7454
98447010404.99286
99343437170.7833
19722580122.015057
98447010404.99286
99343437170.7833
29477029582.84057
179204374.9302285
61743168242.83436
62166800777.49522
9211967147.603607
1101205791.4129307
71259782.12673588
894054440.2406527
1209991821.4740915
1209991821.4740915
972291672.1108048
894054440.2406527
80059780.9383634
1106270909.4986615
1209991821.4740915
812807167.4381839
71259782.12673588
782473144.7103161
558729447.913144
644253741.5511268
899520344.1506705
808663004.4216334
80059780.9383634
1023723328.8615946
1209991821.4740915
812807167.4381819
782473144.7103161
899520344.1506705
1023723328.8615971
61654747289.65073
48530598335.7319
90328983232.00446
59884126291.39934
61654747289.65073
10322440386.976871
48530598335.7319
23639248047.484337
1224232094.43942
90328983232.00446
50249214333.596794
3081990515.6470356
59884126291.39934
156296981401.60345
1101205791.4129307
894054440.240655
972291672.1108048
1106270909.4986644
87856597851.7491
122501820988.6912
131316511999.16197
145312541149.87607
87856597851.7491
10973781850.991966
122501820988.6912
96044074555.61887
3209602167.1554885
131316511999.16197
122702763593.18414
3081990515.6470356
145312541149.87607
156296981401.60266
127484898.53300019
6656025.343318821
128168763.11838174
122506257.64518413
152234028.58431414
129115476.7760633
129042910.11599475
22867426.881261744
194350661.46585107
195502126.01684174
84427364.57714136
283283937.08765614
36673567.045933284
88256927.62225905
7946105.584570585
88256927.62225905
89983599.87743038
9681960484451.14
4248460243606.212
20409199864464.383
4103062320042.3516
310595173196.4634
127484898.53300019
128168763.11838174
129115476.7760636
194350661.46585155
8427019.514910279
118587104.89153482
36673567.045933284
13443215.406479469
1051467.0079067242
88256927.62225905
89983599.87743016
8837946806.077316
7553966092.170584
13399743799.44837
77173400.33013462
310595173196.4634
4240494206.0830145
4104199868.2076716
5402521556.581468
5937477366.18176
153844172.40599754
3865353112.9709015
1284169359.5408087
339256472.76641434
24473015.248646952
3688348331.2313457
81687552.3061484
4240494206.0830145
445337972.9441274
4104199868.2076716
2938892159.0126643
126145599.19625986
5402521556.581441
4403131798.175955
200173928.1472389
5937477366.18176
9294817140.89861
2358325592.5131583
10048547686.03793
1284169359.5408022
3546291677.356897
267382177.61811623
3688348331.2313547
81687552.3061486
194458993.688052
134669125.2868375
134669125.2868375
195502126.01684222
183709895.95330435
1811881206.6103797
174960304.7289526
272911429.084172
51335962.56483375
90880576.3365826
101246992.86169098
98458898.46369769
98878220.72517239
165871.2954601388
1749466.7660740085
62166800777.49522
2824385544.1781735
6769988346.657966
7417256785.439343
7443977135.21662
9294817140.89861
5826218800.128841
9107684.768457808
56640757725095.46
104211011443.61903
6769988346.657966
445337972.9441274
7417256785.439343
6804720486.695395
234587815.12197325
7443977135.21662
7443977135.21662
200173928.1472389
9294817140.898563
9294817140.898563
72866009.14120646
61779007.15981687
56794613.82948399
80059780.93836302
80059780.93836302
61747745.61065805
56794613.82948399
73239834.36864726
80059780.93836302
86292315.5803222
15862941.234855589
5214966.721452252
53209379.49270654
61737586.38594533
52658140.20814807
39090849.17505274
43559855.999999955
60758888.1682205
52142769.72891084
68474520.69563688
80059780.93836302
80059780.93836302
56529396.6745966
47754971.68957855
44627981.698226966
2337863.001154919
86292315.5803222
53209379.4927064
52658140.2081482
60758888.1682205
68474520.69563688
56529396.6745966
47754971.68957855
7002703.180513334
2337863.001154919
9745556.353079118
86292315.5803222
15862941.234855589
5214966.721452252
2750719065.374101
2470896283.756817
4373860834.6314
3133884357.0968714
1223259239.0077055
777088161.4862293
8521713.294941965
51157280.09946679
902681016.5027579
2750719065.374101
5355629954.715015
2470896283.756817
1500265200.174078
76287831.19441915
4373860834.6314
2592478815.0272217
3133884357.0968714
3081990515.647028
6747910549.594417
1223259239.0077114
777088161.4862312
62507723.13946135
51157280.09946667
6747910549.594383
72866009.14120646
56794613.829484135
61747745.6106582
73239834.36864726
4056194158.7151656
5203424446.493329
5668049760.459229
6169477353.839511
4056194158.7151656
5675616015.067653
5203424446.493329
4456035762.071511
167736629.2664514
5668049760.459229
5211959745.414781
6169477353.839511
6747910549.594417
3081990515.6470356
13980472.327941816
14279461.175343635
14055467.484403549
14055467.484403549
19505037.32498062
14094954.086280655
14090407.156029936
22798488.374718692
22867426.881261744
22867426.881261744
29170247.057417437
7592306.49212863
29957856.940549634
3052567.245295466
29957856.940549634
7846650.769157425
28591063.76708204
2934318.7291615023
7846650.769157425
607732.8095398238
7846650.769157425
7950823.426633127
7946105.584570585
6753769.567233808
29957856.940549634
4432179294.918014
1367700717.83398
2910972165.4899974
2884704971.2199807
606137387.0773008
47022505.57813185
645962898.6606953
13980472.32794185
14055467.484403584
14094954.086280622
22798488.374718692
29170247.057417296
883000.8665149099
13464238.774403915
3052567.2452954734
1412324.4806837598
28591042.614416935
2120026.8099901085
607732.8095398252
7846650.769157386
7950823.426633107
1051467.0079067217
3389934.10210229
640341555.0435034
20711097.324779455
16264351.22017752
29746734.448143262
117921.02138743096
47022505.57813185
2113357.9078325164
29957856.940549564
2934318.72916151
6753769.567233775
279676385.29837734
276720332.3562727
367935151.50851303
452416445.6301457
393800802.80402917
11645620.13302156
294771332.5170715
77314464.35748258
23533961.356333204
315617862.8991099
1117681.1806931654
8897639.689176474
233182468.5948443
5875668.854713374
24473015.248646952
78817352.37703589
7328243659.061624
155669057.57615575
279676385.29837734
460774243.0522209
276720332.35627335
224659177.62397873
8889263.999999993
367935151.50851303
321014285.5255601
452416445.6301457
200173928.1472389
624046908.0776607
393800802.80402917
155516111.41545007
766362473.985355
77314464.35748221
226015291.2834179
315617864.3471353
6537841.496531579
8897639.689176474
233182468.5948449
5875668.854713404
267382177.61811623
766362473.9853532
71608487627.80011
396361251805.38477
22818783.27924061
4578239.87703568
640341555.0435034
1149074.563264376
14279461.1753436
1124586.0783808397
14309901.20441919
14309901.20441919
469403.15526376216
1393833.8515970928
679171.3446691182
694807.6523151431
753726.9242759142
753726.9242759142
1124586.0783808397
581270.8779289202
11316261
4601350.451337458
14309901.20441919
14309901.20441919
15508.739769744374
469403.15526376216
14309901.20441919
2113357.9078325164
1022440.9275023359
22867426.881261744
470473643.90916234
469249119.3142279
470939569.16158515
624046908.0776622
1771137192.9422626
18006925.963742997
1799147184.8449688
5073601439.1528845
10334790.903819509
2472912.9022338553
20725491.091958538
1036828.4382294341
8107588999.032551
8107588999.032551
470473643.9091612
468410629.97188425
469249119.3142279
473013721.26794195
15609332.2707356
470939569.16158515
470939569.16158515
624046908.0776607
200173928.1472389
624046908.0776607
1771137192.9422626
47159998.73946221
1799147184.8449688
5073601439.427478
5073601439.427478
1799147184.8449688
22382041.744637243
4826516.249365685
872278.2747294568
872278.2747294568
4826516.249365685
22382041.744637243
9579664.683605563
4850486.483672223
22493199.100618064
9579664.683605563
22493199.100618064
22493199.100618064
4850486.483672223
22354874.27417925
22354874.27417925
22354874.27417925
22493199.100618064
22493199.100618064
9579664.683605563
43458.44195320392
4850486.483672223
876610.3257462801
22493199.100618064
21765241608.000065
7561760448.0000105
21765241608.000065
368532822.37425977
15496852024896.072
144723230737.92456
15496852024896.072
5383973438976.018
18091199495.343014
1210701894.406878
8277215296.85901
516453236.3506185
921154507.560828
3605308146.4428344
2605462085.6980963
73562975.27789985
515464048.7450337
1188801708.6347916
966585286.4245361
16971999954.925505
18188469006.781616
518641999.2196588
18073914597.52586
9073941.987934569
33273482.787003282
3770611.699601266
876103.1371094356
9426187.443361403
9426187.443361403
9473903.555497548
1980945464.000001
32229430.72469581
38956343.20537304
8277215296.85901
56739285.02033103
6130760.996495913
61089389.87380454
57428704.70762096
73562975.27789985
1383822.7410540888
15394988.017204225
3770611.699601266
218535.7330598354
2193466.1338341036
9426187.443361403
9473903.555497523
61089389.87380454
285460776.974164
577359558.7856041
12912969.50469641
16971999954.925505
18188469006.781616
52819806.04339134
18073914597.52577
13091391.064866785
288258639.36496836
79176800.009371
2331634.5892937444
26507117.60454374
233254590.62958965
5697488.048818236
4537275429735.287
12760180644.584187
160269824.42835495
726849645.8850663
79176800.0093708
18864981.527619906
233254590.6295908
233254590.6295908
5697488.04881825
4537275429736.203
1897572842296.8276
1576716.3363649629
872278.2747294547
1907598.7741660955
9579664.683605585
2234927.5991259753
1150415.8448834887
1615078.3908529568
149947.19429759297
11113926.634916192
1418651.5384393947
4413.13647121777
1280587.892420757
1381248.6621423354
1381248.6621423354
22493199.10061801
1381248.6621423354
240189.60741688585
25492.305191959396
3920335.2420130987
1675094.7865222471
6112893.324262203
1150415.8448834887
22493199.10061801
22493199.10061801
512564.4936737211
22493199.10061801
22493199.10061801
3425855069.9467835
77842439.67223713
30420887.56587068
121635.37350976189
3913897.8739563464
119093.34923842349
83728788.17949915
7645135761.217649
7645135761.217649
14104645.95330722
216852844.46612623
1507439289.3543963
3425855070.1321893
7645135761.217649
1515414642.5698612
7645135761.217649
578465.466586365
1087531.890182229
373919.99999999977
4644816.0
5062512.0
3840902.098485524
5051112.000000006
3034984.993691117
3320477.159453768
4644816.0
778690.807467834
5062512.0
3840902.098485533
5051112.000000006
513974.6358212189
3320477.159453768
522414.87775111274
778690.807467834
571742.6360892574
39924.99999999992
1087531.890182229
373919.99999999977
231500.64524808124
5062512.0
81032791.49448042
533587.418189987
53094680.746357955
15244224.113001222
38613729.431019776
3596391744.000019
151124379.15694973
81032791.49448042
3572102.801194586
53094680.746357955
15244224.113001222
295221958.6307975
3596391744.0000105
3307108992.000014
872890.287061326
4774611.620896913
4765839.332914606
4708202.024785473
871879.6350758531
362324.57555346726
407146.10788880155
4765457.116639698
4789124.10909594
872890.287061326
344778.50886474916
872890.287061326
841708.6902913613
4798324.077949289
4798324.077949289
876103.1371094378
357875.93116888934
876103.1371094378
344778.50886474916
872890.287061326
872890.287061326
872890.287061326
357875.93116888934
4772922.8059325535
4798324.077949289
876103.1371094378
344778.50886474916
876718.5936353782
876103.1371094378
313153.10598012496
876718.5936353782
4657928.650714281
2006284.6640666444
873631.9829235893
39124.740817032856
4645702.640999642
1157928.369835112
4317928.903662023
4789508.223595819
4798324.077949289
4798324.077949289
4798324.077949289
4798324.077949289
270583.99999999994
270583.99999999994
271775.9999999997
271775.9999999997
34582.23593477241
270583.99999999994
189528.0
271775.9999999997
192655808.0000003
134943936.00000057
193504512.00000107
192655808.0000003
193504512.0000006
193504512.0000006
1603291.6551550985
4708202.024785473
871879.6350758531
200316.6194802617
223643.009217815
4788733.10040349
872890.2870613238
221163.358411831
2536775.6644547754
357875.93116888934
422527.8462184466
478313.2893658701
353573.77026442357
872890.2870613238
464576.4044266553
412099.9251759196
25250.071258014483
876718.5936353782
218535.7330598359
313153.1059801242
454199.62611169036
2006284.6640666344
139246.5794588858
39124.740817032856
4645323.341972545
4789508.223595807
631513.9362009347
464576.4044266553
4765457.116639698
705500.8948683187
125965.43601475586
4083046.881273826
708097.6342496827
344778.50886474916
157315.8005595189
4772922.8059325535
294487.42205907486
1157928.369835112
4317928.903662023
1034495.8795640465
4798324.077949277
4798324.077949277
4798324.077949277
43463290.91434121
1339812.5381075246
31458105.12893013
5292734.772118296
84117.55514880909
2737863.2815935207
15918993.636172384
412196.63079589425
2331634.5892937444
4061268.4654045836
36100745.428752795
7911861.137176254
2786546.8340900443
15918993.636172384
55451083.93125036
216805749.79469302
27361379.518737037
633648677.1744429
7778267.773325147
1517357511.1797075
22877910.741567206
2254166.88516749
1509371956.417577
1189895637.781438
1521333190.4955115
43463290.914341316
11915412.620239845
69994110.23999625
5292734.772118296
480372.1894763183
15918993.636172423
15918993.636172423
412196.63079589425
18864981.527619906
4061268.465404594
36100772.137361884
69994110.23999625
9326172.523735348
15918993.636172423
55451083.93125036
216805749.79469302
218003219.09097868
633648677.1744429
40255654.88893757
1509371956.4175735
1517357534.7230833
1521333190.4955115
1521333190.4955115
217928030.76817173
1521333190.4955115
79244.99999999994
79244.99999999994
1603291.6551550985
79244.99999999994
79244.99999999994
66985.99999999977
68130.00000000009
79244.99999999994
68130.00000000009
79698.9999999998
79850.99999999975
55345.999999999956
78071.99999999988
79850.99999999975
79850.99999999975
58147.9999999999
79850.99999999975
70136.99999999997
62293.99999999996
65175.99999999994
69429.99999999985
62293.99999999996
79698.9999999998
62862.99999999995
69429.99999999985
79698.9999999998
79850.99999999975
62293.99999999996
62293.99999999996
62293.99999999996
62293.99999999996
66191.99999999987
52950.99999999991
68130.00000000009
11598.999999999998
62293.99999999996
79850.99999999975
139246.5794588858
78071.99999999988
79850.99999999975
58147.9999999999
26947.999999999964
79850.99999999975
79850.99999999975
62293.99999999996
45453.99999999992
2570.0000000000005
79244.99999999994
78071.99999999988
59524.99999999995
79321.00000000004
66985.99999999977
78071.99999999988
79850.99999999975
59524.99999999995
79850.99999999975
79850.99999999975
157315.8005595189
79850.99999999975
1034495.8795640465
79850.99999999975
79850.99999999975
79850.99999999975
2145539.058368548
7778267.773325147
2177432.3931766446
2177423.040915568
398537.7782679091
2177423.040915568
2177432.3931766446
398537.7782679091
519266.8725093421
20016.61331127513
2254166.88516749
195301.56023248166
2177432.3931766446
298982.00910874916
38561.37116971292
105868.712481895
4245.065938817645
442664.47078950383
2177432.3931766446
2177432.3931766446
2039881.4958190548
2177432.3931766446
2177432.3931766446
2177432.3931766446
2145539.058368548
56850.42370994253
2177432.3931766446
2177432.3931766446
2177432.3931766446
2177432.3931766446
2177432.3931766446
2177432.3931766446
2177432.3931766446
2177432.3931766446
56850.42370994253
2177432.3931766446
2177432.3931766446
2177432.3931766446
969724.0729143718
1208624.8946448064
134887.00000000003
1208624.8946448064
1208624.8946448064
1208624.8946448064
352417.10466860177
174304.99999999953
1208624.8946448064
1206789.45271389
969724.0729143718
1208624.8946448064
1208624.8946448064
968251.4305480494
16155.961809808758
969724.0729143718
1206789.45271389
1208624.8946448064
174304.99999999953
431372.18860631256
1208624.8946448064
331191034.8308685
331191034.8308685
71422443.56473114
334206753.7134519
334206753.7134519
8151020.284583402
209138774.21897697
72072793.3298096
332168379.17193866
90099291.60225494
718313.6579914101
207863207.07895216
8151020.284583402
209138774.21897697
31013647.239745483
31013647.239745483
72072793.3298096
332168379.17193866
72072793.3298096
13025447.045562401
13025447.045562401
334206753.7134519
1393437.8288129792
107498.14429481434
1387825.024764883
670710.6860807183
120153.50140549385
1387825.024764883
1295641.844370248
1193728.5209769013
1193728.5209769013
1112311.4071539415
1295641.844370248
1393437.8288129792
779680.5822703523
1295641.844370248
2541258.4910411425
2541258.4910411425
2778545.072487254
2778545.072487254
2351620.066325429
157279.21821022482
2163574.4702855516
2163574.4702855516
189237.5341673726
2541258.4910411425
2778545.072487254
1193728.520976907
1193728.520976907
1295641.8443702513
1295641.8443702513
1162594.4615369027
8765.057094993464
198634.3218911465
249828.06167490417
114903.4001372719
1244327.044802198
406130.6238085752
1112311.4071539415
653094.2440161691
1977563.399228581
2116173.1976552177
1300413.2197071156
1412837.1525243996
2285286.801766615
157279.21821022482
1977563.399228581
1978580.585986643
189237.5341673726
2370809.6938800835
2778545.072487261
8765.057094993464
198634.321891147
212024.65512864146
114903.40013727134
1977563.399228581
1298383.581278188
2285286.8017666093
1977563.399228581
2370809.693880101
1244327.044802201
653094.2440161658
135803408.12698406
198089875.50878102
106426750.7362538
131324838.35833143
1316610.5832796912
113562191.99215621
38554766.18917699
1530318.9555178185
67082665.73704381
46408694.93118772
77224161.17650223
77224161.17650223
87037798.44298956
87037798.44298956
4395119.595007535
113562191.99215592
137231733.72021884
1530318.9555178185
50809435.298886925
67082665.73704415
7316166.082175812
49333786.87257088
46408694.9311876
135803408.12698507
51840456.244482756
2684719.505349609
198089875.5087815
22736652.83475089
106426750.73625433
110195645.4684142
6758751.13080488
131324838.35833175
342756538.1614082
61319.34044251218
1387825.024764883
389451.0676714802
120153.50140549385
2541258.4910411425
1298383.5812781847
2351620.066325429
2163574.4702855567
2541258.4910411425
3437741.2264214675
840223763.0999415
58671357.60078726
1698887.5396095791
193516735.3562752
287974807.0157051
268644344.27344596
318667853.3988499
48114883.25674984
842049729.115086
388201745.644309
1698887.5396095791
61683570.39908007
91252926.70716682
87037798.44298956
77224161.17650262
77224161.17650262
49333786.872571126
87037798.44298956
91431576.31495911
59051306.60801867
87037798.44298956
193516735.3562752
210622970.51670837
7038601.243762029
287974807.01570654
24171325.662977915
268644344.27344596
269085007.8797902
6758751.13080488
318667853.3988499
342756538.161409
968251.4305480494
969724.0729143718
1206789.45271389
1208624.8946448064
745411.8871093034
752893.6588176838
13465.000000000018
192861.48717484227
745411.8871093034
1174991.960317176
144918.16530183886
170789.99999999997
745411.8871093034
972855.3410594987
753845.1613962668
1174991.960317176
248218.5994066306
16155.961809808738
711712.4322359182
745411.8871093034
969724.0729143718
752893.6588176838
90585.99999999972
174304.99999999953
312394.6083897732
745411.8871093034
282769.62340907636
1208624.8946448064
753845.1613962668
1208624.8946448064
1202532.025978143
1208624.8946448064
57003733998.89153
11544412706.775757
12025713962.626745
926755816.7482209
5333701678.485178
11536749255.444202
429968726.05874354
26873312849.292953
13216.999999999998
191891.64070422118
740536.5935839261
474224.82285131444
143873.8611808697
168035.99999999983
748865.7985865416
740536.5935839242
1195991.0964794168
745411.8871092998
1174991.960317176
711712.4322359146
90585.99999999972
312394.60838977166
745411.8871092998
282769.62340907776
1208624.8946448064
753845.161396263
265809866.30563462
250006670.30794206
11965896.303835683
926755816.7482209
5103291244.429508
74182899.2782216
429968726.0587446
158063676.80495134
10630481.603004426
14207086.00539889
10630481.603004478
17782298.85404945
854948.0061994003
49689541.436606094
10370535.186382748
910697.2310125387
10630481.603004504
20318918.600475293
7828735.446368561
1169140.0464657713
8246390.567692944
10630481.603004452
3825610.232049157
22773771.24698911
256145.28590571028
3037770863172.8574
1239458202.4948716
6686998351.794245
14443869.603497082
19081008.711491387
19081008.711491387
22743677.053517435
22773771.246988993
22773771.24698911
2554476.031871511
49689541.436606094
42419035.556179486
910697.2310125387
10630481.603004426
12808445.800732393
10630481.603004426
9037049.229476538
276635.0859567106
14207086.00539896
20318918.60047534
2876205.9570293967
1001930.5006757218
7828735.446368581
10630481.603004426
14462981.579335589
12780458.537796002
1169140.0464657713
518604.37856523925
8246390.567692923
10630481.603004426
3825610.232049138
22773771.24698911
256145.28590571153
17782298.854049537
22773771.246988993
3105456898263.576
256009729982.57593
6686998351.794245
60194.99999999994
1190850.5479092498
1202036.447404349
474224.82285131444
188072.3663566761
171373.00000000012
964483.6644711298
964483.6644711298
1202036.447404349
5940584.469497071
3056372.805111149
1502797.7983707592
3056372.805111149
5831635.920391457
8151020.284583382
191449211.05518743
4614652.26305296
3860092.014107428
4702291.192802278
14688.663724110496
290478.7533970134
209138774.21897644
28684278.845039435
19077006.5442488
4595520.390170954
3056372.805111149
1998976.6799390602
13025447.045562401
2371005.721043707
266379.6461556324
4652803.978076017
2095548.1375255957
8676054.159547236
17262013.71308224
19081008.71149129
19012516.93382821
22773771.24698911
940821.239658736
320331781.91532063
10370535.186382748
921050.101298757
55454656.43375281
95236635627.08527
420284364.8716747
556069.6459231727
14212592981.173283
322472246.3787929
12356311.385919932
124978528.76726249
144825815.96111166
4548783.866430303
20479330.18707491
321780277.57686335
116298896.75235346
921050.101298757
19081008.711491387
17262013.71308224
17262013.71308224
17262013.71308224
520430.34923403454
19081008.711491387
22773771.24698911
22773771.24698911
14443869.603497118
1001930.5006757218
19012516.9338283
19081008.711491387
19081008.711491387
19081008.711491387
14462981.579335589
19081008.711491387
22743677.05351749
22773771.24698911
1717552.0443415982
518604.37856523925
12596920.80254104
286137.71219498623
22773771.24698911
22773771.24698911
7081372.883635977
22773771.24698911
31863561266.219307
101350466648.80168
160853872913.2537
292178814.87944466
15018663888.973158
160853872913.2537
1189010918.9625866
124978528.76726279
161957524306.71106
161957524306.71027
120153.50140549385
107498.14429481408
119637.83614308639
107498.14429481408
120153.50140549385
119637.83614308639
111478.05177701995
120153.50140549385
106916.09501039391
106916.09501039391
99365.83267948338
119637.83614308639
111478.05177701995
111478.05177701995
120153.50140549385
189237.5341673726
189237.5341673726
173319.74187145248
173319.74187145248
173319.74187145248
189237.5341673726
173319.74187145248
189237.5341673726
160035.8123148142
147560.81289311286
147560.81289311286
147560.81289311286
161112.88921914302
26137.969122353476
187972.4375107885
173319.74187145248
173319.74187145248
189237.5341673726
106916.09501039391
106916.09501039391
111478.0517770205
111478.0517770205
189237.5341673726
61803.31192430775
11436.330529500556
102596.24710743596
8765.057094993464
18118.505528300015
28236.580233053617
114903.40013727162
116946.40682562046
35046.92400115751
120153.50140549385
99365.83267948388
102195.755706717
189237.5341673726
138357.8990906638
144327.93581050498
108267.39941746421
90981.88260289759
95526.00000000004
156387.14548357873
138357.8990906638
138357.8990906638
139561.83757776784
160980.41861006597
9943.163150867706
128059.05171589936
166761.90206801024
189237.5341673726
189237.5341673726
59603177.73144404
105887039.36750978
189237.53416737352
61803.31192430783
11436.330529500556
8765.057094993464
18118.50552830006
25387.619484341576
114903.40013727134
138357.89909066344
88552.78121080488
156387.14548357794
138357.8990906638
166761.90206801106
116946.40682562046
102195.75570671675
189237.53416737352
108267.39941746368
138357.8990906638
9943.163150867706
128059.05171589936
189237.53416737306
6058852.566903295
9591800.07594602
5557825.877744684
6885051.747653902
1316610.5832796912
9058430.828490246
3047110.735702135
1530318.9555178224
4070165.288059149
3713436.4221960423
1731203.8996992512
151337.2679429807
159409.83264892182
2701704.4877990964
14798049.450864863
4400317.97677861
4400317.97677861
4918615.631257068
4918615.631257068
4395119.595007535
9058430.828490268
11750797.082212178
1530318.9555178261
3227001.6960379616
4070165.288059169
541413.4773708776
3978040.6135357614
3176634.932812061
3713436.4221960423
6058852.56690331
1731203.8996992637
3290055.263539666
167297.8754263576
9591800.07594602
5557825.877744657
151337.26794298145
5779649.091047768
11796541.750473637
159409.83264892182
2701704.4877991094
6885051.747653918
6758751.13080488
14798049.450864898
14798049.450864898
61319.340442512104
119637.83614308639
61090.67117918897
120153.50140549385
173319.74187145208
88552.78121080488
160035.8123148142
147560.81289311286
173319.74187145208
3437741.2264214675
63999088.35726393
4707190.946890125
1698887.539609575
8934348.367214026
12429933.685217626
11411018.523011703
13529555.60052523
48114883.25674972
63999088.35726393
48114883.25674972
1698887.539609575
3978040.6135357516
5194274.878379192
4918615.631257068
3978040.6135357516
4400317.97677861
4400317.97677861
3176634.932812061
5194274.878379192
4918615.631257068
4918615.631257068
5204443.9239460165
8934348.367214026
8934348.367214026
9772008.25015679
367843.4852334466
12429933.685217597
11411018.523011703
165388.96540393351
11429736.28380436
12501356.861382501
2042602.33365016
14713504.732675867
13529555.600525199
14798049.450864898
6758751.13080488
14798049.450864898
172977.99999999997
174304.99999999997
89929.0000000001
90585.99999999996
134887.00000000003
13465.000000000018
28779.999999999956
89929.0000000001
172156.00000000015
23389.00000000003
166414.99999999994
170789.99999999997
89929.0000000001
30056.999999999913
150707.00000000006
90677.00000000003
172156.00000000015
27554.000000000022
174304.99999999997
134887.00000000003
86334.99999999972
89929.0000000001
89929.0000000001
134887.00000000003
90585.99999999996
134887.00000000003
134887.00000000003
8362.000000000007
89929.0000000001
30981.999999999975
174304.99999999997
90677.00000000003
90677.00000000003
90585.99999999996
174304.99999999997
173575.0
174304.99999999997
170789.99999999997
37950.99999999997
170789.99999999997
174304.99999999997
12900443.507618904
5111710.755352401
13017910.790812407
44608072.309468694
4885138.981179901
12970171.439657213
7826493.034330001
3407758.900300896
3242733.4812207436
326221.46628148423
44608072.309468694
44608072.309468694
2581640.9880101606
15792379.962082861
1005258.1440350162
3727000.452768657
12970171.439657213
6079780.067613458
71166724.7218685
71161017.21086772
13216.999999999998
28347.999999999913
88175.99999999971
60194.99999999987
22887.000000000036
168035.99999999983
88891.99999999994
88175.99999999971
65646.00000000003
170758.00000000003
172977.99999999997
174304.99999999953
89929.0000000001
134887.00000000003
166414.99999999994
30056.999999999913
172156.00000000015
86334.99999999994
89929.0000000001
8361.999999999998
89928.99999999967
30981.999999999975
174305.0000000004
90676.99999999958
90676.99999999958
90585.99999999972
170789.99999999997
37950.99999999993
170789.99999999997
174304.99999999953
911878.5334006937
5111710.755352389
833506.35816411
548247.0459500895
4885138.981179901
12970171.439657245
876079.6001551459
3407758.900300896
29104.182689091325
326221.46628148423
658437.0024664464
208911.09687376552
7001228.16671477
1005258.1440350187
3727000.4527686476
259294.42241398038
545485.2965149478
71166692.45361234
980456.2431312262
1296650.6712206604
980456.2431312237
1790977.8783407619
854948.0061994003
5251595.070006614
1119851.5965242877
910697.2310125409
980456.2431312237
1164308.7442749003
1197716.6315013743
2181331.277164024
728172.9851388297
22455.255529358958
76710.79650218744
980456.2431312262
316655.8807924627
2265966.0693578376
1296650.6712206604
18552.384613025115
1169140.0464657743
1404035.6749135626
1404035.6749135626
2265966.0693578264
1045403.3873323689
2528659.786538411
1579115309.6207056
52114234.66685375
10696752.93875018
61949509.06916686
442317691.4282832
31769549.58525251
1214344.2007832648
32740205652.074482
2554476.031871511
5251595.070006614
4990845.004339643
910697.2310125409
980456.2431312237
1169140.0464657713
1164308.7442749003
980456.2431312237
1197716.6315013743
974255.67942367
19493.99999999999
1296650.6712206637
2181331.277164013
295691.18183672545
1717552.0443415982
728172.9851388297
22455.255529358958
980456.2431312237
1403184.3836296084
1169140.0464657713
1821040.8643325362
76710.79650218744
980456.2431312237
316655.8807924635
2265966.0693578376
1296650.6712206637
18552.38461302516
1169140.0464657713
1790977.8783407707
518604.37856523925
1404035.674913566
1404035.674913566
2265966.0693578376
2265966.0693578376
1403184.3836296084
1851220.877313404
1851220.877313404
2265966.0693578376
2265966.0693578376
2265966.0693578376
540707962.546995
1579115309.6207094
20515603133.825974
1051177251.948404
191485566.21247014
442320035.9155491
31769549.585252587
175376652.4162678
32740205653.846447
80979.99999999993
61706.99999999994
52517.00000000003
20484.00000000002
171470.0000000001
61706.99999999994
65646.00000000003
60194.99999999994
132711.99999999977
171470.0000000001
132711.99999999977
171470.0000000001
60194.99999999994
61706.99999999994
65646.00000000003
171373.00000000012
74589.99999999997
171373.00000000012
166566
52517.00000000003
60194.99999999994
132772
24617.00000000002
132711.99999999977
132711.99999999977
171470.0000000001
171470.0000000001
139207.0
24617.00000000002
132711.99999999977
61706.99999999994
52517.00000000003
4903.000000000004
60194.99999999994
132711.99999999977
52517.00000000003
65646.00000000003
132711.99999999977
24617.00000000002
24617.00000000002
8207.000000000004
8207.000000000004
171373.00000000012
72901.00000000009
61707.00000000002
126091
74589.99999999997
171373.00000000012
60194.99999999994
78658.99999999991
61706.99999999994
171470.0000000001
41884.99999999995
171470.0000000001
1717552.0443415982
1851220.877313395
1045403.3873323714
1844575.8717661859
2265966.069357832
453074.69336523203
24530.760404031505
940821.239658736
32725864.28291049
20432775.58735658
1119851.5965242877
32725723.72248351
921050.101298757
1343333.7655132457
47024.91777770592
6202865
7260508.3067844715
32725864.28291049
12108745.10059935
7155809.377487023
20479242.2265746
996528.0197430487
453074.69336523203
196880.23721143632
244454.07233875286
2948675.167130322
32725723.72248351
794678.5611641975
91815.91200875792
32725723.72248351
1033716.8559218727
31769549.58525251
29633.20847098496
1851220.877313404
1717552.0443415982
1851220.877313404
1717552.0443415982
1717552.0443415982
1717552.0443415982
35735.56041536664
1851220.877313404
2265966.0693578264
2265966.0693578264
1717552.0443415982
1403184.3836296052
23293.694486597415
1844575.8717661859
1851220.877313404
1851220.877313404
1851220.877313404
1403184.3836296052
1851220.877313404
224463.8231437229
20709.052741412102
2265966.0693578264
2265966.0693578264
2265966.0693578264
2265966.0693578264
2265966.0693578264
1717552.0443415982
518604.37856523925
2265966.0693578264
32430956.825819157
1189871.0429886905
20479330.18707491
32725864.28291057
20479330.18707491
20479330.18707491
32725864.28291057
921050.101298757
32725864.28291057
588554.5385569627
32725864.28291057
7260508.306784454
32725864.28291057
32725864.28291057
7155809.377487006
20479330.18707491
20479330.18707491
20479330.18707491
201841.90886740692
7260508.306784454
2949548.930073273
1200205.0447952624
540707962.546995
32725864.28291057
32725864.28291057
32725864.28291057
32725864.28291057
32725864.28291057
107563.37305896444
11102.000000000004
115736.52133229905
116366.58885783135
116366.58885783135
107563.37305896444
115736.52133229905
11102.000000000018
61166.58203614376
61499.571800698024
115736.52133229905
115736.52133229905
107563.37305896444
107563.37305896444
116366.58885783135
163008.92701059103
161887.50440271923
149349.74348706135
11101.99999999999
8397.930154756881
149349.74348706135
149349.74348706135
163008.92701059103
107563.37305896524
115736.52133229905
115736.52133229905
107563.37305896524
10780.000000000011
17993.94587942041
116366.58885783135
42186.0325474358
115736.52133229905
793.0000000000005
61166.58203614376
25413.60862740181
107563.37305896524
116232.32969608951
156981.90583604443
160991.52278283937
149349.74348706135
11102.000000000004
8397.930154756881
145146.43870102963
145146.43870102963
144811.65807292057
144407.8280900371
145146.43870102963
163008.92701059103
47730792.99999998
16582808.000000007
47730792.99999998
6688765.0907024285
115736.52133229905
61166.582036143685
4254731.368208638
2268922.5236921906
33984324616.000042
2411430405.50207
610188.328857089
4254731.368208691
2268922.5236921906
3237983.2698593484
3242725.0770068
4011394.178528082
4264099.853811749
4264099.853811749
4011394.178528082
298302.1672610684
10639689.534990346
225621.64257446598
859639.4282431741
5760050.693831433
5760050.693831433
5699284.061338866
5610955.344375963
5760050.693831433
11619826.250178667
33984324616.000042
11806959295.999998
4011394.178528082
4276812.892999275
4011394.178528082
4264099.853811738
2656583.4200144266
4264099.853811738
4264099.853811738
4011394.178528082
3237983.2698593484
3452228.322506019
300107.266765942
11553439.464610178
225621.64257446543
899007.7365221729
10606372.895774055
7015490.523281551
10623770.77750922
10623770.77750922
11619826.250178667
7673243.5824842965
300844.9999999994
216706.9999999999
300845.0000000002
300844.9999999994
303186.99999999895
217850.99999999988
301049.00000000006
303186.99999999895
2743386.5532837277
5243393.427222103
63643430.116579026
69933111.28140904
69933111.28140904
5081808.298423414
2725449.909842401
5500640.546573467
69562900.77587007
69933111.28140904
293592.0
91080.9999999997
49602.99999999997
217850.99999999988
303186.99999999895
302630.0000000007
66457.00000000004
302630.0000000007
6319.9999999999945
42892.99999999998
91975.99999999981
1043.0
69427.00000000003
44400.96415619826
208622.99999999994
216706.9999999999
216706.9999999999
216706.9999999999
216706.9999999999
216706.9999999999
74332.00000000004
303186.99999999895
217655.00000000015
217850.99999999988
303186.99999999895
302515.0000000009
303186.99999999895
217655.00000000015
303186.99999999895
30068663.312838875
5051497.487758458
12691774.213905625
2743386.5532837277
15080540.989934081
2753484.1448715394
154723.15691259652
5963112.81541351
12768753.670271214
69933111.28140904
464659.13310447836
4363316.000000005
555451.0919464395
216706.9999999994
300845.0000000002
261106.50306914886
217850.99999999988
243828.39164051364
2743386.5532837277
579663.5285215027
63643430.11657887
69933111.28140886
61000507.37673342
5081808.298423414
1004929.1791191036
5500640.546573467
69562900.77587007
1879214.9737230693
30068663.312838875
1017942.0645032318
11738522.327789783
1734163.9196780075
1879214.9737230646
2753484.1448715394
154723.15691259652
925288.9600551784
1666947.229092446
464659.13310447836
302629.99999999994
39353.99999999983
69427.00000000003
208622.99999999994
216706.9999999999
216706.9999999994
74332.00000000004
303186.9999999997
217850.99999999988
1879214.9737230693
1335453.3538738308
2025421.2711342124
1590707.246098842
2605812.4823856005
151772.9999999994
782795.3026711072
1055946.6905610545
1335453.3538738242
1335453.3538738308
390882.31324214145
2629711.058658977
17976.188463400693
13494339940.086906
3981900012.8654118
19579866.625204984
244160424.61662462
914208.497402781
1335453.3538738308
2027130.854499994
1590707.246098846
30737.23177296781
1590707.246098846
478998.7261381793
2605812.4823856065
151773.00000000012
33690.99999999993
58102.91980118351
782795.3026711072
1055946.6905610545
1335453.3538738308
1335453.3538738308
1335453.3538738308
1335453.3538738308
1335453.3538738308
390882.31324214145
2629711.058658977
1496219.453571971
17976.18846340074
2216143.269737791
2027130.854499994
1496219.453571971
2629711.058658977
2623503.1246736813
2022345.4258944946
2629711.058658977
2629711.058658977
2629711.058658977
2629711.058658977
13494339940.817247
4260505736.9199166
30677115.775008373
5934011449.317527
914208.4974027833
90562.99999999991
68699.99999999993
159930.0000000001
24896.999999999985
90562.99999999991
274079.0000000002
147664.99999999953
247970.00000000003
148176.99999999965
90562.99999999991
281858.99999999895
42166.99999999996
281858.99999999895
274079.0000000002
68699.99999999993
281371.9999999991
42166.99999999996
448.9999999999998
90562.99999999991
90562.99999999991
5518.000000000002
90562.99999999991
154723.15691259652
42166.99999999996
68699.99999999993
147664.99999999953
65708.99999999999
167884.00000000003
147664.99999999953
176475.00000000015
273096.9999999993
281858.99999999895
158337.99999999965
148176.99999999965
148176.99999999965
176500.99999999983
164156.99999999985
148177.00000000003
281858.99999999895
281858.99999999895
148177.00000000003
13828227.670617532
2317091.8028688473
29449375.489572093
1889672.1279520958
253967.3189821873
328671.03752840747
9482.464922160276
2047129.5764132724
799316.8233535412
16103.302857503999
914208.497402781
1326393.7469367837
142281.31437801567
29316505.948589105
2058059.3827824746
32093920.35871283
2623503.1246736813
2609207.3871370708
30737.23177296781
2022345.4258944946
2629711.0586589836
2629711.0586589836
2027130.854499989
2629711.0586589836
2629711.0586589836
262115.99999999956
33691.00000000001
58102.91980118351
1006791.5044650495
17976.18846340074
2615381.4934535343
2629711.0586589836
2027130.854499989
2629711.0586589836
2629711.0586589836
2629711.0586589836
2629711.0586589836
2027130.854499989
2027130.854499989
460039.5671217176
2629711.0586589836
13828287.064310465
31902493.865157194
31902493.865157194
31902493.865157194
253967.3189821873
1251004.8232101265
68392.84695054001
6922097.319380352
6922097.319380352
35952.57070085529
32093920.35871283
32093920.35871283
32093920.35871283
32093920.35871283
11017.00000000002
11017.00000000002
10186.000000000015
10186.000000000015
5830.000000000007
1597.0000000000002
819.9999999999997
10186.000000000015
11102.000000000004
11017.00000000002
3739.0000000000023
11017.00000000002
1649.9999999999995
10186.000000000015
10186.000000000015
793.0000000000005
11083.000000000016
10780.000000000011
11076.000000000011
11076.000000000011
11102.000000000018
3043.000000000003
11102.000000000018
8701.000000000015
10155.000000000005
11016.999999999993
10155.000000000005
7527.999999999997
10155.000000000005
10186.000000000015
10186.000000000015
10186.000000000015
10186.000000000015
10155.000000000005
4139.000000000006
11076.999999999989
10614.000000000007
11102.000000000004
11091.000000000004
11102.000000000004
5830.0
1597.0000000000002
819.9999999999997
10185.999999999989
11102.000000000004
11017.00000000002
11016.999999999993
11076.000000000011
8701.000000000004
10155.000000000005
7527.999999999997
10185.999999999976
4139.000000000011
11077.000000000016
11101.99999999999
11102.000000000004
316356.6307002278
270192.413122575
183567.89647710155
9842.213385796504
120373.28897763998
66356.8813387428
647416.5759447323
2813387.9277644046
7886824.000000015
316356.63070022623
54081.74279084544
270192.41312257433
241508.4192155638
244600.12290471172
260303.09756128583
316356.63070022623
316356.63070022623
294779.82880787406
294779.82880787406
183567.89647710198
365561.6959488509
549783.4751418034
9842.21338579654
120373.28897764058
365561.6959488509
394803.4492523936
394803.4492523936
365561.6959488509
66356.8813387428
18588.65282515087
225621.64257446598
646993.4220963923
647416.5759447307
647416.5759447307
7252432.000000023
7886824.000000015
316356.63070022705
294779.82880787476
316356.63070022705
316356.63070022705
316356.63070022705
294779.82880787476
294779.82880787476
241508.4192155626
260303.09756128583
260303.09756128583
316356.63070022623
643717.7335975756
591919.8060548397
643717.7335975756
10100.624111297899
473643.0998532969
473643.0998532969
591919.8060548397
591919.8060548397
647416.5759447307
517445.1970797693
18663.567059625755
225621.64257446598
647416.5759447307
596.0000000000002
596.0000000000002
596.0000000000002
596.0000000000002
595.9999999999994
595.9999999999994
595.9999999999994
595.9999999999994
424352.0000000019
424352.0000000009
424352.0000000019
424352.0000000009
424352.0000000009
424352.0000000009
424352.0000000009
40726.00000000001
39849.99999999997
12512.999999999993
42029.999999999905
10085.000000000002
42030.00000000001
42029.999999999905
42030.00000000001
42029.999999999905
12512.999999999993
37760.99999999998
12925.999999999998
12512.999999999993
42029.999999999905
42029.999999999905
12830.000000000004
42161.999999999935
42161.999999999935
17573.000000000015
12830.000000000004
83622.99999999999
89884.99999999988
42188.000000000015
50204.99999999994
90418.99999999968
89714.0
42160.999999999935
42188.000000000015
7040.000000000002
42188.000000000015
39353.99999999993
90418.99999999968
11619.0
90418.99999999968
90499.9999999998
42188.000000000015
12830.000000000004
90499.9999999998
90499.9999999998
50204.99999999994
45128.99999999995
38050.999999999935
30228.99999999998
45128.99999999995
90583.9999999997
50204.99999999994
83622.99999999999
47099.99999999993
39353.99999999993
872.0000000000003
89714.0
72944.00000000006
44954.99999999995
12925.999999999998
12512.999999999993
88448.9999999998
22900.999999999985
47099.99999999993
89714.0
90455.99999999987
42160.999999999935
64490.999999999905
90583.9999999997
89192.99999999997
42160.999999999935
48402.999999999905
90583.9999999997
59775.9999999999
88413.99999999985
90583.9999999997
90583.9999999997
122677.99999999991
1690.0000000000025
143970.99999999983
143971.00000000017
143970.99999999983
33690.99999999996
328063.9999999997
154617.00000000012
285542.99999999965
154617.00000000012
1301.9999999999977
151772.99999999977
65079.99999999996
326836.9999999999
262115.99999999956
285542.99999999965
260876.99999999953
285542.99999999965
316766.9999999995
6834527.478706631
6262754.97281571
6844490.868370618
143970.99999999983
98923.00000000007
313959.9999999998
1250433.101841116
6834498.123818023
706172.0575794532
2871254.350239452
6844490.868370618
6232948.894892676
11171.977622605587
497689.2565296126
28890.518565785565
1248017.9295106297
688542.2763273135
6835046.288736899
6834498.123818023
171893.9214719359
95628.17304539487
30070.770635691675
591319.2688734242
34769.999999999985
122677.99999999991
1690.0000000000005
143971.00000000017
143971.00000000017
143971.00000000017
143971.00000000017
143971.00000000017
143971.00000000017
33690.99999999996
154617.00000000012
328063.9999999989
154617.00000000012
151773.00000000012
285542.99999999895
154617.00000000012
1301.9999999999977
151773.00000000012
65079.99999999996
326837.0000000007
2165.999999999999
313960.00000000064
262115.99999999956
33690.99999999996
65079.99999999996
262115.99999999956
285542.99999999895
260876.99999999953
285542.99999999895
151773.00000000012
327637.0000000007
260976
328063.9999999989
328063.9999999989
11171.977622605587
497689.2565296126
45703.788004934555
1250433.101841116
6844490.868370618
6835075.645979933
6834527.478706631
6834527.478706631
1250281.0176464322
194948.45480793118
6844490.868370618
194948.45480793118
6844490.868370618
6844490.868370618
6844490.868370618
143971.00000000017
328063.9999999989
98923.00000000007
313960.00000000064
328063.9999999989
328063.9999999989
328063.9999999989
328063.9999999989
262115.99999999956
328063.9999999989
1250433.101841116
6834527.478706631
1251159.331601695
2871254.350239452
6844490.868370618
6232948.894892676
34620.99999999995
34788.99999999994
34788.99999999994
34769.999999999985
34769.999999999985
16821.0
20333.99999999997
34769.999999999985
5320.999999999992
34636.999999999985
13458.000000000007
810.0000000000005
34769.999999999985
34769.999999999985
573.9999999999999
95628.17304539487
34769.999999999985
34769.999999999985
12776.000000000002
1063.0000000000005
34620.99999999995
810.0000000000005
34788.99999999994
34788.99999999994
20333.99999999997
34788.99999999994
34788.99999999994
20333.99999999997
20334.000000000022
23112.999999999985
23112.999999999985
20780.999999999978
810.0000000000005
21565.0
34788.99999999994
11171.977622605587
171893.9214719359
21565.0
33321.000000000015
33691.00000000001
13458.000000000007
27475
1063.0000000000005
34788.99999999994
34788.99999999994
