231639972720.0
230979563734.0
231969444408.0
231969444408.0
231969444408.0
230802142075.0
231460366474.0
231969444408.0
231106739889.0
231792935299.0
231938970801.0
231210659869.0
227974207860.0
227638071798.0
226326531408.0
231238700013.0
231969444408.0
231419066716.0
231902067870.0
231880816538.0
231880042254.0
231857670976.0
231784819143.0
231969444408.0
231969444408.0
231969444408.0
231969444408.0
939134449877.0
4426494595.0
491433593229.0
982548678380.0
905559822715.0
540000757791.0
493279268077.0
160729169777.0
991217876267.0
575554558652924.0
566985325982410.0
574105655406840.0
564621316921498.0
561714590934979.0
555586486645779.0
573285885264342.0
575554558652924.0
540892477343573.0
575305190174274.0
575554558652924.0
575554558652924.0
567338435041530.0
811940844056.0
1418168286.0
243957488927.0
457880231710.0
533236815469.0
316221657761.0
286066406244.0
15044941597.0
878336434542.0
113930437532.0
123633531942.0
502037704.0
107983205226.0
79864594677.0
455450095629.0
264126967466.0
76759394833.0
20463464919.0
262809419786.0
113930437532.0
123633531942.0
107983205226.0
264126967466.0
262809419786.0
80848866551.0
102130357669.0
264816001173.0
258906631255.0
80848866551.0
495381587.0
102130357669.0
53372264240.0
1065727294.0
264816001173.0
76366533961.0
8637113695.0
258906631255.0
120015583399.0
811940844056.0
243957488927.0
316221657761.0
878336434542.0
550897195195.0
244035667206.0
311437193829.0
864568044596.0
550897195195.0
1423797025.0
244035667206.0
330428840822.0
1302488681.0
311437193829.0
285123159606.0
6368588027.0
864568044596.0
120015583399.0
370036611427.0
3390027856.0
213397221850.0
224102351612.0
473888176068.0
318697611262.0
266340224205.0
155989685681.0
835386189145.0
991217876267.0
6112905.0
51581897.0
27951347.0
17980805.0
6352047.0
25511400.0
63411023.0
19012478977928.0
8433743728806.0
6761262421818.0
7728666276671.0
7002978574664.0
370036611427.0
213397221850.0
318697611262.0
835386189145.0
2658489.0
24092927.0
27745828.0
3826082.0
647212.0
30108407.0
63411023.0
1826341780530.0
8202012156567.0
7721041288259.0
6603015368827.0
7002978574664.0
215221715999.0
209428041653.0
318054273392.0
806310614132.0
2645101.0
23743459.0
9552680.0
3717649.0
292418.0
30931463.0
2311946.0
215221715999.0
3442281934.0
209428041653.0
141324769672.0
6514857561.0
318054273392.0
266552385679.0
17611551456.0
806310614132.0
988895916339.0
6068476.0
51438456.0
9797545.0
18043469.0
3152705.0
25316171.0
2311946.0
939134449877.0
491433593229.0
540000757791.0
991217876267.0
572600971015306.0
566985325982410.0
33747106285186.0
565765104849228.0
565302526149803.0
558392490957609.0
574422674819580.0
575554558652924.0
544256396027157.0
575305190174274.0
574470325502871.0
575554558652924.0
572291807618746.0
699211431000.0
487144457459.0
530980438868.0
988732083488.0
1730739.0
8281282.0
1647612007441118.0
5403748769406.0
699211431000.0
4424070871.0
487144457459.0
734019147032.0
13909240307.0
530980438868.0
492457386075.0
17822978105.0
988895916339.0
988732083488.0
811708846174.0
47855700951.0
245033675358.0
453963773663.0
439256109418.0
273276980595.0
286066639911.0
878337168923.0
113930537675.0
339740858.0
269285318.0
313577505.0
122760869407.0
83066165439.0
103844596690.0
82112503932.0
600287474505.0
258303770573.0
76265982073.0
256936034575.0
170185550840.0
113930537675.0
366802666.0
365948423.0
348782029.0
281442045.0
374650345.0
122760869407.0
103844596690.0
258303770573.0
256936034575.0
323966408.0
39419388.0
204523568.0
274886158.0
222949324.0
334446615.0
269285318.0
37783812.0
81190979974.0
104317797261.0
256232797256.0
257087450746.0
319043414.0
39680847.0
205526204.0
280868074.0
218245790.0
81190979974.0
86094614041.0
104317797261.0
53676139739.0
1363248603.0
256232797256.0
78402023285.0
257087450746.0
74721468696.0
120145677463.0
360102245.0
367583613.0
348944879.0
274945958.0
374378219.0
811708846174.0
245033675358.0
273276980595.0
878337168923.0
551493346297.0
242454059204.0
270760671489.0
864034215802.0
551493346297.0
47121682186.0
242454059204.0
327180035959.0
1303959010.0
270760671489.0
285112844880.0
864034215802.0
120145677463.0
49575159924.0
369139666447.0
443908152732.0
207976868394.0
227034962601.0
519488683958.0
294794469186.0
264240676382.0
836594995540.0
990830301978.0
991218112593.0
82155838.0
6146835.0
51556313.0
27592146.0
65584861.0
18828536.0
21670639.0
22435198.0
25189506.0
1105903.0
25087116.0
63615982.0
47452600.0
128681.0
235905017.0
231537739573.0
8998163170.0
6247718282.0
6349466637.0
6437890999.0
7054780209.0
7262655600.0
369139666447.0
207976868394.0
294794469186.0
836594995540.0
63096787.0
2641403.0
24047312.0
27230053.0
3920217.0
15336632.0
10796578.0
1413490.0
29869448.0
63615982.0
4999872.0
25941615.0
226601098062.0
3145173340.0
10535556858.0
8156099023.0
10148556556.0
7054780209.0
10866633285.0
86011138.0
22435198.0
312183.0
214269618489.0
210146073243.0
293445905629.0
816411473630.0
65530633.0
2646751.0
23890733.0
10076686.0
3717099.0
8450936.0
730235.0
1258054.0
31539522.0
2342594.0
2301572.0
24562597.0
9388649820792.0
106763844595.0
214269618489.0
441884583649.0
210146073243.0
140150599775.0
11448742695.0
293445905629.0
264224133577.0
816411473630.0
133205797296.0
988896507153.0
83307526.0
6088126.0
51551634.0
9735461.0
18492230.0
12970185.0
1727407.0
1095224.0
25956956.0
2342594.0
22975269.0
235418938.0
9428121145346.0
82079849805.0
231639972720.0
230733590284.0
226720227193.0
227822531145.0
230802142075.0
26200951195.0
231106739889.0
231778832268.0
221656174476.0
227932119991.0
227562800327.0
225235136565.0
231096563584.0
231969444408.0
231430418273.0
231109850852.0
231880830365.0
230675076533.0
231784819143.0
26303901592.0
231948732310.0
231954359696.0
231969444408.0
231957802495.0
231957802495.0
231969444408.0
699791551723.0
487144900570.0
491565285774.0
988804340097.0
9415840615438.0
9390682425326.0
9425455987535.0
11196348965.0
530362890363.0
9432398892315.0
548005012141.0
9430871768135.0
501360252278.0
9430872892674.0
699791551723.0
480232903065.0
487144900570.0
732822984067.0
23532479852.0
491565285774.0
492457061127.0
988896507153.0
130025531654.0
988804340097.0
9394540156918.0
9433312018114.0
9430836907421.0
589846232694.0
354082450832.0
9433312018114.0
239050861296.0
48557592902.0
642577904.0
638348089.0
50678974047.0
241069733669.0
111362280989.0
44109893001.0
243637993472.0
115141891827.0
238794682013.0
237722269146.0
49322330497.0
236354395591.0
237378676748.0
238363938085.0
241742167956.0
243646146216.0
109321602568.0
224840526.0
51112068609.0
727657527.0
243800612384.0
122345145327.0
69495460828.0
39161869521.0
35705440942.0
56614845352.0
102063453065.0
13729260935.0
57984272521.0
239271014459.0
2029279021.0
103892092802.0
2505608742.0
11395947141.0
3451728551.0
11254130625.0
48652359.0
938040806.0
2946747737.0
4748421817.0
227726045396.0
243168927286.0
723345967.0
9438631803.0
11745152.0
53008198.0
32699878.0
7245143.0
31941400.0
29963072.0
68805782.0
2889667627.0
17217760.0
115736573.0
89979914101.0
34237545.0
15879.0
105306949.0
155575848.0
48652359.0
5652770.0
25381566.0
33405660.0
721995.0
6839515.0
37737047.0
68805782.0
558242618.0
18118682.0
28863998.0
26769621.0
227726045396.0
231792738924.0
79789297.0
11204773642.0
5590004.0
25134139.0
12501829.0
334675.0
6602861.0
37643884.0
2394115.0
8328686604022.0
60604331792.0
11525440.0
52956997.0
11805763.0
3574526.0
33841719.0
30388172.0
2394115.0
8464288523672.0
38164416427.0
96002644.0
638348089.0
298897431.0
96630991264.0
301116649.0
186334043.0
66158821.0
20662.0
405751454.0
10579135.0
16322.0
182052924.0
257000286.0
184077287.0
243800612384.0
559941106.0
1433334.0
643065.0
45797187.0
327132275.0
60280856.0
197783129.0
241742167956.0
232051112618.0
79742811.0
243649692151.0
243742438701.0
8327403609442.0
8469053787792.0
462690622487.0
8474177684256.0
8327813258499.0
8470047350918.0
8469387164337.0
8460004129961.0
407892515973.0
8474177684256.0
8474177684256.0
8472877010617.0
8464943153977.0
8470288796354.0
8464540071428.0
8474177684256.0
427634250.0
274997526.0
321469429.0
314656130.0
346596104.0
367839585.0
299754788.0
352617103.0
409236807.0
373072536.0
289579599.0
376750351.0
326717987.0
173770345.0
207489736.0
42367516.0
354614728.0
286861531.0
223263843.0
71430352.0
274997526.0
41258712.0
242583149.0
342001177.0
314739476.0
206481114.0
42677541.0
278190409.0
224918532.0
341642273.0
406303582.0
356525371.0
351994856.0
408324667.0
285162356.0
376468450.0
747921276.0
1059089032.0
24865773.0
253700427.0
191661202.0
90219813.0
32375335.0
42837589.0
7553992.0
192744317.0
192969406.0
34550236.0
360327.0
57090685.0
11897201.0
53012072.0
257206771.0
43818120.0
32586002.0
62471318.0
22907801.0
45053773.0
34124898.0
29765285.0
32294128.0
71217298.0
40546477.0
62097024.0
28574116.0
68811145.0
53711223.0
20499146.0
76899506.0
166621065.0
17148762.0
1992072.0
710662.0
32943519.0
174167.0
170780245.0
141114824.0
256505791.0
255593898.0
76345491.0
257388533.0
32024.0
26120.0
106612.0
137872.0
7953.0
435916.0
495489.0
612071.0
64226138.0
337607.0
103015601.0
17212997.0
699910.0
27415209.0
41439065.0
84013945.0
30332980.0
17883085.0
4125060.0
160092262.0
57090685.0
5637217.0
25395576.0
33551743.0
18524508.0
17081182.0
6944613.0
36615834.0
23107404.0
13697539.0
76218.0
68811145.0
5525574.0
19862038.0
29955126.0
17148762.0
230470.0
710662.0
17117241.0
145856986.0
36948930.0
27856218.0
209199919.0
10758541.0
236137.0
58835910.0
16521770.0
22907801.0
6826713.0
83111787.0
8311246.0
517513.0
170780245.0
49291947.0
217863468.0
94115287.0
257082881.0
83617842.0
5607467.0
25155643.0
12046293.0
1235165.0
6523278.0
37251582.0
2404467.0
2576509.0
20205899.0
8186834.0
33965314.0
18157613.0
56762606.0
145222669.0
102063657.0
64338690.0
543953656.0
6118607.0
3644999170.0
21166473.0
78826.0
3893961991.0
15337024.0
4413422687.0
90095071.0
11762843.0
52951868.0
11820528.0
3254926.0
34497017.0
29571475.0
2404467.0
25633134.0
19322781.0
17764101.0
256794198.0
42662605.0
56762606.0
140964561.0
201216534.0
366307318.0
543953656.0
107343957.0
3794667165.0
3797954041.0
119825655.0
160013004.0
11147660.0
4414033599.0
247174002.0
250317022.0
62169145.0
249702696.0
93041079.0
27611017.0
27729630.0
255908004.0
26597285.0
202875814.0
257016970.0
12541969.0
27420965.0
254601764.0
256876464.0
17892178.0
105822468.0
36488035.0
17019235.0
23120332.0
31968648.0
28738928.0
71011157.0
17021149.0
34095632.0
79414130.0
239489991.0
28358006.0
12638866.0
22072864.0
19060807.0
37352251.0
9208013.0
48574278.0
260952.0
28358006.0
256897176.0
4536983.0
41578455.0
257368649.0
20736728.0
2544359.0
257255069.0
257388978.0
27868525.0
3024787.0
365127.0
255537177.0
25954100.0
10962240.0
59276379.0
31391861.0
29623716.0
219197262.0
12893793.0
257285585.0
81936296.0
19794411.0
256897176.0
49640642.0
257368649.0
257330032.0
257388978.0
3975036002.0
7235111.0
558005002.0
4138424793.0
52890287.0
16019798.0
4386628051.0
51414927.0
77511195.0
733399.0
2195401.0
1183858.0
4414033599.0
1849441.0
537326.0
1299319.0
74837.0
20722219.0
4413604750.0
4353143373.0
17506921.0
4413940462.0
259231154.0
4414033599.0
4035646293.0
86070159.0
4051207719.0
4331199729.0
4363429169.0
4372109017.0
4377595915.0
119803974.0
4410319978.0
275879435.0
89571633.0
265353596.0
4410836702.0
4414033599.0
157942419.0
213881984.0
1468096.0
215035597.0
211299991.0
233531589.0
103831434.0
61653018.0
212883529.0
218768610.0
157008541.0
219897260.0
228238480.0
152999686.0
334443.0
158742696.0
224913315.0
215022341.0
64078821.0
158397092.0
236304442.0
575554695875914.0
573286399850555.0
575554695875914.0
575554695875914.0
574017352412750.0
566962169602840.0
575492911224648.0
574527787629951.0
523442447203659.0
540892031368855.0
575305773371982.0
575554695875914.0
575554695875914.0
575554695875914.0
575554695875914.0
567338846710500.0
575554695875914.0
572039591763053.0
554409902423429.0
563869780910797.0
575554695875914.0
575554695875914.0
7369075.0
606877.0
26589319.0
2667891.0
2518048.0
26543073.0
27626377.0
18865962.0
16580632.0
17189515.0
28831443.0
10199412.0
17115149.0
27446940.0
339622974.0
307935575.0
345926628.0
266495480.0
193737760.0
379225688.0
217646403.0
379225688.0
379225688.0
379225688.0
379225688.0
18865962.0
16580632.0
28831443.0
27446940.0
24269614.0
52408.0
330996.0
241804.0
791560.0
30805149.0
6230735.0
15426659.0
8891418.0
381091023.0
302668908.0
347401678.0
214334658.0
322955043.0
379225688.0
317538250.0
379225688.0
293993361.0
267899394.0
379225688.0
17108087.0
6516207203.0
230174364.0
30503641887.0
130425728906.0
4133392496.0
262827962926.0
101883037913.0
252570502068.0
32767373.0
9909072.0
84296897509.0
262719190970.0
104340454608.0
254248531061.0
38012.0
649790961.0
3048838.0
21218536.0
35162568.0
10101139.0
18687130.0
16671875.0
28822337.0
27517258.0
104603664.0
964345018.0
1250875216.0
84400447.0
15427538.0
31211363.0
6283892.0
7237698.0
8641832.0
381620320.0
342419792.0
217828598.0
319933911.0
378943307.0
317246196.0
378943307.0
292837838.0
265675244.0
361208446.0
369414332.0
327017312852.0
1384489923.0
72675289718.0
843030295963.0
4840993075.0
314616799900.0
250663713151.0
878369882294.0
173704.0
14511761733.0
12061949.0
33820815.0
571611401421.0
312623487456.0
243542446386.0
864600223871.0
571320121.0
10506362433.0
3165978234.0
202669395.0
6245906.0
26287840.0
27547433.0
18687130.0
16671875.0
12833324.0
28822337.0
10233930.0
17276213.0
27517258.0
342966719.0
331631515.0
263785866.0
192856318.0
378943307.0
216457627.0
378943307.0
378943307.0
378943307.0
361208446.0
152999686.0
158742696.0
224913315.0
236304442.0
18737992.0
49442237.0
124490.0
575394.0
10092791.0
195728773.0
1015135.0
27551681.0
21036830.0
49565038.0
39271789.0
192141927.0
19374467.0
280240.0
6132976.0
16825023.0
35832994.0
21489989.0
6349649.0
65833048.0
15745735.0
25874358.0
27516825.0
51475528.0
63527556.0
239218921.0
193084689.0
236304442.0
6759605025391.0
8800730534848.0
7728783130623.0
7003016632603.0
8245756272861.0
6769283534408.0
9317595399571.0
19058862492671.0
52520190.0
18619901889.0
388129861301.0
9861202996.0
599105658.0
72809810786.0
315145634700.0
211636683367.0
832253277282.0
3835316.0
186026832.0
2642047.0
628850.0
16511361.0
30903429.0
26317576.0
24109048.0
63337721.0
7704820029960.0
9715844390086.0
7483432712650.0
7003016632603.0
1342032534167.0
7384499761077.0
7855386347699.0
1816722234517.0
226150779213.0
317104805006.0
208245112932.0
813370846987.0
24152.0
1394162316.0
6309213.0
181607651.0
3744762.0
184743239.0
2641150.0
305046.0
16590549.0
30011220.0
9858705.0
23926968.0
2296506.0
305819972.0
390760281.0
99224213.0
131382951.0
158610413.0
158430861.0
226237904.0
239452954.0
239922080.0
454685228.0
3651948168.0
3233944029.0
543675814.0
17662605.0
30394261.0
5790527.0
12167899.0
189972.0
38984832.0
190682693.0
19102461.0
282133.0
6011759.0
17000057.0
18322483.0
21198500.0
3145680.0
2032307.0
15885743.0
26305424.0
9910452.0
51571111.0
2316976.0
193199481.0
239452954.0
270910062042.0
396389956402.0
57807917.0
880126558.0
885612626591.0
982399734054.0
13769615155.0
4968758881.0
145914836790.0
531718661542.0
493280449706.0
991220062280.0
574956026276117.0
574398077598615.0
37338418472031.0
575554695875914.0
572146968752759.0
566962169602840.0
575108378100809.0
574954036542762.0
526569244560455.0
544326928644038.0
575305773371982.0
574492830073238.0
575554695875914.0
33746197182877.0
572346765426257.0
572599633091153.0
574358797517716.0
559446123380882.0
574475814422473.0
575058531849677.0
572637712470889.0
33781253368613.0
38700167966565.0
574955237243925.0
732927912716.0
534644492935.0
488828367306.0
988734328583.0
169673.0
30965862240.0
42114216.0
212387597.0
5608825.0
128371867779.0
2288386942.0
8339193.0
34857740553.0
2193781276.0
1816107635.0
223178964314.0
1051685.0
358.0
5452476663.0
72815892153.0
20108938882.0
1347490860.0
157685909.0
179283419.0
176894741.0
178912163.0
1439440.0
156345824.0
219793147.0
227274899.0
131382951.0
334316.0
157015307.0
158421701.0
158610413.0
158645563.0
126108806.0
158430861.0
226237904.0
214401954.0
50960824.0
1749413.0
159754759.0
3856768.0
239452954.0
239922080.0
6640759.0
235803128.0
4242794264219736.0
1.696536821399489e+16
2.1684933355469452e+16
5404801553332.0
119040602076598.0
2.4339479085773492e+16
212129569766950.0
308875566912.0
1722243337854143.0
1757525632663615.0
7018385.0
16572276.0
29276343.0
5059222.0
7165675.0
28735131.0
28140011.0
6912865.0
18896497.0
16537947.0
17167455.0
30747891.0
31064511.0
27433849.0
9972900.0
355324299.0
379273569.0
342897230.0
366562335.0
186568715.0
346494031.0
204321668.0
354941903.0
194383330.0
217941749.0
217156652.0
379273569.0
379273569.0
379273569.0
379273569.0
215305534.0
379273569.0
379273569.0
18896497.0
16537947.0
31064511.0
27433849.0
342158471.0
261579551.0
313035071.0
24878874.0
308724.0
338167.0
1354638.0
3276677.0
40369272.0
6074731.0
20278704.0
15854973.0
38721886.0
355324299.0
381842096.0
298146453.0
362333889.0
347558320.0
371607125.0
321935788.0
313367837.0
348751194.0
379273569.0
379273569.0
281260382.0
368400265.0
265295883.0
297169763.0
379273569.0
6565522996.0
7010490038.0
334655802.0
268529993.0
38816850.0
128774821.0
6647320011.0
1127438320.0
190152867442.0
129826631931.0
4383777304.0
256857305510.0
108859422835.0
263986066306.0
46584871.0
47390371.0
65155839.0
39035020.0
204840591.0
273239426.0
333217967.0
222135948.0
84663003518.0
255823329341.0
101939385024.0
265283869131.0
253359.0
661959003.0
13441640.0
159214557.0
45684189.0
45333618.0
39844208.0
202650447.0
275376990.0
325285330.0
221197175.0
18817723.0
16569136.0
31133676.0
27455171.0
591711521.0
928558761.0
5356521446.0
404283431.0
13728437.0
41931515.0
6725681.0
19649492.0
7846521.0
38407569.0
381475717.0
366075054.0
341224037.0
378374360.0
321378640.0
314979395.0
348482327.0
379001375.0
379001375.0
286591308.0
360239885.0
267573779.0
292473140.0
361293370.0
379001375.0
3635391488.0
365014393069.0
5241619156.0
454862000613.0
843122093686.0
5202617165.0
271818047732.0
252141305988.0
878370082580.0
3239201.0
14955840370.0
48783831.0
222611037.0
572161253090.0
267986744591.0
242840460855.0
864065794219.0
7230259675.0
10204007079.0
10148446300.0
834150798.0
6030740.0
28595440.0
28153043.0
7294063.0
18817723.0
16569136.0
12881090.0
30769819.0
31133676.0
27455171.0
9952873.0
338706341.0
186279731.0
331596667.0
353502421.0
193437921.0
216716702.0
216365844.0
379001375.0
379001375.0
379001375.0
361905430.0
379001375.0
361293370.0
379001375.0
379001375.0
208691915.0
65774532.0
19666727.0
50341772.0
89575185.0
747392.0
572868.0
10161426.0
195991220.0
5141002.0
21934229.0
91954014.0
21210565.0
21648271.0
60116220.0
37412183.0
216303296.0
18481810.0
222412146.0
155005494.0
6083450.0
24256460.0
16576384.0
36376638.0
21355477.0
130877986.0
158742067.0
1088010.0
26066621.0
28490260.0
51611895.0
72495844.0
64008960.0
47578795.0
239558679.0
193078951.0
249506067.0
36101513.0
128648.0
83354773.0
236221761.0
6326450698.0
6338795603.0
6597891266.0
230964949123.0
11549276148.0
13160946663.0
6316074341.0
231968144717.0
6771929321.0
7055137970.0
224914818020.0
7055131057.0
6950972569.0
231608655696.0
13623643601.0
13319120969.0
7055285308.0
9034518225.0
13319120969.0
231145592356.0
397597970.0
19189995382.0
385816734049.0
10061360782.0
2758957694.0
447959072110.0
295738177130.0
211025914144.0
16487879579.0
831237371810.0
94560509.0
85552722.0
3910935.0
78264445.0
15630232.0
22052888.0
216769660.0
2661274.0
10016909.0
1380099.0
30608495.0
26970024.0
24114307.0
79972020.0
63488517.0
5096790.0
40671011.0
303292.0
63744057.0
24081562.0
7869897369.0
6338795603.0
9696131845.0
231027375774.0
11505761558.0
12981846813.0
2334730185.0
231953156790.0
9638323245.0
7055137970.0
8953735166.0
11833079769.0
226599632453.0
3123173865.0
13668666144.0
9984661536.0
3143634494.0
2867095620.0
225596890653.0
294396555644.0
212625780633.0
816132254714.0
1081179.0
1436573577.0
27826132.0
904163672.0
3705980.0
79658497.0
8401838.0
217183184.0
2662239.0
764693.0
1299139.0
30320017.0
9481485.0
24000034.0
81153479.0
2319005.0
2246997.0
39255733.0
66762462.0
23562088.0
16433733280.0
9430276886918.0
128014076628.0
90259036040.0
98958189856.0
9389948663523.0
384232327.0
115820909355.0
4324259952.0
23359913623.0
2926067637.0
4209172635.0
13465232678.0
1961312005.0
18129542.0
29877298.0
88849480.0
5805089.0
12822651.0
12313066.0
291514.0
37312726.0
217215572.0
19948854.0
188225403.0
6154750.0
1829183.0
16867075.0
17839425.0
21276428.0
131128267.0
1109244.0
25770704.0
9800100.0
51635457.0
72894126.0
2308785.0
22954306.0
191737147.0
7917246.0
35640865.0
84565237.0
239351802.0
235729837.0
130264488.0
158610106.0
158435985.0
239351802.0
239685776.0
239749155.0
9424605273659.0
117888646952.0
96666589897.0
81315945082.0
9427402002553.0
7047373810.0
102507630794.0
4032061794.0
102456639971.0
231961342079.0
231135568143.0
24862751583.0
229827221675.0
231577075968.0
231970038948.0
226993577114.0
231617006902.0
230802708962.0
231961369732.0
231949147105.0
231640511954.0
231959627593.0
26239193568.0
231580739990.0
231733591957.0
231297794477.0
231734407721.0
231278105540.0
231623629796.0
231112242836.0
231881397251.0
230680427389.0
231801466250.0
231785386029.0
228039026495.0
227093888378.0
231407272711.0
230739010273.0
26306072353.0
26309978339.0
221660861660.0
231958894788.0
231962420546.0
231959613766.0
231962752382.0
231962365240.0
231970038948.0
226726462945.0
231963125698.0
26000895554.0
231963139524.0
231146380467.0
227824784865.0
231962392893.0
227944702107.0
26244368136.0
26001249859.0
24803361577.0
231961051722.0
231962572638.0
231957802495.0
231962213149.0
231970038948.0
731586763881.0
491524667279.0
16433733280.0
488829548935.0
988806467029.0
558147757962.0
9343176830735.0
9429428984391.0
9430957795380.0
9432818345422.0
581478115094.0
9422196510776.0
9430804858054.0
9423804039507.0
9432435439838.0
9430876266291.0
9425536392085.0
9393497709116.0
9426345498011.0
9415927204953.0
11429033030.0
9432633358730.0
558756449925.0
9390845483504.0
9432651913627.0
12132593708.0
9426194247494.0
531605506136.0
651521161282.0
580289617768.0
9432640105965.0
9432444436151.0
578828665688.0
157708294.0
178198188.0
157859616.0
176893943.0
176698833.0
178990287.0
1825663.0
158205250.0
212646136.0
211130503.0
177946373.0
130264488.0
3715110.0
157016212.0
158421394.0
158610106.0
158643844.0
126108246.0
158435985.0
14631467.0
3855935.0
239351802.0
239685776.0
239986196.0
239749155.0
239749186.0
187412162.0
6637934.0
235729837.0
9433314267192.0
9343176830735.0
9422200446663.0
9425823711840.0
9432744125838.0
9431747784141.0
9422279164405.0
9422137472470.0
9406302836543.0
9433314267192.0
9430876266291.0
9430841967847.0
9426499559876.0
9415024200007.0
9394632931399.0
542655930770.0
354083013101.0
9433314267192.0
9433314267192.0
9433314267192.0
575084899112.0
602449856760.0
9433314267192.0
555051233957.0
554391340320.0
9433314267192.0
9429313719127.0
9433314267192.0
30464468.0
2701219.0
30570268.0
10885437.0
11640254.0
31774077.0
30727010.0
1001633.0
18024431.0
5862490.0
30119877.0
26539657.0
28901063.0
27674857.0
10612720.0
304776494.0
226392244.0
335205748.0
381425881.0
381425881.0
221966324.0
381425881.0
381425881.0
30464468.0
30119877.0
26539657.0
28901063.0
930179.0
409065.0
48759637.0
6966831.0
33418371.0
91304.0
9166666.0
568287.0
27815367.0
27769716.0
225613544.0
347805716.0
286927590.0
303864011.0
381425881.0
324344620.0
414651267.0
276858573.0
381425881.0
372040935.0
381425881.0
122456354469.0
69349221816.0
38334723774.0
35442821864.0
37266188.0
9872721.0
37700375.0
10376572.0
57334884966.0
105815022780.0
6072097.0
33742733.0
8896720.0
15062055.0
15088961.0
30456682.0
30082837.0
26521826.0
28835668.0
225282339.0
345873397.0
304037083.0
381133279.0
327350317.0
413249685.0
285306908.0
381133279.0
366816386.0
362585436.0
13144147543.0
57601519068.0
30456682.0
10969686.0
31673810.0
30643365.0
18012827.0
30082837.0
26521826.0
28835668.0
20794701.0
8730010.0
304844645.0
224594976.0
381133279.0
381133279.0
220486095.0
381133279.0
381133279.0
381133279.0
362585436.0
362186508.0
236882621.0
42158629.0
241110535.0
253759971.0
75409004.0
70217984.0
237880600.0
257403292.0
908316918.0
4973549190.0
227770558509.0
243242549038.0
240693283240.0
16607841485.0
723272112.0
2969037899.0
9175182626.0
239203539963.0
55062454.0
29403255.0
756181.0
77472270.0
253882342.0
204967080.0
22347969.0
207643030.0
260422.0
7254400.0
69336600.0
482574.0
16797541.0
2061934.0
11857113.0
33716364.0
14798981.0
24212510.0
32340481.0
30022441.0
33052907.0
53102681.0
56122278.0
68799975.0
247548296.0
211904621.0
69040798.0
43154552.0
257403292.0
104340966050.0
11404103519.0
7907626157.0
1509308479.0
3453018993.0
2589328099.0
11945959.0
2030643034.0
11413351652.0
243791718481.0
35926060.0
3047678140.0
22976823.0
16044676.0
78268542.0
12368573.0
70226829.0
11171541.0
18069273.0
67735202.0
227770558509.0
231809044413.0
1932501513.0
1843636849.0
81943800.0
32519802.0
11405242505.0
275440352.0
90622258802.0
498862.0
327957222.0
7138384.0
82852550.0
40353587.0
40509946.0
102253076.0
156035396.0
35926060.0
198480008.0
721587.0
18355943.0
5662073.0
6934919.0
36385521.0
33771784.0
25527011.0
68811896.0
569850640.0
15955087.0
6235459.0
69707848.0
198046232.0
334810.0
18200817.0
5625146.0
6595692.0
36630129.0
12391490.0
25218014.0
2436962.0
8329577123488.0
324135426.0
2914254540.0
58366001106.0
97270554501.0
41930498.0
46941705.0
69850579.0
259525.0
77441393.0
21532595.0
205429746.0
3572421.0
2262988.0
472409.0
16738603.0
11817818.0
33175520.0
7713730.0
12748868.0
32544060.0
29364115.0
11632353.0
53039589.0
30263753.0
2397879.0
209963205.0
36552677.0
42740790.0
256722457.0
236781361.0
208720391.0
256722457.0
257194359.0
257158305.0
256791344.0
8464403184998.0
2026143131.0
1559066235.0
37800105475.0
75946120684.0
151458149.0
97985342308.0
306122365.0
2580974.0
46054837.0
1568117846.0
188016196.0
489831910.0
229329358.0
21295498.0
241824044180.0
646064063.0
232059425220.0
1945625969.0
10567764.0
36839061940.0
1451358.0
16498.0
164662080.0
15493598.0
778130.0
82350015.0
1012931599.0
80225450.0
72540371.0
110498841.0
1010827.0
285210095.0
49790018.0
312189266.0
1370909376.0
243815144905.0
155244211.0
262225153.0
182032047.0
310826757.0
331757079.0
291071725.0
243815086775.0
243815246632.0
572319863.0
8329638242521.0
8066842563763.0
24417693024.0
8458207432433.0
463075142024.0
8331524850693.0
8474438324100.0
8470384768390.0
1229556845323.0
8464383990591.0
8459395970325.0
464986122041.0
428585223337.0
8459512652116.0
8464345601777.0
8465081555755.0
236781361.0
242211324.0
2071700.0
208720391.0
226418469.0
256882954.0
211400576.0
250370751.0
240402712.0
56428068.0
1989745.0
530820.0
167401228.0
4109508.0
254584566.0
256722457.0
204337749.0
256859526.0
257194359.0
257158305.0
257212985.0
204466640.0
204722567.0
7396745.0
256791344.0
8465557375004.0
7733262962782.0
380466549505.0
8431648939515.0
293751995494.0
8474438324100.0
8474438324100.0
8465141159440.0
8474438324100.0
8474438324100.0
382651049824.0
423070556526.0
8474438324100.0
8474438324100.0
30118957.0
26540630.0
32754405.0
28953988.0
273869493.0
427382669.0
323628806.0
309035226.0
346531211.0
45954845.0
6949581.0
39958125.0
423923.0
33262772.0
28004831.0
522476.0
27839553.0
4187628.0
10585963.0
43133065.0
46811697.0
3168871.0
24726172.0
367204716.0
324028660.0
347809043.0
352127969.0
409376471.0
414022675.0
372675872.0
306211380.0
276610336.0
381430477.0
371824064.0
286748654.0
303049349.0
392700651.0
303881538.0
381430477.0
381430477.0
275366769.0
69658966.0
41230668.0
236835185.0
343755349.0
50877660.0
47081214.0
30853351.0
332724683.0
207567405.0
41983795.0
354310293.0
283489351.0
174010213.0
225536681.0
63573987.0
52685489.0
49125178.0
325172213.0
206015664.0
42260148.0
283395116.0
225315763.0
404215106.0
343247585.0
43135819.0
7177238.0
39501105.0
13361440.0
14172534.0
22813218.0
30082079.0
26520855.0
32704001.0
28826834.0
360989621.0
328843751.0
346253872.0
351543691.0
407842976.0
414412583.0
279498355.0
381148439.0
367061450.0
286682440.0
392437134.0
304226651.0
381148439.0
363230972.0
381148439.0
1065932208.0
755124404.0
33654177.0
33273984.0
32422475.0
30082079.0
26520855.0
32704001.0
28826834.0
20764342.0
10437350.0
8730013.0
10589042.0
363830787.0
220699656.0
224976977.0
220530066.0
220807885.0
381148439.0
381148439.0
381148439.0
363230972.0
362823709.0
381148439.0
381148439.0
381148439.0
110692.0
30314.0
41224.0
135333.0
478126.0
8719.0
552277.0
602101.0
63141013.0
471705.0
96450604.0
23192809.0
18378874.0
734069.0
25749724.0
8759574.0
5663088.0
23812904.0
38307594.0
5856938.0
17513609.0
16637057.0
6896457.0
10854352.0
26777214.0
4822382.0
32096841.0
275678.0
37440413.0
59018627.0
33586609.0
31611411.0
27609196.0
4091855.0
7048854.0
25508652.0
83223058.0
87879348.0
22517367.0
37223544.0
127735012.0
13632647.0
69986820.0
79482.0
68790501.0
5573710.0
168839381.0
20740251.0
161070250.0
210835422.0
30028985.0
22717144.0
230853153.0
234674385.0
21090411.0
8061526.0
16823945.0
225993.0
12573890.0
92917733.0
28412309.0
79092929.0
156086430.0
11173955.0
863866.0
45288918.0
41863747.0
16308231.0
18126984.0
19866578.0
17401504.0
532024.0
170786090.0
86527595.0
145827360.0
19506021.0
49204752.0
217881342.0
50611288.0
16645517.0
15825231.0
94269148.0
35888879.0
57333061.0
105146365.0
257402679.0
5589475.0
1370509.0
16817174.0
6655736.0
37669146.0
12145972.0
25201055.0
87009440.0
127017094.0
69419257.0
2400687.0
2557877.0
20205375.0
235260205.0
5746646.0
45133818.0
8203515.0
86163903.0
35042088.0
3947634927.0
18172241.0
4414029653.0
55993026.0
17623204.0
145271580.0
108059483.0
3601993521.0
63491368.0
557866546.0
553430065.0
3806737550.0
1304754.0
112757969.0
417005.0
3426366.0
19293215.0
118934371.0
3679737245.0
101210.0
7948249.0
159392.0
10411303.0
2603.0
11759193.0
3274684.0
43585697.0
32523025.0
7673731.0
12684701.0
32281678.0
29766698.0
11815041.0
77649835.0
53041046.0
77993191.0
31017189.0
143016565.0
69344033.0
2398917.0
25631621.0
20115919.0
238391273.0
378168.0
209052094.0
45296563.0
8362625.0
22898965.0
35432894.0
42894996.0
17858766.0
91806335.0
42799628.0
221116662.0
204296999.0
256722794.0
256802590.0
113316.0
124834849.0
12507413.0
10935177.0
159443792.0
228511844.0
3823622620.0
3826409348.0
10971526.0
114354156.0
4412003539.0
188045480.0
292619900.0
120267001.0
4414043070.0
56221088.0
217907040.0
43054278.0
140988756.0
256722794.0
257195142.0
257159363.0
257176501.0
204722644.0
256802590.0
226436054.0
3706739201.0
366318566.0
557866546.0
4413246411.0
3789713828.0
17615484.0
4414034125.0
4414014130.0
4388562344.0
4183902243.0
1101031.0
56729513.0
16676760.0
281855.0
6692965.0
4070669.0
219979330.0
4412926485.0
4200958589.0
119333.0
8400833.0
4218145957.0
576805684.0
1348955.0
775272.0
150558349.0
245732.0
4386667779.0
4211034695.0
34129241.0
573443232.0
553484329.0
51424884.0
15606999.0
76470193.0
25365898.0
20682645.0
733458.0
7261240.0
4408187310.0
132624672.0
2831901.0
11219868.0
44781221.0
4216369260.0
1173476.0
539028.0
454938.0
4414039124.0
4414043070.0
