14406907
2068928
11606745
2108739
15152322
11603349
15046183
11891730
11727068
11777899
11907405
14994126
14642072
14895324
14635359
14879707
15258406
15149025
11807820
15180943
2132392
15180679
11806501
11920542
2152791
715721
15326021
67911943
182443
55279594
70680003
66840794
55518559
56191601
22022651
72244505
6470204731
2386808179
22191926929
21595895245
21969421865
6580165861
21946388028
22504939027
3737104189
44015243
17047939133
17581854282
1029998830
18176017
53220
14160344
20618006
19498074
15808699
15039173
6424210
19335588
21074386
1198942
53187
435544
603907
8879026
3426226
6836761
6424210
19028240
21074386
1198942
435544
3426226
19028240
7433605
3321434
26394931
147980248
7433605
413629
3321434
3717865
462636
26394931
53043683
5082619
147980248
162232280
18176017
14160344
15808699
19335588
112693794
107985979
121786922
150370455
112693794
413885
107985979
126931725
1015935
121786922
116682903
5082619
150370455
162232280
4479666
182330
1700291
2070235
30437938
12032562
25544525
22022651
71096146
72244505
1463282
13703438
894400
4445803
1896934
2852155
1960432
91612721022
958304127926
212622857884
710938988312
11476035367
4479666
1700291
12032562
71096146
1416399
13542361
875702
4252756
1735254
2852155
1960432
84442205520
930278982356
203771613798
349250896353
11281707837
27774542
12966323
92696350
552905855
10929438
105317251
692826
33073153
10784193
22180853
51817
27774542
1417958
12966323
12745098
1585950
92696350
198189710
17423581
552905855
556143877
11291204
106569927
707619
34574455
11788995
22180853
51817
67911943
55279594
55518559
72244505
5823714455
2346391561
20454967757
20988551589
19639312897
6387732060
21032785233
21381547242
3470566561
33774679
8374850896
17284134886
1006330257
421063343
421559043
427703407
561836500
6054928651
2159365047
6773316490
2814089729
421063343
1418836
421559043
435131055
3482698
427703407
435968064
17423581
556143877
561836500
3855878
3385794
3003989
4373924
4428344
3361856
3190425
4101871
4470741
844738
87720
27699
254345
3383696
92397
128113
2016578
728617
1450357
4036670
4470741
4470741
1558270
221042
574712
4947
1821779
254345
92397
728617
4036670
1558270
205590
512602
4947
1767385
832151
86413
25896
1576974
704614
5613114
31392679
12117437
1275690
17644
38472
13744733
1576974
26314582
704614
788709
105073
5613114
11252737
31392679
3537100
34416116
12117437
1371570
19782
38472
14167748
3855878
3003989
3361856
4101871
23906971
22908249
25899038
31899739
23906971
26330897
22908249
26927421
230736
25899038
24753226
31899739
34416116
3537100
950321
11599552
360701
439182
6912973
2558828
5419041
15082407
15326021
15326021
5935876
310422
2907061
189739
2895822
943137
856411
378040
2224414
16958
605059
415888
1320116
108166
6245189
648148285
62113658
2131424228
144158839
497114519
7780781
17884659
950321
360701
2558828
15082407
5935876
300476
2872890
185772
902184
796542
1984017
16958
605059
415888
1207599
6058724
622952127
57252030
2069091747
138157673
244208989
7649026
15478971
2852674
372407
101127
5892120
2750685
19712678
117293997
46158627
2318580
22342107
146977
7016172
4942559
68290
131880
4705468
10993
7504942
47117940
135364817
989639278
5892120
90208268
2750685
2703759
360196
19712678
42044163
117293997
12125433
117980914
46158627
2395326
22607851
150115
7334659
5314048
76565
131880
4705468
10993
8204208
48568055
140839834
1143445583
14406907
2068928
2061675
13873252
11603349
14107406
11727068
11777899
11290257
14475408
13544864
14452077
14505915
14746450
15022423
11154547
11849606
2131229
11806501
11115296
5956871
11554279
11920542
1895310
711319
15326021
89324796
89429954
90954823
119188553
13124718
440407
133951594
3394443
3501939
119123664
642542
116568985
706605
149340587
89324796
90264207
89429954
92309134
790980
90954823
92486698
117980914
12125433
119188553
13350793
458220
136333279
3675181
3703059
137637478
14907511
4374677
2130725
2110683
4616504
15004551
3319805
4307883
15266580
3456683
14891433
14854110
4500980
14819491
14836732
14912498
15071944
15136015
3279615
30044
4658980
2161625
15283615
68298672
5931199
14950834
1325212
2473004434
219198857
2932166103
254631503
2554565172
33769705
565829460
357369181
336928097
53556642
80726567
5438721
47674668
262030927
73860465
1341382857
2565521849
370418103
173498050
694203
5056557
330033
699967
2118940
1052442
723398
16553458
15998670
7625461
123862173
84988852
40548748
11966200
18953318
1309830
671961
4997120
323134
640307
2026931
1052442
723398
2468949153
42636773
240726708
66029961
1244669155
2348079004
341418131
160749304
3400690
25487998
167672
2609899
10338438
5368020
12540
20487935167
1979288461
3513254
25791158
171252
2853073
10807733
5368020
12540
24291921267
2299232965
4005392
2110683
14068371
3017503
14721931
13507386
4444613
7405519
14820786
3098169
23451
4322309
14899677
14770813
15283615
13571291
1657626
98792
3852659
13926630
3175640
13263778
13985257
13853150
1992392
14160565
14181666
120205735
172181532
640764
230696
71666371
4274556
601164594
613615708
704650
295554
92120495
199747997
142524289
659005615
200014041
661295101
3201
19158
6048
346754
185537
340239
393810
161334
48857
24482
23129
397775
340239
357950
143898
45442
22713
23129
385898
2843
18873
5654
329737
182772
6762211
12659
720671
459725
7670333
8692851
551566
6762211
14193
774830
459725
7906407
9708384
603532
1505793
3214321
3156561
3132200
1434618
215140
42491
3253539
3262569
211385
27396
1523600
210596
1533977
3290587
1455222
100120
1475110
199532
1509085
642810
319273
95735
218307
221065
101575
437222
219453
696589
191614
1532840
3131068
1319119
87100
6843
457466
57076
1711519
3267290
3295416
3259587
1537103
3295416
20829
21083
21323
21354
20131
20769
20783
21036
516023
2479
522656
523824
2543
530557
3086111
3132200
1386056
205681
39840
2965479
1523600
203849
1515946
98027
1456637
1345995
614898
319273
205090
99023
218486
219453
637217
191614
1515659
1319119
76683
6843
425486
3267290
3197023
3106593
3205061
200701
24335
3207233
1419319
196559
90861
214734
2977407
53362
1686017
3224659
3167223
1514200
3246314
11171114
721439
5407142
35571
21249
2193245
1138797
2660
1816314
683457
1210898
11403281
733057
5434443
11653912
13538973
14910102
12976665
256721
72017049
4980558
1876852
79632327
382565
80657291
11171114
745317
5471456
36330
23824
2292803
1138797
2660
1985547
683457
1301910
11754233
766770
5434443
11653912
35392825
38084647
32774576
266553
80836802
80430340
392508
5449712
2164070
81877270
76005
77657
76471
77769
72260
72282
75394
79070
73502
72244
79634
77119
78746
78555
79654
75629
77198
76916
70571
76177
71221
74081
74457
75433
77467
74269
79807
78342
76384
77845
77172
78956
73045
79184
39903
78342
79851
70301
79360
79851
77398
62328
79851
79851
76414
66241
1825
79262
76441
71780
78890
78415
78920
78762
77081
79732
75784
76932
79851
79318
79851
79851
79851
77106
2557
705835
705161
723080
3559
785091
770679
776720
2619
691577
3672
785524
3348
613144
56361
1554
66615
67994
67493
323
67994
3682
785524
77106
2615
730567
776622
778362
779730
775809
3766
782804
3788
2670
3817
779399
785524
636124
818102
88839
776616
811456
803673
143063
236950
813501
760190
631420
782512
796045
625705
2131
639075
739780
745181
250467
186158
821647
252081649
249599357
76871627
255951841
253468074
27413631
197527281
77464210
226465525
42502612
500592
193888608
28174459
199960900
11850192
11714328
74430113
252392676
75346742
35499239
36360751
257086055
238957
23389
222406
41787
69210
217939
204995
174947
164673
155964
195761
217658
51960
207502
217179
215096
237306
221754
179794
622
163705
171043
73064
219906
239682
174947
164673
195761
207502
50592
345
2423
2192
67799
214472
24456
22061
11167
14326
214242
6951
100982
38967
622
5035
77756
73064
216410
239682
323
2382
2065
64393
14083
203427
38307
4950
212745
211276
10968
87317
295109
37748
1654491
20651
150861
132025
13867
1643067
84502
1360541
1268587
1510538
1597367
22057
153457
140144
14600
314417
1667922
189893
137104
86036
88823
42793
5262
300194
4837
38397
603278
57806
1682994
1845091
21906
218640
39361
65733
213501
204238
176749
160933
216182
1400548
13847260
2516523
14155
1323735
1361637
1227266
1681220
1495363
14085774
2671628
14904
1485061
1694884
1591723
1360541
1268587
969279
1510538
1692699
400323
1597367
1346540
1460940
11554
1385096
4837
1248405
1327054
57806
1710182
1845091
625705
639075
739780
821647
124083
173207
1310
8461
53526
800484
7505
232120
23828
346175
136848
770065
94970
2130
40932
19657
90397
290521
52944
250467
40008
79604
25281
383273
54716
821477
808587
821647
2418189660
11281519916
8085609043
130518563
1682150323
5103170167
575566131
1061302748
1227
8318
52620
760077
7069
220460
134531
19324
794895
116926
758591
39030
47710
39297
78418
24384
373124
53901
2317523216
10951597265
3972079535
128308449
1541343755
4683467196
565819878
978234723
326251
1036399
147364
6181799
78448
526809
451953
47475
909319
5899468
301169
296506
302762
609847
19292
2901739
1425
476407897
1315248226
122950225
3888608
4923225
4970007
5708318
6325103
6384840
83754
535866
479828
49986
964978
1076440
331869
146694
18037
1054248
5988699
737413
16565
315846
149903
561796
2254036
329034
198161
308240
619070
20001
2980666
1446
6288280
6325103
519929247
1433112528
125068044
83207
763465
797715
763105
134757
225047
620728
628253
807734
244992330
239208824
68812211
243175348
243379930
26949427
193450539
75198806
218467942
39471242
384125
95248356
196574895
10858256
11445142
66993201
240944455
69149956
35745042
229819133
185358228
236963964
234939595
249824660
4945942
4781959
4791022
6281647
5319793
48352993
8615613
48463
4399469888
12368151070
13825591368
24558815
3356136
15404647795
19419236
7767244
70854742
56822044
5679871
49185894
9146652
51026
4947057
5084310
5031138
5008199
39609
4864328
6085498
6181043
3888608
16573
4873550
4958326
4923225
4931330
3971700
4970007
5708318
5795180
1556593
198161
1434246
21717
6325103
6384840
650059
6389846
4914744103
12628795270
14331712831
32005067
3662729
16136583346
21159467
7901035
78810395
79261313
50693
35216
49781
39126
50369
48081
44452
50419
37113
34934
33086
48651
46125
44020
50912
49248
50547
46073
46090
44442
50342
40435
50364
38235
34728
35028
36285
39548
2375
45758
44636
46651
50846
37113
34934
46125
44020
23577
2448
773
10733
519
542
2053
49342
47316
5303
50389
4680
10456
49248
3039
45907
6169
1475
22935
8287
1068
16041
16495
39523
138
44656
45909
50846
50846
4294748
6501652
23226
2412
723
486
533
1934
46863
2988
43590
8147
1050
45132
46611
10270
47643
5652
14094
136
43991
48593
18526
62763
8007
350986
31072
33757
123649
10092
362488
79125
35071
485
1058
342083
377902
288623
269120
355911
338869
33182
34327
131257
10626
66703
367971
41176
312910
29085
80558
18842
38279
9081
1195
63841
8145
552
127978
307365
1073
347254
357029
40228
391417
395423
32983
48938
36854
47839
45293
43763
37588
34140
45861
2108749
3099420
2356240
10302
280823
289570
260350
356655
2251515
3152810
2501499
10847
315045
373920
345156
313096
288623
269120
205622
374829
355911
338869
395936
285659
275764
309923
2624
294554
264834
1206
281521
307560
18470
355824
362799
391417
40228
395423
168825
80823
26323
36744
127810
1972
1894
11355
171526
7027
23903
168929
5055
10551
78622
29102
169891
20594
172512
134016
8683
62084
4170
19177
61632
135490
135574
473
16887
5363
81308
37461
11608
36845
174269
171534
174305
78700
3019
170107
174305
1639539
3372303
25091935
42178289
1540976
24379372
8283956
2780777
5653753
88492
41436457
19876397
203405
7525475
1155484
2759130
11805528
719566
25516000
53863801
1847
1862
11163
162868
6619
160443
28609
4099
131566
168629
163324
79619
24805
125906
21901
10394
167360
8280
54549
466
16635
5173
79155
36795
11435
33202
75791
2823
167572
166581
1571287
3315199
24358133
39782886
1501020
23612919
7717160
2733689
2777423
86994
19036852
176045
7232929
1058763
2712409
10834599
663246
24246036
69212
220398
31259
1311407
118087
117927
423182
34551
192905
978388
135896
1301538
63891
1878
3624
129368
4093
615579
283485
302
206343
589417
1303075
1295480
1023172
8644650
95966867
1217110392
11255338
1571684
327249
589395
3042658
1538069660
126079
119954
449267
36378
204711
228355
993184
70403
148319
31120
4097
224196
1321221
159906
1071279
67001
2137
31800
119181
478178
1053689
3678
131328
4243
632322
288617
307
228983
1333999
137904
612040
1322788
1341814
1355548
832878
1044418
1054342
1341814
1354486
1344979
9165161
98521431
1270786228
13004584
1635253
357144
599547
3315322
1618630998
166105
162184
153050
129525
168683
164874
165012
125278
131013
170885
131160
169228
163516
126177
167254
166893
167959
163781
166441
127842
124714
132485
23828
132009
132003
168159
167207
167834
23785
124275
126298
126371
66601
129848
133278
129183
131566
133278
23532
21191
7459
7953
154624
156889
155818
125673
160662
165630
159290
169382
166399
171353
159970
171353
1049237
1016924
1023172
1016370
1332591
9785165
36702
8009578
10822764
8385641
8067055
10562097
35270
10533103
27780
8470354
1523430
10751151
10730372
153485
38605
8301759
39828
5113
1354835
2305
9870309
48040
38525
10506892
10638626
37234
44924
1049474
1078591
1048978
1067310
1068418
1062445
8996
1034442
1342576
1340333
1071918
832878
4666
1033880
1051864
1044418
1046137
842560
1054342
63304
4607
1341814
1354486
1355433
1344979
1342925
1083264
137904
1355548
10931190
47952
8551742
11009154
8562355
8564273
10904668
37135
10918694
29452
11038600
1550538
11037321
11034508
156130
41798
42115
8667847
5320
1565371
2516
48950
37876
53434
53739
11126632
11057198
11144092
42687
15255
48630
47462
51826
45137
47982
6646
11330
11857
49046
46166
45247
43725
52332
48877
50955
47532
15951
174
45951
48011
52328
42687
49046
46166
45247
14944
530
51317
5385
47219
98
2435
622
6185
11080
22258
11044
47343
15951
174
1413
3167
47248
21826
1533
52328
1361157
117660
1148007
101287
46515
2392
237252
12087
49285691
4348339
27423
240842
12304
25210
45162
216029
250161
233255
228446
761
55801
8277
887
7067
12878
240990
111063
6190
264197
58436545
5051246
216029
242082
229862
244734
57251
250161
233255
228446
178224
213306
1670
257455
8277
887
229826
195233
244306
244882
264197
211285
272978
61297
283510
300295
140049
139512
292665
303187
952180
1465199
26609532
50893252
50689855
6206884
7348129
5207139
3441748
51740890
128961
86576
3131
65550
297307
298973
35386
286899
630
19536
92422
1010
14763
3604
19419
59140
19999
8880
9325
29374
9329
141427
64190
20190
303124
298368
42886
137828
303187
11276689
6683774
23159319
3281071
1062424
7338130
370059
682362
1601404
51954411
107890
336662
325379
56225
278960
134151
137433
274055
851561
1309862
24690985
46579754
46820499
5344322
6772845
4783777
3188846
46945988
9510819
3099168
20029896
2842243
914585
6723779
343378
593659
1448615
100111
282624
17605
14500
18517
55729
28936
8998
137682
19889
50213164
281845
546801
700982
1441534
71758
73269
93712
284248
147589
4669
702252
345
408313958
4189793
540177
39263925
50496
307270
570841
711586
4407
331198
180205
1463339
79629
47957
5152
74598
98277
301646
81324
35855
46639
149823
4841
721354
261639
350
1521837
174804
701345
1530748
1381478
1224006
1530748
1545205
1531861
1546417
484125449
4844396
623577
45610781
54420
74573
55801
245682
136314
76947
258819
263119
272808
268205
76974
277431
39235
274810
276231
57028
236558
33234
432
79561
78090
1978
84684
39789
39524
63107
255821
206330
263774
261521
278090
280267
280909
274783
274260
271888
278125
276576
275090
281327
281327
276011
2395622
10522131
54139
11604758
14629
1436850
18692
3415623
3378817
85585
5851
53377
42806
12126659
11938832
12172524
1381478
1436043
9678
1224006
1402500
1528155
1223835
1510495
1486990
376713
47957
5157
347103
5256
1516404
1530748
1232885
1542782
1545205
1531861
1534382
1224179
1235794
157322
1546417
2840436
11555791
62597
12878878
16888
1846928
25788
3967756
3998937
6306
62900
63260
13087537
13118367
10405
9794
10058
9599
535
90
169
9678
5178
10418
1168
2280
119
9270
1312
148
2350
10876
11089
10915
10993
582
11095
9750
300
2349
4503
1364
672
683
10146
10024
4631
325
646
11042
5056
11102
11095
11102
527
80
158
9203
5101
10263
2239
10898
9605
3957
1250
624
636
9887
10610
10740
80451
17388
190898
348
19824
12642
210891
15383
243739
81666
9141
17706
8219
14721
69448
81564
76051
78229
74483
193780
5847
46251
396
21632
10649
199243
91832
5114
12840
673
22449
220531
218434
220670
16837
272212
82982
76607
82388
81564
76051
78229
74483
58108
69492
69546
87027
198570
190016
213378
865
155784
161414
201987
202463
218434
174687
1478
22449
220670
590
593
596
596
584
576
581
587
14510
69
14584
14659
14734
71
14808
16691
5617
5486
40108
4563
37007
18052
16906
5640
2550
18227
5913
681
8778
42005
2730
40687
38140
1116
2536
41768
5993
19415
5639
40788
85786
2723
41692
6007
6034
17520
89027
5268
81913
90119
41672
5665
90286
89164
88233
83100
36268
2108
41094
86995
88893
87333
46122
83138
188
39993
86623
86066
5726
11084
11698
1489
47057
88424
89832
41455
90001
88398
89212
39683
41174
42262
87900
89646
88979
90606
19879
584
63281
60301
31310
991
148980
68605
305746
148709
73
49939
18790
318034
117134
142649
33292
315368
313526
2239079
10693
2251179
149825
20408
320417
1003771
2211948
1035374
901108
2161461
1145938
385
63357
1989
4581
139013
1005509
2019357
52375
7315
7268
1023001
31872
20849
665
68988
63993
17253
7607
9895
31784
1027
70433
153032
69849
55506
310372
150960
74
55417
19075
322846
1001
322849
122284
33375
39078
37084
148124
36337
320136
148786
327861
261804
324740
328064
391
64897
2163
4989
152103
1055996
2255256
2272944
60400
7595
2262757
7689
1065910
10971
2285218
152090
311869
21669
325264
324740
327807
324976
325506
262167
328064
1054642
2268695
1062953
914748
2285218
1163281
163
34337
34337
30936
30968
151
31608
156
121
155
31267
112
33489
33500
792
114
33985
32932
28766
118
34208
112
34319
34023
32901
32941
32969
33689
33344
33952
33353
33678
114
32714
34015
117
30231
33453
33966
3466
160
26802
141
34337
34337
