25675171
33524208
10396692
9530301
11963856
13051480
30730524
38577540
42084589
5706918
7164175
59803372
75074116
382393
118589
148871
480037
33261574
10315243
9455639
11870129
6474616
30489776
38275316
41754891
382393
118589
74435
480037
3981255
2853459
7164175
7298967
9162753
9995731
29901686
37537058
23535573
29545364
32231306
25769441
33647297
10434865
9565293
12007783
13099400
30843355
38719182
42239108
33383698
10353116
9490357
11913712
6498388
30601723
38415849
41908199
7991745
7325767
9196396
10032432
23621987
29653843
32349647
651086
6877317
908420
325543
6877317
3063620
3610241
4405619
1768481
947965
3063620
3610241
4276769
1716759
702102
3063620
3610241
4405619
1768481
947965
3063620
3610241
4276769
1716759
702102
3039619
3581958
4371105
1754626
940538
3039619
3581958
4243264
1703309
696602
5429135
6397820
3039619
3581958
2499498
5270351
6210705
2945467
4371105
1754626
5429135
6397820
7400456
1244218
940538
1519809
1790979
2121632
851654
348301
2499498
2635175
3105352
1472733
7184017
603914
493965
47324432
43380730
54457966
59408690
32427186
32681850
41027135
40707443
47324432
32427186
32681850
41027135
40707443
47696091
43721417
54885647
59875251
43380730
54457966
59408690
46953684
43040877
54031332
58943272
57465216
57916515
72705452
72138915
389929
489498
1257331
1578390
32173146
32425815
40705722
40388534
250622296
252590537
231541325
272853722
297658606
229737104
270727586
295339185
24834995
55784549
56222648
70579058
70029090
25030034
31421434
31176592
389929
489498
1257331
1578390
26181180
32866524
84421401
105978340
106106778
105279971
57465216
57916515
72705452
72138915
83865086
84523713
106106778
105279971
103003506
102200880
45856632
45499307
539805
544045
389929
489498
682966
1257331
1578390
677644
46953684
16086573
16212907
20352861
20194267
47322431
43378895
54455663
29703089
43040877
54031332
29471636
250622296
252590537
231541325
272853722
148829303
229737104
270727586
147669592
24834995
27892274
28111324
35289529
35014545
25030034
15710717
15588296
81412309
82051674
51501753
51100440
539805
544045
389929
244749
341483
1257331
1578390
338822
36528984
13090590
32866524
33484902
42035246
45856632
84421401
105978340
33223981
41707698
45499307
36377419
47498191
43540008
54657915
59626817
47498191
47871214
43881946
55087167
60095091
43540008
54657915
59626817
47126081
43198908
54229716
59159690
251542490
253517957
232391461
273855542
298751500
230580615
271721599
296423563
106496364
105666521
84173008
84834054
106496364
77158591
105666521
103381697
102576124
46025001
45666364
47126081
47496182
43538167
54655604
29812147
43198908
54229716
29579845
251542490
253517957
232391461
273855542
149375750
230580615
271721599
148211781
81711226
82352938
51690848
51288062
36663106
33607847
42189584
46025001
33345967
41860834
45666364
62962
13783281
13783281
11696374
11696374
13783281
13783281
6751756
16819897
6751756
13783281
13783281
21428509
21428509
6554290
2680507
18184049
18184049
11696374
11696374
13783281
13783281
21428509
21428509
3619167
16327970
6554290
2680507
6751756
9051783
9051783
552207
650734
365592
146754
552207
650734
16819897
6751756
12221535
12221535
365592
146754
9051783
9051783
13783281
21428509
21428509
6554290
2680507
8787048
8787048
3593638
3593638
536057
631702
254228
299589
354899
142462
78665
58262
2629729
2629729
18184049
18184049
11696374
13783281
536057
631702
254228
299589
21428509
21428509
3619167
16327970
6554290
2680507
11864096
11864096
354899
142462
8787048
8787048
78665
58262
3593638
3593638
62469
44297
13783281
13783281
11696374
11696374
13783281
13783281
6751756
16819897
6751756
13783281
13783281
21428509
6554290
2680507
18184049
11696374
11696374
13783281
13783281
21428509
3619167
16327970
6554290
2680507
6751756
9051783
552207
650734
365592
146754
552207
650734
16819897
6751756
12221535
365592
146754
9051783
13783281
21428509
6554290
2680507
8787048
3593638
536057
631702
254228
299589
354899
142462
78665
58262
2629729
18184049
11696374
13783281
536057
631702
254228
299589
21428509
3619167
16327970
6554290
2680507
11864096
354899
142462
8787048
78665
58262
3593638
13675300
13675300
11604742
11604742
13675300
13675300
6698862
16688127
6698862
13675300
13675300
21260634
6502942
2659508
18041592
11604742
11604742
13675300
13675300
21260634
3590814
16200054
6502942
2659508
6698862
8980870
547881
645636
362728
145604
547881
645636
16688127
6698862
12125790
362728
145604
8980870
13675300
21260634
6502942
2659508
8718209
3565485
531858
626753
252237
297242
352119
141345
78048
57806
2609128
18041592
11604742
13675300
531858
626753
252237
297242
21260634
3590814
16200054
6502942
2659508
11771150
352119
141345
8718209
78048
57806
3565485
2430980
7116792
7061337
5624998
5669173
7116792
7061337
6908650
6854816
3075695
3051729
2730242
2751684
3454325
3427408
2450071
1537847
1525864
2439905
7142923
7087263
5645651
5689988
7142923
7087263
6934016
6879984
3086988
3062933
2740267
2761787
3467008
3439992
2459067
1543494
1531466
135085
135085
2430980
2430980
7116792
7116792
7061337
7061337
5624998
5624998
5669173
5669173
7116792
7116792
7061337
7061337
6908650
6908650
6854816
6854816
3075695
3075695
3051729
3051729
5460485
5460485
5503369
5503369
6908650
6908650
6854816
6854816
2450071
2450071
3075695
3075695
3051729
3051729
2439905
2439905
7142923
7142923
7087263
7087263
5645651
5645651
5689988
5689988
7142923
7142923
7087263
7087263
6934016
6934016
6879984
6879984
3086988
3086988
3062933
3062933
5480534
5480534
5523575
5523575
6934016
6934016
6879984
6879984
2459067
2459067
3086988
3086988
3062933
3062933
135085
2430980
12054719
11960786
4838500
2091076
11960786
2091076
7116792
7061337
5624998
5669173
7116792
7061337
2091076
6908650
6854816
3075695
3051729
2091076
5460485
5503369
6908650
6854816
2450071
3075695
3051729
2439905
4894404
4856265
7142923
7087263
5645651
5689988
7142923
7087263
6934016
6879984
3086988
3062933
5480534
5523575
6934016
6879984
2459067
3086988
3062933
1884987
867821
492965
867821
195711
40971
10714
39773
18862
10401
4253
18862
10401
4253
194178
4220
1537894
708025
346826
1537894
346826
194178
708025
336683
137693
708025
336683
137693
464975
3696856
464975
194178
260326
708025
1100748
336683
137693
451376
184599
18714
10320
10514
4220
13059
15389
632154
7318
41577
2992
10514
260326
708025
13059
1100748
336683
137693
3588735
632154
451376
41577
2992
184599
1349180
1144902
1349180
660897
1646420
660897
1349180
641568
262382
354263
1144902
1349180
1598267
641568
262382
1349180
1144902
1349180
660897
1646420
660897
1349180
641568
262382
354263
1144902
1349180
1598267
641568
262382
1338610
1135933
1338610
655719
1633521
655719
1338610
636542
260326
351487
1135933
1338610
1585746
636542
260326
2390923
2028917
2390923
1338610
2320997
1100748
1135933
1338610
934085
1969578
2320997
1100748
655719
2390923
464975
464975
1633521
655719
2028917
2390923
3696856
3696856
464975
464975
1338610
636542
260326
2320997
1100748
451376
451376
184599
184599
41577
351487
1135933
1338610
1585746
636542
10514
260326
260326
934085
1969578
2320997
13059
1100748
1100748
137693
3588735
3588735
632154
451376
451376
41577
41577
2992
184599
184599
1349180
1144902
1349180
660897
1646420
660897
1349180
641568
262382
354263
1144902
1349180
1598267
641568
262382
1349180
1144902
1349180
660897
1646420
660897
1349180
641568
262382
354263
1144902
1349180
1598267
641568
262382
1338610
1135933
1338610
655719
1633521
655719
1338610
636542
260326
351487
1135933
1338610
1585746
636542
260326
2390923
2028917
2390923
1338610
2320997
1100748
1135933
1338610
934085
1969578
2320997
1100748
655719
2390923
464975
1633521
655719
2028917
2390923
3696856
464975
1338610
636542
260326
2320997
1100748
451376
184599
41577
351487
567966
669305
792873
318271
5257
130163
934085
984789
1160498
6529
550374
998895
68846
3588735
316077
225688
41577
1496
184599
24425777
24425777
20727505
24425777
61980
43950
43950
31165
13675300
13675300
23711404
23711404
11245289
11245289
11245289
11604742
11604742
13675300
13675300
9542655
9542655
20121294
23711404
11245289
11245289
6698862
24425777
24425777
24425777
24425777
37974122
37974122
4750210
4750210
16688127
6698862
20727505
20727505
24425777
24425777
32224513
37974122
34460366
4750210
43950
43950
58922
58922
31165
41782
13675300
13675300
21260634
6502942
2659508
23711404
23711404
23711404
23711404
11245289
11245289
11245289
11245289
36863504
36863504
17482758
17482758
4611282
4611282
1885875
1885875
18041592
11604742
11604742
13675300
13675300
21260634
3590814
16200054
6502942
2659508
14835719
9542655
9542655
20121294
20121294
23711404
23711404
11245289
11245289
31282053
36863504
17482758
1380034
33452514
4611282
1885875
2986937
2963663
6698862
8980870
24425777
24425777
37974122
37974122
4750210
4750210
6368398
6368398
547881
645636
362728
145604
450526
530911
820897
103249
1121791
141094
547881
645636
16688127
6698862
12125790
362728
145604
8980870
20727505
24425777
32224513
450526
530911
37974122
34460366
4750210
4660225
820897
103249
1121791
141094
6368398
58922
58922
78994
78994
31165
41782
41782
56015
78994
78994
41782
41782
40990
56015
56015
13675300
21260634
6502942
2659508
8718209
3565485
23711404
23711404
11245289
11245289
36863504
36863504
17482758
17482758
4611282
4611282
1885875
1885875
6182143
6182143
2528311
531858
626753
252237
297242
352119
141345
78048
78048
106657
57806
78994
78994
437350
515383
207416
244424
221807
221807
303109
30575
41782
41782
796888
100229
1088982
136967
29996
40990
40990
56015
18041592
5802371
6837650
265929
313376
126118
148621
10630317
3590814
8100027
3251471
1329754
11771150
176059
70672
4359104
78048
78048
28903
3565485
9542655
10060647
11855702
5622644
31282053
218675
257691
18431752
207416
122212
17482758
33452514
2305641
221807
221807
1885875
796888
50114
1088982
136967
6182143
40990
40990
56015
2986937
