3728360
79851
1056687
1056687
15900001
15900001
timeout
timeout
704085
263105194
70129559
timeout
70129559
timeout
timeout
timeout
704085
263105194
691208
4255848
timeout
49842724
timeout
timeout
4255848
timeout
4154456
49842724
35295
33326
3814706
3814706
219813
232285
26312006
26312006
219813
216036
225396
2159073
10274193
18981830
timeout
timeout
2159073
9842999
18981830
35295
33326
913994
32713
913994
34694
32411
282841
1245351
3125715
141651987
141651987
282841
1197093
3125715
174305
56398574
15900001
timeout
7804481
15900001
timeout
7804481
704085
timeout
70129559
timeout
22903786
70129559
timeout
22903786
timeout
691208
691749
4255848
timeout
49842724
timeout
timeout
timeout
timeout
timeout
4154456
49842724
4186641
35295
33326
706081
3814706
913994
3814706
913994
219813
232285
26312006
26312006
216036
225396
216977
2159073
10274193
18981830
timeout
timeout
9842999
18981830
2140353
34694
32411
34876
32713
282841
1245351
3125715
141651987
50593988
141651987
50593988
1197093
3125715
279966
1228969
56398574
171470
171625
7804481
865125
timeout
11031325
81958485
timeout
57607162
81958485
timeout
57607162
timeout
847168
11031325
850294
171470
171470
865125
11031325
81958485
timeout
81958485
timeout
865125
847168
847168
11031325
847168
16322646
16322646
timeout
timeout
303187
54807156
timeout
54807156
297822
timeout
1331347
1304260
281859
16322646
1331347
14111005
timeout
timeout
1331347
14111005
timeout
63615
71242
63615
483167
2466098
483167
11102
11102
293141
10833
293141
69701
316252
69701
3728360
3728360
303187
54807156
8867172
timeout
8867172
timeout
54807156
297822
1331347
timeout
60691150
timeout
60691150
timeout
timeout
1304260
11102
11102
293141
293141
63615
71242
1982231
timeout
timeout
1982231
62719
483167
2466098
timeout
timeout
timeout
timeout
476986
10954
10833
69701
316252
230808
13327432
timeout
13327432
timeout
68731
309252
230808
596
70752
90584
3728360
54807156
timeout
2737086
535001368
328064
2737086
19262337
535001368
19262337
535001368
321812
2737086
596
78986
1582530
timeout
593
78986
1582530
timeout
70752
15887370
70752
15887370
79851
281859
16322646
34789
1056687
1056687
1056687
328064
2737086
19262337
535001368
19262337
535001368
321812
2737086
34789
34789
1056687