0.0006530284881591797
0.0008966922760009766
0.0006327629089355469
0.0005152225494384766
0.0002474784851074219
0.0006165504455566406
0.00023031234741210938
0.0005168914794921875
0.0005197525024414062
0.0005691051483154297
0.0005276203155517578
0.000217437744140625
0.0001964569091796875
0.0001804828643798828
0.00022363662719726562
0.0001919269561767578
0.0001728534698486328
0.0001766681671142578
0.0005741119384765625
0.00019311904907226562
0.0005116462707519531
0.0002548694610595703
0.0005855560302734375
0.0005345344543457031
0.0004775524139404297
0.0005168914794921875
0.00016880035400390625
0.00039768218994140625
0.0011966228485107422
0.0008511543273925781
0.0003483295440673828
0.00038933753967285156
0.0009984970092773438
0.0008342266082763672
0.0006101131439208984
0.00026488304138183594
0.0008401870727539062
0.0011320114135742188
0.00029468536376953125
0.0003209114074707031
0.00028204917907714844
0.0006213188171386719
0.0003345012664794922
0.0002789497375488281
0.0010156631469726562
0.0005998611450195312
0.000659942626953125
0.000621795654296875
0.0006091594696044922
0.000804901123046875
0.0012328624725341797
0.001341104507446289
0.0003981590270996094
0.0004734992980957031
0.0010750293731689453
0.0012087821960449219
0.000690460205078125
0.0007529258728027344
0.0003573894500732422
0.002005338668823242
0.0017178058624267578
0.0029866695404052734
0.002396821975708008
0.0014700889587402344
0.003381013870239258
0.0017325878143310547
0.0009119510650634766
0.0012907981872558594
0.0004611015319824219
0.0018682479858398438
0.002897024154663086
0.0032508373260498047
0.0013821125030517578
0.002750873565673828
0.0035979747772216797
0.004034996032714844
0.0016875267028808594
0.002699136734008789
0.0016701221466064453
0.0035238265991210938
0.003515481948852539
0.002052783966064453
0.0039212703704833984
0.002168893814086914
0.0013813972473144531
0.0015482902526855469
0.0005853176116943359
0.0008859634399414062
0.0013463497161865234
0.0011515617370605469
0.0007865428924560547
0.0014891624450683594
0.001552581787109375
0.0013928413391113281
0.0009856224060058594
0.001352071762084961
0.0014257431030273438
0.0014903545379638672
0.0009746551513671875
0.0008916854858398438
0.0012326240539550781
0.0014162063598632812
0.0010366439819335938
0.0008213520050048828
0.0005528926849365234
0.00127410888671875
0.0014073848724365234
0.002334117889404297
0.0019199848175048828
0.0011296272277832031
0.003004789352416992
0.0012874603271484375
0.00075531005859375
0.0007987022399902344
0.0003352165222167969
0.0019872188568115234
0.0009126663208007812
0.001613616943359375
0.003178834915161133
0.0026319026947021484
0.0027582645416259766
0.0023012161254882812
0.0014121532440185547
0.0009341239929199219
0.001157999038696289
0.0013375282287597656
0.0015108585357666016
0.0013053417205810547
0.0023415088653564453
0.0031440258026123047
0.0008995532989501953
0.002778768539428711
0.0016009807586669922
0.002254962921142578
0.003763437271118164
0.004625797271728516
0.003110647201538086
0.0023746490478515625
0.0032966136932373047
0.0016841888427734375
0.0035080909729003906
0.003238677978515625
0.0015714168548583984
0.002263307571411133
0.003051280975341797
0.0036563873291015625
0.0012629032135009766
0.0030248165130615234
0.0016431808471679688
0.002641916275024414
0.004259586334228516
0.005539417266845703
0.0038909912109375
0.0027472972869873047
0.0020821094512939453
0.0014998912811279297
0.003065824508666992
0.003377199172973633
0.0018503665924072266
0.003839731216430664
0.001730203628540039
0.0013048648834228516
0.0011539459228515625
0.0005292892456054688
0.002592802047729492
0.0010907649993896484
0.002097606658935547
0.002685546875
0.0036706924438476562
0.0036165714263916016
0.0029730796813964844
0.0005724430084228516
0.000978231430053711
0.00115966796875
0.0004134178161621094
0.0021648406982421875
0.0010852813720703125
0.0016791820526123047
0.0015757083892822266
0.002190113067626953
0.001150369644165039
0.0019092559814453125
0.0018084049224853516
0.002112150192260742
0.0018572807312011719
0.002192974090576172
0.0006122589111328125
0.0012137889862060547
0.0009937286376953125
0.00110626220703125
0.0012562274932861328
0.0006096363067626953
0.002924680709838867
0.002223968505859375
0.000514984130859375
0.0006971359252929688
0.0009069442749023438
0.001283407211303711
0.001001119613647461
0.0008220672607421875
0.0007321834564208984
0.0010116100311279297
0.0008804798126220703
0.0009691715240478516
0.0004036426544189453
0.00039839744567871094
0.0007555484771728516
0.0008358955383300781
0.0012788772583007812
0.00030303001403808594
0.0002696514129638672
0.0009789466857910156
0.0011243820190429688
0.0006048679351806641
0.000247955322265625
0.0005934238433837891
0.0026569366455078125
0.002004384994506836
0.0014307498931884766
0.0010662078857421875
0.0024924278259277344
0.0015959739685058594
0.0009219646453857422
0.0024559497833251953
0.0014772415161132812
0.0010344982147216797
0.00045180320739746094
0.00034999847412109375
0.0007834434509277344
0.0012769699096679688
0.0017037391662597656
0.0017042160034179688
0.00040459632873535156
0.0015273094177246094
0.0025124549865722656
0.0025882720947265625
0.0011818408966064453
0.001058816909790039
0.0017116069793701172
0.002386808395385742
0.0020537376403808594
0.0009524822235107422
0.0008113384246826172
0.002458333969116211
0.0021004676818847656
0.0024280548095703125
0.0029001235961914062
0.003592252731323242
0.0013551712036132812
0.0012235641479492188
0.0022873878479003906
0.0026044845581054688
0.002498149871826172
0.0009613037109375
0.0021409988403320312
0.0013780593872070312
0.0028390884399414062
0.0028448104858398438
0.0015399456024169922
0.003267526626586914
0.002050161361694336
0.0013551712036132812
0.0009586811065673828
0.0005261898040771484
0.0010461807250976562
0.002244710922241211
0.002296924591064453
0.002498149871826172
0.000591278076171875
0.0009357929229736328
0.0014693737030029297
0.0012073516845703125
0.0007600784301757812
0.0014562606811523438
0.0015914440155029297
0.0013155937194824219
0.0009279251098632812
0.0012781620025634766
0.0010247230529785156
0.0014324188232421875
0.0008966922760009766
0.0007295608520507812
0.0011034011840820312
0.0012371540069580078
0.0007123947143554688
0.0004138946533203125
0.0006685256958007812
0.0009951591491699219
0.0010342597961425781
0.0018434524536132812
0.001561880111694336
0.0009207725524902344
0.0025293827056884766
0.001180410385131836
0.0005934238433837891
0.0002949237823486328
0.0002694129943847656
0.0005059242248535156
0.0015544891357421875
0.0006508827209472656
0.0010809898376464844
0.00041794776916503906
0.0018520355224609375
0.0007472038269042969
0.0018439292907714844
0.0012922286987304688
0.0015628337860107422
0.002069711685180664
0.0017383098602294922
0.0017597675323486328
0.0014183521270751953
0.0002682209014892578
0.0007011890411376953
0.0012090206146240234
0.0004570484161376953
0.0009555816650390625
0.0010259151458740234
0.0013060569763183594
0.001199960708618164
0.0010983943939208984
0.0019605159759521484
0.0025053024291992188
0.0006740093231201172
0.0009343624114990234
0.0022008419036865234
0.0013272762298583984
0.001825094223022461
0.0033142566680908203
0.0011649131774902344
0.0019040107727050781
0.0018782615661621094
0.0024232864379882812
0.0018222332000732422
0.0038056373596191406
0.0008645057678222656
0.001814126968383789
0.00714111328125
0.001207590103149414
0.0026891231536865234
0.0026569366455078125
0.0013649463653564453
0.0023729801177978516
0.0007307529449462891
0.002010345458984375
0.0017457008361816406
0.002135038375854492
0.0029053688049316406
0.0032973289489746094
0.0010037422180175781
0.001329660415649414
0.0029807090759277344
0.0016024112701416016
0.0026350021362304688
0.00411534309387207
0.0020852088928222656
0.0023109912872314453
0.0026006698608398438
0.00347900390625
0.0024390220642089844
0.004775285720825195
0.0010826587677001953
0.001987934112548828
0.0027947425842285156
0.0017228126525878906
0.0011441707611083984
0.003377676010131836
0.0027534961700439453
0.0013887882232666016
0.0029261112213134766
0.0015308856964111328
0.0008170604705810547
0.0007901191711425781
0.0003795623779296875
0.0008056163787841797
0.002161741256713867
0.0009698867797851562
0.0017919540405273438
0.0023016929626464844
0.0013849735260009766
0.0015513896942138672
0.0020751953125
0.0026094913482666016
0.002377033233642578
0.0025157928466796875
0.0004775524139404297
0.0008628368377685547
0.0013403892517089844
0.00036406517028808594
0.0008370876312255859
0.0010612010955810547
0.0010113716125488281
0.0006229877471923828
0.0010700225830078125
0.0005319118499755859
0.0007302761077880859
0.0011544227600097656
0.0010764598846435547
0.0014462471008300781
0.0006215572357177734
0.00138092041015625
0.0013260841369628906
0.0009968280792236328
0.0013644695281982422
0.0012352466583251953
0.0007035732269287109
0.0006275177001953125
0.0010001659393310547
0.0017666816711425781
0.000919342041015625
0.0005643367767333984
0.0011899471282958984
0.0010433197021484375
0.00022745132446289062
0.0008933544158935547
0.0009593963623046875
0.001127004623413086
0.00043892860412597656
0.0013532638549804688
0.0015950202941894531
0.0008356571197509766
0.0013451576232910156
0.0012662410736083984
0.0015177726745605469
0.0023229122161865234
0.0014598369598388672
0.00043392181396484375
0.0002808570861816406
0.0007436275482177734
0.0007777214050292969
0.0008132457733154297
0.0006842613220214844
0.0005030632019042969
0.0008904933929443359
0.0008020401000976562
0.0002777576446533203
0.0005409717559814453
0.0002493858337402344
0.0009520053863525391
0.0006477832794189453
0.0005731582641601562
0.0006825923919677734
0.0006701946258544922
0.0005106925964355469
0.00021219253540039062
0.0006377696990966797
0.0005135536193847656
0.0005466938018798828
0.0005054473876953125
0.000179290771484375
0.0006091594696044922
0.0005235671997070312
0.00017452239990234375
0.0004925727844238281
0.00017547607421875
0.00016236305236816406
0.00047779083251953125
0.00024056434631347656
0.00016880035400390625
0.0001633167266845703
0.00016021728515625
0.00018358230590820312
0.0004973411560058594
0.0004487037658691406
0.0004317760467529297
0.0004737377166748047
0.00015687942504882812
0.0009620189666748047
0.0012288093566894531
0.0017976760864257812
0.0032215118408203125
0.0019834041595458984
0.003977537155151367
0.0011341571807861328
0.0014083385467529297
0.0003440380096435547
0.0012450218200683594
0.0008938312530517578
0.0007488727569580078
0.0007414817810058594
0.0007812976837158203
0.0009520053863525391
0.0010104179382324219
0.0010449886322021484
0.0006623268127441406
0.0007905960083007812
0.0005712509155273438
0.00030684471130371094
0.0005638599395751953
0.0004677772521972656
0.0011897087097167969
0.000652313232421875
0.0009403228759765625
0.001768350601196289
0.001171112060546875
0.002148151397705078
0.0014753341674804688
0.00042700767517089844
0.0014274120330810547
0.002325296401977539
0.0015041828155517578
0.0010762214660644531
0.002156496047973633
0.0024454593658447266
0.0023915767669677734
0.0010547637939453125
0.001706838607788086
0.001264810562133789
0.0016927719116210938
0.0034525394439697266
0.002598285675048828
0.0021419525146484375
0.0016732215881347656
0.0015444755554199219
0.0019278526306152344
0.001302480697631836
0.0028188228607177734
0.0008001327514648438
0.0006167888641357422
0.0012581348419189453
0.0006508827209472656
0.0023698806762695312
0.0013992786407470703
0.002270221710205078
0.004380941390991211
0.0031909942626953125
0.003094911575317383
0.002285003662109375
0.0017497539520263672
0.0033426284790039062
0.0016095638275146484
0.0008502006530761719
0.0017342567443847656
0.002840280532836914
0.0019741058349609375
0.0025641918182373047
0.002396106719970703
0.0009028911590576172
0.0007486343383789062
0.0013973712921142578
0.0006110668182373047
0.0011878013610839844
0.0011942386627197266
0.0011610984802246094
0.001489400863647461
0.0008258819580078125
0.0013823509216308594
0.0006406307220458984
0.0011823177337646484
0.0014083385467529297
0.0016984939575195312
0.0011892318725585938
0.0012178421020507812
0.00023317337036132812
0.0009176731109619141
0.0013082027435302734
0.001798391342163086
0.0009512901306152344
0.0010461807250976562
0.0008182525634765625
0.0014002323150634766
0.00025963783264160156
0.0003292560577392578
0.0008893013000488281
0.0002772808074951172
0.0003409385681152344
0.0012936592102050781
0.0022974014282226562
0.00199127197265625
0.0016350746154785156
0.0018126964569091797
0.0024437904357910156
0.0016236305236816406
0.0004627704620361328
0.0004277229309082031
0.0005102157592773438
0.0006003379821777344
0.0005791187286376953
0.0006852149963378906
0.00030350685119628906
0.0005447864532470703
0.00026035308837890625
0.0016701221466064453
0.0016384124755859375
0.0012989044189453125
0.0008416175842285156
0.00026035308837890625
0.00046181678771972656
0.0003905296325683594
0.0009357929229736328
0.0008556842803955078
0.0007569789886474609
0.0009009838104248047
0.0002601146697998047
0.0008502006530761719
0.0010819435119628906
0.0014834403991699219
0.0012335777282714844
0.002271890640258789
0.0011515617370605469
0.0007457733154296875
0.002261638641357422
0.0016028881072998047
0.001438140869140625
0.0013418197631835938
0.0005061626434326172
0.0010428428649902344
0.0018699169158935547
0.0019516944885253906
0.0017104148864746094
0.0008687973022460938
0.0012004375457763672
0.0027952194213867188
0.0007753372192382812
0.0013315677642822266
0.001561880111694336
0.001386404037475586
0.0003826618194580078
0.0004878044128417969
0.0008671283721923828
0.0004839897155761719
0.0001926422119140625
0.00024509429931640625
0.0002467632293701172
0.00036835670471191406
0.0006735324859619141
0.0010137557983398438
0.0003197193145751953
0.0002791881561279297
0.0005834102630615234
0.0009911060333251953
0.00040531158447265625
0.0005478858947753906
0.0003097057342529297
0.00017309188842773438
0.0002532005310058594
0.0005006790161132812
0.0002675056457519531
0.0007607936859130859
0.0003814697265625
0.0005879402160644531
0.00083160400390625
0.0006349086761474609
0.0003643035888671875
0.0002887248992919922
0.0007925033569335938
0.0006101131439208984
0.0008172988891601562
0.0007886886596679688
0.0006349086761474609
0.0007088184356689453
0.00043702125549316406
0.0005359649658203125
0.0008924007415771484
0.0010101795196533203
0.00040602684020996094
0.0006678104400634766
0.0005633831024169922
0.00028634071350097656
0.00019407272338867188
0.00022125244140625
0.0002028942108154297
0.00018095970153808594
0.00036263465881347656
0.0005331039428710938
0.0002541542053222656
0.0002105236053466797
0.001445770263671875
0.0007541179656982422
0.0008294582366943359
0.0004553794860839844
0.0010249614715576172
0.0020186901092529297
0.0009675025939941406
0.0005211830139160156
0.0004191398620605469
0.00026869773864746094
0.0007636547088623047
0.0004818439483642578
0.00052642822265625
0.001539468765258789
0.0022704601287841797
0.0009529590606689453
0.0005521774291992188
0.0011072158813476562
0.0008802413940429688
0.0010726451873779297
0.0006668567657470703
0.0010232925415039062
0.0019872188568115234
0.0012145042419433594
0.0018117427825927734
0.0020155906677246094
0.002004384994506836
0.0008540153503417969
0.0022459030151367188
0.000823974609375
0.0016140937805175781
0.0006740093231201172
0.001603841781616211
0.0010251998901367188
0.0006780624389648438
0.0004336833953857422
0.0006268024444580078
0.0011305809020996094
0.0005693435668945312
0.0011878013610839844
0.0018334388732910156
0.0006954669952392578
0.0006859302520751953
0.0009157657623291016
0.0020303726196289062
0.0005176067352294922
0.0008695125579833984
0.0008068084716796875
0.0006022453308105469
0.0005695819854736328
0.00036334991455078125
0.00034427642822265625
0.00030922889709472656
0.0009329319000244141
0.0018062591552734375
0.0011718273162841797
0.0019016265869140625
0.00138092041015625
0.002714395523071289
0.0022726058959960938
0.0017011165618896484
0.003679037094116211
0.0016279220581054688
0.0014677047729492188
0.0007956027984619141
0.002499103546142578
0.0009653568267822266
0.0007266998291015625
0.0006678104400634766
0.0017898082733154297
0.0006849765777587891
0.0011067390441894531
0.0009734630584716797
0.002082347869873047
0.0017156600952148438
0.0007321834564208984
0.0011684894561767578
0.0005259513854980469
0.0006296634674072266
0.0016057491302490234
0.0006914138793945312
0.0013208389282226562
0.0008285045623779297
0.0013077259063720703
0.00188446044921875
0.0016050338745117188
0.0019214153289794922
0.0012607574462890625
0.0010683536529541016
0.00024509429931640625
0.0015301704406738281
0.0007798671722412109
0.00046181678771972656
0.0004432201385498047
0.0007920265197753906
0.0007283687591552734
0.0004558563232421875
0.00040793418884277344
0.00037670135498046875
0.00035834312438964844
0.00038933753967285156
0.0008616447448730469
0.0002803802490234375
0.00024390220642089844
0.0002841949462890625
0.0004749298095703125
0.00029540061950683594
0.0002899169921875
0.0005159378051757812
0.0006568431854248047
0.00016999244689941406
0.0007228851318359375
0.00045990943908691406
0.00016450881958007812
0.00040078163146972656
0.0004341602325439453
0.000152587890625
0.0003001689910888672
0.0005283355712890625
0.0003991127014160156
0.0006458759307861328
0.0009169578552246094
0.00036144256591796875
0.00044655799865722656
0.0008766651153564453
0.0004172325134277344
0.0005431175231933594
0.0003390312194824219
0.0002918243408203125
0.0001709461212158203
0.0004668235778808594
0.0006775856018066406
0.0006763935089111328
0.0006511211395263672
0.0006246566772460938
0.0009396076202392578
0.00048470497131347656
0.0008645057678222656
0.0007061958312988281
0.0002453327178955078
0.0005211830139160156
0.0003654956817626953
0.00018262863159179688
0.0002856254577636719
0.0007138252258300781
0.0001838207244873047
0.0001823902130126953
0.0006098747253417969
0.0006792545318603516
0.00107574462890625
0.0002422332763671875
0.00038623809814453125
0.0005018711090087891
0.000461578369140625
0.0006284713745117188
0.0003445148468017578
0.00019121170043945312
0.00035881996154785156
0.00017786026000976562
0.00017333030700683594
0.0007424354553222656
0.00020813941955566406
0.00034332275390625
0.00016117095947265625
0.00015854835510253906
0.00012040138244628906
0.0007817745208740234
0.0008976459503173828
0.0004241466522216797
0.0006635189056396484
0.0013604164123535156
0.0006909370422363281
0.00026798248291015625
0.0008025169372558594
0.0009701251983642578
0.0013995170593261719
0.0007753372192382812
0.0006177425384521484
0.00022482872009277344
0.0014467239379882812
0.0010116100311279297
0.0010449886322021484
0.001567840576171875
0.0010311603546142578
0.00032711029052734375
0.000354766845703125
0.0008597373962402344
0.0003116130828857422
0.0004639625549316406
0.0001780986785888672
0.0005936622619628906
0.0003323554992675781
0.00020623207092285156
0.00019240379333496094
0.00018548965454101562
0.00021648406982421875
0.00020241737365722656
0.00026488304138183594
0.00019216537475585938
0.0003199577331542969
0.00027108192443847656
0.0002899169921875
0.00017833709716796875
0.00019025802612304688
0.0006122589111328125
0.0001990795135498047
0.0008442401885986328
0.00024199485778808594
0.00021147727966308594
0.00020003318786621094
0.0008413791656494141
0.0005271434783935547
0.00016951560974121094
0.0002651214599609375
0.0004944801330566406
0.0001838207244873047
0.00020074844360351562
0.0004899501800537109
0.0006661415100097656
0.00040793418884277344
0.00021982192993164062
0.0001926422119140625
0.0003943443298339844
0.0004062652587890625
0.00017881393432617188
0.00017189979553222656
0.0001633167266845703
0.000457763671875
0.0002129077911376953
0.00016927719116210938
0.0008656978607177734
0.0005021095275878906
0.0004820823669433594
0.000255584716796875
0.0008215904235839844
0.0004444122314453125
0.0005238056182861328
0.0006909370422363281
0.0004627704620361328
0.0004391670227050781
0.0004687309265136719
0.0005438327789306641
0.00020122528076171875
0.0004849433898925781
0.0005164146423339844
0.0004413127899169922
0.0001475811004638672
0.00022363662719726562
0.0008592605590820312
0.0003178119659423828
0.0007956027984619141
0.0006184577941894531
0.0003361701965332031
0.0006670951843261719
0.0005362033843994141
0.0005106925964355469
0.0008227825164794922
0.0006916522979736328
0.00027561187744140625
0.0005946159362792969
0.0005948543548583984
0.0006124973297119141
0.0005555152893066406
0.0002658367156982422
0.0003235340118408203
0.0006325244903564453
0.0009362697601318359
0.0009877681732177734
0.0007784366607666016
0.0005054473876953125
0.0005042552947998047
0.0002372264862060547
0.0006077289581298828
0.0006318092346191406
0.000728607177734375
0.0006301403045654297
0.001224517822265625
0.0032787322998046875
0.0031135082244873047
0.0028028488159179688
0.0015802383422851562
0.0010833740234375
0.0018355846405029297
0.0013055801391601562
0.002173900604248047
0.0011751651763916016
0.0010273456573486328
0.0013988018035888672
0.0009450912475585938
0.002118349075317383
0.001215219497680664
0.0020406246185302734
0.0011556148529052734
0.0007014274597167969
0.0009427070617675781
0.00031375885009765625
0.004689693450927734
0.0040814876556396484
0.0047664642333984375
0.0022847652435302734
0.0015892982482910156
0.002360105514526367
0.0030579566955566406
0.002689838409423828
0.0011515617370605469
0.0014362335205078125
0.003068685531616211
0.0024309158325195312
0.0038313865661621094
0.0032045841217041016
0.0013592243194580078
0.004895687103271484
0.0040378570556640625
0.004782438278198242
0.0023355484008789062
0.0016508102416992188
0.004422664642333984
0.0008306503295898438
0.0007669925689697266
0.0008594989776611328
0.0007505416870117188
0.004075288772583008
0.004357099533081055
0.0038726329803466797
0.002112150192260742
0.001958608627319336
0.0013692378997802734
0.0023407936096191406
0.0019788742065429688
0.002881765365600586
0.0020308494567871094
0.002591848373413086
0.0016252994537353516
0.002659320831298828
0.001131296157836914
0.002398252487182617
0.001508474349975586
0.001157522201538086
0.0012028217315673828
0.0004444122314453125
0.0018274784088134766
0.0007727146148681641
0.0021178722381591797
0.0010404586791992188
0.0006532669067382812
0.001585245132446289
0.0009691715240478516
0.0011997222900390625
0.0005903244018554688
0.0021512508392333984
0.0009267330169677734
0.002577543258666992
0.0013365745544433594
0.0011186599731445312
0.0011093616485595703
0.001344919204711914
0.0007393360137939453
0.001210927963256836
0.000396728515625
0.0011785030364990234
0.0008919239044189453
0.0006873607635498047
0.0004761219024658203
0.0008082389831542969
0.0006802082061767578
0.0006830692291259766
0.001207590103149414
0.0007781982421875
0.00037217140197753906
0.0006761550903320312
0.0006890296936035156
0.0010211467742919922
0.0007545948028564453
0.0007085800170898438
0.0007600784301757812
0.0008733272552490234
0.000988006591796875
0.0009298324584960938
0.0009024143218994141
0.0006737709045410156
0.0003628730773925781
0.0006031990051269531
0.0004858970642089844
0.0003097057342529297
0.0001952648162841797
0.0014705657958984375
0.0007617473602294922
0.002381563186645508
0.0021486282348632812
0.0007162094116210938
0.0006086826324462891
0.002084970474243164
0.0011553764343261719
0.0014004707336425781
0.000934600830078125
0.0019049644470214844
0.0006985664367675781
0.0009763240814208984
0.0009708404541015625
0.0013322830200195312
0.0013096332550048828
0.0007598400115966797
0.0007269382476806641
0.0016846656799316406
0.0005805492401123047
0.0015978813171386719
0.0017735958099365234
0.0009169578552246094
0.0005652904510498047
0.00142669677734375
0.00041484832763671875
0.0005171298980712891
0.00020122528076171875
0.0008697509765625
0.0006756782531738281
0.0010221004486083984
0.0011982917785644531
0.0007386207580566406
0.0008127689361572266
0.0011484622955322266
0.0010912418365478516
0.003914594650268555
0.003216981887817383
0.0010187625885009766
0.0017309188842773438
0.0038285255432128906
0.0017440319061279297
0.002670764923095703
0.0019659996032714844
0.0006663799285888672
0.002832651138305664
0.0011661052703857422
0.0019598007202148438
0.003414630889892578
0.0022916793823242188
0.0025043487548828125
0.0015950202941894531
0.0010263919830322266
0.002000093460083008
0.0028197765350341797
0.0011866092681884766
0.0026764869689941406
0.0013816356658935547
0.0013356208801269531
0.0013675689697265625
0.0015385150909423828
0.0024025440216064453
0.0018301010131835938
0.0034134387969970703
0.0025911331176757812
0.0009789466857910156
0.004258155822753906
0.003428936004638672
0.0044002532958984375
0.0020694732666015625
0.004038810729980469
0.0026373863220214844
0.0032460689544677734
0.004904031753540039
0.0034203529357910156
0.003910541534423828
0.0027387142181396484
0.0014543533325195312
0.0029151439666748047
0.0018761157989501953
0.0019996166229248047
0.0018956661224365234
0.00116729736328125
0.000698089599609375
0.0007252693176269531
0.0004963874816894531
0.000377655029296875
0.000362396240234375
0.003590822219848633
0.0032596588134765625
0.0034749507904052734
0.001795053482055664
0.002381563186645508
0.0015900135040283203
0.0015878677368164062
0.002393484115600586
0.0013985633850097656
0.0025959014892578125
0.0009911060333251953
0.001491546630859375
0.0010254383087158203
0.0018684864044189453
0.0019383430480957031
0.001329183578491211
0.0011639595031738281
0.0026836395263671875
0.0010335445404052734
0.002329587936401367
0.0025606155395507812
0.0017130374908447266
0.0009088516235351562
0.0022735595703125
0.0008199214935302734
0.00035381317138671875
0.0011088848114013672
0.001214742660522461
0.001561880111694336
0.0019559860229492188
0.0007476806640625
0.00027370452880859375
0.0014190673828125
0.002300739288330078
0.0010745525360107422
0.0009636878967285156
0.0008223056793212891
0.0002453327178955078
0.0012464523315429688
0.0014007091522216797
0.0017077922821044922
0.0016431808471679688
0.0008814334869384766
0.0010344982147216797
0.0011341571807861328
0.0009002685546875
0.001398324966430664
0.0015301704406738281
0.0014467239379882812
0.0016779899597167969
0.0005075931549072266
0.0008978843688964844
0.000985860824584961
0.0014429092407226562
0.0014243125915527344
0.0009806156158447266
0.0007979869842529297
0.0014863014221191406
0.0015683174133300781
0.0010213851928710938
0.0010030269622802734
0.0009195804595947266
0.0007290840148925781
0.001079559326171875
0.0009419918060302734
0.0003209114074707031
0.002109050750732422
0.0008449554443359375
0.002656221389770508
0.0013651847839355469
0.002015352249145508
0.0013756752014160156
0.002267122268676758
0.0020046234130859375
0.0013527870178222656
0.001989603042602539
0.001485586166381836
0.001024484634399414
0.0021119117736816406
0.002245187759399414
0.0012285709381103516
0.00037288665771484375
0.0012164115905761719
0.0008213520050048828
0.0005900859832763672
0.0005803108215332031
0.0006339550018310547
0.0006117820739746094
0.0005931854248046875
0.0006151199340820312
0.00031447410583496094
0.0002808570861816406
0.0009005069732666016
0.0007750988006591797
0.0005347728729248047
0.0005505084991455078
0.0009090900421142578
0.0005960464477539062
0.0009069442749023438
0.0005919933319091797
0.000324249267578125
0.00028204917907714844
0.0007619857788085938
0.0007731914520263672
0.0005421638488769531
0.00028228759765625
0.00024175643920898438
0.00023412704467773438
0.0005252361297607422
0.00024056434631347656
0.0005815029144287109
0.0006630420684814453
0.0004215240478515625
0.0005261898040771484
0.0006749629974365234
0.0002727508544921875
0.0007555484771728516
0.0006630420684814453
0.00036644935607910156
0.00038242340087890625
0.0001633167266845703
0.0005199909210205078
0.00019097328186035156
0.0004971027374267578
0.00016236305236816406
0.00023627281188964844
0.0005633831024169922
0.0001628398895263672
0.0005116462707519531
0.0004456043243408203
0.0007474422454833984
0.00017786026000976562
0.0005099773406982422
0.00048613548278808594
0.00016260147094726562
0.00018358230590820312
0.0002033710479736328
0.0005071163177490234
0.0005397796630859375
0.00052642822265625
0.0001761913299560547
0.0006155967712402344
0.00017404556274414062
0.0005340576171875
0.0008788108825683594
0.0007598400115966797
0.0007157325744628906
0.0004425048828125
0.00040721893310546875
0.0002262592315673828
0.0005524158477783203
0.0004734992980957031
0.00015497207641601562
0.0006656646728515625
0.0006420612335205078
0.0006258487701416016
0.0006368160247802734
0.0003752708435058594
0.0017054080963134766
0.0013904571533203125
0.0008656978607177734
0.002303600311279297
0.0021309852600097656
0.0019598007202148438
0.0008080005645751953
0.0007233619689941406
0.001287221908569336
0.0003705024719238281
0.0011522769927978516
0.0014705657958984375
0.00024366378784179688
0.0008702278137207031
0.0007281303405761719
0.0008599758148193359
0.0009181499481201172
0.0005753040313720703
0.0014069080352783203
0.0014061927795410156
0.0011990070343017578
0.0009474754333496094
0.000560760498046875
0.0010187625885009766
0.0004379749298095703
0.0007090568542480469
0.00026345252990722656
0.00019860267639160156
0.0008985996246337891
0.0006997585296630859
0.0007162094116210938
0.0023398399353027344
0.001956462860107422
0.004037141799926758
0.003470897674560547
0.0039055347442626953
0.0016179084777832031
0.0013549327850341797
0.0020203590393066406
0.0025119781494140625
0.002280712127685547
0.0009622573852539062
0.001249551773071289
0.002271890640258789
0.0006201267242431641
0.0013823509216308594
0.0019116401672363281
0.0017349720001220703
0.0007956027984619141
0.0006618499755859375
0.0021584033966064453
0.0030646324157714844
0.0027675628662109375
0.0011854171752929688
0.0039823055267333984
0.0032892227172851562
0.003964900970458984
0.0018205642700195312
0.001361846923828125
0.002782106399536133
0.001970052719116211
0.0043659210205078125
0.003316640853881836
0.0010192394256591797
0.0007243156433105469
0.0006570816040039062
0.00067901611328125
0.0006954669952392578
0.0006783008575439453
0.003010988235473633
0.00281524658203125
0.002704143524169922
0.001344919204711914
0.0014951229095458984
0.0010063648223876953
0.001775503158569336
0.0008337497711181641
0.0016143321990966797
0.002004861831665039
0.0016543865203857422
0.0015606880187988281
0.0020341873168945312
0.001148223876953125
0.0021817684173583984
0.0020356178283691406
0.0015807151794433594
0.0015118122100830078
0.0007734298706054688
0.0016033649444580078
0.0007443428039550781
0.001013040542602539
0.0007643699645996094
0.00039196014404296875
0.00044345855712890625
0.0015032291412353516
0.0007195472717285156
0.0017151832580566406
0.0005767345428466797
0.0005784034729003906
0.0015468597412109375
0.000919342041015625
0.001079559326171875
0.0005338191986083984
0.001837015151977539
0.0007982254028320312
0.0021593570709228516
0.0008940696716308594
0.000997304916381836
0.0009677410125732422
0.001209259033203125
0.0006000995635986328
0.0008900165557861328
0.00032329559326171875
0.0008533000946044922
0.0004761219024658203
0.0005557537078857422
0.00033593177795410156
0.0006673336029052734
0.0005981922149658203
0.0005614757537841797
0.0006082057952880859
0.001617431640625
0.0003108978271484375
0.0008912086486816406
0.0006754398345947266
0.00026607513427734375
0.0011861324310302734
0.0012454986572265625
0.0006461143493652344
0.0005433559417724609
0.0006127357482910156
0.0009157657623291016
0.000990152359008789
0.0008275508880615234
0.0005421638488769531
0.0004947185516357422
0.00035500526428222656
0.0005314350128173828
0.00025582313537597656
0.0005877017974853516
0.0002574920654296875
0.00017833709716796875
0.0003154277801513672
0.0012235641479492188
0.0004940032958984375
0.0009026527404785156
0.0015530586242675781
0.0014140605926513672
0.0005252361297607422
0.0003666877746582031
0.0013341903686523438
0.0004184246063232422
0.0005371570587158203
0.0007982254028320312
0.0009336471557617188
0.0005097389221191406
0.0013785362243652344
0.0005388259887695312
0.0006525516510009766
0.0002925395965576172
0.0004723072052001953
0.0009198188781738281
0.0007653236389160156
0.0009770393371582031
0.0006086826324462891
0.0006620883941650391
0.0005645751953125
0.0004069805145263672
0.0009398460388183594
0.0011568069458007812
0.0006182193756103516
0.00035858154296875
0.000911712646484375
0.0009529590606689453
0.0009584426879882812
0.00027871131896972656
0.0003485679626464844
0.00016736984252929688
0.00041604042053222656
0.0008332729339599609
0.0002770423889160156
0.00015163421630859375
0.0007345676422119141
0.0005559921264648438
0.00026488304138183594
0.0006554126739501953
0.0009632110595703125
0.0005128383636474609
0.0011792182922363281
0.0008504390716552734
0.0008151531219482422
0.0011069774627685547
0.000492095947265625
0.0004429817199707031
0.0009653568267822266
0.0005297660827636719
0.0005774497985839844
0.0006830692291259766
0.00034236907958984375
0.0009751319885253906
0.0003235340118408203
0.0003476142883300781
0.0031342506408691406
0.0024733543395996094
0.0007643699645996094
0.0015249252319335938
0.0030531883239746094
0.001210927963256836
0.0022530555725097656
0.001661062240600586
0.0011436939239501953
0.0005364418029785156
0.0004475116729736328
0.00049591064453125
0.0022661685943603516
0.0014193058013916016
0.0007894039154052734
0.001684427261352539
0.0008769035339355469
0.0016474723815917969
0.0013082027435302734
0.0014891624450683594
0.001882791519165039
0.0012826919555664062
0.0007772445678710938
0.0016632080078125
0.00170135498046875
0.002435445785522461
0.0009100437164306641
0.0014863014221191406
0.0005393028259277344
0.0005333423614501953
0.001955747604370117
0.0006453990936279297
0.0006520748138427734
0.001127004623413086
0.0010612010955810547
0.0008897781372070312
0.0021409988403320312
0.0011272430419921875
0.0019533634185791016
0.0011570453643798828
0.0009779930114746094
0.0017409324645996094
0.0012793540954589844
0.0011289119720458984
0.0009281635284423828
0.0007405281066894531
0.0022649765014648438
0.0006630420684814453
0.0017559528350830078
0.003355741500854492
0.0026519298553466797
0.0009102821350097656
0.0040283203125
0.003148794174194336
0.0041768550872802734
0.0017549991607666016
0.003420114517211914
0.001992464065551758
0.001726388931274414
0.0012824535369873047
0.002414226531982422
0.00191497802734375
0.0022058486938476562
0.0029098987579345703
0.002197742462158203
0.0011665821075439453
0.0022711753845214844
0.002262115478515625
0.003755331039428711
0.001238107681274414
0.0009005069732666016
0.0005910396575927734
0.001280069351196289
0.0018320083618164062
0.0014293193817138672
0.0014202594757080078
0.0024771690368652344
0.0015709400177001953
0.0015311241149902344
0.0015614032745361328
0.0013377666473388672
0.0008685588836669922
0.002627134323120117
0.0024340152740478516
0.002388477325439453
0.0011296272277832031
0.0018608570098876953
0.0013260841369628906
0.0013990402221679688
0.0013086795806884766
0.001169443130493164
0.0021011829376220703
0.0010814666748046875
0.0020949840545654297
0.0007436275482177734
0.0010631084442138672
0.000698089599609375
0.0014598369598388672
0.0011055469512939453
0.0016345977783203125
0.0011434555053710938
0.0009441375732421875
0.0006134510040283203
0.0015032291412353516
0.0020301342010498047
0.001401662826538086
0.0006742477416992188
0.0017206668853759766
0.0017511844635009766
0.0022711753845214844
0.0006465911865234375
0.0006976127624511719
0.0007929801940917969
0.0005595684051513672
0.0003001689910888672
0.00023746490478515625
0.0009846687316894531
0.0006000995635986328
0.0005183219909667969
0.00023794174194335938
0.00024771690368652344
0.00021886825561523438
0.000827789306640625
0.0008950233459472656
0.0006194114685058594
0.0011456012725830078
0.0007762908935546875
0.0009610652923583984
0.0010802745819091797
0.00072479248046875
0.0008494853973388672
0.0010225772857666016
0.0011610984802246094
0.0009837150573730469
0.0009708404541015625
0.0001857280731201172
0.0008866786956787109
0.0006434917449951172
0.0010373592376708984
0.0005364418029785156
0.0004780292510986328
0.0008170604705810547
0.00017833709716796875
0.0008294582366943359
0.0010554790496826172
0.00032448768615722656
0.0002315044403076172
0.0005831718444824219
0.0004143714904785156
0.0009050369262695312
0.0009288787841796875
0.0009582042694091797
0.0007960796356201172
0.0005600452423095703
0.0006184577941894531
0.0005435943603515625
0.00038504600524902344
0.0003657341003417969
0.0003688335418701172
0.0005486011505126953
0.0006930828094482422
0.0009920597076416016
0.0008165836334228516
0.0011394023895263672
0.0006673336029052734
0.0005366802215576172
0.0006880760192871094
0.0006544589996337891
0.00045013427734375
0.0006916522979736328
0.0007815361022949219
0.0006656646728515625
0.0006935596466064453
0.00021982192993164062
0.0005929470062255859
0.0008132457733154297
0.0011839866638183594
0.0006549358367919922
0.0003504753112792969
0.0005204677581787109
0.0005719661712646484
0.0007033348083496094
0.0002231597900390625
0.0003197193145751953
0.0001270771026611328
0.0006513595581054688
0.0009324550628662109
0.0010406970977783203
0.0007729530334472656
0.0002338886260986328
0.0011401176452636719
0.0013206005096435547
0.0012547969818115234
0.0005521774291992188
0.0010259151458740234
0.0016331672668457031
0.0003979206085205078
0.0006749629974365234
0.0013582706451416016
0.0012013912200927734
0.0010523796081542969
0.0006158351898193359
0.0005216598510742188
0.0004634857177734375
0.001020193099975586
0.0009849071502685547
0.0009644031524658203
0.0009818077087402344
0.001043081283569336
0.0011241436004638672
0.0009732246398925781
0.0003955364227294922
0.0014643669128417969
0.0018198490142822266
0.0004937648773193359
0.0012161731719970703
0.0004639625549316406
0.0007052421569824219
0.0005097389221191406
0.0005040168762207031
0.0005006790161132812
0.0005636215209960938
0.0005478858947753906
0.0005266666412353516
0.0004382133483886719
0.0005502700805664062
0.00017762184143066406
0.00020360946655273438
0.0005218982696533203
0.0007750988006591797
0.0006461143493652344
0.0005016326904296875
0.0005171298980712891
0.0004975795745849609
0.0005156993865966797
0.0007600784301757812
0.0004992485046386719
0.0004343986511230469
0.0002789497375488281
0.0001850128173828125
0.0001747608184814453
0.00017023086547851562
0.00016808509826660156
0.00019073486328125
0.0006866455078125
0.0004763603210449219
0.00015115737915039062
0.00017023086547851562
0.0002429485321044922
0.0005292892456054688
0.00019240379333496094
0.0005130767822265625
0.0005183219909667969
0.00021696090698242188
0.00040030479431152344
0.00020694732666015625
0.0007548332214355469
0.00017881393432617188
0.0004706382751464844
0.0002028942108154297
0.0001697540283203125
0.000812530517578125
0.0005857944488525391
0.0006344318389892578
0.0004734992980957031
0.0005764961242675781
0.0004131793975830078
0.0005543231964111328
0.0002956390380859375
0.00024008750915527344
0.0002894401550292969
0.000263214111328125
0.0001621246337890625
0.00015616416931152344
0.00014352798461914062
0.0006198883056640625
0.00054168701171875
0.00020694732666015625
0.0001513957977294922
0.00014257431030273438
0.0005655288696289062
0.0002315044403076172
0.00042247772216796875
0.0004622936248779297
0.0003962516784667969
0.0001647472381591797
0.00016808509826660156
0.00045752525329589844
0.00044918060302734375
0.0001804828643798828
0.0002315044403076172
0.0001780986785888672
0.00048065185546875
0.00040149688720703125
0.00039196014404296875
0.0005791187286376953
0.00046253204345703125
0.00018095970153808594
0.000614166259765625
0.0002231597900390625
0.00023889541625976562
0.0005097389221191406
0.0012369155883789062
0.0023512840270996094
0.00037741661071777344
0.0013463497161865234
0.0007963180541992188
0.0023193359375
0.0016176700592041016
0.0018596649169921875
0.0007698535919189453
0.0007243156433105469
0.0005800724029541016
0.0011103153228759766
0.0007307529449462891
0.00055694580078125
0.0005240440368652344
0.0010693073272705078
0.0007977485656738281
0.0007112026214599609
0.0006422996520996094
0.0008046627044677734
0.00019407272338867188
0.0008006095886230469
0.0010151863098144531
0.0015494823455810547
0.0026438236236572266
0.0011336803436279297
0.0022432804107666016
0.0013017654418945312
0.0032165050506591797
0.001741170883178711
0.0033037662506103516
0.0016705989837646484
0.0009999275207519531
0.0021812915802001953
0.001415252685546875
0.0014324188232421875
0.0007777214050292969
0.0003192424774169922
0.0003464221954345703
0.0006568431854248047
0.00124359130859375
0.0019099712371826172
0.001062631607055664
0.0006852149963378906
0.0016841888427734375
0.0014491081237792969
0.00093841552734375
0.0010387897491455078
0.0019075870513916016
0.0003237724304199219
0.0009555816650390625
0.0012984275817871094
0.0007228851318359375
0.00027942657470703125
0.0007140636444091797
0.0003261566162109375
0.0005681514739990234
0.00025081634521484375
0.00025653839111328125
0.0006351470947265625
0.0009284019470214844
0.0005655288696289062
0.0006351470947265625
0.0003211498260498047
0.0008330345153808594
0.0005655288696289062
0.0006608963012695312
0.0009791851043701172
0.0006263256072998047
0.0005967617034912109
0.0002789497375488281
0.0006539821624755859
0.0002396106719970703
0.0010094642639160156
0.00030159950256347656
0.0001475811004638672
0.0003638267517089844
0.001035928726196289
0.0001914501190185547
0.00012350082397460938
0.0008826255798339844
0.0006530284881591797
0.0004754066467285156
0.0001900196075439453
0.00017380714416503906
0.0003581047058105469
0.0005650520324707031
0.0006327629089355469
0.00039005279541015625
0.00037169456481933594
0.0005595684051513672
0.0008978843688964844
0.0015218257904052734
0.0011284351348876953
0.0002372264862060547
0.0003371238708496094
0.0005524158477783203
0.00041294097900390625
0.0014843940734863281
0.0012576580047607422
0.0005242824554443359
0.00048828125
0.0012192726135253906
0.0013344287872314453
0.0006394386291503906
0.0007419586181640625
0.00042247772216796875
0.0006761550903320312
0.0006020069122314453
0.001138448715209961
0.0005695819854736328
0.00034499168395996094
0.0004336833953857422
0.0010294914245605469
0.0003185272216796875
0.00034928321838378906
0.0002982616424560547
0.00033664703369140625
0.00014519691467285156
0.0007531642913818359
0.0006437301635742188
0.0004012584686279297
0.0007519721984863281
0.0006539821624755859
0.0006134510040283203
0.0010654926300048828
0.0010688304901123047
0.0008149147033691406
0.00017380714416503906
0.0008392333984375
0.0002853870391845703
0.0011324882507324219
0.00240325927734375
0.0007555484771728516
0.0008072853088378906
0.0015003681182861328
0.0005605220794677734
0.0013318061828613281
0.002020120620727539
0.0005557537078857422
0.0004210472106933594
0.0006356239318847656
0.0008234977722167969
0.0008997917175292969
0.0009014606475830078
0.0004687309265136719
0.001466989517211914
0.0011858940124511719
0.0016787052154541016
0.0007874965667724609
0.0011975765228271484
0.001863241195678711
0.0010547637939453125
0.001413583755493164
0.0018987655639648438
0.0018095970153808594
0.0009148120880126953
0.0007922649383544922
0.002602100372314453
0.0017538070678710938
0.0012362003326416016
0.0018558502197265625
0.0018181800842285156
0.0011959075927734375
0.0007796287536621094
0.0014264583587646484
0.0009806156158447266
0.002999544143676758
0.001344442367553711
0.002010345458984375
0.001058816909790039
0.0036592483520507812
0.0023729801177978516
0.0017516613006591797
0.002620697021484375
0.0026242733001708984
0.003679037094116211
0.0014331340789794922
0.0028257369995117188
0.0019502639770507812
0.0012881755828857422
0.0015747547149658203
0.0028467178344726562
0.0017726421356201172
0.0019769668579101562
0.0010342597961425781
0.0017066001892089844
0.00116729736328125
0.0018842220306396484
0.0012612342834472656
0.0007567405700683594
0.0023355484008789062
0.0009887218475341797
0.0006210803985595703
0.0018908977508544922
0.0012497901916503906
0.0013837814331054688
0.0012972354888916016
0.0019996166229248047
0.0012996196746826172
0.002041339874267578
0.001314401626586914
0.0006034374237060547
0.0013613700866699219
0.0017256736755371094
0.0006825923919677734
0.0009305477142333984
0.0007631778717041016
0.0002703666687011719
0.0003409385681152344
0.0006153583526611328
0.0002372264862060547
0.00022077560424804688
0.0002453327178955078
0.00021386146545410156
0.0008168220520019531
0.0005712509155273438
0.0009663105010986328
0.0007326602935791016
0.0013294219970703125
0.0012769699096679688
0.000997304916381836
0.0009744167327880859
0.0010132789611816406
0.000782012939453125
0.00047779083251953125
0.0009865760803222656
0.00046253204345703125
0.0008063316345214844
0.0006928443908691406
0.00015974044799804688
0.0004897117614746094
0.00027370452880859375
0.0004181861877441406
0.0009205341339111328
0.0004849433898925781
0.0008611679077148438
0.0009555816650390625
0.0011761188507080078
0.0010044574737548828
0.0012280941009521484
0.0005660057067871094
0.0005681514739990234
0.0006928443908691406
0.0006215572357177734
0.0009522438049316406
0.0010640621185302734
0.0007295608520507812
0.0006299018859863281
0.0005857944488525391
0.0004794597625732422
0.00019693374633789062
0.00045299530029296875
0.00083160400390625
0.0008711814880371094
0.0006895065307617188
0.0006654262542724609
0.0009016990661621094
0.0002753734588623047
0.0001475811004638672
0.0005125999450683594
0.0012199878692626953
0.0014505386352539062
0.0007524490356445312
0.0012786388397216797
0.0011181831359863281
0.0014429092407226562
0.0014362335205078125
0.001950979232788086
0.0016252994537353516
0.0019376277923583984
0.0008053779602050781
0.0015039443969726562
0.0019021034240722656
0.0008084774017333984
0.0012307167053222656
0.0003712177276611328
0.0003209114074707031
0.0002779960632324219
0.0005939006805419922
0.0005590915679931641
0.00021886825561523438
0.0002505779266357422
0.0005135536193847656
0.00021147727966308594
0.0002181529998779297
0.0007443428039550781
0.0007698535919189453
0.0005252361297607422
0.0004565715789794922
0.0002582073211669922
0.0002219676971435547
0.00018167495727539062
0.0005466938018798828
0.0002200603485107422
0.00017833709716796875
0.0001747608184814453
0.00016736984252929688
0.0005693435668945312
0.00047969818115234375
0.00048613548278808594
0.00016832351684570312
0.0006439685821533203
0.0003132820129394531
0.0003101825714111328
0.00018739700317382812
0.000736236572265625
0.0005366802215576172
0.0004646778106689453
0.0005114078521728516
0.00047588348388671875
0.0005993843078613281
0.00030875205993652344
0.0002930164337158203
0.00018024444580078125
0.00020360946655273438
0.0001938343048095703
0.0001571178436279297
0.0005428791046142578
0.0005078315734863281
0.001074075698852539
0.0008528232574462891
0.0009462833404541016
0.0007550716400146484
0.00018930435180664062
0.0006413459777832031
0.0010514259338378906
0.00115966796875
0.0015528202056884766
0.0005896091461181641
0.0006532669067382812
0.0013918876647949219
0.000579833984375
0.0005369186401367188
0.0002727508544921875
0.0004184246063232422
0.0001888275146484375
0.0011479854583740234
0.00020742416381835938
0.00035381317138671875
0.0008027553558349609
0.0006108283996582031
0.0007114410400390625
0.0006983280181884766
0.0006330013275146484
0.0006291866302490234
0.0005590915679931641
0.0006241798400878906
0.0005879402160644531
0.00044035911560058594
0.0004258155822753906
0.0002307891845703125
0.0002956390380859375
0.0001652240753173828
0.00016641616821289062
0.00017404556274414062
0.0017719268798828125
0.0022325515747070312
0.0014188289642333984
0.001180887222290039
0.000457763671875
0.0009400844573974609
0.001714944839477539
0.00057220458984375
0.0006060600280761719
0.0012612342834472656
0.0010683536529541016
0.001745462417602539
0.0008449554443359375
0.0007224082946777344
0.0005071163177490234
0.0004107952117919922
0.0011930465698242188
0.0023202896118164062
0.0009043216705322266
0.0017042160034179688
0.001859426498413086
0.0015900135040283203
0.0006394386291503906
0.0025892257690429688
0.0010936260223388672
0.0008571147918701172
0.0016064643859863281
0.0017192363739013672
0.0013620853424072266
0.0012669563293457031
0.0007274150848388672
0.0002732276916503906
0.0002663135528564453
0.0006852149963378906
0.0006785392761230469
0.0006160736083984375
0.0015323162078857422
0.0014405250549316406
0.0011374950408935547
0.0013926029205322266
0.0013568401336669922
0.0008549690246582031
0.0009281635284423828
0.0017032623291015625
0.00098419189453125
0.0008857250213623047
0.0006480216979980469
0.0002796649932861328
0.0003173351287841797
0.0002448558807373047
0.0009016990661621094
0.0004305839538574219
0.0002677440643310547
0.0006229877471923828
0.0002532005310058594
0.00019502639770507812
0.0002110004425048828
0.000598907470703125
0.0005743503570556641
0.00087738037109375
0.0005724430084228516
0.0004730224609375
0.0001590251922607422
0.00029587745666503906
0.0005741119384765625
0.00020837783813476562
0.0008082389831542969
0.0010602474212646484
0.0014281272888183594
0.0005164146423339844
0.0005104541778564453
0.000194549560546875
0.0005629062652587891
0.00043964385986328125
0.0004992485046386719
0.0001666545867919922
0.00021576881408691406
0.00026726722717285156
0.00020194053649902344
0.00014829635620117188
0.0006315708160400391
0.0010287761688232422
0.0007073879241943359
0.0002791881561279297
0.0007500648498535156
0.0010573863983154297
0.0003867149353027344
0.0003345012664794922
0.0004305839538574219
0.00032448768615722656
0.0001971721649169922
0.001470327377319336
0.0007879734039306641
0.0008139610290527344
0.0007052421569824219
0.0008323192596435547
0.0006797313690185547
0.0015597343444824219
0.0013680458068847656
0.0009601116180419922
0.000949859619140625
0.0005972385406494141
0.0006508827209472656
0.001417398452758789
0.0009617805480957031
0.0003979206085205078
0.0007615089416503906
0.0003859996795654297
0.0005867481231689453
0.0017774105072021484
0.0015614032745361328
0.0005223751068115234
0.0003941059112548828
0.0008130073547363281
0.0010967254638671875
0.0004215240478515625
0.0005161762237548828
0.0013897418975830078
0.0007295608520507812
0.0015516281127929688
0.0007641315460205078
0.0016274452209472656
0.00035190582275390625
0.0006794929504394531
0.0005917549133300781
0.00036525726318359375
0.0011513233184814453
0.0005772113800048828
0.00031828880310058594
0.0005080699920654297
0.0011050701141357422
0.0006477832794189453
0.0006346702575683594
0.0012502670288085938
0.0005376338958740234
0.0002694129943847656
0.0007169246673583984
0.00044345855712890625
0.0006663799285888672
0.0004169940948486328
0.0009636878967285156
0.0005638599395751953
0.0005092620849609375
0.0004906654357910156
0.0011227130889892578
0.0007460117340087891
0.0005249977111816406
0.0007367134094238281
0.0005235671997070312
0.00034999847412109375
0.0003154277801513672
0.00036978721618652344
0.0003762245178222656
0.00024628639221191406
0.0004444122314453125
0.0003752708435058594
0.0004551410675048828
0.00026679039001464844
0.00034308433532714844
0.0004088878631591797
0.0003218650817871094
0.000194549560546875
0.0016529560089111328
0.0011663436889648438
0.002764463424682617
0.0023610591888427734
0.002147674560546875
0.0017688274383544922
0.0009298324584960938
0.0018782615661621094
0.0011570453643798828
0.0016777515411376953
0.0016720294952392578
0.003228425979614258
0.0015521049499511719
0.0009021759033203125
0.00115203857421875
0.0009598731994628906
0.0014390945434570312
0.0006792545318603516
0.0005421638488769531
0.0004837512969970703
0.0008664131164550781
0.0003314018249511719
0.0008146762847900391
0.002252340316772461
0.0005795955657958984
0.0005953311920166016
0.00046753883361816406
0.0016405582427978516
0.0007081031799316406
0.0003714561462402344
0.000782012939453125
0.0011098384857177734
0.0010340213775634766
0.0009150505065917969
0.000949859619140625
0.0017633438110351562
0.0006227493286132812
0.0008220672607421875
0.0015947818756103516
0.0009005069732666016
0.0009341239929199219
0.0007297992706298828
0.000698089599609375
0.0008363723754882812
0.000576019287109375
0.0011944770812988281
0.0009710788726806641
0.0010151863098144531
0.001539468765258789
0.0009324550628662109
0.0013191699981689453
0.0010058879852294922
0.0012264251708984375
0.0004057884216308594
0.0010533332824707031
0.0009584426879882812
0.0006875991821289062
0.0010707378387451172
0.001184225082397461
0.0016107559204101562
0.0008766651153564453
0.00044798851013183594
0.0007874965667724609
0.0004754066467285156
0.0007178783416748047
0.0006129741668701172
0.0007731914520263672
0.0007767677307128906
0.0005500316619873047
0.0009412765502929688
0.0004413127899169922
0.0005381107330322266
0.0001983642578125
0.0006430149078369141
0.00019788742065429688
0.00014281272888183594
0.0009298324584960938
0.0007913112640380859
0.0006051063537597656
0.000537872314453125
0.00034689903259277344
0.0003666877746582031
0.00032830238342285156
0.0003075599670410156
0.0009112358093261719
0.0003864765167236328
0.00024628639221191406
0.0003552436828613281
0.00021004676818847656
0.0002961158752441406
0.00018358230590820312
0.0005238056182861328
0.00035452842712402344
0.0011289119720458984
0.00030803680419921875
0.0001723766326904297
0.0001571178436279297
0.0001862049102783203
0.00015592575073242188
0.0005083084106445312
0.0001876354217529297
0.0003800392150878906
0.00029087066650390625
0.0007092952728271484
0.0006136894226074219
0.0001983642578125
0.0005533695220947266
0.0006890296936035156
0.0002086162567138672
0.0002067089080810547
0.0003256797790527344
0.00046634674072265625
0.0011093616485595703
0.0010569095611572266
0.0005979537963867188
0.0013041496276855469
0.0005903244018554688
0.0007259845733642578
0.0005185604095458984
0.0002651214599609375
0.0003681182861328125
0.0010733604431152344
0.0005788803100585938
0.0002372264862060547
0.0003218650817871094
0.0007538795471191406
0.0010347366333007812
0.0004677772521972656
0.000675201416015625
0.00020122528076171875
0.0003345012664794922
0.0008130073547363281
0.0003132820129394531
0.00018310546875
0.0005199909210205078
0.0007588863372802734
0.0006394386291503906
0.0008802413940429688
0.0005941390991210938
0.0009207725524902344
0.0005645751953125
0.0003223419189453125
0.0003399848937988281
0.0005283355712890625
0.00039315223693847656
0.0002658367156982422
0.0006206035614013672
0.0005435943603515625
0.0007517337799072266
0.0005588531494140625
0.0001881122589111328
0.00015926361083984375
