0.0008835792541503906
0.0005559921264648438
0.00047397613525390625
0.00041604042053222656
0.00017571449279785156
0.00054931640625
0.00043320655822753906
0.0009145736694335938
0.0008370876312255859
0.0009183883666992188
0.001012563705444336
0.00098419189453125
0.0017554759979248047
0.002037525177001953
0.0017364025115966797
0.0014765262603759766
0.001580953598022461
0.0014467239379882812
0.001882314682006836
0.0016055107116699219
0.0015468597412109375
0.0013849735260009766
0.0014503002166748047
0.0008726119995117188
0.0005505084991455078
0.0005671977996826172
0.0005326271057128906
0.0004992485046386719
0.0010700225830078125
0.00125885009765625
0.001157999038696289
0.0010192394256591797
0.0011539459228515625
0.000518798828125
0.0008237361907958984
0.0008690357208251953
0.0002887248992919922
0.0011475086212158203
0.0008146762847900391
0.0005309581756591797
0.0005013942718505859
0.0004968643188476562
0.00022840499877929688
0.0009140968322753906
0.0010404586791992188
0.0010232925415039062
0.0009510517120361328
0.0007865428924560547
0.0008089542388916016
0.0005249977111816406
0.0007169246673583984
0.00041031837463378906
0.0004532337188720703
0.0007250308990478516
0.0007750988006591797
0.0007758140563964844
0.0008289813995361328
0.0013689994812011719
0.0014977455139160156
0.0008823871612548828
0.0007863044738769531
0.0013234615325927734
0.0013532638549804688
0.0008187294006347656
0.001291513442993164
0.0008559226989746094
0.0008137226104736328
0.0005371570587158203
0.0016751289367675781
0.0015041828155517578
0.0013129711151123047
0.0013778209686279297
0.0009298324584960938
0.0010404586791992188
0.0006082057952880859
0.0014262199401855469
0.00139617919921875
0.0013089179992675781
0.0011222362518310547
0.0011911392211914062
0.0007882118225097656
0.0004706382751464844
0.0008716583251953125
0.0008068084716796875
0.0008857250213623047
0.0005359649658203125
0.0003914833068847656
0.0003764629364013672
0.0004088878631591797
0.00048089027404785156
0.0005097389221191406
0.0008530616760253906
0.0009326934814453125
0.0005257129669189453
0.0020203590393066406
0.0019876956939697266
0.0015010833740234375
0.001489400863647461
0.0007131099700927734
0.0007672309875488281
0.00045561790466308594
0.0008368492126464844
0.0005233287811279297
0.0004420280456542969
0.000377655029296875
0.00017952919006347656
0.00018930435180664062
0.00014662742614746094
0.0010476112365722656
0.000988006591796875
0.0007874965667724609
0.0008592605590820312
0.0012249946594238281
0.0013451576232910156
0.0013661384582519531
0.00047588348388671875
0.0005593299865722656
0.00023627281188964844
0.0004487037658691406
0.0005273818969726562
0.0005495548248291016
0.0007305145263671875
0.0004496574401855469
0.0006330013275146484
0.0008711814880371094
0.0006492137908935547
0.0004127025604248047
0.0004298686981201172
0.00038433074951171875
0.00046372413635253906
0.00034880638122558594
0.0002789497375488281
0.00013637542724609375
0.0006518363952636719
0.0006766319274902344
0.0007545948028564453
0.000759124755859375
0.0007328987121582031
0.0006053447723388672
0.00067138671875
0.00043463706970214844
0.0007638931274414062
0.00087738037109375
0.0008840560913085938
0.00032329559326171875
0.00020813941955566406
0.0002713203430175781
0.00029754638671875
0.0004096031188964844
0.0001308917999267578
0.00044989585876464844
0.0005185604095458984
0.0006964206695556641
0.0007166862487792969
0.00045680999755859375
0.00041222572326660156
0.0004546642303466797
0.0004124641418457031
0.0010159015655517578
0.0009989738464355469
0.0007107257843017578
0.0007030963897705078
0.0008077621459960938
0.001308441162109375
0.0012955665588378906
0.001382589340209961
0.0013942718505859375
0.002178192138671875
0.0018734931945800781
0.0016977787017822266
0.0007638931274414062
0.0011239051818847656
0.001138925552368164
0.0012390613555908203
0.0012135505676269531
0.0007441043853759766
0.0005774497985839844
0.0005784034729003906
0.0005309581756591797
0.0005326271057128906
0.0011599063873291016
0.0011467933654785156
0.001386404037475586
0.0019371509552001953
0.0011243820190429688
0.001299142837524414
0.001163482666015625
0.0012958049774169922
0.0007588863372802734
0.00096893310546875
0.0010378360748291016
0.0009095668792724609
0.0008966922760009766
0.0009720325469970703
0.000972747802734375
0.0007882118225097656
0.0007925033569335938
0.0009517669677734375
0.0012965202331542969
0.0009324550628662109
0.0016369819641113281
0.0014390945434570312
0.0012831687927246094
0.0006582736968994141
0.0008089542388916016
0.0008656978607177734
0.0004897117614746094
0.0011053085327148438
0.0010340213775634766
0.0009684562683105469
0.0010271072387695312
0.0006515979766845703
0.0008037090301513672
0.0008752346038818359
0.0005137920379638672
0.000762939453125
0.000766754150390625
0.0008013248443603516
0.0008299350738525391
0.0006794929504394531
0.0006504058837890625
0.0006251335144042969
0.0006570816040039062
0.0003840923309326172
0.00039196014404296875
0.0004901885986328125
0.001195669174194336
0.0008728504180908203
0.0008969306945800781
0.0012710094451904297
0.0019783973693847656
0.0010924339294433594
0.0006968975067138672
0.0011641979217529297
0.0009899139404296875
0.0012545585632324219
0.0011534690856933594
0.0007181167602539062
0.0006899833679199219
0.0007388591766357422
0.0007429122924804688
0.00044608116149902344
0.00019812583923339844
0.0004086494445800781
0.0001964569091796875
0.00015234947204589844
0.0006537437438964844
0.00037670135498046875
0.00015783309936523438
0.0005805492401123047
0.0006947517395019531
0.00058746337890625
0.0006897449493408203
0.00028705596923828125
0.0004420280456542969
0.0005350112915039062
0.0006034374237060547
0.0011551380157470703
0.0010156631469726562
0.001180410385131836
0.0017964839935302734
0.0009119510650634766
0.0008187294006347656
0.0003542900085449219
0.0005292892456054688
0.0005700588226318359
0.0005891323089599609
0.0005421638488769531
0.0008161067962646484
0.0006341934204101562
0.0010061264038085938
0.0005128383636474609
0.0001995563507080078
0.000499725341796875
0.0013973712921142578
0.0007054805755615234
0.0008916854858398438
0.0007302761077880859
0.0008342266082763672
0.0011320114135742188
0.0005898475646972656
0.0007236003875732422
0.00075531005859375
0.0004723072052001953
0.0005307197570800781
0.0004451274871826172
0.0004265308380126953
0.00040841102600097656
0.0005087852478027344
0.0003027915954589844
0.00018906593322753906
0.0001888275146484375
0.00031375885009765625
0.0002796649932861328
0.0003135204315185547
0.00033783912658691406
0.0003104209899902344
0.0001392364501953125
0.0007481575012207031
0.0007028579711914062
0.0007274150848388672
0.0007615089416503906
0.0007526874542236328
0.0007107257843017578
0.0008268356323242188
0.0008175373077392578
0.001322031021118164
0.0014181137084960938
0.00092315673828125
0.0025827884674072266
0.00232696533203125
0.001163482666015625
0.0012700557708740234
0.001363515853881836
0.0013802051544189453
0.0009665489196777344
0.0007810592651367188
0.0015749931335449219
0.0010685920715332031
0.0011126995086669922
0.0007169246673583984
0.0014734268188476562
0.0011796951293945312
0.001116037368774414
0.0018296241760253906
0.0014719963073730469
0.001001596450805664
0.0010275840759277344
0.0011639595031738281
0.0010542869567871094
0.0005025863647460938
0.0004661083221435547
0.0004429817199707031
0.00043392181396484375
0.0001659393310546875
0.000385284423828125
0.0011143684387207031
0.000995635986328125
0.0012836456298828125
0.0006437301635742188
0.0008137226104736328
0.0009014606475830078
0.0009834766387939453
0.0008957386016845703
0.0005218982696533203
0.0017275810241699219
0.0012884140014648438
0.000782012939453125
0.0007991790771484375
0.0008385181427001953
0.0008342266082763672
0.00029921531677246094
0.0004355907440185547
0.0005452632904052734
0.0007648468017578125
0.0007977485656738281
0.0008497238159179688
0.0012977123260498047
0.0003948211669921875
0.0010476112365722656
0.0008485317230224609
0.0007786750793457031
0.0007371902465820312
0.0007464885711669922
0.0005502700805664062
0.0006480216979980469
0.0007030963897705078
0.0004661083221435547
0.0008327960968017578
0.0007138252258300781
0.0006971359252929688
0.0006418228149414062
0.00066375732421875
0.0004487037658691406
0.001178741455078125
0.0009808540344238281
0.0006597042083740234
0.0006363391876220703
0.0007028579711914062
0.0006468296051025391
0.00028777122497558594
0.0002696514129638672
0.00038051605224609375
0.0006661415100097656
0.00019812583923339844
0.00034618377685546875
0.0003497600555419922
0.00047397613525390625
0.00049591064453125
0.00047326087951660156
0.0007669925689697266
0.0008502006530761719
0.0005414485931396484
0.0018510818481445312
0.0013420581817626953
0.0006463527679443359
0.0007479190826416016
0.0007719993591308594
0.0008096694946289062
0.0008130073547363281
0.0008416175842285156
0.0015418529510498047
0.0014944076538085938
0.000522613525390625
0.0005762577056884766
0.00036835670471191406
0.0010039806365966797
0.0009984970092773438
0.0010330677032470703
0.0008966922760009766
0.0007171630859375
0.0006210803985595703
0.0006277561187744141
0.0005128383636474609
0.0005161762237548828
0.0005407333374023438
0.0005326271057128906
0.0005629062652587891
0.0005812644958496094
0.0006203651428222656
0.00039005279541015625
0.0006780624389648438
0.0005829334259033203
0.00039076805114746094
0.0003833770751953125
0.0004425048828125
0.0005326271057128906
0.00032258033752441406
0.0004379749298095703
0.00044035911560058594
0.0005869865417480469
0.0006115436553955078
0.0007009506225585938
0.0009667873382568359
0.00039887428283691406
0.0005011558532714844
0.00047278404235839844
0.0008685588836669922
0.0009524822235107422
0.0009548664093017578
0.0009884834289550781
0.0006978511810302734
0.0005011558532714844
0.00020051002502441406
0.0001919269561767578
0.0003178119659423828
0.00028777122497558594
0.0003120899200439453
0.00035953521728515625
0.00033354759216308594
0.00014710426330566406
