21676046.73390252
6217962.886258218
20417357.75631915
6217962.886258218
21175508.741831716
20417357.75631915
21175508.741831716
20417357.75631915
20417357.75631915
20417357.75631915
20417357.75631915
22167693.867468826
22167693.867468826
21175508.741831716
22167693.867468826
20788676.76266701
20788676.76266701
20788676.76266701
18147676.797168452
20788676.76266701
5476038.45703456
20788676.76266701
18147676.797168452
18147676.797168452
5476038.45703456
2014629.8703565416
20022528.72697505
288330601.8998283
59772674.299726695
268789186.6947694
295283886.9784485
323333503.0454316
285182635.1304683
245215688.80357146
113199493.51560362
240877666.97093543
59099533875.962166
7579624427.478871
108481419447.87164
109890752722.49956
108481419447.87164
60714506559.139465
103580847834.78148
103580847834.78148
45208720006.11881
594162907.7192166
89012551376.68332
88843840302.02214
11921004501.027756
2441426585.0930486
250964771.56713045
2190137531.549276
2375147466.042148
2572196414.1716747
2387133925.093116
2147928777.9585195
474254292.7870208
1876086912.1343086
1809717242.8717158
1262025283.666697
250964771.56713045
906265164.0848024
471521847.6642411
1288750978.126987
1368801852.538244
2066956746.7460396
561303878.3961233
2745234715.2401805
1809717242.8717158
1262025283.666697
906265164.0848024
1368801852.538244
2745234715.2401805
130776160034.3918
77650191088.75974
133005974282.76688
248751011763.1534
130776160034.39175
30132263555.392525
77650191088.75966
33875982238.779583
5672372034.970681
133005974282.76694
187477803745.13092
41136459576.03167
248751011763.15344
297307250426.5232
2441426585.0930486
2190137531.5492754
2387133925.093116
1876086912.1343086
270204071175.50095
320437332494.41644
330034913560.3351
277704240278.9596
270204071175.50095
27266993700.395195
320437332494.41644
260448950682.0129
13187429072.60295
330034913560.3351
319271555810.6783
36032597506.34368
277704240278.9596
297307250426.52325
80091991.81267183
59772674.299726695
74472954.5782606
57549438.875557914
202998367.93177915
202840420.04449856
217161717.2071229
117604677.47261311
326473997.2120984
240877666.97093543
76544000.83900084
199199597.85780385
78703968.64317721
165082115.00329414
53324598.08949581
173050346.62059608
63152128.6710063
8816338370408.955
13854176402698.377
8326766421363.58
5888264357840.773
532560095660.60126
80091991.81267184
74472954.57826063
202840420.04449853
326473997.2120984
37708709.68763806
93416315.65685017
78703968.64317724
31769636.240096565
8319936.39508077
183414698.56486225
63152128.67100632
13608570377.156775
109501844508.51889
7738500739.096382
85344222495.99998
532560095660.60126
5047071477.096583
3829482616.3008823
8769547365.55391
15964889452.137022
1382905561.1164515
4976907508.941435
4892120323.440381
935791491.3484049
208491260.30344138
7926702671.093069
106810003.5869941
5047071477.096583
2223530579.8415685
3829482616.3008823
2283872821.5823846
493419420.02914727
8769547365.55391
10682677311.120045
2209464435.2919173
15964889452.137022
14142834798.373978
3204040062.0260015
12349477954.089998
4892120323.440382
6026894827.142803
1656536244.9801402
7687036065.832901
106810003.5869941
288330601.8998283
268789186.6947694
285182635.1304684
240877666.97093543
1685406973.4239948
7579624427.478871
278447566.36246324
276388650.4417083
142977250.47284588
539503276.9048737
143182783.71349555
142977250.47284588
2156312626.2808533
66148367.41694317
1394007264.0
88843840302.02214
3685366295.48934
16189592562.237421
16127737857.221294
17392836912.742123
12899483880.494194
2154093355.5884757
18307459336.063725
2735404356051.9165
357155205157.8115
16189592562.23742
2068215339.3817608
16127737857.221296
16586894885.73896
935602073.6
17392836912.742123
15538036879.929092
1821950716.0710962
14142834798.373978
12899483880.494198
95552919.41970202
83654923.85571012
86521755.19229244
95360870.8721055
93550646.39935389
84146857.43407495
82790712.67303869
79839335.14230637
79042382.13117017
64927865.894461736
29544963.28868345
44928094.448877655
45103312.237593114
83654923.85571012
35277576.65171202
23309337.351803172
50597044.15944641
52622041.40301475
72535126.20538016
96217091.85970613
93550646.39935389
79042382.13117017
102309939.43249911
44928094.448877655
64596001.914528735
11540483.829525772
83889193.2106215
45103312.23759311
35277576.65171203
52622041.403014764
96217091.85970612
102309939.43249911
47001340.58533388
25543179.038010456
12579023.903473398
30157962.47264127
66983381.67065952
29544963.28868345
47001340.58533388
4251739934.054704
2635639527.524664
4329561595.33093
8022233556.0847435
3100503997.607704
1638448081.88497
61168600.2917953
413291628.846036
3181338838.9166656
4251739934.054704
10044087851.797512
2635639527.524664
1326829022.428397
177261626.09283376
4329561595.33093
6015932045.580096
8022233556.0847435
6856076596.00528
10081833250.219501
3100503997.6077046
1567365306.3474686
172923527.51617256
376120964.49311316
9090019316.820984
95552919.41970202
86521755.19229242
84146857.43407497
79839335.14230637
9122149799.053978
10605009084.152647
10527283499.53834
9392336419.44672
9122149799.053978
9088997900.131733
10605009084.152645
8878757656.37745
412107158.51884216
10527283499.538338
10504229038.600727
9392336419.446722
10081833250.219501
6005432917.723949
4214331.910526234
20417357.75631915
4301268.078839162
4301268.078839164
12383731.945277827
12209184.7610673
12209184.761067301
20790230.76266701
20788676.76266701
20022528.726975054
36461903.75895422
4014258.0773338224
10148826.188434843
4004082.543095453
9321914.953226486
8851771.841378208
3701350.1526546036
3365325.0302292723
9212670.67898212
1336984.834694278
8941449.701177211
3508542.355349662
8984313.968388194
3701350.1526546036
31504558.281568997
7607191334.477871
1350712696.9889557
4003421511.768444
1294577112.7960362
958871897.4765725
104883006.71043749
383688113.5144847
4214331.910526234
4301268.078839164
12209184.761067301
20790230.76266701
36461903.75895423
2419576.5834683203
5905055.377134801
4004082.5430954527
2293744.367722918
4014258.077333822
5598390.042269714
1471568.6133652888
9630409.07961798
3508542.355349662
1424747.2457569775
18350002.160227787
1153015412.6861277
30056902.819998175
108265728.50747654
18569466.914106376
32848200.055770345
104883006.71043749
17435216.538549803
10148826.188434843
3365325.0302292723
4014258.077333822
197681805.0263834
168062834.7361678
357035676.3986659
666133108.8721215
511516358.5930298
65556636.793423526
193871180.85407293
174826166.88189784
45240180.46679719
115184476.21445104
4926169.899839485
37551351.88182212
313703034.20249844
4791718.23238362
34852367.77517403
327767626.43168414
16317184023.864359
2559034946.1633906
197681805.0263833
743326499.2980549
168062834.73616773
127652032.6080451
15419356.875910852
357035676.39866585
411458386.4788787
666133108.8721213
368244072.5486528
708798396.3396779
511516358.59302986
132070781.88550258
440268369.6644714
174826166.88189778
241223499.76916605
105538216.04058105
13627203.161819879
32940729.445925158
299357387.2457574
4791718.23238362
276359323.8498632
776568185.5627211
131744774446.94211
217699606185.69614
21676046.73390252
6217962.886258218
2665579.6528110784
4305067.976316996
20417357.75631915
1413912.7346303235
20417357.75631915
20417357.75631915
4305067.976316996
1413840.341521653
837407.0337460128
2029258.4799021506
837407.0337460128
837407.0337460128
1413912.734630324
2310939.840976687
2311818.8250798564
6217962.886258218
18147676.797168452
20417357.75631915
735311.1782728481
4305067.976316996
18147676.797168452
709391.9648877067
994323.6197657561
20022528.72697505
769639898.5722889
743326499.2980549
690917028.9775639
653715211.2130191
3554198339.8555303
30274936.99479036
3554198339.8555303
344453762.98945874
52859745.09081776
47126153.407475516
4587474.114163092
493828759.11460984
408289037.1009428
9728679565.427685
769639898.572289
691918532.3121502
743326499.2980549
788484279.6400415
29237564.8
690917028.9775639
690917028.9775639
708798396.3396779
303658452.678516
653715211.2130191
3554198339.8555303
93323500.12970477
2730665355.6828437
309815468.6452604
309815468.6452604
2730665355.6828437
22975884.223462902
13210102.637301942
1969929.7091261824
1969929.7091261824
13210102.637301942
22975884.223462902
11356266.907265812
13210102.637301942
22975884.223462902
11356266.907265814
22975884.223462902
22975884.223462902
13210102.637301942
21231308.81481264
22908160.873494416
22908160.873494416
22908160.873494416
22908160.873494416
10527416.747192759
101034.14955418457
12223435.068255832
1779093.448529438
20841198.767074242
20495896085.528225
7227332559.482851
20495896085.528225
271603585.30659753
14593078012896.094
91322994372.01096
14593078012896.094
4639483424066.052
21425865135.326633
1313492922.5583484
11028128802.21801
1858404149.6329348
1000427702.5743102
690716525.5108175
1162458053.1379573
111530581.27002084
765743640.954998
1690840057.2117758
1151094510.50681
18994641091.741905
19671161673.722298
1365528842.8379884
1162458053.137957
5918788.073342201
15224908.671154195
5961717.34472341
5508337.589884058
13932837.682625106
13164771.412452467
5471315.896272537
1989672096.0
37033874.603174604
48141998.671372674
11028128802.218012
409921961.89286786
367863028.00000006
31613356.743753575
31732078.42758574
111530581.27002084
3665251.6962712095
8780981.370476041
5961717.344723409
1035396.1124095093
3629321.5372142643
14212638.744772883
5471315.896272537
86347089.87904744
463714329.27783054
842929670.0054439
30555294.803205565
18994641091.741905
22031087255.706444
1555040397.9885468
1367120120.3237028
86165632.66624247
247507577.1291358
226832339.83057237
16836237.752504207
70379904.21919437
409592241.50108933
7101643.976926554
6657305642480.1
6293247996.141485
171070053.50257832
567802159.3781272
226832339.83057237
122873026.2644174
412495955.19646686
388523312.73632324
7101643.976926554
6657305642480.1
373122275570.01526
3787063.225032545
1969929.7091261824
2362834.1355358306
11356266.907265812
2362834.135535832
1562241.026126494
3156923.522213808
6008652.0
15285747.455051953
7242059.901785714
109272.4351076555
1384992.4278205377
1562241.026126493
1562241.0261264937
20841198.767074242
1562241.0261264928
427354.96480084345
360100.53827270697
9428566.918933691
2109968.585797006
7242059.901785714
1562241.026126494
22908160.873494416
25228782.042551234
1965792.4963375896
25222182.042551234
25228782.042551234
5112066315.862084
106258966.13938215
7836141.781752779
25965400.828013252
19487141.463157687
30608640.000000004
196293807.0887846
10529295989.72999
349790597.5680666
47459570.20701807
739342177.5294476
5136954599.442184
5112066315.862084
10183103762.459719
5170402923.598101
8022275949.454643
2259642.80730578
2129160.5816814066
2214325.2297156355
4570728.138152284
3040085.1218804843
4909296.0
5062512.0
3084277.029310839
2214325.2297156365
2214325.2297156365
2041231.9157357572
4737316.113965722
4909296.0
5062512.0
1398001.595057039
2391519.4630143694
487147.94282436185
2225056.279239093
1765218.0
1134370.983239799
2129160.5816814066
2391519.4630143684
1344368.903172079
3212704.3793036523
119805941.90257177
2553964.0901260036
78174185.76924841
70130475.7351331
107085825.51472256
3604508544.0
108862346.41161709
119805941.9025718
7112994.547948261
72338088.26849079
63828028.62660984
302886519.1086832
3604508544.0
1295081259.3737147
1135024.1206981165
5815239.391428899
5815639.391428899
5769654.532441364
1166295.3532959032
459745.74251581606
461358.7120724665
5778460.779137855
5778460.779137855
461358.7120724664
418592.9860950487
1135024.1206981167
461358.7120724665
1166787.9414693043
5376575.454041942
1113456.5589709193
459745.7425158161
1166787.9414693043
413970.2152582845
1039180.5112668065
1039180.5112668065
1009966.7933176033
413970.2152582844
427539.9091585345
427539.9091585346
427539.90915853454
388965.2069643083
427539.9091585345
1059785.0810345793
388965.2069643083
1262308.2780772364
5324002.600541522
2799973.241878855
427539.9091585345
60548.727696900096
427539.90915853454
427539.90915853454
4623364.369663345
5327523.941705754
5364066.989673406
5364066.989673406
1059785.0810345788
4939926.579372435
271776.0
271776.0
271776.0
271776.0
36356.00000000001
271776.0
94764.0
271776.0
193504512.0
2748156.0
193504512.0
193504512.0
7881504.0
193504512.0
1965723.4779902354
5769654.532441365
1166295.3532959034
226676.29064205373
227333.0775714462
5778460.779137855
1135024.1206981167
352141.0008552272
864174.8375009187
459745.74251581624
848346.367053573
825492.7912458477
400195.2651598083
1099735.7143701056
188621.0563366443
188621.05633664425
267630.35838661314
427539.9091585345
225626.1883749683
418592.9860950487
620598.9670936256
2799973.241878855
346272.51336810616
60548.727696900096
461358.7120724664
5769654.532441365
3944819.6863421467
526856.822116308
5778460.779137855
352141.0008552271
319967.84966742905
3944819.6863421467
828099.3358134384
413970.2152582845
183782.1585480093
461358.7120724664
737811.3382925475
461358.7120724663
4623364.369663345
5783097.800494594
5815639.391428899
1166787.9414693043
5815239.391428899
48734347.55582192
5705908.608716472
12682124.634383654
9328037.130569922
274274.99999999994
4196331.340949558
19565970.235999767
342084.2647979185
2884346.7896574577
7532893.173597846
9590262.89910857
33596731.49721311
4423051.0371323675
20218187.838254724
67946696.44703329
344929973.54359657
43881015.65765779
886511301.444057
12059225.07313656
2148530991.4317513
13066662.007056642
27226911.08351765
2148521594.094309
36369583.9444386
2163653461.62949
48734347.55582192
9113230.116880199
24236101.170128863
9328037.130569924
744283.6578947369
18570850.05751509
18230118.14973644
342084.2647979185
20664530.759023294
6714093.760452597
8724005.633067366
63413679.34599002
15570446.066996932
20218187.838254724
63510692.279059336
344927933.54359657
298453746.65967005
886511301.444057
55717793.36630687
1892035168.846732
2148521594.094309
73269419.43920226
117792863.37190557
106391797.8357294
1688380952.7871757
77434.0
79854.0
74642.0
79854.0
79854.0
79757.0
69247.0
79851.0
69247.0
79854.0
79851.0
77522.0
77522.0
79851.0
79854.0
79757.0
79854.0
69247.0
62294.000000000015
77524.0
77435.05690618687
62294.000000000015
79854.0
77522.0
77524.0
79854.0
79851.0
62294.00000000001
62294.00000000001
62294.000000000015
62294.000000000015
66192.00000000001
49959.0
69247.0
11599.0
62294.0
79854.0
77522.0
77522.0
79851.0
79757.0
26947.999999999996
79851.0
79851.0
62294.00000000001
48862.0
2570.0
79854.0
77522.0
77524.0
77524.0
69247.0
77522.0
79851.0
77524.0
79851.0
79851.0
62294.000000000015
79854.0
79757.0
79851.0
79851.0
79851.0
2725003.358679406
42876.10188679245
2746197.4821935426
2746197.4821935426
443805.71606759215
95628.85352885156
2746027.4821935426
443805.71606759203
578596.212204014
36115.672932330825
799509.0283126008
95203.62360686791
2270785.782506605
31412.76420765026
918364.5553190563
220940.4878755941
79710.0
752911.8706036805
2746027.4821935426
2746027.4821935426
64272.83775469632
2746027.4821935426
95628.85352885157
2270785.782506605
2725003.358679406
71780.72113542931
2746027.4821935426
2746027.4821935426
2462973.7505885647
2462973.7505885647
2746027.4821935426
94540.61521467532
2746027.4821935426
88579.94081728118
65930.08485695106
88579.94081728118
2460770.7733264454
2270785.782506605
1203261.2978401324
1385253.6731990231
331391.59230769234
1491701.2329594016
1385253.6731990231
1491701.2329594016
718189.8427678922
681185.1846153846
1385253.6731990231
1477878.1698183762
1277991.5993768848
1491701.2329594016
1491701.2329594016
1277991.5993768848
331391.59230769234
1203261.2978401324
1382257.7968567254
1401254.3107456143
630944.6471177945
718305.0447368422
1266460.3209899748
327154828.0998238
327154828.0998238
199228568.94031045
327154828.0998238
327154828.0998238
22303205.9884277
314767617.7892364
199228568.94031045
329828896.9199845
163018177.69803232
1889337.367397882
318774782.8990171
22303205.9884277
314767617.7892364
36518601.149304114
36518601.149304114
188661139.72663876
333899408.1795199
188661139.72663876
22949642.136042837
22949642.136042837
317189022.49493706
2442378.04017094
405355.96184315684
3026848.36965812
1886220.9572747918
846982.3179487177
2980304.600427351
2937068.9679638785
2363954.216938645
2363954.216938645
2313292.713851592
2592013.7703635627
2431605.3476584083
1996309.1730319385
2157476.904715096
5583071.895148468
6150480.991737192
5362459.541847466
5830312.542690207
5457817.27730449
597274.2891361618
4909197.642926471
4909197.642926471
1138036.3197223123
4217472.553411966
4115685.628029048
2363954.216938645
2363954.216938645
2592013.7703635627
2157476.904715096
2354893.9041926535
73025.86150817561
769206.961517125
657170.9120179209
731047.894131105
2892459.083020638
733229.1209572016
1021447.4348030724
1786783.7885481631
3109435.1299958974
3389677.697087836
1265722.1067901992
3037495.154758522
3221216.8308489867
597274.2891361618
2258903.2896356448
4705456.102824256
1357283.512995973
6150480.991737192
4115685.628029048
72376.99412119524
769206.961517125
561364.7708311344
728115.1233985953
3109435.129995898
2490293.31042035
3221216.8308489863
2258903.2896356424
6150480.9917371925
2892459.083020638
1786783.7885481631
299171308.0601015
294608361.5702301
175518849.77724344
547933015.7444073
12759355.594414432
539277385.3814267
112758872.63223004
10540224.656516608
276498103.5940301
142241847.98282
219729457.41706887
243669656.25542906
262604740.64631435
241475541.15777907
50509856.02716516
539277385.3814268
374327088.31234026
10558313.713325161
166009517.64946362
276498103.5940301
19473451.55941733
115416517.10524024
142241847.98281997
299171308.0601015
77660778.05810162
12439412.357391844
294608361.5702301
66831293.71524321
175518849.77724344
413786739.1436337
90430493.28492522
547933015.7444073
654322879.5766472
250302.35664335662
2957863.12937063
1017409.3128205128
831391.8776223775
5583071.895148467
3099934.423812575
5457817.27730449
4909197.642926472
4217472.553411967
22244537.16976116
1932876330.4811668
142860285.30457482
12484979.979428358
608844400.260039
728286858.052496
704519944.267642
610714816.9762136
211338370.17434466
1975020686.8399856
1144172496.1814044
12661139.413460992
196233468.5352938
266228539.40250352
294907973.35012585
219729457.41706887
243669656.25542906
202257957.48209092
262604740.64631435
196436653.07784164
185587741.71102118
241475541.15777907
608844400.260039
573618867.3049443
28919800.597813483
728286858.052496
60493009.50477945
704519944.2676417
704519944.2676417
79123881.58368051
610714816.9762136
654322879.5766472
1277991.5993768848
1203261.2978401324
1382257.7968567254
1266460.3209899748
887955.8238831345
933263.167267267
60564.0
340243.7985412063
351718.1623820249
1356014.7389161403
280845.3695831659
639037.8836660318
293864.253936079
898758.1805715688
900048.6600907326
1482201.5236387271
289201.5589804122
331391.59230769234
347736.3212513351
335392.75021986273
351718.1623820249
933263.167267267
485252.07972972974
681185.1846153846
623946.6745495496
885844.176317683
350160.16606059636
933263.167267267
335392.7502198628
1482201.5236387271
1491701.2329594018
1266460.3209899748
22680947063.904522
34918854197.938614
18458389400.104076
1868789344.8670783
7607375944.369353
34133440809.716805
1280333570.5356233
22336726176.191486
59682.16526801992
336768.79854120617
348023.1623820249
594755.689935154
258535.06399496555
639037.8836660315
894844.813840459
331697.7502198627
1480805.2329594018
887955.8238831345
1482201.5236387271
347736.3212513351
485252.07972972974
623946.6745495496
885844.176317683
350160.16606059636
933263.167267267
335392.7502198628
139366495.49843898
742238138.6470726
384433434.66666675
1868789344.8670783
7604498536.128196
123313882.61458527
1291615446.0526469
215531947.65037236
13730264.588820428
22753185.101640973
10791243.995963829
41654971.538888395
3597855.438597422
124122775.21429254
21053256.82171122
5255015.699253936
17770771.427311994
49192549.87622668
9231899.950031918
6756291.262129792
22554710.650928035
21230150.447192416
11663247.67415542
31137299.946586084
311521.83783783787
198054527364.6819
2827294473.503974
22047791265.48145
41256239.723891236
41343690.58641742
38177458.91080549
42518646.027052626
37281997.96034684
37281997.96034684
21679315.660647675
124122775.21429254
92632785.38874164
5255015.699253937
17770771.427311994
26891649.27930295
13757877.919643892
7080205.595943389
1082060.1316428669
22753185.101640962
49192549.87622668
4860479.301869045
7008515.890838887
9231899.950031918
10818857.326787299
18395316.790259007
26866783.970420167
6756291.262129792
4989481.98974359
22554710.650928035
21230150.447192416
11663247.67415542
31137299.946586084
311521.83783783787
41687659.538888395
37281997.96034684
198088611554.4037
832604709878.3842
21974314831.654587
157301.7272727273
1465126.902462121
1376748.6731990231
598631.8868055556
354327.79999999993
669884.0454545455
1269955.5993768845
1194845.2621983855
1257955.3209899748
6567621.356997104
3859596.7379074628
8323631.119624481
3856227.340519762
30382147.31118004
22303205.9884277
335186449.2157805
5681191.342969952
4955091.230335314
16556867.516446976
223888.09677419357
6279312.000000001
314767617.7892364
36474217.58443799
23793318.486064173
8323631.119624481
3856227.340519762
1447595.7893085137
23385905.505993765
3856227.340519762
8158223.383626541
6597331.259159755
6136118.145321753
27023971.018354923
42321652.3701383
45005987.4760883
41310026.44385042
34056041.10578911
4403097.822944331
528725586.4508049
23495357.59156503
5416915.5994433975
1000898170.4911506
166224937306.88306
695599100.0207275
59618325.698924735
798552427.5345832
479251085.88624257
15416881.236603439
334104746.4718889
37444582.8554357
102416404.55461259
87289722.84620634
535271365.4415586
336155737.4963754
5439517.877765076
38177458.91080549
42336692.32766936
42336692.32766936
42336692.32766936
2051758.933333333
45038131.4760883
47385067.61117321
51281876.79175591
41256239.723891236
6424952.997386696
41343690.58641742
41343690.58641742
41343690.58641742
41343690.58641742
37747658.53360296
38177458.91080549
42518646.027052626
39422660.58067127
12829034.386956958
4100533.359398497
29753798.45321329
476582.43742690055
37281997.96034684
37281997.96034684
16190049.941019217
34073051.1057891
95372904527.00009
146440807269.73813
177436465024.8458
986371176.9260755
799082689.2433784
168390615844.7686
3587463258.520729
330984454.1598631
6717793492.23757
6717793492.23757
141163.71965811966
135118.65394771894
146415.4247863248
130717.44444584937
141163.71965811966
143449.5017094017
138947.7068409581
141163.71965811966
135118.65394771894
135118.65394771894
128804.4751950923
135151.61330570016
128662.91650985001
128662.91650985001
128303.07655356338
226213.91883266214
226213.91883266214
225472.33034340522
225472.33034340522
225472.33034340522
226213.91883266214
221800.16209331233
226213.91883266214
209296.41088314008
201547.85340054255
201547.85340054255
201547.85340054255
199091.42971205394
45010.51995652653
188898.0156421163
186558.13559997696
186558.13559997696
189672.71995371868
135118.65394771894
135118.65394771894
128662.91650985001
128662.91650985001
177936.3138200728
104525.94062127186
135287.58045590192
116967.96474358972
24341.95383605854
29479.80402675904
38616.978307182995
121841.31568851747
140840.11538461538
38616.681713000726
146415.4247863248
49629.54700854701
116967.96474358972
226213.91883266214
131139.6853567791
145889.59441987617
135287.58045590192
77759.76040592924
134434.74899559384
139783.4783031256
106954.5597078926
171797.22187140968
178252.28362335352
199091.42971205394
45010.51995652654
224363.90226425248
225472.33034340522
226213.91883266214
189672.71995371868
69544473.63760896
101196754.37967218
177936.3138200728
104525.94062127186
135287.58045590192
24125.664707065083
29479.804026759044
33219.94914164854
121352.52056643255
131139.6853567791
94079.49450519675
139783.4783031256
106954.5597078926
225472.33034340522
140840.11538461538
116967.96474358972
226213.91883266214
135287.58045590192
171797.22187140968
45010.51995652654
224363.90226425248
189672.71995371868
10114422.815049447
9820051.88870282
6334070.269032703
17862218.669848677
4253118.531471476
20149823.34517581
5441589.153037431
1756704.1094194348
9581149.944279023
6908535.763299518
4218473.997376772
384708.17793581967
1165818.8444329808
6799350.871946719
20008420.370545067
8179258.058726208
8997618.321878685
9106341.070791572
9106341.070791572
16836618.675721724
20149823.34517581
18729125.242440876
1759718.9522208606
5770999.42277578
9581149.944279023
850500.0321431498
8815586.858453652
4019428.1106025837
6908535.763299518
10114422.815049455
4218473.997376772
3282941.1936943894
388731.63616849517
9820051.888702823
6334070.269032702
384708.17793581967
13487411.723827224
22277097.905081075
1165818.8444329808
6799350.871946719
17862218.669848677
15071748.880820872
22368538.477681153
20008420.370545067
83434.11888111888
143665.88986013987
66738.5282051282
138565.31293706293
225472.33034340522
112645.30908457856
209296.41088314
201547.8534005425
186558.13559997696
7414845.723253719
82677615.34634368
6830913.984896927
2080829.9965713932
20681906.399925623
23589046.103179336
23457320.625975177
20787705.662089206
70446123.39144821
83860491.46646805
67036374.9872682
2110189.902243499
7710797.4116907455
9193472.305742897
10109726.398300702
7710797.4116907455
8179258.058726208
8997618.321878685
7673365.763902552
9187855.930233512
9106341.070791572
9106341.070791572
7040125.356407343
20681906.399925623
20681906.399925623
19744169.521549385
903743.7686816714
23589046.103179336
23457320.625975177
453926.7046442909
23457320.625975177
20164336.501593143
3708447.0157736675
22877158.789348688
20787705.66208921
22368538.477681153
13187313.597280081
20008420.370545067
174305.0
90677.0
89928.99999999997
90677.0
134888.0
20188.0
30772.0
31599.999999999996
170220.0
26041.000000000004
31600.0
170219.99999999997
31599.999999999996
30772.0
90677.0
90677.0
174260.0
26041.000000000004
174305.0
134888.0
31599.999999999996
89928.99999999997
31600.0
31600.0
90677.0
134888.0
134888.0
8362.000000000002
87939.00000000001
31516.001727777784
90677.0
90677.0
31600.0
90677.0
174260.0
174305.0
174305.0
90677.0
31600.0
172519.0
174305.0
4879891.629704418
4722298.556904303
12724545.340801043
68786509.98323591
4722298.556904301
12642959.06384721
10084889.06694532
4634330.174396837
4022527.5190146966
617604.1649955875
68786509.98323591
10888384.20971689
1331163.827586207
21502846.781943712
1257779.1318350672
3733932.258562266
12255488.27041904
4720488.00608814
12294462.540692093
74518970.5095103
19894.05508933997
30077.0
30860.999999999996
61706.999999999985
25496.0
167603.00000000003
88924.0
30861.0
78063.99999999999
171581.0
174305.0
90677.0
89929.0
134888.00000000003
31599.999999999996
30771.999999999993
174259.99999999997
31599.999999999985
89928.99999999997
8362.000000000002
87939.00000000004
31516.001727777784
90677.0
90677.0
31600.0
90677.00000000001
90676.99999999999
31600.000000000007
172519.0
174305.0
486460.671657796
4722298.556904303
1416386.7434041372
825996.5489007162
4722742.556904301
12644195.454184642
1119620.424918476
4634330.174396837
176186.68532467526
617604.1649955875
1359386.7599029914
222486.03291841052
8826615.587386334
1257779.1318350672
3894892.687766951
360862.0492116528
670409.6208823342
12725877.340801043
726503.5447171789
1218443.6862439746
651392.115530305
2398089.2573490664
1199285.146199141
6673152.852082953
1260061.0581782057
915202.5362668859
1053088.8224818157
1908037.2020332098
553841.2956802957
2696404.123058921
544502.3133607743
30982.200627921295
157393.5294117647
1164957.1459822843
480619.09459553304
1460818.3042567545
1460818.3042567545
16682.783783783783
1152004.6415050784
1391753.8574346048
1598203.1538461538
2295604.7844955507
1352532.0493890457
4891328.667018074
2141771418.19168
122715201.70258756
18967458.531916108
110822905.03719875
28799181.31702463
46290188.35113991
1893634.708855012
6349976651.47788
7226438.553549226
6673152.852082952
5425522.741828006
915202.5362668856
1053088.8224818157
1335610.9599788636
1908037.2020332098
732026.2108818722
553841.2956802957
538425.065237424
33814.37911383959
1218443.6862439746
2696404.123058921
310980.8592893357
2550454.5387565196
544502.3133607743
30982.200627921295
656914.7816949985
892474.6500843534
1334833.919076277
2441918.8431977415
157393.5294117647
1164957.1459822843
480619.09459553304
1460818.3042567545
1460818.3042567545
16682.783783783783
1152004.6415050784
2406261.257349066
831580.3316239316
1391753.8574346048
1598203.1538461538
2495198.4365969035
2295604.7844955507
2307078.861153473
2441918.8431977415
2263076.0536328116
2495198.4365969035
2495198.4365969035
2495198.4365969035
884237075.895022
2009090200.545765
4735628755.799129
622235474.7571865
319280900.4496464
28799181.317024626
45153103.079480976
238688575.03633428
6266834847.822874
78026.03329325707
61709.0
88506.0
20483.999999999996
171470.0
61709.0
78072.0
78072.0
132878.99999999997
171581.0
132878.99999999997
171470.0
61708.99999999999
61709.0
78072.0
171581.0
78026.0
171581.0
69426.0
47287.0
83203.00000000001
20483.999999999996
24725.0
132878.99999999997
132878.99999999997
171581.0
171581.0
83203.00000000001
24725.0
132878.99999999997
61709.0
88506.0
4963.0
83203.00000000001
132878.99999999997
88506.0
78072.0
132878.99999999997
24725.0
24725.0
8283.0
8282.999999999998
171470.0
88506.0
61709.0
20484.0
78026.0
171581.0
83203.00000000003
78072.0
61709.0
171581.0
36538.0
171470.0
2545441.219579504
2433882.843197741
1352532.0493890457
2433882.843197741
2289934.7844955507
2219093.588757868
131326.6051167964
1467699.274314777
35313068.77482873
31086711.729835834
1324056.7009401235
35313068.77482873
938445.2756570738
1806570.1549556737
41947.770071245526
1784618.7647312754
10019067.72655337
35313068.77482873
4053605.715916053
10019067.72655337
1157575.6582873343
1729139.5951135282
222952.06910890044
229576.5190579847
533698.7685291908
134921.77500000005
35309738.77482873
99830.46601146602
93748.41099488945
35313068.77482873
1324056.700940124
938445.2756570738
29415.088617662845
2263076.0536328116
2550454.5387565196
2441918.8431977415
2550454.5387565196
2550454.5387565196
2550454.5387565196
64117.46666666666
2441918.8431977415
2550061.844833958
2787157.05908065
2550454.5387565196
2307078.861153473
34935.00000000001
2441918.8431977415
2441918.8431977415
2441918.8431977415
2441918.8431977415
2307078.861153473
2263076.0536328116
355626.47637021187
23543.054970760233
2495198.4365969035
2495198.4365969035
2495198.4365969035
2495198.4365969035
2495198.4365969035
2259188.7783561856
683422.2265664161
2295604.7844955507
32938725.193743166
1303865.981034269
29503938.616062693
35309738.77482873
29503938.616062693
29503938.616062693
35309738.77482873
938445.2756570738
35309738.77482873
864167.4396636308
32938725.193743166
8952425.212969167
32938725.193743166
32938725.193743166
10019067.72655337
1157575.6582873345
1157575.6582873345
29503938.616062693
266901.545112782
8952425.212969167
134921.77500000002
1231995.6033421399
883613.5526887787
1255693.6920996523
1255693.6920996523
33693903.16048995
33693903.16048995
31475051.938189797
153955.57962255445
66611.99999999999
163410.13862179485
161558.81810897434
161558.81810897434
154155.1998728559
159819.44631410256
33306.0
126999.38461538462
125865.92307692308
131747.0170940171
131747.0170940171
124459.10817415161
124459.10817415161
128422.1965811966
219672.60775001836
231614.6467068094
223370.6467068094
66612.0
33306.0
179835.8633400238
179835.8633400238
183852.02070294347
153955.57962255445
131747.0170940171
131747.0170940171
124459.10817415161
65760.0
37891.276269342736
163410.13862179485
49683.32401126389
159819.44631410256
2379.0
126999.3846153846
47526.1442239209
65915.14375
158928.91987179485
216496.45150001836
223941.9904568094
221465.9592068094
66612.0
33306.0
171867.91548468632
171867.91548468632
223370.6467068094
215697.9904568094
167889.47299358682
183852.02070294347
44947140.53843909
22936332.33092257
44947140.53843909
4685678.1370925335
159819.44631410256
126999.3846153846
9194615.047652477
5533323.190653449
32002364063.368633
1505905466.0740724
1000199.1529375166
9194615.047652477
5533323.190653449
4575418.32298732
6438114.196788306
9159956.463462312
7176614.280451493
7891999.603245599
7800458.10845759
787761.0643480814
18763934.614584375
2331729.124616626
2220671.869146627
11503780.37599186
11442960.545483384
15132133.540844366
13745671.763672857
9794962.77718481
18904875.980785903
32002364063.368633
12766932907.448711
9159956.463462312
7801680.65473676
9121570.432553524
8387507.167106517
6729852.041732152
7176614.280451493
7891999.603245599
7800458.10845759
6790190.006110671
6106462.200928192
787761.0643480812
21955340.503533065
2331729.124616626
2020487.2738626902
19762339.368077002
15344327.244468205
19762339.368077002
17867512.8573399
18904875.980785903
14735564.095309256
294002.0
215419.78943749215
294002.0
303187.0
217854.0
216343.1709965649
303187.0
303187.0
3259906.275002381
5709288.774664354
76287919.4595802
83021740.73550959
83021740.73550959
5293813.987282293
6192059.972545176
6086546.612915149
5319485.526135064
76032818.59219484
217854.0
91976.0
68788.0
216358.83326843887
303187.0
301636.0
62894.0
303173.0
18960.0
91976.0
91976.0
42921.0
69427.0
62894.0
75445.0
216708.0
75445.0
75445.0
75445.0
208362.3076249341
75218.0
217854.0
217854.0
75445.0
303173.0
303187.0
75445.0
217854.0
303187.0
39587301.849435605
4918021.860496701
13846474.631723292
6970075.044422345
3259906.275002382
7021080.293343747
375533.0815687608
5319485.526135066
5319485.526135066
76068139.75247939
691386.3581478008
4363316.0
607112.6984126985
214151.22232075664
294001.99999999994
217854.00000000003
214500.7856707237
269329.09027777775
3259906.275002381
834033.9826356538
76287919.4595802
83038540.73550959
82566932.32653083
5295013.987282294
6184655.520835561
6086546.612915149
5953969.807395324
7007554.000000004
39587301.849435605
1657040.6666666665
13809451.520332156
2824286.9919794505
840610.8848772787
3449316.2896107514
375533.0815687608
1101722.6224103742
865220.6274286278
691386.3581478008
303173.0
91975.99999999996
69426.99999999999
75445.0
216707.99999999997
207328.128322978
75218.0
217854.0
75445.0
2455982.2287308984
1688525.348351719
2012154.1629527328
2281696.1932122903
3164213.9866018333
783775.2536398638
1365865.798388071
883848.9306157638
1688525.9919369947
1636215.6307473895
622526.7568527918
2012154.1629527328
22063.375
18011046897.26115
199507810.86051464
49773359.637885205
109657047.6628414
3120698.588431191
1688525.348351719
2012154.1629527328
2281696.1932122903
69312.0
2012154.162952733
532279.7020397887
3164213.9866018333
783775.2536398638
202164.0
615095.3952089357
1365865.798388071
883848.9306157638
1688525.9919369947
1119230.9576391084
1104827.5872125756
1108057.9718905895
1636215.6307473895
622526.7568527918
2012154.1629527328
1820878.2487173579
22063.375
2887773.1305309664
1315363.6830292298
1820878.2487173579
2788045.5180170573
3128751.1908501997
2804647.632373806
2788045.5180170573
2788045.5180170573
2788045.5180170573
2636391.0240028687
18011046897.26115
199810461.38207233
106332181.08339126
1306312625.7987552
3120698.588431191
90586.0
68819.0
159934.0
27066.0
90585.99999999999
281575.0
148179.99999999997
274784.0
148179.99999999997
90586.0
281859.0
42167.0
282159.0
281575.0
68819.0
282159.0
42167.0
449.0000000000001
90586.00000000003
90586.0
8776.0
90586.0
42167.0
42167.0
68819.0
148179.99999999997
65711.0
172640.0
162356.0
274784.0
282159.0
281859.0
282159.0
148179.99999999997
148179.99999999997
172640.0
162355.99999999997
148180.0
282159.0
281859.0
148179.99999999997
18594831.890889112
3113434.22568049
1418627.2126116634
2289976.757514095
313361.66650382447
1165869.938380753
90503.33333333333
2390940.6597614614
1933786.445185617
270336.0
72199.02936723895
172407.38015711575
373426.8258831644
36788427.939405784
3761446.9690792416
40443658.26006377
3128751.1908501997
3128751.1908501997
69312.0
2804647.632373806
2973425.9414730235
3164313.1630724217
2804647.632373806
3164313.1630724217
2973425.9414730235
1264324.7824697292
202164.0
555828.6510105792
1784952.506308076
23224.0
2788045.5180170573
2788045.5180170573
2471128.356056268
2788045.5180170573
2788045.5180170573
2788045.5180170573
2788045.5180170573
2471128.356056268
2471128.356056268
651198.5
2636391.0240028687
18594831.890889112
37092965.105499215
1424288.353813361
35794708.633295506
769853.1745225134
2781344.4720144533
179427.32110736583
22327322.607020155
20795688.900634542
72199.02936723895
1264562.1618505514
1264562.1618505514
35833970.45056378
32823734.606586203
11102.0
11102.0
10187.0
10187.0
10185.999999999998
10766.0
10186.0
10186.0
11102.0
10766.0
3456.999999999999
11102.0
1650.0
10187.0
4643.0
793.0
11102.0
10960.0
11102.0
11102.0
11102.0
3457.0862628205123
11102.0
10766.0
10186.0
11102.0
10186.0
10186.0
10186.0
10186.0
10186.0
10186.0
10186.0
11102.0
11102.0
11102.0
11102.0
11102.0
11102.0
11102.0
10185.999999999995
10765.999999999996
10186.0
10185.999999999998
11102.0
10766.0
11102.0
11102.0
10765.999999999998
10185.999999999998
10186.0
10185.999999999998
11102.0
11102.0
11102.0
11102.0
383284.0465650576
312662.90078797954
262732.3287337101
16062.667233496879
257912.08767249243
225940.12185181258
673495.7579542301
1863808.944350096
7904624.0
383284.0465650576
54565.13198728675
312662.90078797954
195180.7865159798
273004.7165543044
359755.70619901456
359297.26631166314
388792.91534333816
377674.5470645358
377674.5470645358
262732.3287337101
454545.6717530186
647340.6555266603
16062.667233496879
257912.08767249243
452645.05204962887
542184.9968013089
487739.01448742894
422848.43777209974
225940.12185181258
24617.533260877542
388621.5207694377
740223.956382209
740223.956382209
673495.7579542301
3857654.4197715363
7904624.0
353449.95861935546
375621.22466197604
388792.91534333816
359297.26631166314
388792.91534333816
377674.5470645358
377674.5470645358
348637.3379202122
338015.7773553199
338015.7773553199
338428.1397231852
746403.614632627
751812.7671809124
767384.7671809124
16062.66723349688
617821.6595087241
617821.6595087241
751812.7671809124
686605.3066002242
740223.956382209
613864.7696383826
24617.53326087754
388621.5207694377
673495.7579542301
596.0
596.0
596.0
596.0
596.0
596.0000000000001
596.0
596.0
424352.0
17284.0
424352.0
424352.0
424352.0
17284.0
424352.0
40726.0
12979.000000000002
12761.0
42030.0
11064.0
42030.0
42030.0
42030.0
12979.000000000002
12761.0
42030.0
12951.000000000002
12323.0
40940.016566221755
42030.0
12951.000000000002
42162.0
42162.0
12978.999999999998
12760.999999999998
42188.0
12979.0
42188.0
12978.999999999998
42188.0
90167.99999999999
12978.999999999998
42188.0
7174.0
12979.0
36529.0
90325.0
12323.0
90325.0
90325.0
42188.0
12761.0
90598.0
90598.0
50205.0
46715.0
38061.0
12979.0
42188.0
90624.0
50205.0
89387.0
47127.0
52413.0
872.5985632676521
42188.0
73571.0
52413.0
12951.000000000002
12323.0
12979.0
12979.0
47127.0
90167.99999999999
90167.99999999999
42188.0
90437.0
90624.0
90437.0
40940.0
42188.0
42188.0
90624.0
90624.0
90624.0
90584.0
99246.3030541872
1725.0
143973.99999999997
143974.16089631876
143974.1608963188
33693.99999999999
154617.0
154617.00000000003
318210.0
154616.4766976304
1302.0
150206.0
77172.99999999996
328054.99999999994
154617.0
154616.99999999997
106911.00000000001
266435.99999999994
328064.0
8786625.45221917
307130.2033211604
8849697.133753432
143974.0
106911.00000000003
318210.0
1521671.3496007002
8786625.45221917
1013331.4796971885
4294538.82996866
8849697.133753432
8011055.217122402
13824.621924088562
619557.044390963
44285.813205548846
54412.176512127946
295883.23719817295
1522257.7316152905
8787565.185963407
277764.5500842251
118953.98995138463
48115.71341442012
521239.7446116605
34789.0
99859.15152709359
1725.0
143974.0
143974.16089631882
106911.0
106911.00000000001
105265.95876905108
143974.16089631882
33694.0
154617.0
154617.0
154617.0
150205.99999999997
318210.0
154616.4766976304
1302.0
150206.0
77172.99999999996
328055.0
2166.0
318210.0
154617.0
33694.0
57955.04226408318
106911.0
154617.0
106911.00000000001
266436.0
150205.99999999997
328064.0
262119.00000000003
328064.0
328064.0
13824.621924088568
562269.8325503808
53344.46061134438
54412.17651212795
643869.4432522426
1522053.7316152905
8786625.45221917
7895477.907530039
582669.7695447826
227918.97752213338
7949756.1517122425
227918.97752213338
1386861.2176654174
287972.9013254686
7356152.168437491
143974.0
328066.0
106911.0
318210.0
328064.0
328064.0
328064.0
328064.0
262119.00000000003
328064.0
1521467.3496007002
7895477.907530039
1643312.158151307
4294538.82996866
7949756.1517122425
7361392.202627294
1086.0
34789.0
34789.0
34806.0
34806.0
1098.9999999999998
20336.0
1099.0
1099.0
1099.0
16890.103768210844
810.0
34806.0
34806.0
704.0
810.0
34789.0
34806.0
18120.0
1086.0
33753.0
810.0
34789.0
34806.0
20336.0
34806.0
34789.0
20336.0
20336.0
23123.999999999996
23123.999999999996
25817.0
810.0000000000001
19015.0
34806.0
810.0
19015.0
19015.0
34713.0
33708.0
1099.0
5323.0
1086.0003774521076
34789.0
34789.0
