15228721
15228721
15228721
15228721
15228721
15228721
15228721
15228721
15228721
15228721
15228721
15228721
15228721
15228721
15228721
15228721
15228721
15228721
15228721
15228721
15228721
15228721
15228721
15228721
15228721
15228721
15228721
72353249
72353249
72353249
72353249
72353249
72353249
72353249
72353249
72353249
22879104167
22879104167
22879104167
22879104167
22879104167
22879104167
22879104167
22879104167
22879104167
22879104167
22879104167
22879104167
22879104167
20964239
20964239
20964239
20964239
20964239
20964239
20964239
20964239
20964239
20964239
20964239
20964239
20964239
20964239
20964239
20964239
20964239
20964239
20964239
20964239
20964239
20964239
20964239
20964239
162917371
162917371
162917371
162917371
162917371
162917371
162917371
162917371
162917371
162917371
162917371
162917371
162917371
162917371
20964239
20964239
20964239
20964239
162917371
162917371
162917371
162917371
162917371
162917371
162917371
162917371
162917371
162917371
162917371
162917371
162917371
162917371
72353249
72353249
72353249
72353249
72353249
72353249
72353249
72353249
72353249
72353249
29410208
29410208
29410208
29410208
29410208
29410208
29410208
6967214518533
6967214518533
6967214518533
6967214518533
6967214518533
72353249
72353249
72353249
72353249
20405138
20405138
20405138
20405138
20405138
20405138
20405138
121936458697
121936458697
121936458697
121936458697
121936458697
562271832
562271832
562271832
562271832
72781934
72781934
72781934
72781934
72781934
72781934
72781934
562271832
562271832
562271832
562271832
562271832
562271832
562271832
562271832
562271832
562271832
228552716
228552716
228552716
228552716
228552716
228552716
228552716
72353249
72353249
72353249
72353249
2980888362
2980888362
2980888362
2980888362
2980888362
2980888362
2980888362
2980888362
2980888362
2980888362
2980888362
2980888362
2980888362
562271832
562271832
562271832
562271832
30185475528
30185475528
30185475528
30185475528
562271832
562271832
562271832
562271832
562271832
562271832
562271832
562271832
562271832
562271832
4412498
4412498
4412498
4412498
4412498
4412498
4412498
4412498
4412498
1793596
1793596
1793596
4412498
4412498
4412498
4412498
4412498
4412498
4412498
4412498
4412498
4412498
1793596
1793596
1793596
1793596
1793596
4412498
4412498
4412498
4412498
747189
747189
747189
747189
747189
1765676
1765676
1765676
34290421
34290421
34290421
34290421
2665106
2665106
2665106
2665106
2665106
34290421
34290421
34290421
34290421
34290421
34290421
34290421
34290421
34290421
34290421
13938400
13938400
13938400
13938400
13938400
4412498
4412498
4412498
4412498
34290421
34290421
34290421
34290421
34290421
34290421
34290421
34290421
34290421
34290421
34290421
34290421
34290421
34290421
15228721
15228721
15228721
15228721
15228721
15228721
15228721
15228721
15228721
15228721
6190183
6190183
6190183
6190183
6190183
6190183
6190183
6190183
6190183
6190183
6190183
6190183
6190183
6190183
6190183
4637496524
4637496524
4637496524
4637496524
4637496524
4637496524
4637496524
15228721
15228721
15228721
15228721
6190183
6190183
6190183
6190183
6190183
6190183
6190183
6190183
6190183
6190183
6190183
6190183
622947284
622947284
622947284
622947284
622947284
622947284
622947284
6093822
6093822
6093822
118345492
118345492
118345492
118345492
22079414
22079414
22079414
22079414
22079414
22079414
22079414
22079414
22079414
22079414
22079414
22079414
6308173173
6308173173
118345492
118345492
118345492
118345492
118345492
118345492
118345492
118345492
118345492
118345492
48105173
48105173
48105173
48105173
48105173
48105173
48105173
48105173
48105173
48105173
48105173
48105173
271212886738
271212886738
15228721
15228721
15228721
15228721
15228721
15228721
15228721
15228721
15228721
15228721
15228721
15228721
15228721
15228721
15228721
15228721
15228721
15228721
15228721
15228721
15228721
15228721
15228721
15228721
15228721
15228721
118345492
118345492
118345492
118345492
154211137
154211137
154211137
154211137
154211137
154211137
154211137
154211137
154211137
154211137
118345492
118345492
118345492
118345492
118345492
118345492
118345492
118345492
118345492
118345492
890615306
890615306
890615306
890615306
890615306
890615306
15630132
15630132
15630132
15630132
15630132
15630132
15630132
15630132
15630132
15630132
15630132
15630132
15630132
15630132
15630132
15630132
15630132
15630132
15630132
15630132
15630132
15630132
15630132
327589486
327589486
77175103
77175103
781500982
781500982
13729874516
13729874516
2713958797
2713958797
2713958797
2713958797
2713958797
2713958797
2713958797
2713958797
2713958797
2713958797
2713958797
2713958797
2713958797
2713958797
2713958797
10767236
10767236
10767236
10767236
10767236
10767236
10767236
17586321
16374624
639367435
639367435
639367435
639367435
639367435
639367435
639367435
10767236
10767236
10767236
10767236
10767236
10767236
10767236
2526967045
2526967045
2526967045
2526967045
2526967045
2526967045
2526967045
2526967045
38405046
38405046
38405046
38405046
38405046
38405046
38405046
6474449130
6474449130
55353723
55353723
55353723
55353723
55353723
55353723
55353723
113746976983
113746976983
15630132
15630132
15630132
15630132
15630132
15630132
15630132
15630132
15630132
15630132
15630132
15630132
15630132
15630132
15630132
14553216
14553216
14553216
14553216
14553216
14553216
14553216
14553216
14553216
14553216
14553216
14553216
158275960
158275960
158275960
158275960
609951900
609951900
609951900
609951900
158275960
158275960
655087419
655087419
655087419
655087419
655087419
655087419
394271
394271
394271
394271
394271
394271
394271
394271
394271
394271
394271
394271
394271
394271
394271
394271
394271
394271
394271
388134
388134
388134
388134
388134
1406303
1406303
1406303
1406303
1406303
3992520
3992520
8317298
8317298
8317298
8317298
8317298
9362410
9362410
3266391
3266391
3266391
3266391
3266391
3266391
3266391
3266391
3266391
3266391
3266391
3266391
3266391
3266391
3266391
3266391
3266391
3266391
3266391
3266391
3266391
3266391
3266391
3266391
3266391
3266391
3266391
3266391
3266391
3266391
3266391
3266391
3266391
3266391
3266391
3266391
3266391
3266391
3266391
3266391
3266391
3266391
3266391
21166
21166
21166
21166
20837
20837
20837
20837
494798
494798
494798
502611
502611
502611
3266391
3266391
3266391
3266391
3266391
3266391
3266391
3266391
3266391
3266391
3266391
3266391
3266391
3266391
3266391
3266391
3266391
3266391
3266391
3266391
3266391
3266391
3266391
3266391
3266391
3266391
3266391
3215544
3215544
3215544
3215544
3215544
3215544
3215544
3215544
3215544
3215544
3215544
3215544
3215544
3215544
3215544
3215544
11650706
11650706
11650706
11650706
11650706
11650706
11650706
11650706
11650706
11650706
11650706
11650706
11650706
11650706
11650706
33076571
33076571
33076571
33076571
33076571
33076571
33076571
76356726
76356726
76356726
11650706
11650706
11650706
11650706
11650706
11650706
11650706
11650706
11650706
11650706
11650706
11650706
11650706
11650706
11650706
77564145
77564145
77564145
77564145
77564145
77564145
77564145
77564145
77564145
77564145
79851
79851
79851
79851
79851
79851
79851
79851
79851
79851
79851
79851
79851
79851
79851
79851
79851
79851
79851
79851
79851
79851
79851
79851
79851
79851
79851
79851
79851
79851
79851
79851
79851
79851
79851
79851
79851
79851
79851
79851
79851
79851
79851
79851
79851
79851
79851
79851
79851
79851
79851
79851
79851
79851
79851
79851
79851
79851
79851
79851
79851
79851
79851
808598
808598
808598
808598
808598
808598
808598
808598
808598
808598
808598
808598
808598
808598
808598
69055
69055
69055
69055
69055
69055
69055
808598
808598
808598
808598
808598
808598
808598
808598
808598
808598
808598
808598
808598
808598
808598
808598
828141
828141
828141
828141
828141
828141
828141
828141
828141
828141
828141
828141
828141
828141
828141
828141
828141
828141
828141
828141
828141
261869808
261869808
261869808
261869808
261869808
261869808
261869808
261869808
261869808
261869808
261869808
261869808
261869808
261869808
261869808
261869808
261869808
261869808
261869808
261869808
261869808
261869808
240318
240318
240318
240318
240318
240318
240318
240318
240318
240318
240318
240318
240318
240318
239953
239953
239953
239953
239953
239953
239953
239953
239953
239953
239953
240318
240318
240318
240318
240318
240318
240318
240318
240318
240318
240318
240318
240318
239953
239953
239953
239953
239953
239953
239953
239953
239953
239953
239953
236545
236545
236545
236545
236186
236186
236186
236186
236186
236577
236577
1835450
1835450
1835450
1835450
13833768
13833768
13833768
13833768
1838488
1838488
1867560
1867560
1867560
1867560
14054423
14054423
14054423
14054423
1867560
1867560
1867560
1867560
1867560
1864724
1864724
1864724
1864724
1864724
1864724
1864724
1864724
1864724
1864724
236545
236545
236545
236545
236186
236186
236186
236186
236186
13833768
13833768
13833768
13833768
1835450
1835450
1835450
1835450
14054423
14054423
14054423
14054423
1867560
1867560
1867560
1867560
1867560
1867560
1867560
1867560
1867560
1867560
1864724
1864724
1864724
1864724
1864724
1864724
1864724
1864724
1864724
1864724
828141
828141
828141
828141
828141
828141
828141
828141
828141
828141
828141
828141
828141
828141
828141
828141
828141
828141
828141
828141
828141
828141
828141
828141
828141
828141
828141
828141
828141
828141
828141
828141
79745391906
79745391906
79745391906
79745391906
79745391906
79745391906
79745391906
79745391906
815139
815139
815139
815139
815139
815139
815139
815139
815139
815250
815250
815250
815250
815250
815250
815250
815250
815250
78493389300
78493389300
78493389300
78493389300
78493389300
78493389300
78493389300
78493389300
6334611
6334611
6334611
6334611
47671454
47671454
47671454
47671454
6335474
6335474
6335474
6335474
6335474
6335474
6335474
6335474
6335474
4590498039570
4590498039570
4590498039570
6435652
6435652
6435652
6435652
6435652
6435652
48431845
48431845
48431845
48431845
6435652
6435652
6435652
6435652
6435652
6435652
6435652
6435652
6435652
6435652
6435652
6435652
6435652
6435652
6435652
6435652
6435652
6435652
6435652
6435652
6435652
6435652
4663718415956
4663718415956
4663718415956
815139
815139
815139
815139
815139
815139
815139
815139
815139
257758452
257758452
257758452
257758452
257758452
257758452
257758452
257758452
257758452
257758452
257758452
257758452
257758452
257758452
257758452
257758452
257758452
257758452
257758452
257758452
257758452
257758452
257758452
257758452
6334611
6334611
6334611
6334611
47671454
47671454
47671454
47671454
15074386253
15074386253
15074386253
15074386253
15074386253
15074386253
15074386253
15074386253
15074386253
15074386253
48431845
48431845
48431845
48431845
6435652
6435652
6435652
6435652
6435652
6435652
6435652
6435652
6435652
6435652
6435652
6435652
6435652
6435652
6435652
6435652
6435652
6435652
6435652
6435652
6435652
6435652
6435652
6435652
6435652
6435652
15314829070
15314829070
15314829070
15314829070
15314829070
15314829070
15314829070
15314829070
15314829070
15314829070
50581
50581
50581
50581
50581
50581
50581
50581
50581
50581
50581
50581
50581
50581
50581
50505
50505
50505
50505
50505
50505
50505
50505
50505
50505
50505
50505
50505
50505
50505
50505
50505
50505
50581
50581
50581
50581
50505
50505
50505
50581
50581
50581
50581
50581
50581
50581
50581
50581
50581
50505
50505
50505
50505
50505
50505
50505
50505
50505
50505
50505
50505
50505
50505
50505
50505
6407029
6407029
49719
49719
49719
49787
49787
49787
49787
49712
49712
49712
49712
49712
49794
49794
49719
49719
49719
49719
49719
49719
386322
386322
386322
386322
2911674
2911674
2911674
2911674
386959
386959
386376
386376
386376
386376
386376
393075
393075
393075
393075
2958109
2958109
2958109
2958109
393075
393075
393075
393075
393075
393075
392485
392485
392485
392485
392485
392485
392485
392485
392485
392485
392485
392485
392485
392485
392485
49787
49787
49787
49787
49712
49712
49712
49712
49712
2911674
2911674
2911674
2911674
386322
386322
386322
386322
2958109
2958109
2958109
2958109
393075
393075
393075
393075
393075
393075
393075
393075
393075
393075
393075
392485
392485
392485
392485
392485
392485
392485
392485
392485
392485
392485
392485
392485
392485
392485
174305
174305
174305
174305
174305
174305
174305
174305
174305
174305
174305
174305
174305
174305
174305
174305
174305
174305
174305
174305
174305
174305
174305
174305
174305
174305
174305
174305
174305
174305
174305
174305
174305
174305
174305
174305
174305
174305
174305
174305
174305
53079890
53079890
53079890
53079890
53079890
53079890
53079890
53079890
53079890
53079890
53079890
53079890
53079890
53079890
53079890
53079890
53079890
53079890
53079890
53079890
171568
171568
171568
171568
171568
171568
171568
171568
171568
171568
171592
171592
171592
171592
171592
171592
171592
171592
171592
171592
171592
171592
171592
171592
171592
171592
171592
171592
171592
171592
52246536
52246536
52246536
52246536
52246536
52246536
52246536
52246536
52246536
52246536
52246536
52246536
52246536
52246536
52246536
52246536
52246536
52246536
1333290
1333290
1333290
1333290
10033744
10033744
10033744
10033744
1333476
1333476
1333476
1333476
1333476
1333476
1333476
1333476
1333476
1333476
1333476
1333476
1333476
1333476
1333476
1333476
1333290
3055513633
3055513633
3055513633
3055513633
3055513633
3055513633
3055513633
3055513633
3055513633
10193811
10193811
10193811
10193811
1354560
1354560
1354560
1354560
1354560
1354560
1354560
1354560
1354560
1354560
1354560
1354560
1354560
1354560
1354560
1354560
1354560
1354560
1354560
1354560
1354560
1354560
1354560
1354560
1354560
1354560
1354560
1354560
1354560
1354560
1354560
1354560
1354560
1354560
1354560
1354560
3104250347
3104250347
3104250347
3104250347
3104250347
3104250347
3104250347
3104250347
3104250347
171568
171568
171568
171568
171568
171568
171568
171568
171568
171568
171568
171568
171568
171568
171568
171568
171568
171568
171568
171568
171568
171568
171568
171568
171568
171568
171568
171568
171568
171568
171568
171568
171568
171568
171568
171568
171568
171568
171568
171568
171568
171568
171568
171568
171568
171568
171568
171568
171568
171568
171568
171568
171568
171568
1333290
1333290
1333290
1333290
1333290
10033744
10033744
10033744
10033744
10033744
10033744
10033744
10033744
10033744
10033744
10033744
10033744
10033744
10033744
10033744
10033744
10033744
10033744
10033744
10033744
10033744
10033744
10033744
10033744
10033744
10033744
10033744
10033744
1354560
1354560
1354560
1354560
1354560
1354560
1354560
1354560
1354560
1354560
1354560
1354560
1354560
1354560
1354560
1354560
1354560
1354560
1354560
1354560
1354560
1354560
1354560
1354560
1354560
1354560
1354560
1354560
1354560
10193811
10193811
10193811
10193811
10193811
10193811
10193811
10193811
10193811
10193811
10193811
10193811
10193811
10193811
10193811
10193811
10193811
10193811
10193811
10193811
10193811
10193811
10193811
10193811
10193811
10193811
10193811
10193811
52747
52747
52747
52747
52747
52747
52747
52747
52747
52747
52747
52747
52747
52747
52747
52747
52747
52747
52747
52747
52747
52747
52747
52747
52747
52747
52747
52747
52747
52747
52747
52747
52747
52747
52747
52747
52747
52747
52747
52747
52747
52747
52747
52747
52747
52747
52747
52747
6354449
6354449
5916627
5916627
51926
51926
266948
266948
247976659
247976659
271169
271169
271169
271169
271169
271169
271169
271169
271169
271169
271169
271169
271169
271169
271169
271169
271169
271169
271169
266326580
266326580
271169
271169
271169
271169
271169
271169
271169
271169
271169
271169
271169
271169
271169
271169
271169
271169
271169
271169
271169
271169
303187
303187
303187
303187
303187
303187
303187
303187
52644279
52644279
52644279
52644279
52644279
52644279
52644279
52644279
52644279
52644279
303187
303187
303187
303187
303187
303187
303187
303187
303187
303187
303187
303187
303187
303187
303187
303187
303187
303187
303187
303187
303187
303187
303187
303187
303187
303187
303187
303187
303187
52644279
52644279
52644279
52644279
52644279
52644279
52644279
52644279
52644279
52644279
52644279
341132
335822
298467
298467
298467
298467
298467
49017088
49017088
49017088
49017088
49017088
49017088
49017088
49017088
49017088
49017088
49017088
49017088
49017088
49017088
49017088
49017088
49017088
49017088
49017088
49017088
298467
298467
298467
298467
298467
298467
298467
298467
298467
51824783
1534401
1534401
1534401
1534401
1534401
1534401
1534401
1534401
1534401
1534401
1534401
1534401
2054395810
2054395810
2054395810
2054395810
2054395810
1558666
1558666
1558666
1558666
1558666
1558666
1558666
1558666
1558666
1558666
1558666
1558666
1558666
1558666
1558666
1558666
1558666
1558666
1558666
1558666
1558666
1558666
1558666
1558666
1558666
1558666
1558666
1558666
1558666
1558666
1558666
2206418019
2206418019
2206418019
2206418019
2206418019
282297
282297
282297
282297
282297
282297
282297
282297
282297
282297
282297
282297
282297
282297
282297
282297
282297
282297
282297
282297
282297
282297
282297
282297
282297
282297
282297
282297
282297
282297
282297
282297
282297
282297
282297
282297
282297
282297
282297
282297
282297
11831584
11831584
11831584
11831584
11831584
11831584
11831584
11831584
11831584
11831584
11831584
11831584
11831584
11831584
11831584
11831584
1558666
1558666
1558666
1558666
1558666
1558666
1558666
1558666
1558666
1558666
1558666
1558666
1558666
1558666
1558666
1558666
1558666
1558666
1558666
1558666
1558666
1558666
1558666
1558666
1558666
12707122
12707122
12707122
12707122
12707122
12707122
12707122
12707122
12707122
12707122
12707122
12707122
12707122
12707122
11102
11102
11102
11102
11102
11102
11102
11102
11102
11102
11102
11102
11102
11102
11102
11102
11102
11102
11102
11102
11102
11102
11102
11102
11102
11102
11102
11102
11102
11102
11102
11102
11102
11102
11102
11102
11102
11102
11102
11102
10929
10929
10929
10929
10929
10929
10929
10929
10929
10929
10929
10929
10929
10929
10929
10929
84447
84447
230551
230551
230551
230551
230551
259521
259521
85784
85784
85784
85784
85784
85784
85784
85784
85784
85784
234201
234201
234201
234201
234201
234201
234201
234201
234201
234201
234201
234201
234201
234201
234201
263630
263630
85784
85784
85784
85784
85784
85784
85784
85784
85784
85784
85784
234201
234201
234201
234201
234201
234201
234201
234201
234201
234201
234201
234201
234201
596
596
596
596
587
587
587
587
13939
13939
13939
14153
14153
14153
14153
90544
90544
90544
90544
90544
90544
90544
90544
90544
90544
90544
90544
90544
90544
90544
90544
90544
90544
90544
90544
90544
90544
90544
90544
90544
90544
90544
90544
90544
90544
90544
90544
90544
90544
90544
90544
90544
90544
90544
90544
90544
90544
90544
90544
90544
90544
90544
90544
90544
90544
90544
90544
90544
90544
90544
90544
90544
90544
90544
90544
90544
90544
90544
90544
90544
90544
90544
90544
90544
90544
90544
322956
322956
322956
322956
322956
322956
322956
322956
322956
322956
322956
322956
322956
322956
322956
322956
322956
322956
322956
2150070
2150070
2150070
322956
322956
322956
2150070
2150070
2150070
2150070
2150070
2150070
2150070
2150070
2150070
2150070
2150070
2150070
2150070
2150070
2150070
2150070
2150070
34873
328064
328064
328064
328064
328064
328064
328064
328064
328064
328064
328064
328064
328064
328064
328064
328064
328064
328064
328064
328064
328064
328064
328064
328064
328064
328064
328064
328064
328064
328064
328064
328064
328064
2184074
2184074
2184074
2184074
2184074
2184074
2184074
2184074
2184074
2184074
2184074
2184074
2184074
2184074
2184074
328064
328064
328064
328064
328064
328064
328064
328064
328064
328064
2184074
2184074
2184074
2184074
2184074
2184074
34873
34873
34873
34873
34873
34873
34873
34873
34873
34873
34873
34873
34873
34873
34873
34873
34873
34873
34873
34873
34873
34873
34873
34873
34873
34873
34873
34873
34873
34873
34873
34873
34873
34873
34873
34873
34873
34873
34873
34873
34873
34873
34873
34873
34873
