2511118
17296760
7496384
9257361
7496384
7496384
31973607
17296760
13857304
31973607
31973607
17296760
13857304
17296760
2594951
5007954
17296760
7496384
7746649
9257361
7746649
17917338
18515504
7958003
8223679
14710620
1911544
33120765
11527683
11912532
21309287
7097765
7334722
13120443
5622167
5809862
10392755
2182902
996232
1029491
7114592
2740388
2831876
43425949
44875715
80274241
41206364
927401317
639241845
1251331024
1181658767
315393642
96000236
114322079
639241845
123756939
144300823
4768668
2762502
1291965978
182129183
674402323
93866094
31946536
74639733
188020563
51489657
74483808
64417265
665831371
194297589
688060009
51754903
137973907
347561957
137685675
1230810345
2388239968
41380622
67460794
879328928
304523312
68771234
47187710
120217748
59153264
616281110
636855523
109346679
213426351
25642780
41329612
31541058
66018879
44190634
127979071
349144749
239567337
348412045
300315266
5135825
586164956
3128798184
60588866
132251625
33655800
567939659
11434216
1633223165
442847798
18466056
555142266
5783682388
97669592
74502315486
131784362
137719886207
15525710117
74502315486
14423615412
20692256075
1221339172
150575963618
21223997
71024915
7646054
9636251
21913407904
8272575340
9627819
70122262
77601269684
72463279
9451703612
40507627491
225702834
129623220
129623220
143448401042
278344430502
10874377683
92606832
7613746684
12660774
64903859
71826289215
4849274
79786501
35172167
45281563
38654238147
50067299074
329510471
329510471
329510471
364654959474
33948745
33130213
3053985310
172003466
172003466
172003466
78818423
609110526
674076224290
11792711
25010352509
52711884
79371848457
15525710117
29799874214
1960479673
2337207998
246636592
150575963618
21223997
10179516
2082616947
1365326
1720708
7356309032
990707442
1941121
17048853
14670066282
12939493
1687754923
811871315
24504223
129623220
43514384
23088229143
1189205546
20522408259
4256427910
18740500
72426149
1274230
8176890
24112013176
865916
11250758
11807261
4302513
5990912175
50067299074
31786011
43844155
83397462
38179191605
65115055291
4738124
6614124
437705780
172003466
16592201
30714007
26459265
119841078
22439252522
13832935
111975245
214592845
500514740
681023221
43307309
96000236
3279871
255687712
16821230
36463520
1348140
16298901
962982
537291
172217894
11583021
1291965978
182129183
158637276
96657481
8215341
8086331
801729759
4808301
5704571
13328134
63118314
6166300
33550563
15017120
8722672
16688601
110664872
125871527
5473651
161883845
118894986
1147971
153602062
25807220
20153212
122864270
156981004
3523600
9241677
57972548
6489331
3333262
14948330
198100718
4334022
176085562
413181797
1230810345
25227314
26405373
50248308
125645084
177946526
102228170
7738172
253704
8632176
23660470
77641959
206884949
414257929
11510159
26031239
6267591
7380072
5632167
26406619
6231356
15740860
42962445
1455460
37129871
80422514
16948281
348412045
1373203
62984091
237307534
1166494
348042155
327583602
23765690
791883268
409707389
558697644
416313066
57085397
8456205
2898743
6719053
126766594
1638784
291638476
463004393
29798404
1633223165
148663561
1621942
186360701
128266348
1137926045
105524162
93712
135957
342776956
342776956
9828437
204786
633634043
339104
670993995
204786
73548
342776956
135957
354220491
9409032
211436
692783441
218494
218494
5241765
715911868
350116
350116
97611
97611
97611
97611
97611
97611
97611
97611
97611
3428239
97611
357034903
100869
100869
100869
368954437
180437
180437
180437
2757835
180437
180437
659990310
1280632100
143906
143906
471517463
133213
487258973
238293
871614942
90346
90346
330464854
46476
1084819
458682
458682
458682
458682
458682
458682
458682
458682
458682
458682
458682
458682
1677737347
473995
473995
473995
1733748249
847889
847889
847889
847889
847889
847889
847889
3101350543
10576
16415
115069880
880208
9828437
81911
365181141
102430
670993995
46738
24690
137105942
11545
48146186
1680135
37755
1987167
4506960
78250481
5302984
456884688
139900325
692783441
100629
218494
679759
4442289
50179
29205
3288504
330392497
512234757
23732
13374
20518
11978
17430
97611
8310
17430
19679
225561
39043
42757801
67495360
119856258
19809
33861
18011
96532604
25486
38381
180437
299414
60572
60572
25439818
106226402
1694773
94421342
117851970
5151519
143906
29121
184560454
53323
349870922
32180
32680308
232444015
11382
8613
848592
2050560
110936719
8299
152971
153979
81905
179045
38949
37837
458682
153979
285778
81905
108877
61031
116090
513133
175658259
260027815
299587205
563214743
1677737347
39100
66154
94628
10758043
582017546
209276265
248485684
284635
847889
166820
72000
151404
70504
70694
49156576
711880
5806504
615576
971412
2516528
3206
31973607
6918459
7986354
3825145
9658037
17296760
50739
3947656
436659
1681165
1295419
2998448
784304
35563
964382
24919
4527550
17398
7997
17398
17398
2512987
4326285
2292256
2018193
3484821
1283590
3182079
3182079
6014832
21534
21534
11816329
3618217
17917338
2869041
2086588
1973073
17979
37797
8527454
18515504
274753
7790880
11999
11118607
2413653
4274198
8544883
37297
13247838
782560
1299411
1504413
1001306
1945424
10083
10083
2070710
1143578
1934832
983198
833077
1416001
1416001
1416001
2671493
1451
1251854
4951232
5185419
28597
2061682
1835848
1672823
1604459
3183088
3183088
7958003
985871
1615053
388859
1463274
1463274
2760680
431507
384509
1876233
4566
2151629
135838
81345
2310209
6174
1973963
3129148
1491676
2617523
4938340
1939265
994612
6180966
52863
24124
14710620
184247
153817
1533022
2332814
3869831
2957
7027746
4512143
11527683
1385510
4768394
8553662
8161
171917
7153506
2561794
5682803
584703
784644
3090
7632
2382712
153163
2839005
1419518
2079329
850551
4771046
2065500
745391
1365904
1374166
1000801
1000801
835614
1479936
259254
177893
398478
1726
3451
1797778
368693
1842061
6725108
2920189
1754
1977260
2418574
4079126
7358070
15720
38846
15720
6336263
10990891
4716583
7708276
7708276
7708276
14578047
4870511
85289
5911423
16951202
27056172
382643
120601
10308053
9863287
17580895
4880970
43425949
8974926
8959000
5523480
10016454
40143
40143
16245
15064732
4008055
5788045
124627
17949652
7197977
71808
71808
15793770
14248993
26947982
9191596
38662809
22757040
9541430
18547468
222935
222935
90325
80274241
2970304
22266153
57760807
184154725
82808098
57760807
5073224
184154725
82808098
16429698
5073224
4514857
15660001
7986250
5073224
57760807
184154725
82808098
184154725
6143609
9539594
12188774
10621845
3101756
4000211
13203908
49238272
8245591
13170489
16963226
28501205
293865
168085
365750
7761398
3801868
958649
2041741
2400873
6448710
23491455
4074567
6432739
8245299
118232
5323532
12811439
87576800
190134852
3159607
32468229
5488183
15900148
7202037
17590938
16573512
123684195
1380772
5848710
21175106
3672797
12453672
4809802
4869425
11630128
78690201
1796938
3094150
32135094
1900985
4369720
46683445
3196415
4313894
7422265
9682837
2240175
31974256
119241023
19965522
31893325
58178522
702279
789322
58142318
26227148
397673
615324
64369015
702279
460456073
62403659
447563854
1134050
14696857
5920190
5305491
17907714
159771139
178797387
177911233
17560333
27618914
11738452
3607116
4623789
11574223
14460524
35898216
9195275
23017521
14423802
30590139
472608
4429381
8606897
184603543
186142290
2929520
183688613
9508824
2665803
2406695
6895117
65513975
470691
36178753
93567632
94347557
93103893
234217574
462097767
87459649
238469
17319154
8162031
45419286
126690875
125020870
314509779
4169937
59641282
5661740
84613885
92658683
52173654
52608543
4916109
21430123
11287472
11138684
34728454
35017930
86931925
125355400
123702999
311194466
22451773
61661511
61623304
29282319
28896327
72693284
1995600
171553741
2279025
447060713
450787148
7094520
444844995
1119077963
3465353
31504033051
250367318
1757248335
529581
9596649
2463908068
1026574
1044972
2615763
1185126
2966597
2555912227
936624
13102561356
24802322
41758550
543406
356858536
1002534990
3609496
94242079
5106363
5106363
6752574401
56024435
5081054
253483349
12782197
6799920
8800222810
16880784
16880784
16880784
3340882
6167670492
7337829
848196121
2518102
3278394
3305721
9854598768
6742303
2893985
5544394310
7619525
46732930
23995233
1540283275
23876309
23876309
31312652482
59389114
59389114
2282748
5927706826
84048057
967689470
211825
907810
253478443
1026574
310356
1723297
211623
287616
858017168
685918
170795286
1683020500
8326114
14018303
53092
46558646
400999840
941495
10372319
482318
1714200
3788767303
6238105
507801
26768588
8674642
6799920
2954225962
1593681
4429416
3014337
317179
1615134547
728720
551729483
244970
362699
312760
1034307787
2696826
516767
72272618
2557867
23327368
2508940
517071549
9550186
2276213
4151967666
14097242
15586941
41107447
84212307
380699
8093332
952821
2122121
2100612
53635011
753447
638818
212325
2223399
4695215
3607116
1373264
7625243
107602
14358779
1641965
201393
480089
2032315
10269078
346105
790937
79061
21306827
668373
23598741
523113
6616686
41814560
72441888
92417323
155125756
1341385
894907
313765
37496
2757949
17088561
50876
12145171
341586
31410560
16817265
400881
31672380
52936986
3753691
12177034
8839107
8517404
18260732
41823345
158951827
18992611
24280
17319154
25712
26002528
126690875
41969380
82525479
1129296
56160820
77806772
744609
401059
533370
1900640
22157929
4820445
13038040
3908919
3197801
427705
829522
76588
3530630
97786
7842993
646901
16837917
198517
49479453
64665812
4009128
282599
5018004
92252
3930317
24403062
85366
228632
1137606
38187721
32541504
67848376
2381623
126109640
58985167
3812790
177931716
149208727
42740362
42383723
4690746
293707064
265636456
882725
2453354
10187828518
5204447249
4084606630
560573399
6119159
5204447249
334107
902446795
6119159
5204447249
796782838
975027603
952146
641750
659562
659562
1303158879
1784069
751423
751423
2051871811
56983127
586613
6317869
12633771
339923
275842473
347323
311242911
443841
919443
1530786992
480314282
5862977
443414
25452473
3255995
3255995
44220515
3255995
3255995
76985882
3255995
3255995
3255995
3255995
5420928355
10518661796
634162789
4300024
4300024
4300024
4300024
4300024
7159138675
851019
444455465
587879
3013688
5017510273
1869157
221944
4162209
1486592
675357042
1597285
1597285
1448038
2085627
2085627
2085627
3155904415
4320541
4320541
4320541
4320541
1819747
2256456396
3149507850
4510463950
152175360
1956414
1956414
13132770
15300200
15300200
15300200
15300200
15300200
15300200
15300200
15300200
15300200
25473402919
581482
296220
1916912052
1747127716
1371198345
308699098
2447577
2999469501
133638
902446795
568697
2081705412
81970296
132527230
952146
641750
434528
195889
147192908
255698
134178
72152
688811307
11507142
429594
2120902
54358437
116260020
1351119293
4241144
32994
35988636
49256146
62020
124492769
79255
239826
513883656
21073429
57521499
636534
89399
2801309
791631
302239
4923784
323911
3255995
8129936
2209682
1093034
1093034
581410
872506316
1024794808
30362283
775543708
3041600860
10518661796
248222774
4300024
398763
1128300
870179
767839
2403315665
79449
3153382
58258
379678
1313940846
1684373161
184558
39631
586916
207479
439302165
536207
154104
289086
230739
193952
193952
331233832
4320541
405335
1728155
771502
324945
349721861
3149507850
49852979
21810201
656766
656766
6555398
1435402
6119864
3631821
3010278
1599788
4015606
1435402
2035821
3872404
2667052526
3377699967
4548689100
8551395784
607263782
997128
14667484
6255697
34090833
27798595
19390245
2793746
73659289
47724638
2099825
803850
1805879
1740221
7986250
85299
19390245
560355
33122070
475842
70764
723213
1584056
4248588
3101756
1188062
2635389
3336508
67343
1259332
79284
5281377
11582144
6550993
59565
1452883
146215
1745399
16963226
9567826
59343
32691
267850
242151
671088
58824
37848323
5302958
218742
491295
43281971
21807679
18427012
33050568
63828079
20388028
578551
74984113
1122567
321817
100064
256943
28882
364442
354719
428528
960315
1142623
2709557
2944611
6127473
1518228
7886057
194099
95865
454511
2654980
597987
1296001
693737
1379169
13012
4300787
3063689
10450633
7427178
13630644
14163544
16414713
265482
126933
265482
21292582
11774241
7120828
6039683
15400462
15400462
15400462
29399444
60674
15513482
19980661
310410
59434022
49138017
20203279
87576800
190134852
1926225
7050754
409585
2148174
15900148
19263
5905260
9488331
2898129
16334520
32453990
334306
24986681
21690745
41520660
30598311
123684195
246559
592493
120532
162526
12660
521323
423142
1923853
1634661
1320556
8900110
20606688
26416221
51185926
439206
549708
1530976
339451
1747826
11666053
3176296
445325
576508
2806076
126475
633335
1087536
129351
57656
3250518
447229
81862
81862
2932981
2589961
200027
14488691
149543
24778132
20894424
33803780
825727
47694725
119241023
2987749
3517942
6702405
917016
31893325
12985698
210362
4118349
51360
111961
68545
68545
3328060
8804427
6059817
5319529
21356
26059648
90323
66526
350552
52833517
35299750
130535244
13904014
27275263
52359813
1189786
116539143
63825892
89897767
51215439
80039692
154574641
13758642
52657255
32133674
27015639
2926067
1401098
2926067
2926067
120848775
109298836
184175927
480141
6043776
5530895
15897993
5530895
5530895
2118816
3201253
3303
5530895
6043776
2139258
2118816
2139258
6007684
1237325
1225494
2106662
2118816
2139258
3201253
6043776
6007684
2106662
5530895
15897993
5530895
3201253
6043776
6291545
6354787
10009
6253941
2289751
2311857
2276607
5981248
16586237
3673902
3709372
6508
3652811
9597307
1957108
5142004
3755980
1177849
859236
867530
15459321
15614956
24180
15366781
40911741
23565444
23378
29895
242873046
29895
29895
11943
23463
535974
124071577
23378
49978531
11943
23262
9451
11883
49565383
168939
23378
11883
124071577
58521
97375103
24137
24137
24137
24137
100176152
24339
24339
24339
101011162
24018
60421
60421
60421
756671
60421
60421
60421
12439
12439
12543
12543
12543
52057408
12378
153190
12378
12378
12378
51371201
31139
702622
31139
1458125
31139
129232385
16565
16565
16565
16565
68749517
67843279
41123
41123
582964
41123
170670503
11456
47548227
28821
28821
119615088
24994
17031
683797
58455
58455
58455
58455
58455
58455
58942
58942
58942
58942
58942
3323859
58166
58166
58166
58166
58166
58166
58166
241397642
146325
3162104
146325
146325
146325
146325
146325
146325
146325
146325
607273961
107503
4040
19693
45698282
4442
2389
1209
13338
179926
68324298
7848
11251192
4341
6005
3780
5157
678682
12301
1878
953
49626879
4676
6998642
4310
17676
8103
7168
18327330
4401
1945
24339
12661529
309783
33909345
12974856
2793
20283
7066
39806
9515
4905
20283
20283
998
4176
6100
1835
1006
6791829
29208624
1510
17057
1180
993
2111
6811673
6927390
4232
70360
21132
489491
8122
13995607
51691129
16565
2958
5561
1771
8689331
23079143
22774920
3299
10790
48964
7343
52337961
1673
12451505
2327
4080
33909824
2028
1587
123200
6467
4699
19623
6112
19623
4753
19787
10525
9206
10525
4710
1115816
4648
6359
9129
23265
4667
23265
4729
14671776
32008633
715269
715269
157022878
16615
1578406
34733
11656
19244
49121
37034
23551
38403
58528
46313436
52754865
576
1016906
3643392
2991320
707418
922
23836
1819918
1109
3045778
2028889
481590
770222
323996
1550841
494912
94936
914234
4004
4428
1074657
1943
1642
931
2212280
1817
3940
82766
2417425
1151044
436036
1111420
2112065
4607487
1868587
491105
754
1719
710849
1122993
2133295
538646
2024
1144259
6354787
1787
29379
1696
1423636
347453
2466387
3317167
913697
4279
5567983
443
11342
10927221
6634260
975
768667
406683
1121
228193
273453
294313
984
776088
1124371
1297148
17481
227234
125780
376276
235036
971
245393
185315
112976
289245
1560139
185039
1048706
2007899
4059176
636972
2392415
506
328885
652957
1245232
118879
3709372
527
1226245
3652811
2518275
2890
77750
1682674
2084137
2943118
5494455
2374283
512510
248583
656999
596583
901519
3553
1457713
5239
3980
19274
214720
25855
2765748
612995
5189678
501371
320771
4865
11007
46583
1530132
1828
1828
2021075
2192561
2755931
2755931
5241925
8117
228606
4356347
163279
2174478
1445041
4111
1804
4111
4111
1804
1560703
547669
9995690
10888
6146495
6146495
3778245
536
202405
2114322
5931114
3606120
10221
10354558
8501407
1901917
13734030
199198
658897
1023
861581
20421643
12063
12063
10737471
9711253
16364118
19842316
86293208
17393
6946
8643
8643
8643
6946
86293208
44082843
8643
8643
44082843
8643
391413
8643
6946
34043050
44082843
17393
44082843
6946
17393
44082843
8643
17393
8643
17393
6946
86293208
8643
86293208
17393
44082843
44082843
34043050
122109
6946
17393
17393
86293208
44082843
17393
86293208
44082843
8643
17393
17393
44082843
116338
17393
6946
86293208
34043050
34043050
44082843
17958
17958
17958
668426
17958
17958
17958
17958
17958
231499
17958
17958
17958
17958
17958
17958
17958
17958
17958
17958
17958
17958
17958
17958
17958
17958
355548
17958
17958
9003
9003
9003
9003
9003
9003
107385
9003
9003
9003
9003
229464
242681
9003
9003
9003
9003
9003
104081
518006
9003
9003
9003
9003
9003
9003
9003
9003
9003
9003
9003
9003
9003
9003
9003
229464
9003
9003
45916487
89095441
12222
12222
12222
12222
12222
12222
12222
179594
12222
12222
12222
12222
12222
60639521
8333
377217
8333
8333
8333
8333
8333
42499445
81844
7428
7428
36856152
4953
4793
3966
27815691
68488
42307
42307
42307
42307
42307
473562
517404
42307
42307
42307
42307
42307
42307
42307
42307
42307
42307
42307
42307
42307
987603
42307
42307
42307
42307
42307
42307
42307
42307
42307
42307
42307
42307
42307
42307
42307
42307
42307
42307
634953
42307
42307
42307
42307
42307
42307
42307
42307
42307
42307
42307
42307
42307
42307
42307
42307
42307
42307
42307
42307
42307
42307
215765477
83862
24463365
3005
529
2901
5693
975
838
16236678
14798566
1997
1284
50719
650
391413
875
3949
11428217
24275740
5838
9923952
2970
6957
25406184
3142
5253
650
4490
2778
86293208
3751
22558807
3969
6296657
524804
4692282
8082
2331
6957
1329
11276540
17632515
2656
7082010
5947586
653
4467
1329
17632515
4022
1320
539
27133377
4421754
2307812
5991806
6028
2623
3206
119358
13151
8270
2100
17958
11831
2473
3206
3206
3247
4698
2573
1363
1388
1363
17958
2965
1369
17958
6028
5333
2088
1372
46108
6028
6028
12064285
11167919
98764
231289
231289
98764
231289
19354117
16300103
9998498
9762718
15909435
29909250
11444285
22985887
280548
58757673
17991886
35636918
2188
1098
1271
1223
680
1233
11957
879
4378
1915
9003
22250
21094
1687
6110
1768
1317
680
11299
173894
1892
1104
3022
3022
1535
1607
9003
690
3022
2348
1607
972
3022
1815
680
12297
3601
1607
760531
4652075
5498868
7390325
8680243
5990635
6088394
52829
6569030
6191824
8199133
15414118
146513
25763046
12013510
18365946
89095441
12222
932
3207
2182
12222
2473
4103
14232
4892
1650
2182
2182
1307
7664299
987740
20356626
18595767
43541538
16171468
23735404
2390
2972
1049
634
1217
1179
793
47111
110327
11129375
14267021
12048218
133824
12183
2971
573
9222456
498
396
708
7025893
9657
14202
7554
16514
3245
3182
113185
93220
4803
5088
4680
14202
3204
4625
6640
42307
3182
14202
16922
8461
4856
492975
10042
14202
3182
7554
5510
3172
5904
42307
14202
6607
8323
5564
3198
26359
3887
8446
14202
4423
167673
3245
14202
7554
10707
3198
6809
16922
11103
3245
7554
10042
3245
16922
7554
3198
6458
5629
10707
3182
3728
14202
3204
37974
12157864
17103964
28609881
560122
560122
560122
33440887
25245712
38528424
72432254
26044492
15211934
54000176
140349822
17399892
30924116
1479739
215765477
1084225
2732434
476
3128489
247854
1474716
259
1341779
270624
3869084
2767134
142474
243228
113042
1709035
757744
1341779
816573
296
364411
296
12079025
22952
1381629
776277
2313250
3869084
785061
1028135
4781028
2420971
1475634
831309
3391937
436796
296
2768912
952866
110601
12079025
1806702
2815404
2127
2321400
330488
591899
3967
174190
4294
110588
74
776277
4781028
776277
361425
708675
1696
1647002
1115993
627269
159748
1084225
1386
283999
1405
672
562
2750188
1696
1647002
242
193104
630
1386
3567406
147198
1372
32093
289888
4781028
1321472
1968581
1321472
786710
826612
3261857
12549
1956
29406
438234
1397508
627660
716569
2338481
2530258
2806021
1452
1452
1452
651
651
651
1452
1452
1452
651
1452
651
1452
1126796
2629606
1031397
2409283
963753
932127
2243333
786080
1880884
1696853
552240
505962
373953
347760
423293
345662
1626948
1626948
1626948
1626948
1626948
1626948
4034520
358915
152
104662
1814667
2654
3261857
692904
978684
2884471
5800552
7948405
9228857
1753
1753
1753
3894
1753
1753
3461782
8310941
8302386
3144680
1999578
4868130
2938439
1663382
4947247
1968581
4947247
5979
3597
16784
42522
126065
281848
138516
204221
472428
505787
533587
632723
641685
278881
292399
293834
320440
346179
379635
960177
1051703
702
309
702
702
702
702
1048322
406138
952527
358860
777717
306701
683907
220570
452572
310251
125027
225757
214427
56926
79959
581467
581467
581467
581467
581467
581467
581467
581467
1451097
162
105901
69629
55631
347324
473775
111617
588177
1883758
866434
2209449
2826470
2960159
860
393
2224
2224
860
3083055
1042270
2548964
881043
763309
713937
1055970
313506
1781187
1781187
1781187
4542922
9596
12602047
121872
13838
46108
405030
574061
1701159
437
437
971
7524
1152669
29570
933148
933148
933148
2328825
51
248
4742539
135595
494170
470974
1289107
2861022
4444829
1806420
2080189
5235149
1737875
4174037
1567954
2788717
7290899
1007924
362
407222
153016
362
130273
68413
214396
300360
285
646
908770
324828
189302
499807
1247359
13775
169
235558
1184
407222
1007924
2540197
784
1734
431863
1023605
1531113
605673
222
1312
252891
248414
602592
365006
365006
248364
623550
1118149
6787
382
45718
95625
78589
156
46939
116920
174
127861
371684
377481
377700
24729
439595
692995
81120
792
263083
4510373
2892869
5440533
673123
2913
2096003
3550407
812842
9252464
187
46037
187
83546
188915
188915
392892
1087722
584084
3330645
1359054
3539302
1395371
1523027
4135882
2001171
2057609
5423881
2147716
2421833
6529493
7271006
8412247
1520
1520
3496
3496
3496
3496
3496
1520
3496
3496
1520
1520
3496
1520
1520
3496
1520
3496
3227647
8303510
7931948
7931948
2993728
2236187
5806671
5288162
1971389
1935134
3290335
1161194
952454
776289
697894
4435098
4435098
4435098
4435098
4435098
4435098
11511362
82254
2081717
636162
896
1384813
297477
374
136327
382778
1028098
2154729
6528
2913
17456510
7799519
9252464
9252464
9252464
9252464
9252464
23576001
411547
2290374
2618101
2875421
3106232
13783281
6897669
18091849
22581733
9641
9641
4264
4264
9641
4264
4264
9641
33857
4264
9641
8342261
7194177
7194177
6713631
14378087
2089213
14178655
14178655
14178655
5440533
14178655
9698
36244344
612428
822281
98274
169104
958646
2804672
9861066
1702759
2797609
3599155
5984257
50605
57836
5052046
39763
39763
2267186
32533
25302
46994
2296784
25302
5585626
50605
39763
410438
777691
36445908
334685
641005
632874
849733
174750
990650
2898305
10190275
3719312
5223914
6184040
59766
44830
2342876
59766
5772100
424140
37662647
331096
1116653
1504573
1761792
5177750
18227133
3137309
5164694
6646378
11057479
81129
92612
9334259
4180670
63911
92612
40945
10320597
2941923
1422146
67371414
745593
961430
2418630
116223
205119
1135215
1120251
3207123
3233855
3191227
8028038
10825449
10915684
10771796
27098159
2017630
2034447
75478
2007630
2677788
2664516
116637
6703012
2729073
38440
55527
6331652
923153
38335828
38655373
38145828
95961867
780427
2499376
6948449
2767185
70035
1289671
39615662
39945874
39419319
99165534
1045195
1389740
4470915
2098481
2070819
5209475
5928468
5977884
14840083
20011186
20177987
50091803
14802106
19112200
313601
12390730
86851
11704259
11646251
70864991
71455680
70513771
177388547
176191
125342704
24656541
179436710
177071424
408662728
236367
412069100
406637317
586782
489759
483304
1215827
1215827
2306652945
284911596
287286451
49334
3132542
218464
218464
218464
401398
180346
22406197
1734371
1734371
1711509
3247054107
4305572
8168478317
3372169428
321815
232804237
822952
822952
330867404
821377499
441669
1703394748
2290527
67598989
1124498059
3267424
3267424
83292096
3224353
7958987
7958987
7958987
15099690486
17166
13260072
8277176
60236723
3737202
41487434
87798
106101838
55520889
94458
75451
44297
110764
1215827
2306652945
37779066
150638946
5712
1252972
158151
218464
73338
51031
20959
14735266
201134
158004
1262469
459723683
14652281
30658036
579814156
768829
77125142
1943875379
1348820156
321815
78152148
329169
94831
73045670
108626634
41441
681333847
364864
10451326
377492869
1774729
1306923
24953736
360104
1613667
1421206
1125170
2130192326
76024
15541
246458
322751
204287
39015
61245
142188
381090
16091
272506
832671
1201209
18459
8234
435719
20716
1292330
17024
38177
46681
1505307
1681649
37988
42615
27098159
230721
267536
1066764
8739
262188
1071077
2677788
894475
1928910
2664516
1455442
14828
547911
1486363
6864
4425
3864782
107288
7582755
5343292
6845483
12869299
60790
4482856
6902543
25421414
5400754
59988
134526
6811556
28137713
338423
338423
17135547
22836311
90496
446304
1211336
351182
7748
432941
2237813
6677
15845705
140874
15767171
679356
2341776
28351
466534
1389740
515198
1788303
463282
33671
688949
97780
10131
9653087
8004191
6773730
2636868
7979255
33490
91248
48485
6184999
6412
3929108
3909634
12654093
209684
20664268
10714563
242049
21407627
38811769
28581263
7704576
25077603
25025130
31675601
35965151
109000
97581182
114703
114703
18363022
117455
117455
137686204
150003
150003
150003
150003
150003
150003
150003
150003
150003
150003
150003
2339357
323060151
312010
312010
312010
312010
312010
312010
312010
740551209
132205
132205
223275637
149853
149853
322388324
390662003
215534
10453571
98639
464195335
140305
2179485
140305
140305
140305
98363
206999
491310787
111721
111721
1104911
1104911
1104911
1104911
1104911
1104911
1104911
1104911
1104911
15441064
1104911
1104911
1104911
1104911
1104911
1104911
1104911
1104911
2622490960
172086
107186
104216
121376
333845445
322426
11892435
507713093
1141799
45610359
38560919
1141799
2710042260
201417
178889723
207824
207824
220993240
253520921
282500
282500
576760
576760
576760
576760
576760
576760
576760
1368932330
412068579
282217
3901496
19045515
259337
19045515
382645
8939036
908203528
392448703
2042464
2042464
2042464
2042464
2042464
2042464
2042464
2042464
2042464
2042464
2042464
2042464
2042464
60575983
4847757474
59739512
10530
10323166
38505
10926
6164448
17486
20973
2293413
46221120
5853362
26785
14149
13471
19286
26785
55718
26785
13471
24147
16929
150003
329874
44109544
36489920
32797062
83183320
27682
312010
312010
48067
27682
56111
27852
104850399
248602297
544073007
740551209
15307
14860
26739053
29606184
1041790
34604866
117074810
87394118
223275637
24396
30212
322388324
21225
79151896
2110988
17613
23055
871763
101570
140305
47100
12505
39250
61141387
12984
27127
268637
100703
197299
223596
441949
441949
98029
262020
139201
10154699
100703
128136
441949
147017
279647
815022
197299
98029
274573490
495766581
371296924
20668269
8567835
20668269
20668269
61754231
468288280
468288280
880367582
624081427
1048959354
2622490960
172086
14959
20805
40745
133533464
43540
1704457
120005531
69009133
226607
15311351
8467654
203886
8853871
1083978638
201417
60053100
83126
23948
39461926
55969870
33527975
25989
25634
193617
576760
230696
82663
91873
52320
102989
12821848
547553602
79463975
46318192
242030394
39897
423579
2944584
87059
1806294
118169
304883012
1949076
131744635
351581
1109382
228107
414105
364715
2042464
401850
816957
685653
182326
288745
257484
246608
18148145
780253628
14839385
14839385
693543164
683898506
508077200
2793899139
96399071
550378
58621
9760
205591
65018
99048
5289
210788
276039
32990
50491
117324
11107
146900
144286
142718
234311
171181
321816
584429
34413
34413
294158
708715
12590
12590
5182
5182
5182
5182
377864
295840
295488
500819
500819
500819
220163
391863
722162
351705
78211
1041790
451487
2804672
1339304
1381419
10666
25925
10666
25925
10666
10666
10666
2346422
1773412
800689
3310349
913652
7244792
32104
1519177
2003596
3944287
9861066
10245
187175
183812
195894
218115
222093
5897
5897
263905
179251
304055
571614
1109514
32277
88786
892843
666490
1702759
455449
564042
1119004
2797609
267378
861445
10219
10327
372545
500987
4888
324304
302595
761092
492280
33560
1641451
1641273
587360
906842
906842
5055
8637
2267186
461121
1250921
5809
4921
3332
530154
669458
997404
3409414
2261327
1059125
5747
3566
3084
188837
86403
93221
3435218
1018137
2795042
6057512
4319881
6776237
6889885
7208932
5068136
5127034
8642840
91829
37781
91829
91829
91829
37781
37781
91829
91829
37781
306582
37781
9224278
8861108
5266651
7375422
4682059
4565605
6611368
3755792
4968871
4512780
6508007
6508007
6508007
6508007
6508007
6508007
6508007
6508007
12234854
16314
4670144
8673133
23968376
259791
113715
259791
26883791
8407784
14577848
14577848
14577848
14577848
36445908
46711
71314
148857
11280
151733
115601
34887
33988
332560
334502
437366
1159281
1350171
1322269
26791
767359
3719312
1166000
586554
1078075
8565
289380
3159
6612
1364321
1030702
771747
142383
4082506
7474725
39042
94895
8270401
1771911
6725276
6725276
12643312
4183
190245
24498570
8592739
268464
15064527
15064527
900485
783173
7088
374859
50961
1116653
79913
165030
268665
601808
388951
229113
23248
3367991
7187
2175537
67489
30987
836908
2937550
2903448
4287504
3254750
6118830
1800784
5167231
2587076
135569
135569
59345
7290596
7290596
18227133
605003
329605
1053191
1842713
1464145
724338
12311
25421
510572
236118
1295191
956489
5350
14318
387453
443254
21950
1403447
965949
2086837
62037
4220
6103
1203534
3464614
92706
3187238
8927
95264
987600
9351039
10843527
11037446
11597045
169750
169750
69839
69839
9492266
9326373
9012663
13255168
7992867
5544190
5193688
12030258
12030258
22616516
147682
6416356
13659411
38828042
480232
20184009
36593365
19645539
10170354
7457448
26947614
67371414
838094
846184
1451
833284
2180463
871007
879422
866004
2269731
1561935
1577030
1552960
4073078
2610
56055
2610
21838373
2632
50065
2632
2632
2632
22020405
399
2597
2597
2597
2597
2597
21730138
6534
6534
6534
6534
6534
54665601
22567443
4825
40368924
4865
4865
4865
202359
40705416
4801
40168848
12079
12079
12079
12079
12079
12079
101051093
303
22421
157
2233354
2895752
1412830
405
32925
977
305
156
7392228
5669936
11546422
46
156
1880
2597
871
1916
3076591
22992
53686
53686
2966959
3880268
7294785
387
1166
830
6534
1051
135057
13008924
54665601
9026658
298
16146999
2642
4865
1946
60625
8986543
13664767
536
13484642
4831
2449
2156
1924
1707
1391
15623280
14255806
13363940
29088
51488
70225
87595
165773
166252
220
220
78
220
220
194369
92685
99866
149215
149215
281347
88425
55773
11579
511565
269
335226
33918
838094
169886
79982
74949
98044
119310
1541
78
84078
55678
150655
150655
150655
284063
339
70622
217880
556486
252655
460865
443697
369441
314313
121894
168
120737
83533
103306
77
219
219
219
219
77
213608
212329
94226
100875
148359
279732
12
153745
614660
603235
333302
833284
21775
553
553
196
196
196
555545
196752
387889
90124
144862
138604
537072
618142
473449
518890
332506
2180463
32333
80013
229319
44444
41071
9346
6
57094
348390
229
34334
156938
216830
148843
153697
2931
28708
46590
346389
351303
183164
402133
761946
16788
1160
180012
65905
277834
524340
358
1279
498
455461
217357
312379
624752
411
411
348161
529407
85
472467
856577
630790
1577030
210393
521327
72
83568
495
417956
38208
486835
575189
606116
362
1023
362
362
484300
408681
325389
250574
720358
9605
125718
2649431
825807
2033131
1629173
2182
2182
2182
2182
2182
2182
2182
2182
2182
2182
2182
127620
2182
2182
2182
2182
2182
2182
2182
2182
2182
2182
2182
2182
2182
2182
2182
2182
2182
2182
2182
2182
2182
2182
2182
2182
2182
2182
2182
2182
2182
2182
2182
2182
2182
47219
2182
2182
2182
2182
2182
2182
2182
2182
2182
2182
2182
2182
2182
2182
42065
2182
2182
2182
2182
2182
2182
2182
2182
2182
2182
2182
2182
2182
2182
2182
2182
2182
2182
2182
2182
2182
2182
2182
2182
2182
2182
2182
2182
2182
2182
2182
2182
2182
2182
2182
2182
2182
2182
2182
2182
78137
2182
2182
2182
2182
47219
18860179
2255
2255
131880
106317
2255
2255
2255
2255
2255
2255
2255
2255
2255
2255
2255
2255
2255
2255
2255
2255
70093
2255
19489822
3922
3922
3922
3922
3922
3922
3922
3922
3922
3922
3922
3922
3922
3922
3922
3922
3922
3922
3922
3922
3922
3922
3922
3922
3922
3922
3922
63485
3922
3922
3922
3922
3922
3922
3922
3922
3922
3922
3922
3922
3922
3922
3922
136264
3922
3922
3922
159123
3922
34863638
530
542
732
389
852
136
389
299
252
126
246
22788
253
389
299
403
873
160
134
324
2182
277
441
413
389
389
296
2182
136
246
873
2182
126
126
852
280
873
358
2182
873
326
322
126
732
126
18887
732
1359
336
517
128
229
530
245
458
389
274
126
267
128
27664
389
732
389
2182
136
307
136
128
810
389
126
533
351
712
246
126
392
126
128
329
253
518
128
355
230
498
389
440
2182
247
1580
873
2182
159
732
290
363
732
552
219
4106
1610
873
389
126
6658
1582
1733249
1834803
2347063
2258658
3565406
2500845
2670257
2670304
2884073
18314
41110
18314
41110
41110
18314
41110
96808
41110
41110
18314
41110
142161
18314
2923086
2575105
3215928
2130273
3367790
3367790
6331343
45669
1141351
4856223
4488209
13856319
51141
121323
285688
12438125
9889354
3808614
7382214
7543805
18860179
447
402
44272
23346
304
1038
130
2255
402
402
130
293
757
314
442
307
450
902
757
250
9089
402
809071
505446
4606709
42483
42483
18925
6542713
2352566
2793336
13994451
5099283
2649086
7795653
7795653
1211
675
1569
2130
554
3922
1316
1316
438
3922
1569
719
406
233
795
834
700
3922
225
562
624
554
233
610
771
1569
486
6892
224
407
1316
406
233
529
1316
224
624
224
700
1184
554
225
224
136264
452
494
473
47672
225
4614987
613787
5390188
5611353
27464
27464
70695
27464
603902
4987757
4918395
7696853
7601702
4610693
6723160
3918815
3226972
6225467
11703688
8994530
20092896
220629
89236
9297504
20477319
13944962
13944962
160
147093
43855
212013
82356
5
7856
269
3493
47638
23750
55368
27764
27784
32683
75091
76737
100644
102521
52003
135723
64664
149840
152350
155460
72136
72146
165627
78229
187999
193144
87627
91711
207480
208352
98603
100708
242848
110019
110024
253924
112681
267523
276186
278694
284854
291254
131215
132794
198
198
198
66
198
66
66
66
198
198
485
198
198
198
66
66
66
198
66
198
198
198
432
198
198
198
198
66
66
66
66
198
198
198
694
66
66
1239
198
66
66
66
66
66
66
66
198
66
66
198
66
66
136381
302721
133346
296831
294489
294447
129280
291871
129268
128219
126737
124884
278630
122510
276663
274111
268754
118989
259553
114891
111985
237134
99736
97445
214451
93137
202137
88343
86929
180535
80571
177957
162569
55791
51547
107267
49789
105534
49131
48720
47294
97438
86169
71577
25115
24659
48509
48507
175855
175855
175855
175855
175855
175855
175855
175855
175855
175855
175855
175855
175855
175855
175855
175855
175855
175855
175855
175855
175855
417936
216
2210
290
5595
27
92647
56376
71907
33
34274
82636
11
37049
57948
10348
55433
281518
156304
185656
379
1589
147093
338259
338259
108855
108855
186452
236987
123604
298571
403589
83506
499014
499014
268792
278711
779356
780315
795373
796487
832993
840720
361290
939212
237
574
237
1656
574
574
574
574
574
574
2328
237
574
1656
942982
925556
925455
843084
300990
696260
670323
267873
257681
252243
252238
558139
226417
213800
213306
517551
500383
472495
194088
146770
134770
215697
92939
511336
511336
511336
511336
511336
511336
511336
511336
32497
511336
210833
511336
1278386
219973
352619
102793
152596
96638
68544
5970
3146
30962
34047
100254
65776
83049
88914
217543
95562
219409
109831
256844
277752
131905
320512
68
205
205
205
205
68
68
205
205
134095
251105
214247
211169
90121
175964
155533
43585
39500
74408
32632
68557
20684
45191
8459
183356
183356
183356
183356
183356
183356
183356
183356
435559
5
2564
45
5606
69321
24830
27377
20261
46655
88977
392
392
72868
168027
865613
57780
95451
117779
532674
612883
264702
593
91
593
955525
293949
24032
317902
275915
102378
102118
532278
532278
532278
532278
1330743
88
180478
39834
242904
684885
176628
286942
13809
286942
3813
1801
4073
49200
94542
212746
264312
280412
280483
286210
129524
296145
324817
208547
531838
587211
104
315
315
104
104
315
315
104
315
315
315
104
315
104
315
104
3736
315
242866
219544
211558
485998
477344
460451
196458
196453
409774
176133
396291
363333
142667
137054
134494
267855
103678
90461
151314
130806
55850
45830
37831
80410
347014
347014
347014
347014
850434
3743
37355
3266
265
1065
95495
47886
54
86103
86103
212251
184989
1256645
684885
1697170
68601
86349
187364
62
195408
220581
604027
428850
1095198
518599
1302381
1503714
743775
765211
1025
1025
1025
1025
395
395
1025
395
1025
395
395
1025
395
735943
631583
1532484
1417170
710599
252184
128878
1036864
1036864
1036864
420121
1036864
1036864
2609129
516977
509234
37755
94981
52033
74471
75092
73541
74154
184087
98353
99172
97865
246196
9520
18631
117892
118875
117308
295108
383019
386746
4200
380802
975989
1823622
1840924
1813335
4720447
227067
228959
3312
225941
568392
381800
385516
972884
1325358
772747
768389
961411
947006
2465077
767793
13214
304413
307375
302652
9085
775684
308678
311681
306893
2994
3659
5938
4325
5278
875301
883603
870364
9911
2265549
11562
2104839
93081
93856
49239
122236
211559
210510
8002600
8080826
30153
7956088
20885030
11157
3708228
762680
7105
7037
6788650
7095
6845236
7297
7358
7358
9090610
7261
18267
18267
18267
18267
87262
1084037
7493
10660612
7455
10520087
26464944
9997
9997
27852010
10080
10080
28084168
2206
163347
9947
27713970
303243
25025
25025
69718876
21590
78535649
21770
21770
21770
780678
21483
21483
21483
21483
54044
54044
54044
54044
54044
54044
54044
196589662
8526
18085426
8597
18236176
1948
21343
9986
10069
88389005
47240358
47006225
54704178
14840
37333
135802984
1562320
141640
9248
9248
9248
9248
23267
23267
23267
15824
1114396
58746911
1135125
6347
51398941
14408
51144198
15833
113384
122360677
7242
6843
8379
76456
76456
76456
76456
76456
76456
278115852
77093
77093
3193816
77093
77093
77093
1067260
77093
77093
2365737
77093
280434062
5651685
76077
996709
76077
76077
76077
76077
76077
76077
76077
276737456
191384
191384
191384
191384
191384
191384
5092633
191384
191384
10498548
191384
191384
2964567
191384
191384
191384
696176855
1992
11367356
2412106
256030
7105
678
718175
7095
2297939
2167
694
698
1186034
685
7306
12034
6132
2105
29293
363910
1409
2353545
3578757
700
137748
3531582
3499971
10585604
1106
887
2591899
3744
873
7231267
219
16526
1512
3783972
48148
4028
2221
7317474
1823
31413150
1838
3353
4977
1634
3836
2609
8592
1784
4458
35600
54044
21616
8608
4522
14096
196589662
1522
2398114
1535
9562157
225
1962
4924
4027
198190
220012
18364137
2481
3968
12863731
241546
56654
6695
9248
3104
1651
2730
9306
7810
32351015
2011
122650
8490
4648
9178114
1670
17169056
51144198
1757
21849482
56597
841
680
2813
6341
6897
6355
6355
7994
25666
1248887
49662094
111242413
357480
77093
41874
13766
8336
30836
701875
20946
8940
708758
6360
47396825
1259297
50076048
36021680
157347308
1897264
8496
110979
7108
30429
9446
6414
6276
56117
19960
36694590
39180980
570304
1242697
72469537
32155452
49415959
92900486
15873
17638
50218
34174
38802
34174
537797
45429
129883
1975350
50229
15908
690924
27056
34174
64247
3126203
3126203
98213310
130990603
86613731
165671131
63777
90932
133368
119177
24559
31885
692
7371
75092
4286
653
24893
74154
1635
32871
29210
2844
12884
299
674
295
25087
32853
8693
19054
43962
82647
162197
98475
3196
5562
22182
13566
26244
39906
677
677
39380
838
32218
118039
25752
14396
2312
377
228
99581
1055
143656
210
14986
53380
840
372
43777
937
4106
634855
50251
145307
2621
5790
148283
390382
774
1750
159250
4805
2169
729423
217342
206535
420932
617996
4845
265897
99
1741
770
163152
320611
725308
90405
705489
1231274
1821
980903
8393
1025085
11905
3109522
1888112
4720447
16976
24842
40546
40884
120055
337
383
23860
1868
5110
188286
46984
154201
937
2113
973
1087
322745
162510
153767
136160
107323
34690
767793
2043
30360
353
121761
304413
47477
356
35492
54043
101600
219098
302652
62189
260396
168426
387193
427157
310262
999
1155
123467
62575
169754
352
103023
534
90
4349
110
584
154772
293837
534275
69975
292180
870364
760542
267
1147
1100
371091
1205019
5771
8110
16759
1277
41034
71020
733
1582899
1999825
6217
6217
666311
927290
140615
1411291
1411291
1411291
2686465
354
5404
404198
304671
1424171
7707
75310
7707
7707
2333562
1097430
3200927
489660
1320909
6269
6269
2771
6269
1097200
565939
403732
1427370
1427370
1427370
2712725
229645
776628
2195595
5314294
2420959
4534029
4389170
3232216
8080826
5384
10122
2255480
115492
99557
801471
469957
700249
825268
953940
2087465
6186
2734
6186
2734
2083469
1811110
438810
562088
1403103
2670850
477480
17009
5868692
3137668
3182322
3182322
4176905
2131108
277510
2427736
5480106
15113
15113
15113
15113
2416821
3929666
3929614
1793239
844116
3669634
3669634
3669634
3669634
7011083
245458
274597
29853
4234395
4970068
18847
18847
14173631
5481370
5166760
4957496
4867480
8918
8918
5084
5289
219302
3041261
5577
5569
5569
5569
5569
5405604
5773
5773
5773
5773
5773
5773
5773
5773
126478
5773
5773
5773
7125078
65553
838386
5055
5130
5130
5934
5934
5934
5934
5934
5934
8479193
7443
7443
7443
266450
7443
7443
7443
98908
7443
7443
7443
140556
154432
7443
7443
7443
7443
7443
7443
7443
7443
7443
7443
7443
7443
130156
22824267
16258
16258
565112
16258
16258
16258
16258
16258
16258
16258
16258
16258
16258
16258
16258
16258
16258
16258
16258
16258
16258
16258
16258
16258
16258
16258
16258
16258
66479113
6313
6313
6313
89159
6313
6313
6313
6313
6313
14597875
7435
7435
7435
102264
7435
7435
7435
126534
22770393
28884603
1367636
10713
39011241
11185
11185
11185
11185
44997048
10709
10709
408952
5014
466214
38988565
6901
6901
6901
6901
98918
6901
6901
6901
6901
6901
6901
6901
5000
323089
19053551
866689
5020
466214
10705
10705
10705
10705
10705
208566
5003
42452726
180476
265827
32263
552135
40403389
5730
5730
5373
867045
6203
13763480
57574
57574
57574
57574
57574
665896
57574
57574
57574
57574
57574
2289499
1882597
57574
57574
709304
57574
57574
57574
57574
57574
839384
57574
57574
2306477
57574
57574
57574
57574
1475582
57574
57574
57574
57574
57574
57574
57574
57574
57574
57574
57574
57574
3120282
57574
57574
57574
752712
57574
57574
57574
57574
57574
57574
57574
57574
57574
57574
861088
57574
57574
57574
57574
57574
57574
57574
57574
57574
57574
57574
1662112
57574
57574
57574
57574
57574
57574
235420417
8918
1592
3714733
4416995
717
738
73619
1978261
5577
994
5569
2227
535
504965
571861
1814655
1938
2309
544
3803
544
544
1938
14825
1938
1714
547
665
929595
1272298
2391881
4643060
22006
281445
505
551
1024
883
553
1992
1116
557
1059
93995
1871953
1121367
2846456
266630
3391557
1329
1016
89447
823
677
956
650
15704
641
634
957
14311
51842
1329
1131
2764
1329
634
1198
650
840
771
7443
634
639
18353
3116348
2578020
2088431
2378685
5876918
9129384
1333
1303
1028
5457
2195
10709
16258
6503
16258
16258
5457
2330
6503
2589
2504
1303
2903
1323
1333
1987
1974
6503
3717
1333
2923
4240
1311
2903
9412396
22316971
48841310
299353
26590706
66479113
731
2119
1127
5219
1127
574
709
826
1127
1748212
1935667
40729
2262483
3266129
2815078
1640860
8574129
7654410
5713872
14597875
5137
2974
1051
11102
3666
1210
1499
69600
22770393
155567
887
150194
133164
900
1188
1870
1080
11666657
15105463
4182077
3595
888
6648104
1318030
82583
895
72080
66819
809
2316
1232
1134
39565
2760
2316
612
4996
6901
2316
1232
2731208
311762
10492496
635
35559
4988
3676
37671
3306
1240
2029
865
884
5283048
10034332
7580622
14251337
5770238
45475
555
42452726
60585
7214680
35407
16104
58967
665
1391
534
42821
291066
2082
4620386
258161
13998
9910
57574
4642
4721
17831
31272
11426
5205
4642
15107
768582
413402
10280
6430
78978
5293
10280
5094
11651
11673
25023
23029
10280
23029
10280
57574
4653
155825
13666
10280
4653
23029
4617
12483
39073
11327
6226
23029
13653
10280
587095
7253
6020
9278
495015
4721
19327
15110
6603
4642
15643
7148
6676
4653
4721
200685
4617
8139
19327
10280
7430
19327
23029
7660
14571
7258
6951
497957
42469
10280
8326
4617
15106
10280
23946428
37891259
39788962
44504853
31216070
33331240
848438
848438
848438
335326
848438
335326
848438
2842907
335326
335326
848438
848438
61649799
34582492
33680360
33211989
44296017
29289455
27354627
24061847
42038132
42038132
42038132
42038132
79030397
30239689
56023647
135679415
2408856
132090833
94164842
94164842
235420417
55429
69569
82406
65502
48150
110185
2795
7952
19127
37062
206
7437
112965
2122
3713
476
476
19906
19906
37423
1211
26220
44590
111479
1715
2038
2618
8955
11108
13892
487
222
222
487
222
38737
8216
26984
26984
50729
98474
44881
99556
15970
60443
4823
154
2060
5539
5396
8284
14415
496
496
226
26996
25770
25035
44564
40252
17561
34306
32557
61207
111155
1341
1341
615
72929
33484
12671
26074
47652
149866
61337
721
721
721
254
254
254
254
254
60442
47690
40598
26512
24156
26420
84661
84661
84661
207075
15814
11966
1268
401243
17770
51626
160
154083
67256
40685
259181
1775
898
4044
1775
898
898
229127
69189
246730
246730
616848
30686
326924
84
171167
225632
236732
319669
216461
222844
251005
580661
604129
695565
529
1240
529
1240
529
529
1240
529
529
613846
506211
399340
167704
80003
67964
394402
394402
962035
122663
107877
2416
776437
161968
539626
257748
2208800
3494
3494
3494
1553
1553
3494
3494
1980454
299372
489731
1178367
1178367
1178367
1178367
1178367
3006453
426
7317
16994
25896
16149
19326
25696
26874
522
224
224
224
40032
79815
62281
15004
53891
53891
53891
53891
119754
232445
1457
1457
4474
209527
187052
139630
356731
174309
51776
70565
254
720
51363
21987
303223
338206
424855
104600
245937
245937
614866
839805
237155
804
804
716
56269
53281
359713
363
197105
501502
6679
16741
49511
37736
182775
30369
103934
153358
406535
7890
51808
998
71
1400
1225
1415
1136
1269369
14374
24416
21240
54821
57175
31086
96683
42547
239
239
557
239
42985
37435
37013
67110
67110
164163
94005
103711
244100
1559
1559
1559
1559
354051
354013
123251
269295
195600
195600
195600
64
599
692
1183
489018
83763
240
166491
270117
198375
796
674
56
6530
67
84
877
48527
86463
68886
291267
349
81376
188881
188881
188881
461100
2366
86
878845
415150
2290
579325
209400
109692
756
787
688
660
1439808
175427
428255
765573
593
71
3462
1005
83
1777
34648
25480
8105
24616
800
16654
151
4989
515
111437
2288375
979009
1526832
478292
3789830
92805
61828
99062
83453
293576
926627
481043
495909
1138672
671168
1522672
1579121
1625712
1680758
1742016
778616
818409
2012455
2073609
962949
2245287
2258370
1142805
1168411
2958972
3187624
3411274
3411644
4448
4448
4448
4448
4448
4448
1894
4448
4448
4448
4448
1894
1894
1894
4448
4448
1894
4448
14998
1894
1894
1894
4448
4448
1894
4448
3402270
3244951
1317917
3066327
1247039
1229112
1202276
1171888
2788617
1132871
2644373
1059088
2334875
978294
2224686
926884
2056213
2056164
1923740
731471
598997
566632
1099648
903564
445509
820183
399250
784063
343914
604414
296882
321446
122266
1868122
1868122
1868122
1868122
1868122
1868122
1868122
1868122
1868122
1868122
1868122
1868122
1868122
1868122
1868122
1868122
1868122
1868122
1868122
1868122
4721387
298
916
3835
81803
916
91430
973034
403673
1195
205234
288898
8689
9650249
489625
872292
3578540
1891020
2342359
2594729
2797793
2973872
8550243
9756599
5572
12588
12588
5572
5572
5572
63272
12588
5572
5572
12588
12588
10943352
4078470
10068265
3412728
8324097
8058149
3142695
2963081
2885819
2843360
5707244
3935196
1331370
885442
703786
5801548
5801548
5801548
5801548
5801548
5801548
5801548
5801548
14835720
244
244
4620
244
244
244
244
244
244
244
244
244
244
244
244
244
244
244
244
244
244
5514
244
71212
244
244
244
244
244
244
244
244
244
4164536
246
246
246
246
246
246
246
246
246
246
246
17432
246
246
246
246
246
246
246
246
246
246
246
246
246
246
246
10819
246
246
4958
4809
246
246
246
246
246
246
246
246
5410
246
11721
246
246
5560
4199249
10
10
10
14071
242
242
242
242
14532
242
242
242
242
4448
242
242
242
5931
242
70859
242
242
242
242
242
242
242
242
242
242
242
242
242
242
242
242
242
242
242
242
242
242
8452
242
242
242
242
242
242
4143896
611
611
611
611
611
611
10444
611
611
611
611
611
611
611
611
611
611
611
12683
611
10444
611
611
24993
611
611
611
86175
14922
611
611
611
611
611
611
611
61181
611
611
611
611
611
611
611
611
611
611
611
611
611
611
611
611
611
611
611
13804
611
611
611
611
611
611
611
611
611
611
611
611
611
10424626
16
81
832
27
33
4
43
4
28
178
8
4
11
81
88
42
4
30
4
81
4
2205
45
9771
25
4
81
81
120
4
4
72
81
259404
552214
2216
15349
580309
761906
743645
743645
1761
1932
117125
771401
681
1180609
1871960
2842
1665755
1665755
1951
1564
4
246
98
45
39
133
246
31
43
28
119
44
5
82
82
43
43
98
38
26
98
37
4
36
4
29
2778
72
246
1983
3162
43
56
91
66
28
43
4
4
110
4
3511
4
26
1371
1190450
709725
526366
530748
547867
2235
927069
749844
1409683
539392
1081246
2356135
2201880
945337
1
1
1
4723
36
34
29
3
7
4
26
38
27
495
11
62
97
445
4
95
30
37
4
3
41
43
35
40
29
97
36
43
34
4
105
4
30
32
43
28
4
3
2837
175
242
81
43
179
63
135934
549468
586700
791
791
2205
2205
2205
2205
1085166
565793
558803
464339
437489
739959
1391101
16410
2695496
1274712
4143896
10
205
109
10
244
71
179
69
9
24
83
160
109
402
77
71
64
402
35
123
1658
109
611
2122
12475
244
145
11
15388
543
9
9
97
414
80
98
127
11511
20538
244
10
205
10
10
154
98
74
205
78
86
98
11
160
347
81
159
10
3217
21
86
9
244
109
205
54
69
70
10
67
90
10
9
205
2084874
872633
1611727
1340669
5548
5548
1470656
1378649
1961467
1296963
1861485
485365
438675
2955289
595682
2480777
3196824
5740680
4169703
4169703
10424626
61651
605
4619
5190
11433
18316
56423
21428
25956
74196
74602
111271
120795
11
3
11
11
104
11
3
11
11
11
98477
31325
31111
28195
67333
63630
17526
31354
29629
8475
8473
7412
879
60510
60510
60510
60510
60510
60510
154163
0
9
10
26321
6627
12919
10
18653
1001
1220
3639
65253
3
130187
12711
16018
61341
166937
206424
226471
280309
336307
15
46
46
15
344
15
15
15
15
15
136391
133911
40758
183685
75759
183685
183685
5890
183685
46
459230
131635
77158
22525
286
20309
9599
30477
12803
48503
54308
20385
21224
22943
66316
24501
27598
33021
97222
37256
41815
3
12
12
117
3
12
3
105
12
3
12
40612
110154
32886
91550
24328
45080
12847
6553
5680
61183
61183
61183
61183
61183
61183
61183
61183
61183
61183
155877
110
20
3612
18404
2023
48661
16759
5600
2
22878
117969
126162
225829
117475
305367
138642
46
15
46
139111
136911
260531
252896
252208
110107
243475
94680
202727
172476
43463
62827
185727
185727
185727
464335
28
31
1
31
49
92
2311
38688
129326
0
635
1503
508
1451
21709
24486
8987
43173
44834
54467
19129
24217
25801
32910
41192
119355
11
11
3
3
11
3
11
11
11
11
11
11
3
11
11
11
3
3
3
3
119000
116365
115094
114009
39563
36458
94800
31958
28918
28505
27583
57116
17422
16982
14828
32174
31841
7885
7396
12903
12823
60110
60110
60110
60110
60110
60110
153143
111
217
1
4280
9219
27637
0
64308
296742
9253
42630
197975
45
15
336504
330250
179910
140330
52104
182471
182471
182471
182471
456193
222295
74116
240564
49535
222295
74116
108
2145
2313
0
1639
35121
38578
22388
91985
37720
121408
131822
135508
63611
70082
92459
357538
360996
32
32
10
10
32
32
10
32
10
32
32
10
32
10
10
10
10
344078
340326
91328
239641
71710
195982
195976
60339
50101
139604
33886
30144
54292
50763
12480
2443
174663
174663
174663
174663
174663
174663
174663
174663
174663
463276
24519
406
1386
68
1607
1533
73508
4084
11328
1
14022
7546
6420
17787
1
37570
30588
35183
325247
25
78
78
78
25
49298
135980
391227
391227
897676
11044
63795
260388
260446
130681
228414
688862
688862
306712
423202
42
42
42
42
1092
127
127
127
936561
909184
909076
361130
790069
784552
759963
327646
305374
295794
10162
135566
79872
108087
551994
551994
551994
551994
551994
551994
551994
1380035
1957
1154
2
2
12
76
60
61
82
42
82
2
44
247
44
98
2
96
37
2
2
98
34
28
45
82
30
44
2
1009
27
628
45
39
33
842
134
34
49
28
29
33
37
28
2
5
4960
27
34
82
7
44
33
2
44
2
36
44
27
247
64
82
31
2
82
27
3096
5821
3013
28
180
33
38
44
27
33
45
162
44
98
503
3
8
28
2
120
44
36
5
113
247
31
247
2
49
98
28
247
45
26
162
46
44
31
44
44
63
10
25
2
8
50
44
44
33
52
2
38
2
82
247
89
98
2
44
32
670
42
49
2
44
27
98
44
98
44
64
3
247
247
2
170
2
82
61
65
82
28
2
35
1066
5043
98
58
82
2
799
44
34
2
30
2
6220
227
44
96
32
2
2
31
26
46
34
2
98
98
40
247
98
82
36
82
36
2
2
98
2
82
53
38
339
2
39
2227
34
2
2231
98
46
2
82
167
38
48
32
63
2
26
153
98
38
2
2
39
247
58
30
2
51
25
67
10076
6454
48
17
36
2
31
38
59
29
2
2788
44
474
2
33
4653
8302
72
98
27
82
70
51
2
49
44
82
2
25
33
2
40
31
2
25
98
1592
2
82
30
82
82
42
25
39
44
2
2
32
2
247
36
2
1990
82
3173
27
44
33
62
2
82
2227
41
30
39
44
247
29
44
44
98
82
2
34
30
56
2
121
2
37
2
91
44
2
1201
82
31
34
60
39
82
2
44
2
64
80
140
27
28
2
32
2
44
2
34
67
39
64
2
2
107
2
30
33
37
44
2
44
28
73
58
2
28
2
2
2
1300
6
74
2
40
34
2
44
25
26
98
56
2
44
26
44
82
49
44
2
1114
2885
247
28
28
178
31
82
16
2
98
28
247
2
37
9952
78
2986
28
3
82
2
32
41
82
2
44
62
31
27
7
29
109
2
3523
36
182
2
98
12
57
44
2
2
35
2
64
26
82
2
44
82
105
2
1376
786
904764
549003
1282494
572120
19891
57097
55
31960
94293
113287
198788
221195
480464
304987
536094
699434
434346
728133
764600
488856
498559
519156
855222
534503
550714
550730
590586
619124
619143
631788
1069298
1142687
691793
1172946
604
1732
1732
604
1732
604
604
12704
1732
1732
1732
1732
604
604
1732
4709
1732
1732
1732
604
1732
7975
1732
1732
604
19491
604
604
1732
1732
604
701151
1184686
1182647
654848
629977
1012184
615267
998749
986402
602097
982728
580709
567865
548066
872402
851209
827657
771394
422463
402561
366552
348920
340609
530080
480167
241890
393201
209571
200989
807821
807821
807821
807821
807821
807821
807821
807821
1518678
1957
13564
1371
445309
162875
26401
568388
148345
1506
98327
837972
514
1132215
1282494
1282494
1282494
2942698
204074
517703
631652
1164846
1167136
2033508
1076572
2607268
2948020
1387312
3323670
2228
6513
6513
2228
6513
2228
2228
16328
3248357
2983492
1206450
2657151
2538308
1132015
2491258
2372127
1018429
913560
1770747
1422469
1391615
1183633
628498
576026
555283
1809508
1809508
1809508
1809508
1809508
1809508
1809508
4523930
