1167903
13502852
4831388
5770117
4831388
4831388
27274803
13502852
9759061
27274803
27274803
13502852
9759061
13502852
1214769
2856594
13502852
4831388
5025263
5770117
5025263
14075778
14640615
5211366
5420489
10526589
797905
28432072
8249830
8580882
16664072
4503268
4683976
9096281
3328810
3462389
6723960
975756
379632
394866
4106379
1302124
1354376
39741120
41335863
80274241
9787679
441773210
357169192
973335816
721456405
126984278
28531120
28327599
357169192
39408756
49271627
750586
379864
1014241461
68129393
431502690
25786381
6128036
18688524
80865766
11303866
18633370
15130457
383935844
84110770
399342528
10370486
37714246
163343105
37602838
775523141
2048695726
9497173
17590790
598855620
128318735
16228343
9787064
38274953
13116510
334055503
347460575
26494419
71579155
4065805
7488361
2101221
8883810
5472884
38025285
139127649
83931399
138716320
112469279
1214632
303738730
2863309764
15975618
39551174
8261388
281844816
2633792
1218177243
169448703
4280195
227093194
5783682388
7182590
41627330956
15825026
84084252399
3658639439
41627330956
4593009122
6047837198
137005992
118207745323
1132720
7015607
129416
319370
9424737885
1445854594
318544
6242239
44746928904
6492729
1424135921
19037301237
9298341
12608880
12608880
90385618717
238771251123
2254476878
9736522
1255257917
622295
5431257
38933478278
42551
1699389
854908
2381794
10762799285
17029540159
46553258
46553258
46553258
333712832993
539351
423466
473513546
19805792
19805792
19805792
3991052
94034276
674076224290
235696
11208945433
5380263
44897709372
3658639439
14152645965
227416727
146635495
16733010
118207745323
1132720
404488
198964354
12478
30794
2537788761
45882530
38791
1045221
4830366900
626047
137319222
38480659
180623
12608880
3395179
6963904849
68014039
5185532716
745239596
1193726
1037694
6667
209554
10483574698
4102
93656
230200
15365
758625820
17029540159
357041
2158409
8305312
5062239808
32177537326
28868
50648
27300470
19805792
148578
1909730
1074666
10947699
2278238109
2635517
14496770
96174554
330919059
385229565
6481674
28531120
58857
121431977
1951272
8768384
40061
1194636
91671
43283
47293069
926640
1014241461
68129393
68500669
24878499
151671
702418
551650035
401766
590882
1802000
21774635
358715
6971749
2269125
740633
2798791
31799912
41445324
320681
64287537
37020182
66878
59034494
3877967
1185606
38505738
60286817
44765
999951
13659625
358180
159443
730449
59751423
276395
44492704
208824259
775523141
5419133
5814809
3672476
34240297
73421442
34552244
385788
3864
301740
4459409
12888901
89950756
213869401
418328
2445507
686557
722048
202605
3020357
301620
1342107
10239026
52176
5915981
22600115
453596
138716320
43460
5526906
104890846
182002
64029669
43434831
2391575
510827439
126105688
276088444
132755368
5491839
855074
45928
988097
41015401
151851
117460102
258059055
2336468
1218177243
45627265
18124
61149133
35007878
673350410
10846826
14647
18116
191522769
191522769
2964273
41575
386862393
83980
521926233
41575
8969
191522769
18116
199208248
2600539
41593
543860830
43262
43262
1359240
565685027
84015
84015
16399
16399
16399
16399
16399
16399
16399
16399
16399
662073
16399
205875696
16376
16376
16376
214137133
31803
31803
31803
535551
31803
31803
415854287
1098560255
24558
24558
321120884
25544
334006911
49606
648641382
13699
13699
179128649
1925
97339
122305
122305
122305
122305
122305
122305
122305
122305
122305
122305
122305
122305
1535376027
127213
127213
127213
1596988020
237185
237185
237185
237185
237185
237185
237185
3101350543
353
594
51571124
49998
2964273
14135
206569420
19506
521926233
6280
2415
65114766
74
9863530
250751
4010
141979
344633
13186416
413716
340152582
66423585
543860830
17591
43262
57970
358462
4843
294
286789
201905387
373493423
2746
831
2152
573
1581
16399
72
1581
1997
1641
5575
6533228
22223986
55435921
1900
4409
1579
40215404
1761
4261
31803
10403
8563
8563
1686578
32040160
108562
23858065
40097849
331698
24558
3010
106149679
8693
230412279
2408
2601007
125414940
528
116
46763
113510
48233773
185
5364
32933
11793
40285
545
417
122305
32933
71591
11793
19704
5670
21819
47505
23290808
108222393
148045308
413429007
1535376027
434
6808
15215
1059967
430019200
52346319
92074503
63866
237185
27613
973
22870
802
824
5073527
247409
3635898
97351
173094
1300942
200
27274803
4590760
5210958
1343205
6335093
13502852
3276
2039660
105003
769192
292004
1642597
147946
1994
240002
2135
2504927
1444
569
1444
1444
915620
2331003
778842
627159
1603848
283051
1355744
1355744
3790169
1824
1824
8803561
1719123
14075778
1122215
652885
590467
1502
3334
5953068
14640615
29844
4513566
1150
7655872
589344
1598507
5225556
3685
9666463
149329
429344
562559
255440
880238
865
865
970488
336285
872609
245704
167923
502036
502036
502036
1403258
116
399693
3045455
3214151
2063
963984
801306
683872
634627
1771783
1771783
5211366
239238
628937
42992
522175
522175
1459569
51154
42160
818305
296
1017979
10701
6111
804798
434
589659
1410404
319417
1014045
2834483
567804
153944
3812598
3873
1702
10526589
14324
13934
460215
1011453
2221422
172
4707393
2727062
8249830
377556
2920178
5919460
678
16457
4487116
777538
3222001
88898
163018
187
473
1212590
11514
1531041
540368
992255
189929
2883087
697749
92721
285268
562107
320793
320793
221630
421769
37918
36605
129069
28
152
730762
70018
833647
3046213
713924
174
367781
517516
1287229
3549388
1942
4379
1942
2765171
7089995
1661571
3827786
3827786
3827786
10701047
1759561
9351
2458426
13090011
23262295
44718
13281
6402608
5954880
13723899
1766219
39741120
4960084
4943947
2144374
6015391
4555
4555
2020
11130462
1225210
2323993
13814
14053551
2396100
8238
8238
9345722
7731742
21615356
3685059
34501666
17005320
3928412
12374791
26379
26379
10404
80274241
1311010
11737055
33563637
156524590
56310554
33563637
1994364
156524590
56310554
9370805
1994364
1489570
6998063
4066129
1994364
33563637
156524590
56310554
156524590
2501837
3702814
5711565
5612152
1383812
1838360
7236086
33971225
4237013
7213608
9764625
17951030
93837
48733
119614
3950361
1738014
272124
690167
828782
2698437
12651681
1582291
2690066
3640112
27701
2152548
6157337
60700527
163102730
1305513
19944817
2493059
8585672
3391819
9705130
9031500
95731077
441016
2333892
10948058
1366943
5786883
1860512
1886394
5327845
52519700
530611
1016511
13419773
225658
1023689
24141735
706206
2022972
3856201
5189422
999054
20428019
95904225
11961222
20364562
41303186
263973
300359
41271883
16282624
136640
227623
46655475
263973
460456073
29222770
380412443
69186
5028828
1725401
1293502
5962475
83511117
129126915
128298398
6283927
9325399
4732772
1195595
1570511
4626783
6145990
17913005
3582082
10552939
6126954
15165088
107241
1500951
3318677
134553634
136005609
322652
133690297
3130001
685887
600513
2092075
31462016
78859
15369994
50801164
51349362
50475208
149662020
396399747
49196864
6207
7172548
2873646
22368504
80304076
78937007
234052960
1127444
27289523
1605452
43777722
34070852
20497913
20719107
1721671
9711119
4481269
4404982
17165404
17350637
50569886
80705209
79331312
235222096
10221517
34317811
34291879
13884638
13648271
40467942
603223
114901332
698775
379858988
383958066
910880
377421698
1119077963
259505
26777243233
12848096
398289335
13070
1139700
689386025
17764
20914
61615
38536
113528
1096892364
7820
9573438941
3498705
723881
8023
52373978
179998090
278952
9430257
449559
449559
3623975658
6201120
446674
37201223
1324416
708780
5556378337
2065799
2065799
2065799
242711
3099476235
339599
163792697
58652
169753
171585
3933161600
701628
109956
2517786538
412156
681790
3352713
168206915
3331201
3331201
26566724607
9809661
9809661
162089
2864436325
3459592
201436018
4443
7266
9075244
17764
4741
38490
3715
820
295358995
5517
12605316
395332343
942092
194918
58
2279047
61196555
52142
198661
2854
121052
1874296120
139405
4608
601292
856255
708780
1496159858
13006
389678
199190
1608
582881892
3328
100817901
403
3683
1036
60777380
238542
10602
3496135
110981
306178
50344
45292890
1132556
23009
1218265946
1580413
1851082
18252776
40693779
18629
2543344
132922
439770
187595
22486946
56620
47757
4796
89494
1609069
1195595
356034
2890322
3035
6090143
345394
5577
12446
336921
4083486
75665
144725
1585
4514186
50626
5593574
31111
565659
20107302
44627245
47565865
106738122
172695
184688
26109
378
711273
5880951
1618
4138661
18957
13679173
4963637
22331
13826786
26557548
242117
2221405
1046244
958681
1991246
14430836
96758790
6832185
74
7172548
547
11849708
80304076
21255280
44150205
87123
22568049
40287464
108711
18576
24957
432298
8232759
157003
3584812
184859
1059725
7078
17934
1215
343546
3177
640688
24979
3853962
12901
26971413
30244526
985587
13293
329372
2645
677170
10896758
4916
15990
313805
6402617
4497131
25173052
245271
79953132
17307365
342702
128317515
52221804
5086285
5034687
488195
211169974
180292306
73085
212477
8659271078
3177551682
1945727001
128486027
945610
3177551682
10699
264118508
945610
3177551682
222934841
337073385
64931
14138
16947
16947
449456482
207537
31698
31698
1033846429
8786292
5860
985351
220871
6415
48693172
7277
57391583
18834
78562
719421376
104182503
285989
18782
2733034
372999
372999
5860457
372999
372999
12095912
372999
372999
372999
372999
3415680898
9023187684
162501831
581797
581797
581797
581797
581797
5327712251
68355
90647276
37184
324540
2971921008
95642
2403
103749
27799
155585438
47839
47839
21117
140459
140459
140459
1268823306
585900
585900
585900
585900
89484
776912261
1265120808
2414170053
27467355
115568
115568
196662
2781749
2781749
2781749
2781749
2781749
2781749
2781749
2781749
2781749
25473402919
45649
6972
926306357
855615832
523923760
64982191
321492
1696688593
3637
264118508
5433
1080318217
2934768
16689739
64931
14138
10586
3841
10897494
11965
3056
210
278382686
1073100
4134
265324
4888560
10278941
372609880
59473
42
2118877
4695133
701
19512247
1816
14685
193717799
1002676
3306111
5555
2287
57575
62456
2108
131747
3756
372999
195509
241149
100437
100437
35965
263166608
368717861
1779749
195961761
1766567455
9023187684
53716585
581797
3296
109746
71330
56098
1434587194
409
54383
365
12521
558894087
800245887
912
231
5717
1487
95766158
12881
297
2525
3047
755
755
19606556
585900
3706
199197
56494
8628
54761376
1265120808
2967066
1583633
31118
31118
88317
17479
945751
448161
323858
41770
524916
17479
128973
496276
386417487
1168129672
2456217718
6859195071
62023064
353014
7331059
1022646
16696343
15162680
9037643
1008655
53215929
30067638
463421
152135
506430
208691
4066129
1818
9037643
50302
19144713
42506
1461
31218
274049
1908044
1383812
416756
1148412
1287734
2355
153643
2766
2460157
5392901
1911318
1599
406771
4081
386344
9764625
4833654
11460
5552
84395
4697
166848
1405
19556215
557492
19460
44292
24530994
7301893
5170186
15649529
43918492
6389168
52416
54445428
195974
73274
1275
28899
356
66537
53543
79900
281773
259126
977340
562254
2364880
119059
3406704
9774
4724
46585
975890
43058
327488
102111
398172
583
1657979
242309
2561501
1163214
4625876
4984700
6537110
18108
8259
18108
10163904
3399901
1058593
724033
5826863
5826863
5826863
16344763
3932
5906008
9163666
22442
39243821
31393909
9333395
60700527
163102730
744932
2769824
16846
824105
8585672
546
2613289
4784434
255544
5337889
18058078
27365
11733054
9188061
25777401
16478161
95731077
42524
48678
5672
7745
214
22307
22037
632545
507947
170265
1916424
9876759
14141921
32326996
89599
97664
51567
21758
348038
4222068
187791
38074
105459
1245182
2221
16643
171786
2452
1084
1397350
119491
2796
2796
376259
231001
7512
4413760
12976
12331230
9204953
20316381
67601
32605946
95904225
831368
1148142
3220785
28508
20364562
6010636
12370
343730
568
17188
2611
2611
781724
4384404
2510071
673843
1243
16111650
20474
5710
118545
20631201
8704713
97543161
1724609
4891439
20245525
125043
82147450
29640637
53537829
19371374
44180259
123986498
1703516
20487694
7041274
4801224
316045
147977
316045
316045
86888045
74183113
156547912
368081
4675317
4820555
13860860
4820555
4820555
1626295
2789062
682
4820555
4675317
1644174
1626295
1644174
4644737
951544
941199
1615663
1626295
1644174
2789062
4675317
4644737
1615663
4820555
13860860
4820555
2789062
4675317
4877615
4931272
3465
4845711
1758705
1778041
1747207
5213271
14461021
2822331
2853363
2053
2803879
8366542
1502049
4481434
3272795
1024616
659418
666668
13798598
13950395
9781
13708341
40911741
6868124
5131
5547
206432955
5547
5547
1883
3396
33880
75751339
5131
25990448
1883
5098
1165
1870
25712978
36259
5131
1870
75751339
15117
46385217
5347
5347
5347
5347
73016287
5404
5404
5404
73804210
5312
15753
15753
15753
284314
15753
15753
15753
2024
2024
2046
2046
2046
27938201
2011
32906
2011
2011
2011
27462590
5963
207935
5963
492505
5963
81428228
3191
3191
3191
3191
43577459
42835611
9301
9301
198717
9301
127010157
1749
23894694
5188
5188
70849200
3909
1436
249815
15095
15095
15095
15095
15095
15095
15258
15258
15258
15258
15258
441692
14999
14999
14999
14999
14999
14999
14999
204810010
44473
1536777
44473
44473
44473
44473
44473
44473
44473
44473
607273961
2930
462
3465
22082708
352
15
21
1784
9122
38311465
1381
3837036
564
937
396
706
38237
104
14
5
25754278
41
466539
515
3772
1439
1212
7392617
534
14
5404
2795895
23606
19873178
3047723
148
4241
451
9840
90
51
4241
4241
5
545
889
124
5
1215727
14449451
68
739
21
5
176
1259347
1327395
295
3094
3855
132616
1114
1701050
27684332
3191
307
859
56
1700840
11734054
11534297
26
1754
1331
896
30142931
106
4493592
15
289
15008717
12
15
24528
327
44
4064
226
4064
49
4108
1471
1095
1471
41
118934
41
304
1089
5099
42
5099
49
1632524
9391939
65509
65509
126064933
1107
690135
7164
117
1986
11975
7934
3426
8392
15120
6685828
8285661
22
418018
3010957
1482734
293387
77
3324
1465239
183
2438010
1258917
242733
487672
125043
854433
323510
25021
609703
402
453
751007
220
180
70
1638913
213
382
12329
1589535
493238
139767
468504
1313390
3441465
1105754
161610
76
190
254806
473652
1327838
180469
232
486685
4931272
334
5204
187
728805
104734
1617550
1735245
324004
557
3893903
48
1710
9033710
4916522
76
473564
171430
91
69990
92596
103716
76
478771
773421
919591
2357
69792
27149
151848
73391
75
78102
50455
23957
72123
974476
41676
500864
1403771
3370459
239251
1772431
45
97476
275129
768322
27729
2853363
11
754997
2803879
1578209
353
15029
806725
1161898
1985605
4432173
1440130
282472
86967
404455
235409
430319
357
949348
547
351
1211
115323
2637
1350706
199512
3715533
157863
90478
650
1646
8777
611358
215
215
880077
974233
1339669
1339669
3756407
2633
59463
2903979
39847
969941
571640
530
211
530
530
211
628528
175063
8437776
1625
4660623
4660623
1741488
68
49935
857387
3086727
1650032
1560
7298840
5260374
744529
11016259
49031
204299
131
288952
18372633
1905
1905
7720044
6591204
13909356
7077431
73345982
5082
1139
1865
1865
1865
1139
73345982
26914580
1865
1865
26914580
1865
178498
1865
1139
16425298
26914580
5082
26914580
1139
5082
26914580
1865
5082
1865
5082
1139
73345982
1865
73345982
5082
26914580
26914580
16425298
36388
1139
5082
5082
73345982
26914580
5082
73345982
26914580
1865
5082
5082
26914580
28729
5082
1139
73345982
16425298
16425298
26914580
5296
5296
5296
321021
5296
5296
5296
5296
5296
97813
5296
5296
5296
5296
5296
5296
5296
5296
5296
5296
5296
5296
5296
5296
5296
5296
161185
5296
5296
1988
1988
1988
1988
1988
1988
32805
1988
1988
1988
1988
72608
76917
1988
1988
1988
1988
1988
31727
174983
1988
1988
1988
1988
1988
1988
1988
1988
1988
1988
1988
1988
1988
1988
1988
72608
1988
1988
28931588
76428437
3102
3102
3102
3102
3102
3102
3102
67950
3102
3102
3102
3102
3102
45126926
1744
126605
1744
1744
1744
1744
1744
25172842
20092
1303
1303
18965220
474
426
190
11906620
11009
14833
14833
14833
14833
14833
228584
252413
14833
14833
14833
14833
14833
14833
14833
14833
14833
14833
14833
14833
14833
532429
14833
14833
14833
14833
14833
14833
14833
14833
14833
14833
14833
14833
14833
14833
14833
14833
14833
14833
322417
14833
14833
14833
14833
14833
14833
14833
14833
14833
14833
14833
14833
14833
14833
14833
14833
14833
14833
14833
14833
14833
14833
215765477
2563
15537636
457
2
502
1164
45
37
7846024
7247259
287
118
3098
4
178498
21
598
4422821
13612129
1368
3973468
421
1727
14371335
559
1180
4
934
387
73345982
703
13756953
767
1537377
35099
847827
90
306
1727
12
3208500
9150539
345
985452
1302941
4
927
12
9150539
21
11
3
18033986
704248
157242
1332639
1426
321
510
30953
3736
2153
151
5296
3308
23
510
510
523
994
305
12
14
12
5296
432
12
5296
1426
1200
147
13
6874
1426
1426
3741127
2895308
9119
21168
21168
9119
21168
10619880
7738084
1936497
1827606
7369446
20579801
3156089
14046852
25693
47801439
9334466
25984481
333
68
110
98
4
100
737
21
865
266
1988
1036
719
211
1285
230
121
4
616
47117
261
69
535
535
174
191
1988
5
535
371
191
37
535
242
4
93
676
191
53739
584186
918110
2229080
3123123
1258954
1326711
3452
1659840
1398398
2789665
7790376
9726
14963225
5433413
9836290
76428437
3102
7
585
299
3102
380
835
418
1055
150
299
299
54
1761316
82562
12151277
10709834
31130487
8725300
14917151
376
24
67
4
105
97
18
3003
6972
4733959
6778263
5332622
8462
1280
443
3
3323678
5
1
18
2117546
606
3994
1430
4885
40
33
37238
24783
369
479
321
3994
35
300
1077
14833
33
3994
5043
1779
389
239103
2389
3994
33
1430
641
31
793
14833
3994
1065
1726
662
34
8682
132
1774
3994
222
61413
40
3994
1430
2646
34
1142
5043
2799
40
1430
2389
40
5043
1430
34
1007
687
2646
33
108
3994
35
3874
1622933
2724386
9894322
58854
58854
58854
15208428
6193736
20804718
58098931
7072394
2251155
37823646
132808257
2809509
12439980
158957
215765477
878240
2585609
31
2525231
198998
1019274
24
1123686
186695
3231009
2623779
64969
139107
59938
1228515
473062
1123686
630763
37
238277
37
12079025
6819
1276762
650060
2124507
3231009
602637
899051
4096267
2243000
1254059
528111
2776293
297513
37
2182558
824156
58158
12079025
1583487
2226864
333
1775088
210517
556027
734
107779
822
76889
7
650060
4096267
650060
204299
436342
353
1424578
741146
508057
77632
878240
196
172472
280
99
80
2164714
353
1424578
22
102049
105
196
2943513
85690
213
8885
177292
4096267
895104
1450119
895104
493507
523473
2634545
3897
427
10561
254336
952206
377818
440833
1780278
1951450
2199966
292
292
292
110
110
110
292
292
292
110
292
110
292
748906
2040124
677263
1843473
626464
602713
1695352
493034
1371845
1207586
328654
298487
212433
195359
244597
193992
1145191
1145191
1145191
1145191
1145191
1145191
3370884
202631
22
47491
1312742
628
2634545
423061
637676
2274900
5123232
7483041
8891538
368
368
368
984
368
368
2825071
7881830
7872420
2522877
1477786
4194890
2326331
1177711
4273616
1450119
4273616
1324
662
4782
14682
55337
165666
62179
106837
321627
348927
371677
458567
466567
163238
174300
175475
197248
218311
245690
750840
834546
106
39
106
106
106
106
831324
267379
744012
228689
587984
186004
504252
118771
305378
188910
54767
122558
114288
21127
31433
412819
412819
412819
412819
412819
412819
412819
412819
1215164
18
44258
26811
20548
219249
322729
47398
418808
1642656
667168
1976102
2654825
2801883
134
51
379
379
134
2937068
825556
2349569
680208
575123
531056
838613
191573
1540594
1540594
1540594
4542922
3918
12602047
54941
4095
17057
227806
365460
1352013
62
62
168
2065
858410
10356
662474
662474
662474
1950171
6
34
4487703
62101
300081
281098
980188
2477174
4160222
1452325
1713224
5029574
1387003
3862351
1229076
2404831
7290899
816467
46
277594
75539
46
58876
25443
120468
190143
35
92
721974
210167
102124
354978
1044645
3673
18
137113
198
277594
816467
2403702
116
310
297759
831410
1324363
449470
21
196
166133
162469
471180
259120
259120
162428
489887
967107
776
21
26154
66995
57217
3
26914
99381
13
80287
291954
297128
297323
5499
356057
655757
51113
143
131729
3356766
2050067
4168312
390800
665
1417691
2571875
488608
7575764
31
17041
31
34661
87284
87284
209619
681033
328470
2397477
870975
2563062
896398
985762
3036496
1342434
1387222
4153784
1458729
1676263
5118409
5765364
6787908
306
306
826
826
826
826
826
306
826
826
306
306
826
306
306
826
306
826
2315739
6685947
6342023
6342023
2130107
1528937
4487761
4035372
1318800
1290029
2365487
732466
586341
463020
408140
3291090
3291090
3291090
3291090
3291090
3291090
9693891
34016
1406353
364926
167
889007
152366
63
61021
203550
639294
1464294
1788
665
15577727
6226482
7575764
7575764
7575764
7575764
7575764
22309167
220813
1571939
1832017
2036220
2219387
11901776
5439635
16276600
21215472
2809
2809
1045
1045
2809
1045
1045
2809
12081
1045
2809
6722283
5698333
5698333
5279066
12486813
1412303
12290656
12290656
12290656
4168312
12290656
2827
36244344
289548
387254
37351
72094
462599
1508690
6986356
883575
1504034
2032520
3721202
18050
20624
3033391
14191
14191
1202895
11617
9044
16764
1219639
9044
3427081
18050
14191
190470
366925
33353357
150741
296785
292908
396300
74489
474972
1565159
7265892
2110008
3154727
3867758
22188
16643
1244974
22188
3561834
193391
34691770
160682
567285
768071
921366
3038861
14110225
1771707
3029455
4096959
7510725
36460
41659
6121395
2416710
28665
41659
18268
6916621
1650920
725407
67371414
259570
346166
1026405
34839
66704
421762
414582
1364865
1379593
1356107
4020940
6278524
6346276
6238239
18496754
801986
810640
2364
796840
1092543
1085533
39708
3218672
1119271
11146
16101
3096032
329823
29809283
30130957
29618018
87819199
273559
1067593
3471794
1136385
20391
525125
31005478
31340060
30806538
91343232
440418
529971
2073265
851929
837426
2483020
2756930
2786680
8122014
12682173
12819027
37362129
8096887
10948503
116663
6501489
27519
6253766
6213640
60212635
60862393
59826293
177388547
3614
26906578
4111935
42355736
41634686
126729336
13195
128096879
125916202
38460
55564
54618
160358
160358
1574483053
77066424
77898052
149
244648
10759
10759
10759
3979
4229
4270187
263810
263810
256774
2521148717
761352
7475357100
2639252308
7283
54865423
25836
25836
85485136
249153595
26633
1079533578
323912
14021138
540214709
527649
527649
19365031
518666
1537877
1537877
1537877
15099690486
23
440449
1107216
11405082
55137
1479182
4072
23471716
6319771
2964
3859
291
798
160358
1574483053
3534203
37140711
4
83176
7492
10759
2897
158
117
2662063
7272
1311
182669
140528708
1068226
2496684
243096306
73411
7402819
1209288836
897304791
7283
14773551
8784
691
12211316
11330079
165
367024649
24365
982440
145463018
262492
179392
4445289
11851
189193
148286
85364
833242510
3982
204
62995
93211
7348
9381
15238
15933
113567
260
11528
252788
425732
586
214
68063
635
309913
1296
3998
4423
328061
440837
3972
2987
18496754
20681
36778
386502
64
34786
371447
1092543
292300
755876
1085533
446899
1582
135258
558632
1074
41
1769165
9182
3504914
1589409
2874295
8026712
4671
830614
2905312
18783840
1650906
4784
14499
2855853
21070226
34103
34103
8467776
14206515
7537
102940
318589
45001
442
141399
209275
533
10541381
12346
10473744
65438
380795
296
142704
529971
55473
704878
121695
566
112913
3009
328
4999273
4311741
3451765
232968
2810450
1399
3171
8174
2919687
63
1683944
1673140
5805873
19319
13292576
3993093
22265
13971108
30277488
20692268
1352955
9846509
9788788
17104306
21822812
2961
25364685
3625
3625
3890262
4147
4147
39335075
11123
11123
11123
11123
11123
11123
11123
11123
11123
11123
11123
219457
119457161
46533
46533
46533
46533
46533
46533
46533
505487976
7001
7001
72496160
11092
11092
119107115
158076486
25313
1883754
1076
227291151
9125
179620
9125
9125
9125
1025
23436
254587234
3484
3484
220932
220932
220932
220932
220932
220932
220932
220932
220932
3836524
220932
220932
220932
220932
220932
220932
220932
220932
2399964309
15019
2036
1495
4260
124163357
47987
2295857
264803380
227836
12813522
10366942
227836
2496270739
5885
50673416
7220
7220
66540172
78972549
22262
22262
93994
93994
93994
93994
93994
93994
93994
1021049815
146116551
22200
343490
4235773
18420
4235773
46935
1913794
514248133
136869164
442458
442458
442458
442458
442458
442458
442458
442458
442458
442458
442458
442458
442458
17401140
4847757474
10782481
17
415209
976
19
1047526
264
399
46935
10591712
112461
1072
75
49
460
1072
3432
1072
49
857
268
11123
12094
5995589
2896351
1394302
21888625
201
46533
46533
3232
201
4552
214
28177261
136112189
357963937
505487976
191
165
2300582
3324614
34194
5109958
34565163
23964321
72496160
877
1350
119107115
244
19902890
230069
103
736
61068
6353
9125
2457
40
2544
9391719
97
582
36993
1184
21302
27087
75113
75113
955
35538
8524
2391714
1184
6090
75113
10243
39415
157171
21302
955
36406136
259072710
133773895
1923059
794334
1923059
1923059
5802632
231411361
231411361
646235739
388242328
815950588
2399964309
15019
108
178
1147
42213613
2329
132367
42368895
13111386
26955
3450283
1467448
21968
826209
848693278
5885
13644775
2454
193
6415992
11281011
3591219
120
105
25309
93994
31956
5419
7070
504
9063
991113
347141078
16383433
3454852
79792803
1232
6672
296794
4960
19089
11250
138471026
267634
36854608
39533
220112
10110
54432
42663
442458
51512
150429
119140
2008
24560
17110
14519
3994473
373503243
1504646
1504646
278121733
267512609
74109172
2588513306
9886675
138639
4120
163
77966
2452
13427
90
70472
104275
10057
16469
17169
209
31716
30328
29496
78115
44605
124563
263961
562
562
33727
268486
489
489
233
233
233
233
75223
34489
34330
145472
145472
145472
11258
82794
276443
61625
2939
465571
116282
1508690
358976
387851
966
2026
966
2026
966
966
966
1129994
683432
90137
1881208
125040
4947424
2475
485299
862820
2375252
6986356
270
23151
21663
27206
38119
40123
153
153
62279
19644
85196
237919
544952
868
2480
421276
292074
883575
118938
183157
511348
1504034
17063
265620
2204
1988
97137
172098
194
70007
58446
323902
167016
1099
837701
837597
222508
408965
408965
565
1971
1202895
147387
608727
1120
1030
30
55390
123882
330448
1958336
1183482
372104
1355
30
47
61312
9814
28539
689451
107091
412780
2762528
1262248
3486041
3600447
3921619
1850940
1899880
5365078
9625
4587
9625
9625
9625
4587
4587
9625
9625
4587
30771
4587
5950390
5584800
2015890
4089218
1539354
1450253
3320074
876599
1768459
1409836
3216025
3216025
3216025
3216025
3216025
3216025
3216025
3216025
8981021
1911
1530238
5395574
20792706
26086
11758
26086
23727542
5128457
11339623
11339623
11339623
11339623
33353357
8068
7839
46493
180
38212
19612
8909
8487
127895
49306
103491
532129
349876
331600
1936
79873
2110008
459090
62821
354925
1279
48495
36
481
569898
343442
175063
52074
1043817
4104443
3744
9197
4910646
201101
3345078
3345078
9341414
397
18610
21353525
5237249
26494
11794663
11794663
207818
139095
108
152752
1001
567285
1545
19632
74059
261132
131614
41473
480
1870484
219
1100637
2609
1126
76061
1090437
1061398
2239985
1360547
3799444
299254
2989114
810895
11093
11093
5001
4797257
4797257
14110225
198654
39357
477065
967511
641760
167451
369
905
53261
15367
331180
130228
61
2919
32364
56051
822
650744
372551
1085295
2220
48
69
230232
1862431
5621
1657950
2554
2241
444541
3722329
5190738
5404049
6019608
17862
17862
7271
7271
3850559
3699933
3415095
7843544
2555377
980964
843199
6496142
6496142
18141026
15511
1428704
8288211
35973705
51452
15465269
33515560
14872952
4466239
2143086
22905234
67371414
680482
687935
501
676050
2014151
708330
716089
703717
2096638
1376040
1391113
1367078
4073078
1037
23209
1037
16981145
1048
20381
1048
1048
1048
17164389
5
1030
1030
1030
1030
1030
16872189
3056
3056
3056
3056
3056
50027052
17662569
2095
34300707
2118
2118
2118
98364
34670848
2082
34080623
6173
6173
6173
6173
6173
6173
101051093
28
7890
1
271991
778741
135670
72
12706
323
28
1
4621836
3145101
8183742
0
1
717
1030
277
733
940455
1857
4390
4390
846820
1626864
4543155
3
294
121
3056
235
13018
8092878
50027052
6004999
3
11661707
1053
2118
720
22579
4952635
9335781
47
9176851
2098
759
595
464
342
165
7080499
5576277
4595225
6218
13811
21178
29088
80009
80437
26
26
9
26
26
105550
31406
34677
65513
65513
183232
29466
15420
1939
388847
32
231353
7686
680482
83133
25582
23285
33824
45235
201
9
27451
15371
66225
66225
66225
185239
41
21311
126053
428863
157152
343351
327998
261592
212292
46872
13
46496
27259
36253
8
25
25
25
25
8
123027
121886
32122
35147
65087
182039
1
69603
480941
470745
229846
676050
4067
77
77
26
26
26
363073
72708
193888
24356
47309
44571
344303
426678
279656
325829
153360
2014151
7157
25395
134305
11040
9826
1507
0
15814
240821
27
7763
68940
122606
64352
67750
413
6055
11863
239253
164052
64742
201812
564559
2968
172
63070
15634
132473
370524
45
179
65
303775
89175
165117
467832
53
53
198716
374583
10
319333
692043
472956
1391113
84921
368111
9
23118
65
177558
7705
217190
279940
302115
53
155
53
53
215732
172222
124296
87104
392042
1657
33283
2507066
501080
1829136
1384783
1042
1042
1042
1042
1042
1042
1042
1042
1042
1042
1042
71958
1042
1042
1042
1042
1042
1042
1042
1042
1042
1042
1042
1042
1042
1042
1042
1042
1042
1042
1042
1042
1042
1042
1042
1042
1042
1042
1042
1042
1042
1042
1042
1042
1042
23165
1042
1042
1042
1042
1042
1042
1042
1042
1042
1042
1042
1042
1042
1042
20037
1042
1042
1042
1042
1042
1042
1042
1042
1042
1042
1042
1042
1042
1042
1042
1042
1042
1042
1042
1042
1042
1042
1042
1042
1042
1042
1042
1042
1042
1042
1042
1042
1042
1042
1042
1042
1042
1042
1042
1042
41928
1042
1042
1042
1042
23165
17259833
1089
1089
74084
58804
1089
1089
1089
1089
1089
1089
1089
1089
1089
1089
1089
1089
1089
1089
1089
1089
37153
1089
17952440
2105
2105
2105
2105
2105
2105
2105
2105
2105
2105
2105
2105
2105
2105
2105
2105
2105
2105
2105
2105
2105
2105
2105
2105
2105
2105
2105
36678
2105
2105
2105
2105
2105
2105
2105
2105
2105
2105
2105
2105
2105
2105
2105
82658
2105
2105
2105
97491
2105
34863638
174
180
280
100
343
2
100
52
28
1
25
6938
29
100
52
107
354
3
1
66
1042
41
127
113
100
100
51
1042
2
25
354
1042
1
1
343
43
354
84
1042
354
67
65
1
280
1
7875
280
610
72
167
1
16
174
24
136
100
40
1
36
1
12491
100
280
100
1042
2
57
2
1
321
100
1
176
80
269
25
1
101
1
1
68
28
167
1
82
17
157
100
126
1042
25
725
354
1042
3
280
48
86
280
185
11
50
741
354
100
1
1276
150
239867
267975
636714
547720
1863174
791521
962062
962109
1177302
1433
4348
1433
4348
4348
1433
4348
10412
4348
4348
1433
4348
15017
1433
1216575
866276
1511368
418480
1664242
1664242
4647536
4931
130937
3162590
2792124
12222640
5630
12901
29546
10794998
8229249
2108002
5705408
5868075
17259833
128
105
19948
8323
52
443
1
1089
105
105
1
47
293
58
126
54
130
370
293
24
1584
105
87593
52679
2872414
4149
4149
1819
4834033
588447
1035049
12384362
3371506
888891
6103551
6103551
504
188
715
1047
116
2105
566
566
48
2105
715
213
29
3
259
282
203
2105
2
121
158
116
3
149
245
715
76
712
2
30
566
29
3
102
566
2
158
2
203
489
116
2
2
82658
56
81
69
22379
2
1590122
68390
2442843
2686124
2895
2895
7528
2895
67240
2000169
1923871
4980174
4875509
1585398
3909112
824333
490274
3361650
9387693
6407619
18615822
23837
9519
6740891
19038687
11853095
11853095
25
92316
18508
149595
43650
0
2060
49
863
20507
8241
25426
10003
10014
12603
38390
39582
56892
58251
23266
82824
31394
94685
96888
99617
36250
36257
108539
40662
128171
132686
47467
50423
145338
146157
55414
56938
178559
63679
63683
188962
65606
201736
209872
212228
218014
224025
79060
80378
32
32
32
10
32
10
10
10
32
32
103
32
32
32
10
10
10
32
10
32
32
32
89
32
32
32
32
10
10
10
10
32
32
32
154
10
10
288
32
10
10
10
10
10
10
10
32
10
10
32
10
10
83373
234796
80839
229264
227064
227024
77625
224605
77616
76856
75783
74442
212168
72723
210320
207923
202892
70174
194249
67207
65102
173191
56234
54575
151886
51456
140578
47985
46961
121621
42358
119359
105856
25698
22974
61686
21845
60432
21423
21159
20326
54570
46411
35845
8822
8628
21023
21022
117514
117514
117514
117514
117514
117514
117514
117514
117514
117514
117514
117514
117514
117514
117514
117514
117514
117514
117514
117514
117514
343016
36
511
55
1440
4
51101
26073
36084
5
13444
43853
1
14911
27083
2920
25468
214880
100358
126114
76
375
92316
268177
268177
62837
62837
126813
173053
73515
230898
329540
44483
421077
421077
202927
212244
729453
730507
747072
748297
788454
796954
289809
905295
42
124
42
389
124
124
124
124
124
124
544
42
124
389
909442
890273
890162
799554
233170
638047
609516
202064
192491
187383
187379
486115
163125
151274
150810
441468
422583
394261
133514
92046
82028
153056
51313
434631
434631
434631
434631
434631
434631
434631
434631
12505
434631
148487
434631
1278386
154563
279155
58076
96091
53607
33658
1526
747
11581
13218
56232
31875
43742
47999
152280
52826
154034
63185
189196
208834
79210
248997
12
36
36
36
36
12
12
36
36
80800
183805
149185
146333
48876
115938
98548
18279
16112
37468
12467
33667
6899
19131
2244
122320
122320
122320
122320
122320
122320
122320
122320
357059
1
586
8
1425
34158
8671
9759
6718
19908
48045
78
78
36443
109085
819100
26725
52745
68955
452539
541097
196576
122
16
122
918003
224047
8330
246546
207108
57774
57585
452099
452099
452099
452099
1330742
18
105014
14406
151837
547240
102126
188277
3869
188277
906
421
983
18651
43990
129217
168909
182689
182750
187651
67436
196154
220693
126067
406007
457106
21
65
65
21
21
65
65
21
65
65
65
21
65
21
65
21
886
65
151808
134315
128326
363704
355718
340129
117000
116997
293404
101756
281864
253657
76654
72483
70767
171942
50113
41409
83140
68295
22104
17124
13498
35803
239690
239690
239690
239690
700012
887
13282
773
55
244
44629
18056
11
38979
38979
128846
108398
1121397
547240
1605974
29216
39116
110179
12
116212
135093
472623
310967
944885
393789
1171706
1393173
601585
621367
235
235
235
235
84
84
235
84
235
84
84
235
84
594358
498053
1424819
1297975
570970
158797
67003
886388
886388
886388
302912
886388
886388
2609129
408678
401612
27550
81687
44750
54909
55502
54191
54776
159650
73345
74137
72875
216079
6947
13648
88429
89384
87862
260517
297014
300270
311
295078
879131
1449347
1465141
1439956
4281153
172709
174573
191
171601
508809
296061
299306
876309
1196550
611334
607350
762354
749172
2232040
606877
11364
236038
238633
234494
7813
697144
239381
242013
237816
2193
2680
4339
3168
3857
692847
700443
688331
8524
2050759
9943
1904746
69275
70023
36069
105128
160738
159706
7055122
7132490
6774
7009119
20885030
1157
1126191
27693
214
210
2174935
212
2198405
265
268
268
2963992
263
782
782
782
782
1377
296625
308
3550017
306
3489582
10346822
878
878
11209411
888
888
11330372
10
18810
873
11137488
39620
2589
2589
33023321
3814
49772297
3855
3855
3855
194793
3789
3789
3789
3789
11236
11236
11236
11236
11236
11236
11236
146630942
539
6650633
545
6722400
6
1590
876
885
44306510
22225281
22082677
27367748
2061
6112
79765597
491014
14224
709
709
709
709
2103
2103
2103
181
341610
26527503
167910
66
25007765
1938
24847307
183
2216
68712219
253
159
506
18108
18108
18108
18108
18108
18108
236309751
18303
18303
1103287
18303
18303
18303
320231
18303
18303
760423
18303
238859783
690477
17992
295881
17992
17992
17992
17992
17992
17992
17992
234793517
53347
53347
53347
53347
53347
53347
1908517
53347
53347
4475070
53347
53347
1069280
53347
53347
53347
696176855
111
1837240
693194
7457
214
1
35602
212
591962
60
1
1
128977
1
266
488
210
20
370
79872
32
507110
955909
1
2380
939636
470514
3517758
19
3
109533
274
2
2076110
0
202
58
558993
2957
199
10
510294
14
16921808
15
267
584
13
365
127
1288
12
34
7018
11236
3820
845
40
2100
146630942
52
304992
52
3205147
0
6
387
301
10566
11952
7369283
173
103
985019
34404
4836
494
709
191
68
61
715
566
13416363
7
7196
55
47
2411319
53
6690607
24847307
4
6625426
995
7
1
136
60
116
62
62
271
4876
109228
22785656
80341645
25509
18303
9105
1764
346
6222
199634
3640
504
174556
56
20521305
110406
23031537
9863644
123536692
185924
411
6651
143
6117
658
70
55
12799
3393
10766887
13087379
49389
108527
44154843
6530611
22639456
63222591
174
391
10063
5143
6562
5143
30847
8594
34490
478698
10066
178
167199
2961
5143
14364
321789
321789
38416956
74471978
25657419
112620559
21553
38620
45533
36858
16957
21996
8
1393
55502
559
12
14749
54776
34
15393
16627
101
3219
5
11
4
13261
19622
621
4752
20834
58183
134983
73463
1870
3117
9459
3251
12768
24068
12
12
23658
15
11032
88571
4844
1143
89
13
8
55019
38
92661
0
1275
19370
30
13
13990
38
182
541124
7850
64568
113
262
66785
298891
55
130
40448
379
162
492755
72449
66095
221995
394517
383
100398
6
129
55
42519
138844
489562
10907
318977
800242
163
550464
772
594542
1119
2674042
1455525
4281153
3612
7426
16653
16832
83234
2
5
6962
59
169
130997
15724
101759
38
90
51
57
205278
68403
62315
23953
13317
3653
606877
796
8527
10
80249
236038
18384
11
11056
22610
63142
163282
234494
17102
187719
96795
313073
352582
237018
164
311
81386
29246
120789
10
64036
211
1
3062
1
83
66624
186562
395913
15989
185346
688331
552205
16
233
188
183661
1009038
4465
1784
6751
19
28307
43281
18
829526
1233847
621
621
212442
357635
19680
678358
678358
678358
1899725
32
537
93207
58174
687808
775
9373
775
775
1557492
455754
2398632
127087
607615
628
628
266
628
454983
162507
92649
685791
685791
685791
1920557
37481
269777
1418472
4446442
1637280
3688876
3548232
2424935
7132490
653
1824
1484814
15360
12871
285630
119693
229407
299339
373463
1321994
617
262
617
262
1318122
1054186
107251
161620
673938
1887337
122697
1801
4986280
2339718
2382991
2382991
2506092
909247
42909
1106809
3939614
1786
1786
1786
1786
1099539
2234129
2234072
689198
201429
2007821
2007821
2007821
2007821
5623688
37325
42321
3639
2569332
3378572
2241
2241
13502492
3941004
3594933
3364743
3265725
1132
1132
73
128
8776
1117865
197
195
195
195
195
2132663
254
254
254
254
254
254
254
254
8501
254
254
254
2870677
1262
289037
66
84
84
296
296
296
296
296
296
3451876
853
853
853
42635
853
853
853
12742
853
853
853
18033
19795
853
853
853
853
853
853
853
853
853
853
853
853
16712
11092026
3649
3649
190909
3649
3649
3649
3649
3649
3649
3649
3649
3649
3649
3649
3649
3649
3649
3649
3649
3649
3649
3649
3649
3649
3649
3649
3649
3649
49584983
522
522
522
10096
522
522
522
522
522
6554490
851
851
851
13144
851
851
851
16222
11058332
14882250
397771
1627
22043945
2022
2022
2022
2022
26881044
1626
1626
139952
57
159831
22027524
676
676
676
676
14106
676
676
676
676
676
676
676
57
110143
8889347
164242
58
159831
1867
1867
1867
1867
1867
70385
58
24808088
40754
90264
667
189660
23138415
243
243
150
298986
490
6117251
17325
17325
17325
17325
17325
264327
17325
17325
17325
17325
17325
1041162
830976
17325
17325
282812
17325
17325
17325
17325
17325
338205
17325
17325
1049932
17325
17325
17325
17325
620732
17325
17325
17325
17325
17325
17325
17325
17325
17325
17325
17325
17325
1470305
17325
17325
17325
301297
17325
17325
17325
17325
17325
17325
17325
17325
17325
17325
347448
17325
17325
17325
17325
17325
17325
17325
17325
17325
17325
17325
717084
17325
17325
17325
17325
17325
17325
235420417
1132
109
617116
1015126
4
6
2363
688069
197
18
195
66
0
19785
34910
574259
68
86
1
159
1
1
68
246
68
57
1
6
124917
276798
772984
1770678
339
77828
0
1
10
18
1
79
31
1
28
1923
493090
156971
929482
5506
1173584
82
42
11480
18
6
35
3
951
2
2
35
191
5330
82
57
263
82
2
65
3
20
11
853
2
2
921
556712
268936
104566
169363
2032437
3771116
12
10
9
982
177
2279
3649
1240
3649
3649
982
210
1240
274
253
10
351
11
12
125
122
1240
552
12
356
682
10
351
2764000
13351693
35113863
24737
16858124
49584983
14
140
50
12
50
2
12
22
50
207999
300583
1160
461999
957703
734927
154977
3579342
3125090
2166651
6554490
561
289
47
255
376
67
103
8193
11058332
9993
4
9033
8082
5
34
169
21
4978468
7238229
323095
437
4
1928853
76964
17092
5
11199
9215
19
182
65
54
4796
230
182
3
471
676
182
65
512721
10949
4495813
2
2320
48
41
400
447
51
202
5
6
915169
3969327
2392066
6680046
1228339
9843
1
24808088
10973
2231071
4198
299
3314
6
40
1
368
80507
132
1647185
24276
2901
1548
17325
50
59
157
8619
2049
120
50
3268
280352
117625
1670
395
6357
132
1670
105
2124
2131
222
5890
1670
5890
1670
17325
52
10026
2791
1670
52
5890
47
2399
11201
2017
328
5890
2786
1670
157278
668
260
1338
187830
59
4665
3269
453
50
3445
633
477
52
59
54329
47
961
4665
1670
726
4665
5890
803
3090
670
568
164608
12325
1670
1023
47
3267
1670
3501000
18138343
20225816
25413296
10795635
13122322
87944
87944
87944
34538
87944
34538
87944
299123
34538
34538
87944
87944
44272737
14498700
13506355
12991147
25183578
8676359
6548048
3537767
22699903
22699903
22699903
22699903
63391395
9721616
38083970
125705315
252869
121757874
80039285
80039285
235420417
29039
40955
52220
37385
23185
76600
1093
3049
15342
35071
2
2488
112965
278
935
9
9
10749
10749
30017
27
17694
37901
111479
50
123
289
3408
4510
5934
11
4
4
11
4
27499
3030
14570
14570
40690
93210
34257
94400
6996
51376
3868
2
404
3318
3161
6338
5756
12
12
5
11913
11313
10953
30788
26045
7295
19503
17487
49095
104037
36
36
15
61989
15518
1899
9900
26890
108018
37752
31
31
31
13
13
13
13
13
37042
26920
21239
10211
8536
10145
56265
56265
56265
165974
3327
1643
64
379683
4369
30044
8
111366
42450
21309
223414
95
39
253
95
39
39
190355
43984
209718
209718
616848
5235
216258
7
82114
126185
136056
209807
118540
123706
148748
445166
467313
553602
52
152
52
152
52
52
152
52
52
476483
374907
280653
79329
21547
16551
276262
276262
805227
45147
35582
294
629922
74715
406441
154744
2129035
435
435
435
192
192
435
435
1877854
191758
359354
1020366
1020366
1020366
1020366
1020366
3006453
16
1090
7089
13417
6488
8747
13275
14112
20
8
8
8
23466
52123
39282
5674
33318
33318
33318
33318
96056
220016
60
60
220
194807
170084
117920
356731
129106
30198
45111
13
31
29870
7022
272059
310540
405854
72125
209044
209044
614866
839804
179764
67
67
58
22209
15937
285110
30
135433
419276
715
2132
13629
7018
122857
5726
60837
104212
339645
793
19055
85
1
847
555
764
457
1269368
3640
10593
8256
35046
36940
15958
68713
25175
10
10
29
10
25527
21064
20725
44929
44929
131677
66559
74365
219608
81
81
81
81
340554
340512
90079
247322
166258
166258
166258
0
114
217
757
489018
58195
11
133545
247533
168617
429
395
0
6292
1
1
172
14534
42923
28833
224979
28
38832
131331
131331
131331
385210
215
5
822749
341888
207
496033
149339
61834
484
519
162
131
1439808
122862
358413
708406
207
1
3114
164
4
83
23843
13758
3039
19744
17
10987
1
4002
19
89385
1712337
592402
1060089
214557
3101207
20048
12192
21635
17676
99078
551612
216432
226564
727636
352684
1056525
1104873
1144778
1191923
1244391
436355
467341
1476017
1528395
579896
1675434
1686639
731176
753107
2330491
2542592
2750053
2750396
640
640
640
640
640
640
252
640
640
640
640
252
252
252
640
640
252
640
2434
252
252
252
640
640
252
640
2741701
2595770
881157
2430075
820450
805096
782112
756085
2172467
722667
2038664
659474
1752165
591845
1657790
551812
1513495
1513453
1400034
399642
296823
274765
694212
533653
192214
468723
160686
440596
128320
300702
100998
115268
28428
1352398
1352398
1352398
1352398
1352398
1352398
1352398
1352398
1352398
1352398
1352398
1352398
1352398
1352398
1352398
1352398
1352398
1352398
1352398
1352398
3968903
35
118
547
17258
118
19699
587749
163701
156
57670
96540
1333
9131702
222281
509301
2905211
1372010
1758574
1992613
2180979
2344312
7921695
9248687
810
2014
2014
810
810
810
12558
2014
810
810
2014
2014
10554115
3368954
9591520
2751402
7672935
7380392
2500915
2334303
2262634
2223248
4937964
3236051
892679
519541
378084
5030661
5030661
5030661
5030661
5030661
5030661
5030661
5030661
14835720
194
194
3683
194
194
194
194
194
194
194
194
194
194
194
194
194
194
194
194
194
194
4396
194
57864
194
194
194
194
194
194
194
194
194
3538527
196
196
196
196
196
196
196
196
196
196
196
13932
196
196
196
196
196
196
196
196
196
196
196
196
196
196
196
8646
196
196
3963
3843
196
196
196
196
196
196
196
196
4323
196
9367
196
196
4444
3576711
0
0
0
3283
193
193
193
193
11569
193
193
193
193
3541
193
193
193
4722
193
57493
193
193
193
193
193
193
193
193
193
193
193
193
193
193
193
193
193
193
193
193
193
193
6728
193
193
193
193
193
193
3515823
573
573
573
573
573
573
9800
573
573
573
573
573
573
573
573
573
573
573
11901
573
9800
573
573
23451
573
573
573
80859
14001
573
573
573
573
573
573
573
57407
573
573
573
573
573
573
573
573
573
573
573
573
573
573
573
573
573
573
573
12952
573
573
573
573
573
573
573
573
573
573
573
573
573
10424626
1
52
361
4
10
0
18
0
5
137
0
0
0
52
58
17
0
6
0
52
0
1494
20
2947
2
0
52
52
86
0
0
44
52
42546
162273
269
1790
188533
358262
341194
341194
211
233
15362
367136
72
749602
1395773
350
1203044
1203044
322
183
0
196
66
20
15
97
196
8
18
5
85
19
0
52
52
18
18
66
14
3
66
13
0
11
0
6
1577
44
196
1347
2396
18
29
60
39
5
18
0
0
4
0
2150
0
3
761
757691
307288
135495
139600
155640
272
510923
344876
963097
147699
655375
1849851
1705326
528039
0
0
0
884
12
10
6
0
0
0
3
14
4
79
0
35
65
49
0
2
7
13
0
0
16
18
11
16
6
65
13
18
10
0
72
0
7
9
18
5
0
0
1811
134
193
52
18
137
36
18198
161224
195971
86
86
268
268
268
268
661179
176460
169936
105249
94063
339005
946701
1909
2164064
838077
3515823
0
154
55
0
194
16
2
14
0
2
28
108
55
358
22
16
9
358
0
70
731
55
573
320
10531
194
92
0
7796
49
0
0
43
370
25
44
73
6140
15458
194
0
154
0
0
102
44
19
154
23
31
44
0
108
301
26
107
0
2025
1
31
0
194
55
154
6
14
15
0
12
36
0
0
154
1250899
192139
730438
432273
692
692
575259
474052
1115151
384196
1005171
83804
73854
2208356
111241
1686392
2474044
5272285
3544210
3544210
10424626
43148
406
3145
3535
7797
12495
39232
14619
17711
52542
52846
80306
87074
7
2
7
7
64
7
2
7
7
7
70725
21376
21230
19239
47403
44630
11956
21395
20218
5778
5776
5052
593
42293
42293
42293
42293
42293
42293
123656
0
5
5
17960
4516
8811
6
12726
676
825
2477
45845
1
97283
8669
10927
42915
137707
181143
203195
262417
324015
9
27
27
9
228
9
9
9
9
9
104107
101379
27707
156131
53713
156131
156131
4013
156131
27
459229
98365
54731
15386
188
13871
6552
20821
8742
33272
37619
13924
14497
15672
46611
16736
18853
22559
69756
25401
28457
2
7
7
73
2
7
2
64
7
2
7
27650
79440
22467
65509
16618
30708
8772
4471
3875
42767
42767
42767
42767
42767
42767
42767
42767
42767
42767
125031
68
12
2461
12570
1375
33390
11445
3820
1
15628
85082
92344
201979
84731
289470
106072
27
9
27
106589
104169
240151
231752
230995
79405
221388
67853
176567
143290
29561
43999
157867
157867
157867
464336
2
7
0
7
26
74
1569
26298
96640
0
426
1018
339
982
14801
16696
6123
29327
30572
37785
13041
16512
17593
22432
27974
86043
7
7
2
2
7
2
7
7
7
7
7
7
2
7
7
7
2
2
2
2
85791
83920
83018
82247
26884
24806
67989
21793
19719
19437
18808
39769
11877
11577
10108
21940
21713
5371
5038
8795
8740
42011
42011
42011
42011
42011
42011
122838
68
141
1
2912
6281
18845
0
45155
280797
6305
28935
172154
27
9
324535
317655
152282
108744
36016
155098
155098
155098
155098
456194
160226
53410
173395
35691
160226
53410
70
1530
1651
0
1165
25301
27793
16122
66292
27174
87501
95008
97665
45838
50502
66633
257716
260209
21
21
6
6
21
21
6
21
6
21
21
6
21
6
6
6
6
248013
245309
65818
172730
51676
141258
141254
43479
36099
100618
24411
21713
39120
36576
8980
1745
125890
125890
125890
125890
125890
125890
125890
125890
125890
371600
17659
276
983
44
1142
1089
52972
2928
8150
1
10091
5423
4611
12805
1
27066
22033
25346
234439
16
51
51
51
16
35520
98006
292347
292347
849441
7945
45971
187685
187727
94185
164637
619745
619745
221078
327519
27
27
27
27
771
82
82
82
892213
862099
861980
260305
731073
725004
697956
236168
220114
213207
7309
97707
57560
77899
469190
469190
469190
469190
469190
469190
469190
1380035
404
186
0
0
1
59
41
42
66
22
66
0
23
247
23
83
0
81
16
0
0
83
13
7
25
66
8
23
0
687
0
269
0
19
12
459
122
13
29
6
7
12
16
6
0
0
3979
5
13
66
0
23
12
0
23
0
14
23
5
247
46
66
10
0
66
5
1672
4669
1942
6
174
11
17
23
5
12
25
154
23
83
101
0
0
6
0
107
23
15
0
100
247
9
247
0
30
83
7
247
25
4
154
26
23
10
23
23
45
0
3
0
0
30
23
23
12
33
0
0
0
66
247
74
83
0
23
10
315
22
29
0
23
6
83
24
83
23
46
0
247
247
0
163
0
66
0
0
66
6
0
14
163
4537
83
39
66
0
80
23
13
0
8
0
3358
25
23
81
10
0
0
10
4
26
13
0
83
83
19
247
83
66
15
66
15
0
0
83
0
66
34
17
42
0
18
1786
13
0
1897
83
26
0
66
159
17
28
11
45
0
4
144
83
17
0
0
19
247
39
8
0
31
3
1
3740
1636
28
2
15
0
9
17
41
8
0
1981
23
84
0
12
2645
6659
55
83
5
66
53
32
0
29
23
66
0
3
0
0
20
9
0
3
84
1148
0
66
8
66
66
21
3
19
23
0
0
10
0
247
14
0
1691
66
3008
5
23
11
44
0
66
1786
20
8
19
23
247
8
23
23
83
66
0
13
8
37
0
109
0
16
0
76
23
0
296
66
10
13
41
19
66
0
23
0
46
63
129
5
6
0
11
0
24
0
13
49
18
46
0
0
93
0
9
11
16
23
0
23
6
55
39
0
6
0
0
0
872
0
57
0
19
13
0
23
3
4
83
37
0
23
4
23
66
30
23
0
366
2314
247
6
6
171
10
66
2
0
83
6
247
0
16
9953
3
2741
6
0
66
0
11
20
66
0
23
44
9
5
0
8
1
0
2699
15
175
0
83
1
38
23
0
0
14
0
46
4
66
0
23
66
91
0
955
307
542847
201351
958350
217397
2898
9002
7
4738
15857
19865
41139
48315
158635
76011
192390
316985
132818
348553
388667
163557
169247
181327
488351
191285
202538
202549
230216
250025
250038
259263
723834
804563
308579
837848
79
232
232
79
232
79
79
1803
232
232
232
232
79
79
232
636
232
232
232
79
232
1082
232
232
79
2838
79
79
232
232
79
318873
850762
848519
277642
257819
661009
247348
646230
632649
238206
628608
223360
214444
200700
507249
483937
458030
396140
126974
117187
100492
93480
90176
188215
158461
54944
112584
44592
41843
436210
436210
436210
436210
436210
436210
436210
436210
1218153
263
1934
183
138209
31592
3891
214807
27848
202
16709
469376
67
793044
958350
958350
958350
2784575
42831
180474
259154
828938
831457
1784466
731836
2415602
2790430
1073650
3203644
300
881
881
300
881
300
300
2355
3120800
2829448
874702
2470473
2339746
792824
2287991
2156947
667879
552523
1495429
1112323
1078383
849603
256641
220109
205710
1538065
1538065
1538065
1538065
1538065
1538065
1538065
4523930
