27988414
17160109
6471024
781846
80274241
922
17160109
37579
265143053
9967836
4293388
30901874707
1591584
504347
1474321
16967810329
5008992280
6091
31146529
39326059
91048384
145586540
42977959
265143053
82869
52960
667546851
37600882
13472
5974
18186
366541139
108204989
37600882
11331063
4537821
55680941
1855224
6937017
17160109
6471024
781846
80274241
152
2029073
2549727
5892677
9422402
2786372
17160109
20772764
3588824
49513053
3090662
41686340
41750712
3019663338
1658057165
489467726
3019663338
3090662
22889470
6757099
41686340
11031171
127008
1167784705
2855991248
14919
43613
641215123
189290281
1568186987
462937548
2855991248
2450210
3089226
7133213
11406022
3376098
20772764
3588824
13082107
27187041
8025766
49513053
13923044
13901163
13923044
207635584
207956217
114009951
33656373
207635584
31806420
23852728
2129497
1596983
7632946
2253288
13901163
3678672
3205
46442207
2361739
215765477
14776
215765477
376
1100
25500801
7527978
53412221
33000828
24748456
118473967
34974176
215765477
2361739
8113
2395
33
118473967
39806
772909
3036781
7514072
2740071
298149
616069
4368794
20334331
36244344
5019486
1962797
845068
1083018
2574048
4125877
1189255
7514072
8892748
5394651
3971298
9507473
25140308
19901289
5735010
544
36244344
34738448
946
7358488
3784035
34738448
527017
14270981
6453135
6671024
3450473
13
5887026
514236700
282360565
208187747
136756813
110615588
1818157
346619
1184870
13
3232488
2383351
1565603
1266336
8417977
119072
94662
1032489889
482112796
2908688
5980802
2890678
239915
17690
11029
32241
205625688
716170077
566926530
167359874
264721754
195182445
128213738
103705532
12003278
24322112
11928955
932113
158
2005542
380429
1299494
24095768
14063794
5630875
527017
1676881
2116928
4900608
2843825
9903086
7836081
2313255
14270981
3543584
2612726
1716278
1389366
715671
351
1
715893
1388397
3
34604156
19000684
14009426
9202676
7443574
195950
56
351
0
1
72233
245833
762351
562090
369232
298655
3
1937
379404
2097
34863638
47081
379404
34863638
314
247
723
6943273
24182604
19143162
5651168
379404
16380
33313
16278
1336
47081
379404
31580981
19143162
14114477
9271683
7499390
262306
731695
211962
1332569
2609129
16
361973
460176
128008
932997
457298
27586
924315
539488
211946
1332569
296197
378264
895369
513495
271086
1054746
2363461
1809780
1432638
1056300
691160
555929
414903
2609129
50717
0
1476589
741811
742975
652142
26686498
23583354
14653709
4325856
26686498
1186952
6427537
12951210
9547676
6271789
5073675
50717
0
402437
410010
121591
741811
75392
257385
196737
31284
178200
359719
264076
173882
141562
3676
50140544
26280889
23190885
235420417
673293
440
1289
9985748
34779185
27531509
8127455
14430488
4259960
26280889
1167199
6320571
12733808
9388785
6167415
4989418
163295602
95309506
38160113
233098
481316
231655
19307
103530
823896
343325
439097
1041973
596626
2109907
1670221
481778
3041817
145927
524195
401575
840254
242372
1530276
58689
363075
736034
542432
354116
284704
5113968
10387223
5081845
304907
10290559
6003374
2349201
3564327
3569831
3569831
1957125
577754
3564327
179669
972941
2476156
1960147
1445239
949365
767893
578646
545997
409462
254051
74285
462680
69932
51233
19764
126301
44269
159134
122441
321441
254455
187613
123241
99683
74403
29
184
0
0
1
135
39
0
2484030
147
46144
3803
7707
3780
277
11007
28
84
1119887
691924
518898
224031
1232976
900964
4097970
3137951
2484030
1831504
1203100
973126
733299
4523930
