79606680
68430963
46298198
12810738
80274241
112000
68430963
59151456
5783682388
17427178508
5736553704
674076224290
17427178508
5736553704
5736553704
674076224290
674076224290
59151456
5783682388
5783682388
5783682388
5783682388
5783682388
5783682388
26261856
6931743
3101350543
628350345
26261856
6931743
6931743
3101350543
3101350543
628350345
79606680
79606680
80274241
68430963
68430963
68430963
46298198
12810738
80274241
112000
68430963
68430963
68430963
68430963
68430963
68430963
354624756
40769748
249284666
130798347
764404022
764404022
78771931233
78771931233
78771931233
78771931233
130798347
764404022
764404022
764404022
764404022
139915944
25473402919
25473402919
139915944
139915944
25473402919
25473402919
25473402919
25473402919
25473402919
354624756
354624756
354624756
354624756
354624756
354624756
40769748
249284666
249284666
249284666
249284666
32225614
32197646
32225614
607273961
607273961
607273961
607273961
607273961
607273961
607273961
32225614
32225614
32197646
32197646
32197646
32225614
316136
215765477
18294360
215765477
316136
215765477
316136
316136
215765477
215765477
215765477
215765477
215765477
215765477
215765477
215765477
18294360
316136
316136
316136
215765477
3786296
7514072
7514072
7514072
2740071
298149
4783434
18685540
36244344
36244344
12401538
12401538
7514072
7514072
7514072
7514072
7514072
7514072
28299242
21360702
17648976
29363367
36244344
36244344
22248268
21803
36244344
67371414
179916
59573035
45898318
67371414
6157247
59573035
42671616
177388547
142713213
74589
132377439
15099690486
15099690486
15099690486
15099690486
15099690486
177388547
142713213
142713213
74589
132377439
132377439
132377439
132377439
464774002
32111976
17986074
4847757474
4847757474
464774002
464774002
464774002
464774002
32111976
17986074
17986074
4847757474
4847757474
4847757474
4847757474
4847757474
4847757474
4847757474
4847757474
67371414
67371414
67371414
58925160
179916
59573035
45898318
45898318
67371414
67371414
67371414
6157247
59573035
59573035
59573035
59573035
59573035
59573035
59573035
59573035
42671616
42671616
42671616
42671616
3433447
12906
94
3433447
3433447
94
101051093
101051093
101051093
101051093
101051093
3433447
12906
12906
94
94
3433447
3433447
3433447
3433447
3433447
3433447
94
56160
2735210
22022
34863638
732458
2735210
34863638
56160
22022
22022
34863638
34863638
34863638
34863638
2735210
732458
732458
732458
732458
732458
2735210
34863638
34863638
34863638
34863638
34863638
1332569
1332569
1332569
1332569
2609129
104
1332569
1332569
1332569
1332569
1332569
663088
1332569
1332569
1332569
1332569
1579318
1736888
2550331
1996538
1509812
2609129
2609129
2609129
2609129
2609129
2337662
2078012
1807238
2609129
404618
2937
9219479
4684856
4684856
4115438
695906824
659464072
695906824
695906824
695906824
659464072
659464072
659464072
659464072
659464072
659464072
404618
2937
9219479
4684856
4684856
4684856
4684856
4684856
4684856
4115438
4115438
4115438
4115438
4115438
4115438
458721
235420417
224055782
213236840
235420417
10617765
458721
458721
235420417
235420417
235420417
235420417
224055782
224055782
224055782
213236840
213236840
213236840
213236840
213236840
213236840
235420417
235420417
235420417
10617765
10617765
10617765
10617765
103530
3041817
3041817
3041817
3041817
3041817
3041817
3041817
3041817
3041817
1530276
1530276
1530276
1530276
1530276
1530276
1340470
1340470
1340470
1340470
1340470
1340470
13609605
14835720
13571357
3658881
14835720
14551861
9278554
10424626
10424626
10424626
10424626
10424626
10424626
10424626
10424626
10424626
10424626
10424626
10424626
10424626
10424626
10424626
10424626
462680
462680
462680
463416
463416
309251
463416
463416
463416
463416
463416
463416
463416
463416
463416
463416
184
184
1
1
1
246
246
246
4523930
10635
46144
11008
11008
11008
11008
11008
246
246
4523930
4523930
4523930
4158135
4523930
4523930
4523930
4523930
4523930
4523930
4523930
4523930
4523930
4523930
