1
2988
6445494
6445494
1
3051
7422327
7422327
18
18405
93412178
6
8750
26850579
1
2983
1735095
1
49
63024
63024
1
2988
6445496
6445496
1
3051
7422328
7422328
1
31
33783
33783
18
18073
93412178
6
8593
26850579
1
2309
559453
1
2988
6445494
6445494
1
3051
7422327
7422327
18
18405
93412178
6
8750
26850579
1
2983
1735095
1
49
63024
63024
1
2988
6445496
6445496
1
3051
7422327
7422327
1
31
33783
33783
18
18073
93412178
6
8592
26850579
1
2309
559453
5033
6445494
6445494
5307
6587
7422327
7422327
32275
93412178
11090
15345
26850579
4858
1946320
49
63024
63024
5033
6445496
6445496
5310
6587
7422327
7422327
25
31
33783
33783
32049
93412178
11013
15238
26850579
1670
2309
559453
5037
6445494
6445494
5307
6592
7422327
7422327
233385
93412178
80192
110959
26850579
267050
4173
267050
143172
1427
1980
143172
6547234
773097
1881948
1480052
4862
1946320
49
63030
63030
5045
6445499
6445499
5316
6601
7422333
7422333
24
30
33792
33792
233393
93412178
80200
110968
26850581
1671
2312
559454
4311
67
4311
267057
4182
267057
143179
1437
1988
143179
2311
23
32
2311
6547234
773099
1881949
1480054
42671
103875
81692
40899254
4111021
42297980
137
33
4996037
21530
22267
33
33
9210
387982
400711
37905332
3810081
39201668
8914034738
896001325
9218888540
144251
23540
5238657091
844
136
30980211
29699298
30714994
252
761
27791016
2
5
167151
52880
54689
75019
75019
4341510
7954
83264
699803
68081
145466
213737
128250
40899254
4111021
42297980
137
33
4996037
21530
22267
33
33
9210
689407
285631
689407
173998
246348
24761
254772
166814
69113
33
33
121854
172351
43499
23620
23620
19528
114911
2031282
31204
14836
7954
83264
699803
1025
1060
7634
7634
410308
643494
567334
7
19
438
7634
3629
68081
145466
213737
128250
33835027
8132270
284470414
333088
83112
2799227
59254916
35555077
26097611
1635623
981608
720376
387982
400711
37905332
3810085
39201668
8914034738
896001325
9218888540
144254
23541
5238657091
844
136
30943394
29699298
30714994
252
761
27775435
2
5
167155
1822795
186183
1885134
181208
75073
547369
226781
115788892
47972996
118853985
29997400
575031
146066
178977550
17990071
185098458
17509249
7254333
5251
853
190810523
37737971
9535550
26
5
902021
181208
45730
178395
185126
700507
196534
12382790
6848566
6848566
26916163
7548385
475794122
18104210
8679700
33830074
8128182
284327428
178395
88018
333059
83112
2799227
1595884
1650461
2263926
2263926
157283028
7
19
682671
2263926
1076394
59254916
35555077
26097611
1
1
22616
75019
35663
1635623
981432
720376
56005
943864
8127
14163
638392
8127
40899254
4111021
42297980
137
33
4996037
21530
22267
33
33
9210
390757
404122
37905332
3810080
39201668
8914034738
896001325
9218888540
144251
23540
5238657091
847
136
30980211
29699298
30714994
254
764
27825454
2
5
167150
233833
14132856
5855444
200155
14132856
5855444
5050134
507618
16692972
5222845
15985071
52831
3533214
1463861
68
33
1420
2498018
4674296
50038
3533214
1463861
4363
327648
4465
327648
10765
43744
11133
34075
1090
96438
1060983
1060983
33
33
11
4605
8617
664
96438
11582
119716
163264
1060983
1060983
82537
888
646744
181
262949
654651
8
2280
56005
943863
8127
51741887
80274241
6931412
36164043
3695893
42462
18576000
37400828
57826609
134
51745
21438
537
192859
79904
233833
90036914
37303583
200155
105972121
43905768
370
206981
85755
4422189662
444499928
16692972
4573425479
52831
15086398
6250511
118581
19349
1535
4300136877
2629029582
50038
27942490
11576974
692
511
84
11
7921328
17888327
20562375
10936615
27493979
92
51745
21438
13
7007
4363
1829841
4465
3784269
8
7007
31206484
43744
32273724
1090
518420
3075567948
3101350543
124
365
11
13355882
8195053
664
518420
33576483
347032823
473268820
3075567948
3101350543
13
79962
888
888
4
10
11
154350
214803
348415
400501
213012
654651
8
2280
14162
638392
8127
664304
5838314
7962048
51741887
80274241
1464340
23244
785082
370299
9464
52885
54694
75023
5212164
7954
83264
699803
68081
145466
213737
128250
40899254
4111021
42297980
137
33
4996037
21530
22267
33
33
9210
689407
285631
689407
173998
246348
24761
254772
166814
69113
33
33
121854
172351
43499
23620
19528
114911
2031282
14836
31204
7954
83264
699803
1025
1060
7634
410308
643494
567334
7
19
438
3629
7634
68081
145466
213737
128250
34112866
8196127
286704175
345934
83112
2907439
59254916
35555077
26097611
1963634
1178251
864841
390762
404126
37905332
3810084
39201668
8914034738
896001325
9218888540
144258
23549
5238657091
853
139
30980210
29699298
30714994
255
766
27825455
1
4
167156
1852316
186187
1915664
181210
75078
547370
226783
115788892
47972996
118853985
29997400
578747
146069
178977550
17990071
185098458
17509249
7254333
5260
858
191029153
37781211
9535550
25
4
916237
181210
45735
185127
727587
204044
12861479
6848566
26916163
7548385
475794122
8679700
18255546
34112866
8196127
286704175
88020
185127
345935
83116
2907439
1595884
1650462
2263927
157283028
6
18
682671
1076396
2263927
59254916
35555077
26097611
1
1
22622
35670
75023
1963634
1178251
864842
4083
42747
359272
34952
94870
131798
79083
650165
14132856
5855444
448310
14132856
5855444
5050134
507618
5222845
15985071
21207917
162541
3533214
1463861
68
33
2498018
4674296
1420
112077
3533214
1463861
8190
327648
4989
327648
10765
11133
34075
45208
2410
96438
1060983
33
33
4605
8617
134
1468
96438
11582
119716
163264
1060983
42199
341250
141384
168
42199
344703
86999
142815
123174
12380
127386
389879
517266
10549
86175
35703
33
33
60927
114007
134
168
10549
86175
21749
35703
11404
16020
10025
89907
1589292
168
11404
7616
16020
4083
42747
359272
526
544
1666
2210
3499
4390
51876
51876
210648
397054
335106
9
26
225
421
130
154
3499
2087
4390
566
5853
7982
51876
11726
3317
33
34952
89757
126248
75753
269
16333852
3914393
137279100
835586
197598
7022750
80382643
47676741
34678778
5427879
2827713
1856599
181845
4677
814508
389248
842364
28883
1155465
1464344
23253
80274241
9798648
37955739
3815151
20974481
39253799
60691546
170820
3713183
1538425
516951
11237124
4655701
120553815
2620515373
1085717060
85797012
2704724146
1120605960
381989
12042101
4989214
4423662939
444648015
4574949141
19908807
432763883
179300276
118593
19359
4306651706
603020
2633012637
27018744
851757529
352895346
700
516
84
8944108
18774578
21581108
2628
11478453
28856129
117786
3713183
1538425
68643
2745998
3393105
135737190
4112255
270048447
41815
2745998
31468089
32544276
1115911
44640746
3101350543
123
370
13461112
1884
8229892
679782
44640746
33857956
349942011
477236250
3101350543
12
79972
1555
4677
3
9
154359
214809
348422
400506
48
213019
842364
17595
1155465
785087
370307
9472
876367
9057773
12352611
80274241
2571185
12693140
3021768
303735
3125111
4831833
50839
295617
110611
122478
30849009
123557
718459
67548
297668
8697235
50572391
20952866
6791
17128737
99599599
25137811
41265540
30849009
48
123557
718459
40532
181331
297668
167170631
16803289
172887751
2812527
16354187
6775774
2277
371
82689950
11578
50555210
1115
2812527
16354187
4127611
6775774
126
12693140
41
6
1107885
1494699
1718135
209
913833
2297321
20
50839
295617
55981
74610
122478
1127791
74173
588882
2314419
649057
40911741
8741083
34354112
9634289
607273961
4155996
432
8741083
16333852
3924452
137279100
1127791
37539
279987
29
588882
1100403
264388
9248423
2189280
2264152
3105721
215765477
8
25
936509
131
572565
1476632
153
3105721
2355547
24345975
33202021
81287634
48775499
35801469
13798155
768
215765477
13
91262
7909
41253
999128
1
4
116603
157315
162267
180831
22
96179
380333
187840
248045
25
521700
354472
167196
4276
395685
4089643
5577284
473899
2064067
9310994
13654719
8193321
6013940
2317817
129
36244344
102824
10435
113989
32212
5025
35710
504
589
274
170
199
170
32304425
3921564
21949917
1991424
460652
37477
37477
307636
184738
9885
173563
16351
173563
102824
10435
113989
56774
58621
9145
58621
6892
32304425
3921564
21949917
1991424
460652
38576
32212
5025
35710
3499
809
1066
1066
500
504
589
274
965
418
418
965
37477
37477
307636
184738
9885
540
170
199
170
324
33
33562294
3402392
37164078
105331
21721
116942
12714773
1983265
14095340
41295
13004
44475
535002
525050
244965
11298
13188
6149
110033
128432
110033
5408
6311
5408
190461558
23120898
421865296
38274076
8853490
41332
5017
1635630
148393
34326
224031
224031
7981050
4792702
256448
6297
6297
3527
2213
147
124449
13289
13289
124449
596835
69061
23671
69061
72447
166852
32674
166852
52616222
5050500
52616222
33562294
3402392
37164078
105331
21721
116942
63741949
10976008
1711369
10976008
7737889
267835069
32513582
1530337013
138841085
32116470
91068326
12714773
1983265
14095340
8270661
1917611
45764
5552
7934825
719892
166522
405530
41295
13004
44475
36787
8503
23868
23868
11197
539688
539688
253228
535002
525050
244965
11298
13188
6149
5930446
270124
270124
5930446
244438
244438
48814578
29313654
1568517
3328848
110033
128432
110033
1999005
106957
8526
8526
4774
2863
147
69703
5408
6314
5408
41856
2235
102824
10435
113989
32212
5025
35710
504
589
274
170
199
170
32304425
3921564
21949917
1991424
460652
37477
37477
307636
184738
9885
173563
16351
173563
102824
10435
113989
56774
58621
2059328
32237
9145
58621
6892
32304425
3921564
21949917
1991424
460652
38576
32212
33
544734
33
5025
35710
3499
809
1066
1066
500
504
589
274
965
418
4752
418
965
37477
37477
307636
184738
9885
540
170
12
33
812
199
170
324
33
33562294
3402392
37164078
105331
21721
116942
12714773
1983265
14095340
41295
13004
44475
535002
525050
244965
11298
13188
6149
110033
128432
110033
5408
6311
5408
190461558
23120898
421865296
38274076
8853490
41332
5017
1635630
148393
34326
224031
224031
7981050
4792702
256448
6297
6297
3527
2213
147
124449
13289
561044
13289
124449
596835
69061
21541700
338898
23671
69061
72447
166852
32452
166852
52577292
4953175
52577292
33524044
3402392
37164078
105310
21721
116745
63741949
10962029
2312071691
36194440
1710266
10962029
7737889
267835069
32513582
1530337013
138841085
32116470
91373594
12706728
8939
1290282982
780
1982470
14086422
8289944
1917611
45764
5552
7934825
719892
166522
405530
41192
40
5698219
4
13004
44475
36787
8503
23868
23868
11197
539423
539423
253103
449832
525050
244965
11298
13188
6149
5943440
270124
29258051
270124
5943440
244438
244438
48814578
29313654
1568517
3328848
110033
12
35
5005620
128432
110033
1999005
106957
8525
8525
4774
2863
147
69703
5408
1
1
104812
6314
5408
41856
2235
102824
10435
113989
32212
5025
35710
504
589
274
170
199
170
32304425
3921564
21949917
1991424
460652
37477
37477
307636
184738
9885
173563
16351
173563
102824
10435
113989
56774
58621
9145
58621
6892
32304425
3921564
21949917
1991424
460652
38576
32212
5025
35710
3499
809
1066
1066
500
504
589
274
965
418
418
965
37477
37477
307636
184738
9885
540
170
199
170
324
33
39833310
4040065
44129334
137410
21721
152450
15312624
2388746
16975266
66004
13004
69184
723144
757912
353608
11298
13188
6149
153908
179644
153908
5408
6311
5408
190461558
23120898
421865296
38274076
8853490
41332
5017
1635630
148393
34326
224031
224031
7981050
4792702
256448
6297
6297
3527
2213
147
124449
13289
13289
124449
596835
95944
23671
95944
72447
221526
32674
221526
64420869
6068928
64420869
39807089
4040065
44129334
137396
21721
152315
63741949
13526460
2110362
13526460
7737889
267835069
32513582
1530337013
138841085
32116470
91068326
15306953
2388150
16968979
8270661
1917611
45764
5552
7934825
719892
166522
405530
65901
13004
69184
36787
8503
23868
23868
11197
752263
752263
352970
649334
757912
353608
11298
13188
6149
5930446
377836
377836
5930446
244438
244438
48814578
29313654
1568517
3328848
153908
179644
153908
1999005
106957
8525
8525
4774
2863
147
69703
5408
6314
5408
41856
2235
67543
67543
135086
102824
10435
113989
32212
5025
35710
504
589
274
170
199
170
8648
734
10094
3191
497
3725
134
134
337
609
154
134
134
134
337
269
269
134
134
32304425
3921564
21949917
1991424
460652
37477
37477
307636
184738
9885
77354
9390
790353
66695
15427
18777
18777
5890
2846
152
173563
16351
173563
102824
10435
113989
2059328
32237
56774
58621
9145
58621
6892
32304425
3921564
21949917
1991424
460652
33
544734
33
38576
32212
5025
35710
3499
809
1066
1066
500
504
589
274
4752
965
418
418
965
37477
37477
307636
184738
9885
12
33
812
540
170
199
170
324
33
18267
13578
1337
18267
5625
8648
13578
734
10094
2674
40543
634
2480
7835
3709
1222
7835
301
1536
77354
9390
790353
66695
15427
33
10724
16
1389
3191
3709
497
3725
117
33
730
434
1888
134
337
2696
434
134
1888
134
1888
134
337
609
154
134
426
66
66
268
472
268
674
538
268
66
472
18777
18777
5890
2846
152
1
2
33
33
134
472
134
337
269
269
134
134
33
33
236
47940776
4865561
53146175
214103
21723
237349
18790497
2931644
20830765
83393
13004
92448
1338040
1561585
732443
11298
13188
6149
258569
301804
258569
5408
6311
5408
9487620
807699
11074082
63555
5394
74181
1892342
295234
2208766
29909
4660
34914
172493
41440
1449745
677648
923221
233235
7707
1851
64787
30281
41257
10421
818042
490854
360288
360288
490854
360288
50891
30536
22413
22413
30536
22413
190461558
23120898
421865296
38274076
8853490
41332
5017
1635630
148393
34326
224031
224031
7981050
4792702
256448
6297
6297
3527
2213
150
325375
39498
14313049
1207840
279395
6526
946
3671
368
84
91586
91586
28730
13883
820
2424
2424
1520
734
32
121613
13288
561044
13288
124448
596835
151762
21541700
338898
23672
151762
72447
346878
32674
346878
77820001
7333396
77820001
47940776
4865562
53146175
214100
21723
237347
63741949
16208425
2312071691
36194442
2528796
16208425
7737893
267835069
32513582
1530337013
138841085
32116470
91334248
18782406
8942
1289727381
778
2931642
20821795
8289943
1917611
45764
5555
7934825
719894
166523
405533
83391
40
5698219
4
13004
92449
36788
8503
23868
23868
11197
1238143
1238143
580949
1338040
1561585
732443
11298
13188
6149
5943442
634772
29258051
634772
5943442
244438
244438
48814578
29313654
1568518
3328849
258568
12
35
5005621
301804
258568
1999007
106959
8527
8527
4776
2868
150
69699
5408
1
1
104811
6314
5408
41854
2235
19732
73436
94384
1426351
24151
11452
73436
8172
11452
56654
134237
9822
134237
23471
3877280
9186478
672497
9186478
1606412
8457605
9487620
807699
11074082
1669371
56654
63555
5394
74183
11154
1248624
4645581
5970567
97608551
1528017
724788
4645581
517321
724788
334495
40605
69190131
5838774
1350615
1248624
1892341
3344043
175
25819453
16
295234
2208766
245963
282190
65273
7844
952
4393
371
85
19732
29909
52860
3
377299
1
4660
34913
3878
4452
1022
82336
16212
4546
203031
82336
25587
286599
2600761
362797
101739
6413155
2600761
572581
6413155
677648
172492
41442
1449744
6413155
923220
233235
1449744
30282
7708
1851
64787
203031
41257
10422
64787
2168299
2168299
2171367
101816
101816
31939
15434
826
1
681153
3
371487
818041
490853
360288
2168299
490853
360288
329157
17606
490853
4849
4849
1520
733
32
1
42376
1
23111
50892
30537
22414
67543
30537
22414
20477
1095
30537
10435
113989
102824
5025
35710
32212
134
2099799
2367795
589
504
274
199
170
4362
6614012
8409990
3921564
32304425
1991424
460652
21949917
37477
184738
307636
9885
16351
173563
10435
113989
102824
6892
56774
9145
58621
134
2093357
3921564
32304425
1991424
460652
21949917
3499
809
38576
5025
35710
32212
134
2367791
2099799
1066
500
589
504
274
965
418
19296
29258051
37477
184738
307636
9885
324
540
33
199
170
4362
8409990
6614012
3402392
37164078
33562294
21721
116942
105331
1983265
14095340
12714773
2099805
32879
2367795
13004
44475
41295
9314
136
10502
525050
535002
244965
13189
11300
6150
128432
110033
6614012
8409990
6311
5409
138490
176097
23120898
190461558
38274076
8853490
421865296
5017
41332
148393
34326
1635630
224031
4792702
7981050
256448
6297
2213
3527
146
124449
13290
612638
72448
596836
23670
69061
19593
303
32674
166852
5050500
52616222
3402392
37164078
33562294
21721
116942
105331
7737889
63741949
1711369
10976008
2093361
32778
32513582
267835069
138841085
32116470
1530337013
8270661
1917612
91068326
1983265
14095340
12714773
2367791
2099802
32878
5553
45764
719892
166522
7934825
36787
8503
405530
13004
44475
41295
10502
9314
146
23868
11198
539688
253228
525050
535002
244965
13190
11300
6153
5930447
270124
29258051
244438
29313654
48814578
1568518
1999005
3328848
106956
128432
110033
8409990
6614012
8526
2863
4773
146
41856
69703
2239
6318
5413
176097
138490
74189426
39698123
95274712
201815
176173
422812
74189426
95274712
74189426
39698123
95274712
201815
422812
201815
176173
422812
41206
38364
5217
56994
51412
239994
13337
12417
2512
17855
16106
81058
134
872965
984386
195
176
294
252
137
4077
134
134
134
134
2090
2847
7520885
9561705
194128
220639
261537
1817545
930702
995712
230326
1180278
10974958
277524
96160
96160
170342
32342
53858
36501
1730
2
79126
8175
86781
506889
41206
38364
5217
56994
51412
239994
3031
3446
4084
28387
27913
4572
29310
198993
1
134
1427
1836070
1836070
194128
220639
261537
1817545
930702
995712
230326
1180278
10974958
1635
1749
404
2074
19288
13337
12417
2512
17855
16106
81058
1
134
869
984382
872965
984382
499
533
250
15650
195
176
294
252
137
4077
2027
630
273
12596
1
12596
3959
33264819
277524
96160
170342
32342
53858
36501
2
1730
1244
211
352
239
14
33
134
134
134
134
2090
1
2847
2983
9561705
7520885
17092223
15799621
2148858
23471825
21172878
173827684
50148
47387
23142
69324
62569
1064845
74189426
65027615
156064994
3482505
3242363
656139
4671004
4213502
39315116
872965
13658
984386
32658
32494
16928
34511
33825
546374
23663098
21326205
51182472
12121
179
13670
137937
123919
207400
179671
105636
10677616
20680
18579
31098
26641
14506
406445
201815
686423
1647404
89589
77867
62233
55909
5770181
7520885
9561705
26907
23053
18690
16790
279276
64462
546325
546325
275876
546325
987480
1122332
1330369
9245365
17114633
18310091
4235457
21704071
201817857
15389
17491
20733
144087
8302
8882
2362
10528
97903
883957
607818
607818
542566
204432
340431
230722
10938
2
31626
12089
12089
19410
4066
6771
4589
534
1
403348
265007
31898
828525
64462
8127
1
546325
546325
2983
546325
82980
94310
111793
528287
43903
30815
45702
1341323
23663098
1
527949
622833
51182472
51182472
20
25508
394
25508
96298
31947
105556
2249046
74189426
175082
390044
156064994
156064994
16468398
1712608
18061640
191443946
17092223
15799621
2148858
23471825
21172878
173827684
50148
47387
23142
69324
62569
1064842
74189426
73151
216529
65027615
156064994
35280584
5818060
6612579
7838295
54472023
7288529
1202109
7653328
96516176
1
1427
1836070
28744
1836070
1086739
1235146
1464094
10174683
78847583
84355089
19512868
99991249
929780366
3144032
3361904
797223
3982636
37012155
3482505
3242363
656139
4671004
4213502
39315115
1
869
984381
872965
13658
984381
20114
22860
27099
188353
10847
11608
2681
13759
127979
44760
47889
11070
56768
401367
32658
32494
16928
34511
33825
546373
23663098
1
142585
257613
21326205
51182472
11570591
13
13670
12121
188
13670
31898
31898
26404
1011406
201815
230417
64617
1647404
1647404
355507
379482
178057
40971604
137937
123919
207400
179671
105636
10677614
20683
18580
31098
26643
14509
430383
201815
95305
17452
686423
1647404
546325
6778279
5784135
188429
34448144
1
3271
33264819
883957
840948
542566
282844
471005
319217
2
15132
4158963
1945428
3239625
2195608
14
127450
89589
77867
62233
55909
5784841
1
2983
9561705
7519776
31624
30086
19410
10115
16849
11417
1
534
341957
178264
265007
201189
1
9538
26914
23058
18695
16795
432926
64462
8127
8127
1
190329
446383
546325
546325
546325
2983
546325
546325
10435
113989
102824
5025
35710
32212
134
2099799
2367795
589
504
274
199
170
4362
6614012
8409990
3921564
32304425
1991424
460652
21949917
37477
184738
307636
9885
16351
173563
10435
113989
102824
6892
56774
9145
58621
2059328
32237
134
2093357
3921564
32304425
1991424
460652
21949917
3499
809
38576
5025
35710
32212
33
544734
33
134
2367791
2099799
1066
500
589
504
274
965
418
4752
19296
29258051
37477
184738
307636
9885
324
540
33
199
170
12
33
812
4362
8409990
6614012
3402392
37164078
33562294
21721
116942
105331
1983265
14095340
12714773
2099805
32879
2367795
13004
44475
41295
9314
136
10502
525050
535002
244965
13189
11300
6150
128432
110033
6614012
8409990
6311
5409
138490
176097
23120898
190461558
38274076
8853490
421865296
5017
41332
148393
34326
1635630
224031
4792702
7981050
256448
6297
2213
3527
146
124449
13290
612638
72448
596836
23670
69061
19593
21648757
303
338897
32451
166852
4953175
52577292
3402392
37164078
33524044
21721
116745
105310
7737889
63741949
1710266
10962029
2093360
2312071691
32778
36194440
32513582
267835069
138841085
32116470
1530337013
8289943
1917611
91373593
1982470
14086422
12706728
2367791
2099801
8938
1290282982
32878
782
5552
45764
719891
166522
7934825
36786
8503
405529
13004
44475
41192
10502
9314
40
5726536
146
4
23868
11198
539423
253103
525050
449832
244965
13190
11300
6153
5943440
270124
29258051
244438
29313654
48814578
1568517
1999005
3328848
106956
128432
110033
12
35
5005620
8409990
6614012
8525
2863
4773
146
41856
69703
2239
6318
5413
1
1
104812
176097
138490
307035
180177
307035
74189426
39698123
95274712
426861
426861
426861
422812
201815
57692
176173
422812
422812
307035
180177
307035
307035
180177
307035
74189426
95274712
74189426
39698123
95274712
422812
201815
57692
422812
426861
426861
426861
426861
426861
426861
422812
201815
57692
176173
422812
41206
38364
5217
56994
51412
239994
13337
12417
2512
17855
16106
81058
134
872965
984386
195
176
294
252
137
4077
134
134
134
134
2090
2847
7520885
9561705
194128
220639
261537
1817545
930702
995712
230326
1180278
10974958
96160
96160
277524
32342
53858
36501
1730
2
170342
79126
8175
86781
506889
1373
372906
154500
41206
38364
5217
56994
51412
239994
2815
376789
156109
3031
3446
4084
28387
27913
4572
29310
198993
1627220
1
1029664
16118
3151397
134
1427
1836070
1836070
343
93226
38625
194128
220639
261537
1817545
930702
995712
230326
1180278
10974958
1635
1749
404
2074
19288
13337
12417
2512
17855
16106
81058
14
1
33
272367
33
311593
134
869
984382
872965
984382
209
93226
38625
499
533
250
15650
41
67968
195
176
294
252
137
4077
19
67968
630
2027
273
12596
3102
3102
3102
5940
1
3102
3102
9494
12596
3959
33264819
12
21272
3102
96160
277524
32342
53858
36501
2
1730
170342
211
352
239
14
33
1244
134
134
134
134
2090
3102
3102
3102
11
1
33
350
477
3102
14
33
530
607
2847
2983
9561705
7520885
8
21272
3102
307035
180177
307035
104129
59514
104129
17092223
15799621
2148858
23471825
21172878
173827684
50148
47387
23142
69324
62569
1064845
74189426
65027615
156064994
3482505
3242363
656139
4671004
4213502
39315116
872965
13658
984386
32658
32494
16928
34511
33825
546374
23663098
21326205
51182472
12121
179
13670
137937
123919
207400
179671
105636
10677616
426861
426861
426861
20680
18579
31098
26641
14506
406445
2494004
201815
57692
686423
1647404
1647404
89589
77867
62233
55909
5770181
7520885
9561705
148115
148115
148115
26907
23053
18690
16790
279276
828525
64462
16421
546325
546325
275876
546325
546325
987480
1122332
1330369
9245365
17114633
18310091
4235457
21704071
201817857
15389
17491
20733
144087
8302
8882
2362
10528
97903
307035
180177
307035
307035
180177
307035
607818
607818
883957
204432
340431
230722
10938
2
542566
12089
12089
31626
104129
59514
104129
4066
6771
4589
534
1
19410
104129
59514
104129
403348
383723
31898
828525
64462
888
16421
8127
122
11
1
252451
2983
82194
546325
8
155
2609129
82980
94310
111793
647003
43851
30815
45651
1341323
23663098
13514
1
5865544
20
1206816
527949
622833
25508
21410570
394
441182
25508
51182472
8
1329
550
96245
31922
105556
2249045
74189426
175082
390044
156064994
8
4653
1928
16468398
1701541
18061640
191443946
1373
1173248
486093
16969804
15799621
2148858
23471825
21172878
173827684
2815
2586555
1071647
50120
47387
23142
69324
62534
1064842
74189426
73150
216528
35279730
65027615
156064994
8
4653
1928
5942683
6741813
7978338
55346369
7288529
1194052
7653328
96516176
1627220
1
1427
1836070
2021035592
28743
31647486
1836070
343
246009
101925
1086739
1235146
1464094
10174683
78847583
84355089
19512868
99991249
929780365
3221439
3446460
797223
4085298
37606248
3482505
3242363
656139
4662193
4205555
39315114
14
1
869
984380
872965
3710
534605158
199829467
13658
326
984380
209
246009
101925
20114
22859
27099
188353
10847
11608
2680
13759
127979
44760
47889
11070
56767
520082
32608
32444
16928
34461
33450
546372
23663098
11
1
1379613
13
51
142585
257613
13670
12121
51
5663532
7483323
2118869
188
5
13670
11570204
21326205
51182472
8
1329
550
31898
31898
26404
1011406
2494004
201815
57692
230417
64617
1647404
8
620
351584
375294
176092
40971604
41
269700
137937
123919
207400
177688
96764
10677613
19
269700
426861
426861
426861
426861
426861
426861
20683
18580
31098
26643
14509
430383
2494004
201815
57692
95305
17452
546325
686423
1647404
8
620
6775851
6378397
188429
34448144
14298691
5286312
64935
5940
1
3271
33264819
12
79290
34863638
883957
840948
542566
282843
471005
319216
2
15131
4158963
2145301
3572464
2421184
14
127449
89589
76755
62233
55909
5784841
14298691
5286312
64935
11
1
2983
380607
3760919
5118794
14
40
5691121
9561705
7519776
2173759
33264819
8
79290
34863638
31624
30085
148115
148115
148115
19410
10115
16849
11417
1
534
148115
148115
148115
341957
178264
296855
201189
1
9538
26914
23058
18695
16795
432926
828525
64462
888
888
16421
8127
8127
122
11
1
113322
219462
2983
2
52387
28484
294402
401493
1
190329
3
446383
546325
546325
166853
546325
546325
8
155
2609129
10435
113989
102824
5025
35710
32212
134
2099799
2367795
589
504
274
199
170
4362
6614012
8409990
3921564
32304425
1991424
460652
21949917
37477
184738
307636
9885
16351
173563
10435
113989
102824
6892
56774
9145
58621
134
2093357
3921564
32304425
1991424
460652
21949917
3499
809
38576
5025
35710
32212
134
2367791
2099799
1066
500
589
504
274
965
418
19296
29258051
37477
184738
307636
9885
324
540
33
199
170
4362
8409990
6614012
4040065
44129334
39833310
21721
152450
137410
2099805
32879
2388746
16975266
15312624
2367795
9314
136
13004
69184
66004
10502
757912
723144
353608
13189
11300
6150
6614012
179644
153908
8409990
138490
6311
5409
176097
23120898
190461558
38274076
8853490
421865296
5017
41332
148393
34326
1635630
224031
4792702
7981050
256448
6297
2213
3527
146
124449
13290
612638
72448
596836
23670
95944
19593
303
32673
221526
6068928
64420869
4040065
44129334
39807089
21721
152315
137396
7737889
63741949
2110362
13526460
2093360
32778
32513582
267835069
138841085
32116470
1530337013
8270661
1917611
91068326
2388150
16968979
15306953
2367791
2099801
32878
5552
45764
719891
166522
7934825
36786
8503
405529
13004
69184
65901
10502
9314
146
23868
11198
752263
352970
757912
649334
353608
13190
11300
6153
5930446
377836
29258051
244438
29313654
48814578
1568517
1999005
3328848
106956
179644
153908
8409990
6614012
8525
2863
4773
146
41856
69703
2239
6318
5413
176097
138490
39698123
95274712
176173
422812
95274712
39698123
95274712
90276
422812
90276
23070
42923
176173
422812
13889
90276
41206
38364
5217
56994
51412
239994
13337
12417
2512
17855
16106
81058
134
872965
984386
195
176
294
252
137
4077
134
134
134
134
2090
2847
7789002
10021271
194128
220639
261537
1817545
930702
995712
230326
1180278
10974958
277524
96160
96160
170342
32342
53858
36501
1730
2
79126
8175
86781
506889
41206
38364
5217
56994
51412
239994
3031
3446
4084
28387
27913
4572
29310
198993
134
1427
1836070
1836070
194128
220639
261537
1817545
930702
995712
230326
1180278
10974958
1635
1749
404
2074
19288
13337
12417
2512
17855
16106
81058
134
698
869
984382
872965
984382
499
533
250
15650
195
176
294
252
137
4077
2027
630
273
12596
12596
7495
34863638
277524
96160
170342
32342
53858
36501
2
1730
1244
211
352
239
14
33
134
134
134
134
2090
2847
6519
6519
10021271
7881199
21142178
19622544
2668802
29151137
26295931
173965367
67544115
162104543
75040
72096
23142
99237
90700
1064845
872965
13658
4540727
4227613
855519
6084951
5488961
39315116
984386
22076740
52983741
12121
179
57367
57203
16928
59220
58534
546374
13670
206378
185403
310306
267172
150672
10677616
818871
1965275
20680
18579
31098
26641
14506
406445
7789002
137043
118151
95422
86026
5770181
10021271
558129
652282
275876
26907
23053
18690
16790
279276
716003
987480
1122332
1330369
9245365
17114633
18310091
4235457
21704071
201817857
15389
17491
20733
144087
8302
8882
2362
10528
97903
883957
607818
607818
542566
204432
340431
230722
10938
2
31626
12089
12089
19410
4066
6771
4589
534
1
482481
265007
12
651
39439
278541
652282
2609129
6519
56607
2609129
82980
94310
111793
528287
12
651
60117
527949
622833
52983741
67371414
20
68560
30815
70360
1341323
25508
394
25508
175082
390044
162104543
177388547
136666
36264
149888
2249045
21402987
2211391
23473629
191443946
21075869
19622544
2668802
29151137
26295931
173991205
73150
216528
67544115
162104543
40100088
75013
72096
23142
99237
90672
1064842
5818059
6612579
7838294
54472023
1427
9503281
1556886
9978931
96516176
1836070
28743
1836070
1086739
1235146
1464094
10174683
78847583
84355089
19512868
99991249
929780365
3144032
3361904
797223
3982636
37012155
698
869
4540727
4227613
855519
6078885
5483489
39315114
984380
872965
13658
984380
20114
22859
27099
188353
10847
11608
2680
13759
127979
44760
47889
11070
56767
401366
12
651
44877
142585
257613
22076740
52983741
15229842
10
13
57317
57153
16928
59170
58159
546372
13670
12121
188
13670
278541
230417
64617
1965275
4073078
52718
56273
26404
1651777
526028
561503
263464
40979792
206378
185403
310306
265852
144775
10677613
222234
278541
120357
278541
95305
17452
818871
1965275
920750
20683
18580
31098
26643
14509
430383
6983376
5784135
6847
288236
34863638
883957
840948
542566
282843
471005
319216
2
15131
4286340
1945428
3239625
2195608
14
127449
6519
6519
137043
117410
95422
86026
10021271
7881200
5784841
31624
30085
19410
10115
16849
11417
1
534
341957
178264
265007
201189
1
9538
6
530
39439
142359
264868
77098
278541
190329
446383
652282
652282
589814
2240
3099
26914
23058
18695
16795
749973
589814
432926
166853
10435
113989
102824
5025
35710
32212
134
2099798
2367796
589
504
274
199
170
4362
6614015
8409991
734
10094
8648
497
3725
3191
134
42011
47372
154
134
134
134
337
609
134
134
134
134
337
269
269
490854
624141
3921564
32304425
1991424
460652
21949917
37477
184738
307636
9885
9390
77354
66695
15427
790353
18777
2846
5890
152
16351
173563
10435
113989
102824
2059328
32237
6892
56774
9145
58621
134
2093356
3921564
32304425
1991424
460652
21949917
33
544734
33
3499
809
38576
5025
35710
32212
134
2367791
2099798
1066
500
589
504
274
4752
965
418
19296
29258051
37477
184738
307636
9885
12
33
812
324
540
33
199
170
4362
8409991
6614013
1337
18267
13578
5625
734
10094
8648
13578
2674
40543
634
301
2480
1222
7835
3709
1536
134
88367
9390
77354
66695
15427
790353
33
10724
16
117
33
1389
497
3725
3191
3709
730
134
47372
42011
434
134
1888
134
337
2696
154
134
134
426
1888
134
337
609
66
66
268
472
268
268
674
538
2171367
18777
2846
5890
152
1
2
33
33
33
33
134
134
236
472
134
134
337
269
269
624141
490854
4865560
53146175
47940776
21724
237348
214102
2099805
32880
2931644
20830765
18790497
2367795
9314
136
13006
92448
83393
10503
1569898
1344996
732442
13188
11299
6149
6614014
301805
258569
8409992
138490
6310
5408
176096
807698
11096182
9506554
5397
74181
63554
42014
649
295236
2208768
1892342
47377
660
11
4659
34914
29912
742
172493
41440
1449744
923221
677647
233234
7707
1851
64786
41256
30281
10421
818042
490853
360288
490853
490853
360288
624140
50891
30536
22413
30536
30536
22413
38829
23120898
190461558
38274076
8853490
421865296
5017
41332
148393
34326
1635630
224031
4792702
7981050
256448
6297
2213
3527
151
39498
325375
1207840
279395
14313049
946
6526
368
84
3671
91586
13883
28730
820
2424
734
1520
39
124450
13291
612638
72452
596838
23678
151765
19600
21648756
306
338901
32678
346879
7333397
77843031
4865561
53146175
47940776
21729
237350
214102
7737893
63741949
2528795
16208425
2093363
2312071691
32784
36194442
32513582
267835069
138841085
32116470
1530337013
8289944
1917615
91373594
2931643
20830765
18790497
2367796
2099805
8948
1290282982
32885
785
5555
45764
719893
166524
7934825
36792
8510
405534
13011
92451
83396
10508
9319
39
5726537
145
3
23870
11200
1238144
580951
1569898
1344996
732444
13191
11302
6154
5943441
634775
29258051
244438
29313654
48814578
1568518
1999008
3328850
106963
301807
258570
11
34
5005622
8409992
6614014
8527
2868
4776
153
41857
69703
2239
6319
5414
1
1
104813
176097
138491
19739
8178
11458
73441
94388
1397
1543090
21
24156
56657
23473
9826
134239
3877280
1606412
672497
9186478
8474483
1669371
807699
11096181
9506554
56657
11160
5399
74185
63557
1248626
517323
724791
4645581
5970567
88375
97608551
1384
1528017
40605
334495
5838774
1350614
69190131
1248626
245964
282195
65276
295238
2208767
1892341
3344043
47381
42018
179
25819453
658
15
952
7844
370
85
4393
19739
3888
4461
1031
4667
34918
29915
52865
749
664
2
408178
10
1
116226
25588
16213
4546
286599
2600761
572582
362798
101743
6413155
923221
677649
233237
172494
41444
1449744
6413155
41258
30283
10423
7708
1852
64787
286599
2171367
101816
15434
31939
825
329159
1
681154
2
371488
17612
818042
624142
490854
360289
2171367
4849
735
1521
39
20477
1
42376
1
23111
1095
50892
38829
30537
22414
135086
457
438
248
438
438
248
307035
180177
307035
14997
4998
14997
39698123
95274712
426861
426861
176173
422812
422812
422812
1467639
3513881
62670
62670
12212
12212
12212
12212
307035
180177
307035
180177
14997
4998
14997
4998
95274712
39698123
95274712
90275
422812
90275
426861
426861
23069
42922
176173
422812
13888
90275
3513881
1464129
3513881
12212
6240
4857
248
12212
12212
404280
202531
248
216749
82499
248
62670
62670
12212
12212
6240
4857
248
12212
12212
12212
12212
41206
38364
5217
56994
51412
239994
13337
12417
2512
17855
16106
81058
134
872965
984386
195
176
294
252
137
4077
134
134
134
134
2090
2847
7789002
10021271
1435
5788
3593
4279
3844
491
6756
5788
990
2499
1551
1952
1733
394
2950
2499
134
42383
47794
67
134
134
134
134
134
134
134
134
337
337
67
134
134
134
134
134
134
134
134
337
269
269
902269
1300367
194128
220639
261537
1817545
930702
995712
230326
1180278
10974958
96160
96160
277524
32342
53858
36501
1730
2
170342
8262
9390
11131
77354
3417
3656
845
4333
43325
18777
18777
18777
18777
50730
18777
18777
2846
5890
3212
152
1
19112
79126
8175
86781
506889
8461
372906
154500
41206
38364
5217
56994
51412
239994
5207
376789
156109
1029664
16118
3031
3446
4084
28387
3151397
4181061
27913
4572
29310
198993
2115
93226
38625
134
1430
1836072
1836072
194128
220639
261537
1817545
930702
995712
230326
1180278
10974958
33
272367
33
1635
1749
404
2074
19288
311593
134
13337
12417
2512
17855
16106
81058
1288
93226
38625
134
702
871
984381
872965
984381
499
533
250
15650
236
67968
195
176
294
252
137
4077
236
67968
3102
3102
630
9494
12596
273
12596
236
21272
12596
2027
87101
34863638
96160
277524
32342
53858
36501
2
1730
170342
33
350
477
3102
14
33
530
211
352
239
14
33
607
134
134
134
134
134
2090
236
21272
2847
1244
29928
41408
10021271
7881199
1055
3943
12225
10907
894
12225
12225
8094
3353
126
1055
1435
5788
4279
3844
491
6756
5788
3593
8094
1594
3353
40543
634
264
301
356
2480
107786
128922
325
3917
6135
5843
957
6135
6135
2382
987
134
438
2639
14270
89155
1388
89155
8262
9390
11131
77354
3417
3656
845
4333
43325
33
10724
16
109
117
33
138
1389
10657
134
43
325
990
2499
1929
1733
389
2917
2499
1551
2382
469
987
134
438
1075
7650
47794
42383
476
660
47794
672
67
217
190
217
134
944
134
337
1348
457
438
438
61
672
67
134
134
134
134
134
134
134
236
944
134
337
337
438
438
438
33
33
33
33
33
101
134
168
67
134
134
236
134
101
134
337
269
438
4523930
18777
18777
18777
50730
18777
18777
2846
5890
3212
1
152
19112
33
33
33
33
33
1
5
33
33
33
16
33
33
33
3
33
101
26
26
168
67
134
134
134
134
134
134
236
236
134
101
134
337
269
269
16
438
438
438
534187
1300367
1022670
307035
180177
307035
104129
59514
104129
14997
4998
14997
4999
1666
4999
29854666
27770719
3782854
41319905
37272829
173965366
73258660
177388547
182827
170220
23146
252878
228110
1064844
872970
13666
6468876
6022803
1218799
8660188
7811966
39315115
984386
24731268
62555580
12120
179
89891
83693
16931
120347
108559
546374
13672
513141
460990
771553
661022
359971
10677615
426861
426861
1516564
4073078
20679
18578
31098
26640
14505
406444
4073078
4073078
7789002
359626
308104
249810
224424
5770181
10021271
148115
148115
558128
1615091
275875
26907
23053
18690
16790
279275
716002
1615091
2263980
2529737
1650169
3089538
2775544
355061
4877884
4179083
71341
50765
7598105
20738368
92680
83261
10646
146331
125368
1119956
42386
653
1474247
1310288
297872
2228501
1909248
47795
62952
2756640
8024334
2662
42
92898
83457
18763
140428
120310
3006
355936
189546
280389
67363
2329578
677630
529641
1500702
1101521
379126
62670
62670
56200
29608
37117
8917
171728
291543
1083821
89807
72480
198665
145821
50189
1083821
1380035
1573715
902268
644394
198088
902268
1022668
721509
436633
334094
1300366
29997
29997
221693
171728
147126
61111
233146
361187
171728
305503
224241
147418
118976
549366
361187
722374
987480
1122332
1330369
9245365
17114633
18310091
4235457
21704071
201817857
15389
17491
20733
144087
8302
8882
2361
10528
97903
307035
180177
307035
180177
607818
607818
883957
204432
340431
230722
10938
2
542565
104129
12089
59514
12089
31625
104129
4066
6771
4589
535
59514
1
19409
75532
85847
101760
707180
31242
33424
7731
39620
396083
1704
1752
1826
10387
989
1063
241
1257
5818
14997
4998
14997
4998
145746
145746
288192
22093
45720
24934
1737
1
108572
288192
4999
1666
1666
29997
4999
1666
1666
1666
243
1666
1
11301
29997
9304304
82987
94320
111803
776974
82
19
188153
30824
197570
2999839
8179
2041
233221
527955
622838
360518
149367
1341327
25516
28182703
399
441187
25516
67371414
351082
36274
385048
21537
175091
390051
949242
393284
2249050
177388547
29884887
3087755
32776115
1833344
80801560
33477244
191443946
29873720
27813724
3782860
41319906
37272830
2143787
155102005
64260983
173991205
182830
170223
23151
252882
228114
13120
73159
216534
949242
393284
1064846
40100089
73912502
177388547
5971405
6786866
8044888
55907738
1437
13538698
2217993
14216326
588595
25941350
10747873
96516176
1836078
2027906263
28755
31745960
1836078
1086739
1235146
1464094
10174683
78847583
84355089
19512867
99991249
929780365
3221445
3446463
797229
4085304
37987682
705
875
6468876
6022803
1218802
8660188
7811966
358555
25941350
10747873
39315115
984388
872973
3720
536422590
18601
200508803
13671
326
984388
20117
22865
27103
188354
10853
11611
2685
13763
127981
2188432
44769
47897
11079
56775
527931
32
9
12
89900
83701
16938
120354
108566
52
4983
1121
153916
142594
257621
360518
149367
546379
13680
12132
51
7454900
9850287
258
2786558
190
4
13680
15229842
28071653
67371414
52719
56274
26404
12215
869655
1651777
230418
64618
4073078
1307937
1396143
655086
303060
40979792
101051093
513146
460994
771557
661025
359974
144091
10677615
101051093
426861
426861
20683
18581
31099
26644
14509
5807
222235
413482
120357
869655
430383
95306
17452
920751
1697129
4073078
7444361
7082153
87108
756392
104559
34863638
883957
840948
542566
282843
471005
319216
1
15134
4569290
2382001
3966629
2688324
13
127456
29932
41415
359631
308110
249818
224429
49713
380612
3933851
5364821
13
41
5964655
10021273
7881202
5784843
206
2229522
34863638
31626
30087
148115
19412
10119
16851
11421
1
541
148115
113322
219462
341957
178264
296855
201189
1
9538
6
2240
3099
26914
23058
18695
16795
2
52387
3720
530
1311
6838
42289
142359
264868
77098
557083
28484
294402
401493
1
190329
3
446383
749973
589814
432926
15
166853
1087146
2609129
19220
20614
45923
236240
111760
5267
46303
19384
264794
264794
139504
20885030
640676
7874801
3725386
1543480
646152
8826594
8826594
4650210
125
640676
3089539
2775546
3725386
733856
1543480
355065
4877885
4179084
2594425
1692365
3
19220
8613
25493
92684
83265
111760
2665
22015
46303
10651
146334
125370
77831
50770
4721226
8702167
20885030
216652
2507
643403
4463678
1259783
521946
731267
4687090
866816
6023915
4687090
89165
98480697
1396
1541671
89165
91638
104153
123459
857975
37904
40551
9380
48068
480541
42
216652
634
266127
1474248
1324419
1259783
248162
521946
284716
65860
297876
2228503
1909249
337491
353090
3373923
2512918
1185285
47804
42394
180
26050154
903
9737258
479
663
15
47804
2413
2743
3251
22599
998
1068
247
1266
12657
2
13653
39
31400
56730
16770
92904
83462
79389
10695
15638
32892
17942
4150
18771
140435
120317
21268
22251
212617
158359
74694
60880
3012
2671
37
901896
11
1641628
2169111
56
613622
30
41
1
3012
3353732
6181600
14835720
3710249
4227554
2721800
1649322
1173405
930736
589731
165384
19927
10424626
678402
547516
1500702
1101523
424535
1459255
671838
223662
379128
280391
67368
5039
2356569
61
10424626
62670
62670
89808
72481
198666
145822
56200
193179
88939
29608
50189
32291
37118
5913
7883
8918
667
162955
311967
8
88252
575019
1380035
288192
43687
90405
49305
1
2337
108573
288192
49388
510459
696142
685786
1
1419150
5
773977
534187
3
36695
1704348
1300367
1022670
750645
493482
398273
26
26
289304
16
4523930
4547
9410
5132
1
243
11301
29997
