4
3233
12887077
12887077
1
3051
7422327
7422327
18
18405
93412178
19
22089
59180754
1
2983
1735095
1
49
63024
63024
4
3233
12887080
12887080
1
3051
7422328
7422328
1
52
57513
57513
18
18073
93412178
19
21039
59180754
1
2309
559453
4
3233
12887077
12887077
1
3051
7422327
7422327
18
18405
93412178
19
22089
59180754
1
2983
1735095
1
49
63024
63024
4
3233
12887080
12887080
1
3051
7422327
7422327
1
52
57513
57513
18
18073
93412178
19
21039
59180754
1
2309
559453
6769
12887077
12887077
5307
6587
7422327
7422327
32275
93412178
27539
38103
59729223
4858
1946320
49
63024
63024
6769
12887080
12887080
5310
6587
7422327
7422327
42
52
57513
57513
32049
93412178
27029
37398
59729225
1670
2309
559453
10078
12887077
12887077
5307
6592
7422327
7422327
233385
93412178
178398
246841
59729223
267050
4173
267050
308094
3082
4266
308094
6547234
773097
1881948
1480052
4862
1946320
49
63030
63030
10088
12887083
12887083
5316
6601
7422333
7422333
41
51
57519
57519
233393
93412178
178406
246849
59729225
1671
2312
559454
4311
67
4311
267057
4182
267057
308101
3092
4279
308101
2311
23
32
2311
6547234
773099
1881949
1480054
42671
103875
81692
40899254
4111021
42297980
557
90
20230570
96375
99671
33
33
9210
387982
400711
81442449
8186252
84227724
8914034738
896001325
9218888540
121411
19815
4409273838
844
136
30980211
73425867
75936981
252
761
27791016
4
11
355031
52880
54689
75019
75019
4341510
7954
83264
699803
68081
233267
310313
186198
40899254
4111021
42297980
557
90
20230570
96375
99671
33
33
9210
689407
285631
689407
173998
1947583
195762
2014189
761403
315460
33
33
121854
172351
43499
41606
41606
26037
233501
4127576
31204
14836
7954
83264
699803
1025
1060
7634
7634
410308
643494
567334
18
33
438
10401
4945
68081
233267
310313
186198
33835027
8132270
284470414
354024
91801
2976138
158826374
95299340
69951816
1635623
981608
720376
387982
400711
81442449
8186252
84227724
8914034738
896001325
9218888540
121414
19815
4409273838
844
136
30943394
73425867
75936981
252
761
27775435
4
11
355031
1822795
186183
1885134
181208
75073
1085613
466203
115788892
47972996
115788892
29223805
575031
146066
384707864
38669218
397864606
37635704
15645532
5251
853
190810523
37737971
9535550
51
9
1771475
355144
91751
178395
185126
700507
196534
12382790
18097646
18642918
71127179
19946951
1257307516
18104210
8679700
33830074
8128182
284327428
189456
107948
354024
91774
2975428
1595884
1650461
2263926
2263926
157283028
18
53
1829599
6067455
2994112
158806588
95289654
69943101
1
1
22616
75019
35663
1635623
981432
720376
56005
943864
8127
14163
638392
8127
40899254
4111021
42297980
557
90
20230570
96375
99671
33
33
9210
390757
404122
81944075
8246631
84746506
8914034738
896001325
9218888540
121411
19814
4409273838
847
136
30980211
73890810
76417824
254
764
27825454
4
11
377704
233833
14132856
5855444
161236
14132856
5855444
20449627
2055510
41502010
21148990
56225140
131348
8833737
3659944
68
33
1420
2498018
4674296
50038
3533214
1463861
7873
436864
4465
327648
10765
43744
11133
34075
1090
96438
1060983
1060983
33
33
11
4605
8617
1488
109216
11582
119716
163264
1060983
1060983
82537
888
646744
181
262949
654651
8
2280
56005
943863
8127
51741887
80274241
6931412
36164043
3695893
42462
18576000
37400828
57826609
134
51745
21438
3272
613744
254283
233833
90036914
37303583
161236
90036914
37303583
370
206981
85755
7253071087
729048236
41502010
7501121085
131348
31069420
12872506
118581
19349
1535
4300136877
2629029582
50038
27942490
11576974
1081
799
128
23
12474577
28020074
32208672
17130990
43066260
752
183637
76083
13
7007
7873
4175111
4465
3784269
11
9597
31206484
43744
32273724
1090
518420
3075567948
3101350543
247
736
11
26463267
16179185
1488
1263123
66561523
687952724
938201095
6096960310
6217499986
13
79962
888
888
4
10
11
154350
214803
348415
400501
213012
654651
8
2280
14162
638392
8127
664304
5838314
7962048
51741887
80274241
1464340
23244
785082
370299
9464
52885
54694
75023
5212164
7954
83264
699803
68081
233267
310313
186198
40899254
4111021
42297980
557
90
20230570
96375
99671
33
33
9210
689407
285631
689407
173998
1947583
195762
2014189
761403
315460
33
33
121854
172351
43499
41606
26037
233501
4127576
14836
31204
7954
83264
699803
1025
1060
7634
410308
643494
567334
18
33
438
4945
10401
68081
233267
310313
186198
34112866
8196127
286704175
424275
101935
3565860
164823948
98900287
72593324
1963634
1178251
864841
390762
404126
82043148
8246632
84848966
8914034738
896001325
9218888540
121419
19821
4409273838
853
139
30980210
73890809
76417823
255
766
27825455
3
10
377709
1852316
186187
1915664
181210
75078
1125246
466205
115788892
47972996
115788892
29223805
578747
146069
386003668
38799467
399204725
37762471
15645532
5260
858
191029153
37781211
9535550
50
8
1838153
363544
91754
185127
727587
204044
12861479
18642917
73270199
20547940
1295189439
8679700
18255546
34112866
8196127
286704175
107953
227051
424276
101938
3565860
1595884
1650462
2263927
157283028
17
52
1898925
2994113
6297357
164823948
98900287
72593324
1
1
22622
35670
75023
1963634
1178251
864842
4522
47342
397896
34952
94870
131798
79083
650165
14132856
5855444
448310
14132856
5855444
20449627
2055510
21148990
56225140
68020184
406386
8833737
3659944
68
33
2498018
4674296
1420
112077
3533214
1463861
10920
436864
4989
327648
10765
11133
34075
45208
2410
96438
1060983
33
33
4605
8617
134
1663
109216
11582
119716
163264
1060983
42199
344703
142815
168
42199
344703
86999
142815
123174
12380
127386
389879
517266
10549
86175
35703
33
33
60927
114007
134
168
10549
86175
21749
35703
11404
16020
10025
89907
1589292
168
12630
8435
17742
4522
47342
397896
526
544
1666
2210
3499
4390
51876
51876
210648
397054
335106
9
26
225
421
130
154
3499
2087
4390
566
5853
7982
51876
11726
3317
33
34952
89757
126248
75753
269
36893254
8791301
310072156
835586
197598
7022750
80382643
47676741
34678778
5427879
2827713
1856599
181845
4677
814508
389248
842364
28883
1155465
1464344
23253
80274241
9798648
37955739
3815151
20974481
39253799
60691546
170820
3713183
1538425
823389
17898260
7415505
120553815
2620515373
1085717060
83125812
2620515373
1085717060
381989
12042101
4989214
7256510360
729393938
7504677979
32658110
709899385
294121485
118593
19359
4306651706
603020
2633012637
27018744
851757529
352895346
1093
807
131
13965191
29314335
33696407
4104
17922279
45055512
183910
5797707
2402073
68643
2745998
6656195
266273258
4112255
270048447
50822
3337470
31468089
32544276
1115911
44640746
3101350543
247
743
26986458
3778
16499055
1362808
89494508
67877475
701553862
956749757
6217499986
12
79972
1555
4677
3
9
154359
214809
348422
400506
48
213019
842364
17595
1155465
785087
370307
9472
876367
9057773
12352611
80274241
2571185
12693140
3021768
303735
3125111
4831833
50839
295617
110611
122478
30849009
123557
718459
67548
297668
16735400
97312439
40317937
6791
17128737
99599599
25137811
41265540
35261624
56
141231
821227
46329
207268
340246
167170631
16803289
172887751
2812527
16354187
6775774
4489
732
163028448
22827
99672784
2198
5545074
32243310
8137846
13358865
126
12693140
41
6
1107885
1494699
1718135
209
913833
2297321
20
50839
295617
55981
74610
122478
1127791
74173
588882
2314419
649057
40911741
8741083
34354112
9634289
607273961
9567379
995
20122554
37601613
9034351
316025618
1127791
37539
279987
29
588882
1100403
264388
9248423
2189280
2264152
3105721
215765477
8
25
936509
131
572565
1476632
153
3105721
2355547
24345975
33202021
81287634
48775499
35801469
13798155
768
215765477
13
91262
7909
41253
999128
1
4
116603
157315
162267
180831
22
96179
380333
187840
248045
25
521700
354472
167196
4276
395685
4089643
5577284
473899
2064067
9310994
13654719
8193321
6013940
2317817
129
36244344
102824
10435
113989
32212
5025
35710
504
589
274
170
199
170
32304425
3921564
21949917
1991424
460652
549264
549264
307636
184738
9885
173563
16351
173563
102824
10435
113989
160957
131636
20537
131636
19539
32304425
3921564
21949917
1991424
460652
38576
32212
5025
35710
3499
809
1066
1066
500
504
589
274
965
418
418
965
549264
549264
307636
184738
9885
540
170
199
170
324
33
31164041
3161283
34556031
105331
21721
116942
12714773
1983265
14095340
56675
22507
62714
535002
525050
244965
12186
14225
6633
190689
222574
190689
5408
6311
5408
190461558
23120898
129413089
11741109
2715932
697062
84619
1635630
148393
34326
4088909
4088909
7981050
4792702
256448
6297
6297
27295
16391
1666
124449
13289
13289
124449
596835
69061
23671
69061
72447
244632
33823
244632
52616222
5050500
52616222
31164041
3161283
34556031
105331
21721
116942
118886095
17996824
2797293
17996824
14432063
267835069
32513582
181986140
16510842
3819258
91068326
12714773
1983265
14095340
8270661
1917611
1244348
151054
7934825
719892
166522
698149
56675
22507
62714
63655
14719
23868
23868
11197
1001013
1001013
425100
535002
525050
244965
12186
14226
6634
5930446
270124
270124
5930446
7056116
7056116
48814578
29313654
1568517
7193087
190689
222580
190689
4319522
247253
8526
8526
267011
160341
8573
69703
5408
6314
5408
41856
2235
102824
10435
113989
32212
5025
35710
504
589
274
170
199
170
32304425
3921564
21949917
1991424
460652
549264
549264
307636
184738
9885
173563
16351
173563
102824
10435
113989
160957
131636
5838312
91396
20537
131636
19539
32304425
3921564
21949917
1991424
460652
38576
32212
33
544734
33
5025
35710
3499
809
1066
1066
500
504
589
274
965
418
4752
418
965
549264
549264
307636
184738
9885
540
170
26
33
812
199
170
324
33
31164041
3161283
34556031
105331
21721
116942
12714773
1983265
14095340
56675
22507
62714
535002
525050
244965
12186
14225
6633
190689
222574
190689
5408
6311
5408
190461558
23120898
129413089
11741109
2715932
697062
84619
1635630
148393
34326
4088909
4088909
7981050
4792702
256448
6297
6297
27295
16391
1666
124449
13289
561044
13289
124449
596835
69061
21541700
338898
23671
69061
72447
244632
33823
244632
52577292
4953175
52577292
31148379
3161283
34530463
105310
21721
116745
119741382
17929374
4346798582
68047176
2797293
17929374
14547584
267835069
32513582
181986140
16510842
3819258
91373594
12706728
8939
1290282982
780
1982470
14086422
8289944
1917611
1244348
151054
7934825
719892
166522
698149
56675
65
9783551
7
22507
62714
63655
14719
23868
23868
11197
887965
887965
416644
449832
525050
244965
12186
14226
6634
5943440
270124
29258051
270124
5943440
7056116
7056116
48814578
29313654
1568517
7573740
183704
26
77
11388700
214422
183704
4582356
247253
8525
8525
267011
160341
8573
69703
5408
1
1
104812
6314
5408
41856
2235
102824
10435
113989
32212
5025
35710
504
589
274
170
199
170
32304425
3921564
21949917
1991424
460652
549264
549264
307636
184738
9885
173563
16351
173563
102824
10435
113989
160957
131636
20537
131636
19539
32304425
3921564
21949917
1991424
460652
38576
32212
5025
35710
3499
809
1066
1066
500
504
589
274
965
418
418
965
549264
549264
307636
184738
9885
540
170
199
170
324
33
38175731
3873394
42327820
137410
21721
152450
15312624
2388746
16975266
81384
22507
88404
723144
757912
353608
12186
14225
6633
278539
325116
278539
5408
6311
5408
190461558
23120898
129413089
11741109
2715932
697062
84619
1635630
148393
34326
4088909
4088909
7981050
4792702
256448
6297
6297
27295
16391
1666
124449
13289
13289
124449
596835
95944
23671
95944
72447
341598
56923
341598
64420869
6068928
64420869
38164873
3873394
42308806
137396
21721
152315
118886095
23163329
3613881
23163329
14432063
267835069
32513582
181986140
16510842
3819258
91068326
15306953
2388150
16968979
8270661
1917611
1244348
151054
7934825
719892
166522
698149
81384
22507
88404
63655
14719
23868
23868
11197
1335862
1335862
626802
649334
757912
353608
12186
14226
6634
5930446
377836
377836
5930446
7056116
7056116
48814578
29313654
1568517
7193087
273884
319680
273884
4319522
247253
8525
8525
267011
160341
8573
69703
5408
6314
5408
41856
2235
67543
67543
135086
102824
10435
113989
32212
5025
35710
504
589
274
170
199
170
8648
734
10094
3191
497
3725
134
134
337
609
154
134
134
134
337
269
269
134
134
32304425
3921564
21949917
1991424
460652
549264
549264
307636
184738
9885
1411123
171301
790353
66695
15427
18777
18777
11780
5692
304
173563
16351
173563
102824
10435
113989
5838312
91396
160957
131636
20537
131636
19539
32304425
3921564
21949917
1991424
460652
33
544734
33
38576
32212
5025
35710
3499
809
1066
1066
500
504
589
274
4752
965
418
418
965
549264
549264
307636
184738
9885
27
33
812
540
170
199
170
324
33
19959
14836
1461
19959
6146
8648
13578
734
10094
2674
40543
634
2480
7835
3709
1222
7835
301
1536
1411123
171301
790353
66695
15427
33
10724
33
1389
3191
3709
497
3725
117
33
730
434
1888
134
337
2696
434
134
1888
134
1888
134
337
609
154
134
426
66
66
268
472
268
674
538
268
66
472
18777
18777
11780
5692
304
1
2
33
33
134
472
134
337
269
269
134
134
33
33
236
46116567
4680419
51123895
214103
21723
237349
18790497
2931644
20830765
144292
22507
159959
1338040
1561585
732443
12186
14225
6633
592376
689381
592376
5408
6311
5408
9487620
807699
11074082
68261
5793
79678
4123205
648658
4809185
29909
4660
34914
406560
105298
3423338
1600159
2175981
549726
7707
1851
64787
30281
41257
10421
818042
490854
360288
360288
490854
360288
50891
30536
22413
22413
30536
22413
190461558
23120898
129413089
11741109
2715932
697062
84619
1635630
148393
34326
4088909
4088909
7981050
4792702
256448
6297
6297
27295
16391
1666
9823123
1192468
14313049
1207840
279395
6526
946
70124
5917
1666
91586
91586
454681
219718
11756
2424
2424
1520
734
32
121613
13288
561044
13288
124448
596835
151762
21541700
338898
23672
151762
72447
604295
56927
604295
77820001
7333396
77820001
46102924
4680419
51108769
214100
21723
237347
119837727
30472567
4346798582
68047176
4754249
30472567
14547586
267835069
32513582
181986140
16510842
3819258
91334248
18782406
8942
1289727381
778
2931642
20821795
8289943
1917611
1244348
151056
7934825
719894
166523
697055
144292
68
9783551
7
22507
159959
63655
14721
23868
23868
11197
2757998
2757998
1294407
1338040
1561585
732443
12186
14226
6634
5943442
634772
29258051
634772
5943442
7056116
7056116
48814578
29313654
1568518
7573740
592137
27
77
11388700
689381
592137
4620888
247253
8527
8527
267012
160344
8578
69699
5408
1
1
104811
6314
5408
41854
2235
19732
73436
94384
1426351
24151
11452
73436
8172
11452
56654
134237
9822
134237
23471
8247047
19539812
1433255
19539812
3443324
8457605
9487620
807699
11074082
1669371
60851
68262
5793
79677
11981
1248624
4645581
5970567
97608551
1528017
724788
4645581
517321
724788
13999387
1699442
69190131
5838774
1350615
2718654
4120226
7281040
386
56217114
35
648662
4809185
540404
620005
143416
7844
952
399461
33708
7794
19732
29909
52860
3
377299
1
4660
34913
3878
4452
1022
82336
16212
4546
203031
82336
25587
286599
2600761
362797
101739
6413155
2600761
572581
6413155
1597181
406560
104927
3416967
15115449
2175981
549726
3800737
30282
7708
1851
64787
203031
41257
10422
64787
2168299
2168299
2171367
101816
101816
4329778
2092310
111955
1
681153
3
371487
818041
490853
360288
2168299
490853
360288
329157
17606
490853
4849
4849
1520
733
32
1
42376
1
23111
50892
30537
22414
67543
30537
22414
20477
1095
30537
10435
113989
102824
5025
35710
32212
134
2099799
2367795
589
504
274
199
170
4362
15288887
19440448
3921564
32304425
1991424
460652
21949917
549264
184738
307636
9885
16351
173563
10435
113989
102824
19539
160957
20537
131636
266
3935613
3921564
32304425
1991424
460652
21949917
3499
809
38576
5025
35710
32212
134
2367791
2099799
1066
500
589
504
274
965
418
19296
29258051
549264
184738
307636
9885
324
540
33
199
170
4362
19440448
15288885
3161283
34556031
31164041
21721
116942
105331
1983265
14095340
12714773
2099805
32879
2367795
22508
62714
56675
16120
242
18178
525050
535002
244965
14226
12186
6634
222574
190689
15288887
19440449
6311
5409
138490
176097
23120898
190461558
11741109
2715932
129413089
84619
697062
148393
34326
1635630
4088909
4792702
7981050
256448
6297
16391
27295
1666
124449
13290
612638
72448
596836
23670
69061
19593
303
33823
244632
5050500
52616222
3161283
34556031
31164041
21721
116942
105331
14432063
118886095
2797293
17996824
3935616
61629
32513582
267835069
16510842
3819258
181986140
8270661
1917612
91068326
1983265
14095340
12714773
2367791
2099802
32878
151055
1244348
719892
166522
7934825
63656
14719
701670
22508
62714
56675
18178
16120
248
23868
11198
1001013
425100
525050
535002
244965
14228
12189
6637
5930447
270124
29258051
7056116
29313654
48814578
1568518
4319522
7193087
247252
222580
190689
19440449
15288887
8526
160342
267010
8573
41856
69703
2239
6318
5413
176097
138490
77840932
41173866
98816467
201815
176173
422812
74189426
95274712
77840932
41173866
98816467
201815
422812
201815
176173
422812
41206
38364
5217
56994
51412
239994
13337
12417
2512
17855
16106
81058
134
1671356
1884668
195
176
294
252
137
4077
134
134
134
134
2090
2847
7520885
9561705
1725189
1960782
2324235
16152212
930702
995712
230326
1180278
10974958
277524
96160
96160
708006
120593
200818
136101
6452
33
79126
8175
86781
506889
41206
38364
5217
56994
51412
239994
3031
3446
4084
28387
27913
4572
29310
198993
1
134
1427
1836070
1836070
1725189
1960782
2324235
16152212
930702
995712
230326
1180278
10974958
1635
1749
404
2074
19288
13337
12417
2512
17855
16106
81058
1
134
1667
1884665
1671356
1884665
499
533
250
15650
195
176
294
252
137
4077
2027
630
273
12596
1
12596
3959
33264819
277524
96160
708006
120593
200818
136101
33
6452
1244
211
352
239
14
33
134
134
134
134
2090
1
2847
2983
9561705
7520885
17092223
15799621
2148858
23471825
21172878
173827684
54785
51555
26039
74674
71247
1136601
77840932
66822647
160373035
6786294
6318333
1278607
9085130
8246477
75111792
1671357
26161
1884668
32658
32494
16928
34511
33825
546374
23663098
21326205
51182472
12121
179
13670
180773
162401
271807
232869
126813
19342094
20680
18579
31098
26641
14506
406445
201815
686423
1647404
89589
77867
62233
55909
5770181
7520885
9561705
26907
23053
18690
16790
279276
64462
546325
546325
275876
546325
10923365
12415070
14716342
102270836
17114633
18310091
4235457
21704071
201817857
15389
17491
20733
144087
69352
74196
17163
87950
817815
883957
607818
607818
38586123
2794851
4654127
3154266
149547
108
31626
12089
12089
19410
4066
6771
4589
534
1
403348
265007
31898
828525
64462
8127
1
546325
546325
2983
546325
82980
94310
111793
528287
43903
30815
45702
1341323
23663098
1
527949
622833
51182472
51182472
20
25508
394
25508
96298
31947
105556
2249046
74189426
175082
390044
156064994
156064994
30485302
3194191
33434616
355159825
17092223
15799621
2148858
23471825
21172878
173827684
54785
51555
26039
74674
71247
1198060
77840932
82307
243619
66822647
160373035
36347555
5818060
6612579
7838295
54472023
7288529
1202109
7653328
96516176
1
1427
1836070
28744
1836070
15661888
17800691
21100248
146635621
78847583
84355089
19512868
99991249
929780366
5936850
6351541
1507764
7528869
70008072
6786294
6318333
1278607
9085130
8246477
75111792
1
1670
1884668
1671357
26164
1884668
20114
22860
27099
188353
408719
437270
101145
518322
4819697
44760
47889
11070
56768
401367
32658
32494
16928
34511
33825
546373
23663098
1
142585
257613
21326205
51182472
11570591
13
13670
12121
188
13670
31898
31898
26404
1011406
201815
230417
64617
1647404
1647404
355507
379482
178057
40971604
180773
162401
271807
232869
126813
19342094
20683
18580
31098
26643
14509
430383
201815
95305
17452
686423
1647404
546325
6778279
5784135
188429
34448144
1
3271
33264819
883957
840948
38586123
20115205
33496856
22702000
108
1076326
4158963
1945428
3239625
2195608
14
127450
89589
77867
62233
55909
5784841
1
2983
9561705
7519776
31624
30086
19410
10115
16849
11417
1
534
341957
178264
265007
201189
1
9538
26914
23058
18695
16795
432926
64462
8127
8127
1
190329
446383
546325
546325
546325
2983
546325
546325
10435
113989
102824
5025
35710
32212
134
2099799
2367795
589
504
274
199
170
4362
15288887
19440448
3921564
32304425
1991424
460652
21949917
549264
184738
307636
9885
16351
173563
10435
113989
102824
19539
160957
20537
131636
5838312
91396
266
3935613
3921564
32304425
1991424
460652
21949917
3499
809
38576
5025
35710
32212
33
544734
33
134
2367791
2099799
1066
500
589
504
274
965
418
4752
19296
29258051
549264
184738
307636
9885
324
540
33
199
170
26
33
812
4362
19440448
15288885
3161283
34556031
31164041
21721
116942
105331
1983265
14095340
12714773
2099805
32879
2367795
22508
62714
56675
16120
242
18178
525050
535002
244965
14226
12186
6634
222574
190689
15288887
19440449
6311
5409
138490
176097
23120898
190461558
11741109
2715932
129413089
84619
697062
148393
34326
1635630
4088909
4792702
7981050
256448
6297
16391
27295
1666
124449
13290
612638
72448
596836
23670
69061
19593
21648757
303
338897
33823
244632
4953175
52577292
3161283
34530463
31148379
21721
116745
105310
14547584
119741382
2797293
17929374
3935615
4346798582
61628
68047177
32513582
267835069
16510842
3819258
181986140
8289943
1917611
91373593
1982470
14086422
12706728
2367791
2099801
8938
1290282982
32878
782
151054
1244348
719891
166522
7934825
63656
14719
701670
22508
62714
56675
18178
16120
65
9908268
248
7
23868
11198
887965
416644
525050
449832
244965
14228
12189
6637
5943440
270124
29258051
7056116
29313654
48814578
1568517
4582355
7630770
247252
214422
183704
26
78
11570944
19440449
15288887
8525
160341
267010
8573
41856
69703
2239
6318
5413
1
1
104812
176097
138490
1377408
479808
1377408
77840932
41173866
98816467
4753031
3012332
4753031
422812
201815
57692
176173
422812
422812
307035
180177
307035
1377408
479808
1377408
74189426
95274712
77840932
41173866
98816467
422812
201815
57692
422812
426861
426861
426861
4753031
3012332
4753031
422812
201815
57692
176173
422812
41206
38364
5217
56994
51412
239994
13337
12417
2512
17855
16106
81058
134
1671356
1884668
195
176
294
252
137
4077
134
134
134
134
2090
2847
7520885
9561705
1725189
1960782
2324235
16152212
930702
995712
230326
1180278
10974958
96160
96160
277524
120593
200818
136101
6452
33
708006
79126
8175
86781
506889
4963
376789
156109
41206
38364
5217
56994
51412
239994
2815
376789
156109
3031
3446
4084
28387
27913
4572
29310
198993
1627220
1
1029664
16118
3151397
134
1427
1836070
1836070
343
93226
38625
1725189
1960782
2324235
16152212
930702
995712
230326
1180278
10974958
1635
1749
404
2074
19288
13337
12417
2512
17855
16106
81058
66
1
33
272367
33
311593
134
1667
1884665
1671356
1884665
938
94197
39027
499
533
250
15650
41
67968
195
176
294
252
137
4077
24
67968
630
2027
273
12596
3102
3102
3102
5940
1
3102
3102
9494
12596
3959
33264819
12
21272
3102
96160
277524
120593
200818
136101
33
6452
708006
211
352
239
14
33
1244
134
134
134
134
2090
3102
3102
3102
11
1
33
350
477
3102
14
33
530
607
2847
2983
9561705
7520885
8
21272
3102
1377408
479808
1377408
104129
59514
104129
17092223
15799621
2148858
23471825
21172878
173827684
54785
51555
26039
74674
71247
1136601
77840932
66822647
160373035
6786294
6318333
1278607
9085130
8246477
75111792
1671357
26161
1884668
32658
32494
16928
34511
33825
546374
23663098
21326205
51182472
12121
179
13670
180773
162401
271807
232869
126813
19342094
4848561
3012332
4848561
20680
18579
31098
26641
14506
406445
2494004
201815
57692
686423
1647404
1647404
89589
77867
62233
55909
5770181
7520885
9561705
148115
148115
148115
26907
23053
18690
16790
279276
828525
64462
16421
546325
546325
275876
546325
546325
10923365
12415070
14716342
102270836
17114633
18310091
4235457
21704071
201817857
15389
17491
20733
144087
69352
74196
17163
87950
817815
307035
180177
307035
1377408
479808
1377408
607818
607818
883957
2794851
4654127
3154266
149547
108
38586123
12089
12089
31626
104129
59514
104129
4066
6771
4589
534
1
19410
104129
59514
104129
403348
383723
31898
828525
64462
888
16421
8127
122
11
1
252451
2983
82194
546325
8
155
2609129
82980
94310
111793
647003
43851
30815
45651
1341323
23663098
13514
1
5865544
20
1206816
527949
622833
25508
21410570
394
441182
25508
51182472
8
1329
550
96245
31922
105556
2249045
74189426
175082
390044
156064994
8
4653
1928
30485302
3149791
33434616
355155030
4963
2581707
1069638
16969804
15799621
2148858
23471825
21172878
173827684
2815
2586555
1071647
54785
51555
26039
74674
67360
1198060
77840932
82307
243619
36253597
66822647
160373035
8
5934
2458
5942683
6741813
7978338
55346369
7288529
1194052
7653328
96516176
1627220
1
1427
1836070
2021035592
28743
31647486
1836070
343
246009
101925
15661888
17800691
21100248
146635621
78847583
84355089
19512868
99991249
929780365
6072525
6492629
1526342
7691950
71482892
6786294
6318333
1278607
9085130
8195287
75110645
66
1
1670
1884667
1671357
7110
1019526427
381087649
26164
622
1884667
938
801219
331956
20114
22859
27099
188353
408719
437270
101144
518322
4819696
44760
47889
11070
56767
520082
32608
32444
16928
34461
33450
546372
23663098
11
1
1379613
13
51
142585
257613
13670
12121
51
5663532
7483323
2118869
188
5
13670
11570204
21326205
51182472
8
1329
550
31898
31898
26404
1011406
2494004
201815
57692
230417
64617
1647404
8
620
351584
375294
176092
40971604
41
269700
180773
162401
271807
232869
126813
19310178
24
334800
426861
426861
426861
4848561
3012332
4848561
20683
18580
31098
26643
14509
430383
2494004
201815
57692
95305
17452
546325
686423
1647404
8
620
6775851
6378397
188429
34448144
14298691
5286312
64935
5940
1
3271
33264819
12
79290
34863638
883957
840948
38586123
20115205
33496856
22702000
108
1076325
4158963
2145301
3572464
2421184
14
127449
89589
76755
62233
55909
5784841
14298691
5286312
64935
11
1
2983
380607
3760919
5118794
14
40
5691121
9561705
7519776
2173759
33264819
8
79290
34863638
31624
30085
148115
148115
148115
19410
10115
16849
11417
1
534
148115
148115
148115
341957
178264
296855
201189
1
9538
26914
23058
18695
16795
432926
828525
64462
888
888
16421
8127
8127
122
11
1
113322
219462
2983
2
52387
28484
294402
401493
1
190329
3
446383
546325
546325
166853
546325
546325
8
155
2609129
10435
113989
102824
5025
35710
32212
134
2099799
2367795
589
504
274
199
170
4362
15288887
19440448
3921564
32304425
1991424
460652
21949917
549264
184738
307636
9885
16351
173563
10435
113989
102824
19539
160957
20537
131636
266
3935613
3921564
32304425
1991424
460652
21949917
3499
809
38576
5025
35710
32212
134
2367791
2099799
1066
500
589
504
274
965
418
19296
29258051
549264
184738
307636
9885
324
540
33
199
170
4362
19440448
15288885
3873394
42327820
38175731
21721
152450
137410
2099805
32879
2388746
16975266
15312624
2367795
16120
242
22508
88404
81384
18178
757912
723144
353608
14226
12186
6634
15288887
325115
278539
19440449
138490
6311
5409
176097
23120898
190461558
11741109
2715932
129413089
84619
697062
148393
34326
1635630
4088909
4792702
7981050
256448
6297
16391
27295
1666
124449
13290
612638
72448
596836
23670
95944
19593
303
56923
341598
6068928
64420869
3873394
42308806
38164873
21721
152315
137396
14432063
118886095
3613881
23163329
3935615
61628
32513582
267835069
16510842
3819258
181986140
8270661
1917611
91068326
2388150
16968979
15306953
2367791
2099801
32878
151054
1244348
719891
166522
7934825
63656
14719
701670
22508
88404
81384
18178
16120
248
23868
11198
1335862
626802
757912
649334
353608
14228
12189
6637
5930446
377836
29258051
7056116
29313654
48814578
1568517
4319522
7193087
247252
319680
273883
19440449
15288887
8525
160341
267010
8573
41856
69703
2239
6318
5413
176097
138490
41173866
98816467
176173
422812
95274712
41173866
98816467
90276
422812
90276
23070
42923
176173
422812
13889
90276
41206
38364
5217
56994
51412
239994
13337
12417
2512
17855
16106
81058
134
1671356
1884668
195
176
294
252
137
4077
134
134
134
134
2090
2847
7789002
10021271
1725189
1960782
2324235
16152212
930702
995712
230326
1180278
10974958
277524
96160
96160
708006
120593
200818
136101
6452
33
79126
8175
86781
506889
41206
38364
5217
56994
51412
239994
3031
3446
4084
28387
27913
4572
29310
198993
134
1427
1836070
1836070
1725189
1960782
2324235
16152212
930702
995712
230326
1180278
10974958
1635
1749
404
2074
19288
13337
12417
2512
17855
16106
81058
134
1341
1667
1884665
1671356
1884665
499
533
250
15650
195
176
294
252
137
4077
2027
630
273
12596
12596
7495
34863638
277524
96160
708006
120593
200818
136101
33
6452
1244
211
352
239
14
33
134
134
134
134
2090
2847
6519
6519
10021271
7881199
21142178
19622544
2668802
29151137
26295931
173965367
69074252
165776842
79494
76264
26039
104851
98274
1136601
1671357
26161
8616636
8022461
1623462
11535495
10428488
75212282
1884668
22076740
52983741
12121
179
57367
57203
16928
59220
58534
546374
13670
271346
243768
407991
349542
190350
20011709
818871
1965275
20680
18579
31098
26641
14506
406445
7789002
137043
118151
95422
86026
5770181
10021271
558129
652282
275876
26907
23053
18690
16790
279276
716003
10923365
12415070
14716342
102270836
17114633
18310091
4235457
21704071
201817857
15389
17491
20733
144087
69352
74196
17163
87950
817815
883957
607818
607818
38586123
2794851
4654127
3154266
149547
108
31626
12089
12089
19410
4066
6771
4589
534
1
482481
265007
12
651
39439
278541
652282
2609129
6519
56607
2609129
82980
94310
111793
528287
12
651
60117
527949
622833
52983741
67371414
20
68560
30815
70360
1341323
25508
394
25508
175082
390044
162104543
177388547
136666
36264
149888
2249045
39525307
4083819
43349201
355271349
21075869
19622544
2668802
29151137
26295931
173991205
82307
243619
69074252
165776842
45116754
79494
76264
26039
104851
94811
1198060
5818059
6612579
7838294
54472023
1427
9503281
1556886
9978931
96516176
1836070
28743
1836070
15661888
17800691
21100248
146635621
78847583
84355089
19512868
99991249
929780365
5936850
6351540
1507764
7528869
70008072
1343
1670
8616636
8022461
1623462
11535495
10405652
75271325
1884667
1671357
26164
1884667
20114
22859
27099
188353
408719
437270
101144
518322
4819696
44760
47889
11070
56767
401366
12
651
44877
142585
257613
22076740
52983741
15229842
10
13
57317
57153
16928
59170
58159
546372
13670
12121
188
13670
278541
230417
64617
1965275
4073078
52718
56273
26404
1651777
526028
561503
263464
40979792
271346
243768
407991
349542
190350
20117320
222234
278541
120357
278541
95305
17452
818871
1965275
920750
20683
18580
31098
26643
14509
430383
6983376
5784135
6847
288236
34863638
883957
840948
38586123
20115205
33496856
22702000
108
1076325
4286340
1945428
3239625
2195608
14
127449
6519
6519
137043
117410
95422
86026
10021271
7881200
5784841
31624
30085
19410
10115
16849
11417
1
534
341957
178264
265007
201189
1
9538
6
530
39439
142359
264868
77098
278541
190329
446383
652282
652282
589814
2240
3099
26914
23058
18695
16795
749973
589814
432926
166853
10435
113989
102824
5025
35710
32212
134
2099798
2367796
589
504
274
199
170
4362
15288887
19440448
734
10094
8648
497
3725
3191
134
92307
104091
154
134
134
134
337
609
134
134
134
134
337
269
269
490854
624141
3921564
32304425
1991424
460652
21949917
549264
184738
307636
9885
171301
1411123
66695
15427
790353
18777
5692
11780
304
16351
173563
10435
113989
102824
5838312
91396
19539
160957
20537
131636
266
3935612
3921564
32304425
1991424
460652
21949917
33
544734
33
3499
809
38576
5025
35710
32212
134
2367791
2099798
1066
500
589
504
274
4752
965
418
19296
29258051
549264
184738
307636
9885
27
33
812
324
540
33
199
170
4362
19440448
15288885
1461
19959
14836
6146
734
10094
8648
13578
2674
40543
634
301
2480
1222
7835
3709
1536
134
88367
171301
1411123
66695
15427
790353
33
10724
33
117
33
1389
497
3725
3191
3709
730
134
104091
92307
434
134
1888
134
337
2696
154
134
134
426
1888
134
337
609
66
66
268
472
268
268
674
538
2171367
18777
5692
11780
304
1
2
33
33
33
33
134
134
236
472
134
134
337
269
269
624141
490854
4680421
51123895
46116567
21724
237348
214102
2099805
32880
2931644
20830765
18790497
2367795
16119
241
22508
159960
144293
18179
1569898
1344996
732442
14225
12185
6633
15288887
697654
597707
19440449
138490
6310
5408
176096
807698
11096182
9506554
5793
79678
68260
92309
1440
648658
4852859
4157642
104095
660
11
4659
34914
29912
742
452222
108652
3800736
2420372
1776565
611468
7707
1851
64786
41256
30281
10421
818042
490853
360288
490853
490853
360288
624140
50891
30536
22413
30536
30536
22413
38829
23120898
190461558
11741109
2715932
129413089
84619
697062
148393
34326
1635630
4088909
4792702
7981050
256448
6297
16391
27295
1666
1192468
9823123
1207840
279395
14313049
946
6526
5917
1666
70124
91586
219718
454681
11756
2424
734
1520
39
124450
13291
612638
72452
596838
23678
151765
19600
21648756
306
338901
56929
604297
7333397
77843031
4680421
51123895
46116567
21729
237350
214102
14547586
119837727
4754249
30472567
3935617
4346798582
61636
68047176
32513582
267835069
16510842
3819258
181986140
8289944
1917615
91373594
2931643
20830765
18790497
2367796
2099805
8948
1290282982
32885
785
151056
1244348
719893
166524
7934825
63659
14725
701670
22512
159962
144294
18182
16124
68
9908268
252
6
23870
11200
2790282
1309233
1569898
1344996
732444
14228
12190
6638
5943441
634775
29258051
7056116
29313654
48814578
1568518
4620888
7694936
247254
697654
597709
26
80
11570944
19440449
15288887
8527
160343
267012
8579
41857
69703
2239
6319
5414
1
1
104813
176097
138491
19739
8178
11458
73441
94388
1397
1543090
21
24156
56657
23473
9826
134239
8310899
3443324
1441490
19691096
8474483
1669371
807699
11096181
9506554
60855
11987
5800
79681
68266
1248626
517323
724791
4645581
5970567
88375
97608551
1384
1528017
1699442
13999387
5838774
1350614
69190131
2743345
540406
620008
143419
648664
4852861
4157645
7347165
104100
92318
393
56727667
1445
34
952
7844
33709
7797
399461
19739
3888
4461
1031
4667
34918
29915
52865
749
664
2
408178
10
1
116226
25588
16213
4546
286599
2600761
572582
362798
101743
6413155
2420372
1776565
611468
452222
108653
3800736
16813110
41258
30283
10423
7708
1852
64787
286599
2171367
101816
2092310
4329778
111955
329159
1
681154
2
371488
17612
818042
624142
490854
360289
2171367
4849
735
1521
39
20477
1
42376
1
23111
1095
50892
38829
30537
22414
135086
457
438
248
438
438
248
1377408
479808
1377408
14997
4998
14997
41173866
98816467
4753031
4753031
176173
422812
422812
422812
1467639
3513881
62670
62670
12212
12212
12212
12212
307035
180177
1377408
479808
14997
4998
14997
4998
95274712
41173866
98816467
90275
422812
90275
426861
4753031
23069
42922
176173
422812
13888
90275
3513881
1464129
3513881
12212
6240
4857
248
12212
12212
404280
202531
248
216749
82499
248
62670
62670
12212
12212
6240
4857
248
12212
12212
12212
12212
41206
38364
5217
56994
51412
239994
13337
12417
2512
17855
16106
81058
134
1671356
1884668
195
176
294
252
137
4077
134
134
134
134
2090
2847
7789002
10021271
1435
7087
4399
5239
4707
602
8272
7087
990
2499
1551
1952
1733
394
2950
2499
134
42383
47794
67
134
134
134
134
134
134
134
134
337
337
67
134
134
134
134
134
134
134
134
337
269
269
902269
1300367
1725189
1960782
2324235
16152212
930702
995712
230326
1180278
10974958
96160
96160
277524
120593
200818
136101
6452
33
708006
8262
9390
11131
77354
62341
66695
15427
79058
790353
18777
18777
18777
18777
50730
18777
18777
2846
5890
3212
152
1
19112
79126
8175
86781
506889
8549
376789
156109
41206
38364
5217
56994
51412
239994
5207
376789
156109
1029664
16118
3031
3446
4084
28387
3151397
4181061
27913
4572
29310
198993
2115
93226
38625
134
1430
1836072
1836072
1725189
1960782
2324235
16152212
930702
995712
230326
1180278
10974958
33
272367
33
1635
1749
404
2074
19288
311593
134
13337
12417
2512
17855
16106
81058
1301
94197
39027
134
1341
1667
1884665
1671356
1884665
499
533
250
15650
236
67968
195
176
294
252
137
4077
236
67968
3102
3102
630
9494
12596
273
12596
236
21272
12596
2027
87101
34863638
96160
277524
120593
200818
136101
33
6452
708006
33
350
477
3102
14
33
530
211
352
239
14
33
607
134
134
134
134
134
2090
236
21272
2847
1244
29928
41408
10021271
7881199
1055
3943
12225
10907
894
12225
12225
8094
3353
168
1362
1435
7087
5239
4707
602
8272
7087
4399
11127
2191
4610
40543
634
264
301
356
2480
107786
128922
325
3917
6135
5843
957
6135
6135
2382
987
134
438
2639
14270
89155
1388
89155
8262
9390
11131
77354
62341
66695
15427
79058
790353
33
10724
16
109
117
33
138
1389
10657
134
43
325
990
2499
1929
1733
389
2917
2499
1551
2382
469
987
134
438
1075
7650
47794
42383
476
660
47794
672
67
217
190
217
134
944
134
337
1348
457
438
438
61
672
67
134
134
134
134
134
134
134
236
944
134
337
337
438
438
438
33
33
33
33
33
101
134
168
67
134
134
236
134
101
134
337
269
438
4523930
18777
18777
18777
50730
18777
18777
2846
5890
3212
1
152
19112
33
33
33
33
33
1
5
33
33
33
16
33
33
33
3
33
101
26
26
168
67
134
134
134
134
134
134
236
236
134
101
134
337
269
269
16
438
438
438
534187
1300367
1022670
1377408
479808
1377408
104129
59514
104129
14997
4998
14997
4999
1666
4999
29854666
27770719
3782854
41319905
37272829
173965366
77035217
194486077
205698
191515
26041
284516
256648
1136601
1671356
26160
12385075
11510173
2333469
16580485
14956509
75212281
1884668
24731268
62555580
12120
179
89891
83693
16931
120347
108559
546374
13672
966798
868485
1453662
1245412
678212
20011709
4848561
4848561
1516564
4073078
20679
18578
31098
26640
14505
406444
4073078
4073078
7789002
359626
308104
249810
224424
5770181
10021271
148115
148115
558128
1615091
275875
26907
23053
18690
16790
279275
716002
1615091
2263980
4571121
2981780
5632631
5027371
655090
8999693
7695114
71341
50765
7598105
20738368
92680
83261
10646
146331
125368
1119956
42386
653
1474247
1310288
297872
2228501
1909248
47795
62952
2756640
8024334
2662
42
92898
83457
18763
140428
120310
3006
355936
189546
280389
67363
2329578
677630
529641
1500702
1101521
379126
62670
62670
56200
29608
37117
8917
171728
291543
1083821
89807
72480
198665
145821
50189
1083821
1380035
1573715
902268
644394
198088
902268
1022668
721509
436633
334094
1300366
29997
29997
221693
171728
147126
61111
233146
361187
171728
305503
224241
147418
118976
549366
361187
722374
10923365
12415070
14716342
102270836
17114633
18310091
4235457
21704071
201817857
15389
17491
20733
144087
69352
74196
17163
87950
817815
307035
180177
1377408
479808
607818
607818
883957
2794851
4654127
3154266
149547
110
38586122
104129
12089
59514
12089
31625
104129
4066
6771
4589
535
59514
1
19409
75532
85847
101760
707180
564490
603920
139697
715863
7156524
1704
1752
1826
10387
989
1063
241
1257
5818
14997
4998
14997
4998
145746
145746
288192
22093
45720
24934
1737
1
108572
288192
4999
1666
1666
29997
4999
1666
1666
1666
243
1666
1
11301
29997
9304304
82987
94320
111803
776974
82
19
188153
30824
197570
2999839
8179
2041
233221
527955
622838
360518
149367
1341327
25516
28182703
399
441187
25516
67371414
351082
36274
385048
21537
175091
390051
949242
393284
2249050
177388547
55458762
5730090
60824146
3402221
149947177
62125263
355271349
29873720
27813724
3782860
41319906
37272830
2143787
155102005
64260983
173991205
205703
191518
26047
284519
256652
14761
82311
243623
1067996
442486
1198063
45116754
83159222
199580491
5971405
6786866
8044888
55907738
1437
13538698
2217993
14216326
588595
25941350
10747873
96516176
1836078
2027906263
28755
31745960
1836078
15661888
17800691
21100248
146635621
78847583
84355089
19512867
99991249
929780365
6167665
6598477
1526347
7821579
72729870
1350
1676
12385081
11531045
2333475
16580489
14956514
686478
49666391
20577497
75271327
1884674
1671364
7122
1027015683
35614
383887050
26175
625
1884674
20117
22865
27103
188354
408721
437270
101148
518323
4819696
2188432
44769
47897
11079
56775
527931
32
9
12
89900
83701
16938
120354
108566
52
4983
1121
153916
142594
257621
360518
149367
546379
13680
12132
51
7454900
9850287
258
2786558
190
4
13680
15229842
28071653
67371414
52719
56274
26404
12215
869655
1651777
230418
64618
4073078
1307937
1396143
655086
303060
40979792
101051093
966800
868543
1453664
1245414
678215
271478
20117320
190386813
426861
4848561
20683
18581
31099
26644
14509
5807
222235
413482
120357
869655
430383
95306
17452
920751
1697129
4073078
7444361
7082153
87108
756392
104559
34863638
883957
840948
38586122
20115204
33496855
22701999
112
1076326
4569290
2382001
3966629
2688324
13
127456
29932
41415
359631
308110
249818
224429
49713
380612
3933851
5364821
13
41
5964655
10021273
7881202
5784843
206
2229522
34863638
31626
30087
148115
19412
10119
16851
11421
1
541
148115
113322
219462
341957
178264
296855
201189
1
9538
6
2240
3099
26914
23058
18695
16795
2
52387
3720
530
1311
6838
42289
142359
264868
77098
557083
28484
294402
401493
1
190329
3
446383
749973
589814
432926
15
166853
1087146
2609129
19220
20614
45923
236240
111760
5267
46303
19384
264794
264794
139504
20885030
640676
7874801
3725386
1543480
646152
8826594
8826594
4650210
231
1182048
5700197
5120880
6873334
1353964
2847720
655094
8999694
7710407
4786713
3122413
3
19220
8613
25493
92684
83265
111760
2665
22015
46303
10651
146334
125370
77831
50770
4721226
8702167
20885030
216652
2507
643403
4463678
1259783
521946
731267
4687090
866816
6023915
4687090
89165
98480697
1396
1541671
89165
91638
104153
123459
857975
3423291
3662408
847181
4341276
43399945
42
216652
634
266127
1474248
1324419
1259783
248162
521946
284716
65860
297876
2228503
1909249
337491
353090
3373923
2512918
1185285
47804
42394
180
26050154
903
9737258
479
663
15
47804
2413
2743
3251
22599
998
1068
247
1266
12657
2
13653
39
31400
56730
16770
92904
83462
79389
10695
15638
32892
17942
4150
18771
140435
120317
21268
22251
212617
158359
74694
60880
3012
2671
37
901896
11
1641628
2169111
56
613622
30
41
1
3012
3353732
6181600
14835720
3710249
4227554
2721800
1649322
1173405
930736
589731
165384
19927
10424626
678402
547516
1500702
1101523
424535
1459255
671838
223662
379128
280391
67368
5039
2356569
61
10424626
62670
62670
89808
72481
198666
145822
56200
193179
88939
29608
50189
32291
37118
5913
7883
8918
667
162955
311967
8
88252
575019
1380035
288192
43687
90405
49305
1
2337
108573
288192
49388
510459
696142
685786
1
1419150
5
773977
534187
3
36695
1704348
1300367
1022670
750645
493482
398273
26
26
289304
16
4523930
4547
9410
5132
1
243
11301
29997
