15221845
2887982
12542613
2941318
15715236
12560569
15634951
12848983
12692459
12741463
12868585
15820885
15509738
15508429
15505480
15726665
16075339
15969518
12775618
15998811
2976660
15998477
12774366
12882524
3002675
1056571
15900001
145673127
1559546
95590719
150429950
157354485
101670770
97022158
58353622
147605543
30007885064
14556116024
78303779379
77676681696
77670128273
30699873551
78763106728
80509355616
19707487347
409653189
67083194357
64518931971
6343123613
94215743
3511299
60993443
106006736
108070160
71299648
64370094
41874647
98056524
105921960
15035265
3556647
7786178
13385587
55555965
21140695
33086458
42453784
98033142
105921960
15035265
7786178
21140695
98033142
4550093277
2899322823
7954480078
4336101896
4550093277
294827589
2899322823
4021580364
281625693
7954480078
12539951321
1837792416
4336101896
39837033613
94215743
60993443
71299648
98056524
28512327282
22712962671
26827482571
4337136098
28512327282
291053824
22712962671
31849172558
548780518
26827482571
24396622684
1812722005
4337136098
39837033613
22624394
1579689
10718997
15989396
79853686
30145881
49869736
61807819
147570346
147605543
2818192
46606168
1728387
10667422
5592600
5552086
3622749
6080424608943
19386537918475
10769625853117
17967583301382
852676930979
22624394
10718997
30145881
147570346
2739003
46131842
1696331
10262920
5211741
5552086
3622749
5744142824371
19173225906710
10532627316674
9898010805502
852676930979
1426511833
925246253
2309212992
1616157893
212647133
424317034
20129017
96015754
270805154
56220729
1520113
1426511833
34102959
925246253
1157742361
52942313
2309212992
3851386844
528571439
1616157893
11306515416
218795099
428679841
20509401
99800115
292936085
56220729
1520113
145673127
95590719
101670770
147605543
27712030706
14556116024
73973138616
76891342995
71363679817
30362079778
77029830078
78173436309
18728392985
329341862
36954896575
64518931971
6308580527
8931334240
7243596118
7788110685
1616543363
2332073620487
77277607798
2538160275787
96122060693
8931334240
33666660
7243596118
9161830155
107025450
7788110685
7483349043
498419783
11306515416
1616543363
13517221
9713008
8750854
15208818
15385480
9598542
9235258
14068568
15196656
4177927
300504
177519
2157799
9838809
1117477
1920972
7909267
2846176
4747113
14064889
15406829
15196656
13079328
688481
2906604
47502
14952258
2157799
1117477
2846176
14064889
13079328
646440
2624348
47502
14552801
4177927
300504
169639
551523921
351431453
904706047
525585691
4265254945
167631962
8466524
1903210
552708892
551523921
367659808
351431453
487462044
32927420
904706047
1519987109
525585691
563475908
4828709140
4265254945
178533932
9377122
1903210
567880056
13517221
8750854
9598542
14068568
3456023776
2753073723
3051234710
525711048
3456023776
362953798
2753073723
3860488010
64052016
3051234710
2957152786
525711048
4828709140
555789200
7314848
12542613
2476360
3837203
15998477
9907494
12374901
15900001
16119902
15900001
29049329
478250
8363460
267281
8701850
1870035
1448003
586043
6612386
63881
949533
609216
2525547
150108
30218151
3136559661
874671720
7699629932
1572240713
2695796417
122657946
322143360
7314848
2476360
9907494
15900001
29049329
464811
8278342
262324
1799124
1376957
6021643
63881
949533
609216
2352658
29410859
3073346219
826297440
7614910135
1537641670
1485064609
122657946
287625090
8701850
586043
143445
203953156
135286641
316899498
274991675
1505811692
30492907
72987960
2837153
16468855
60126473
1791175
635488
9306076
199088
98152088
259601474
100585904756
75450071602
203953156
178858878
135286641
171336326
7132358
316899498
562792422
274991675
187347215
1653476338
1505811692
31374505
73738419
2890768
17117958
64036807
1983821
635488
9306076
199088
106173343
266727208
102654783682
84504935198
15221845
2887982
2882039
14512889
12560569
14770250
12692459
12741463
12267455
15352929
14249218
15334872
15380581
15608925
15855465
12140908
12862290
2974334
12774366
12104780
7096745
12526861
12882524
2680933
1050818
15900001
1276284466
1059820043
1068783080
275057264
577856145
75719113
612147349
296716862
304226524
550932428
349635126
2273180127
380532578
2827504168
1276284466
176569502
1059820043
1356908170
13764555
1068783080
1094919273
1653476338
179434221
275057264
577856145
77276525
612625904
312864135
315781197
617050563
15921218
6093892
3364184
3339257
6352860
16050550
4875186
6012382
16304984
5034689
15954333
15920666
6226727
16971378
16978831
17053258
17215507
17282428
4819578
46416
6413144
3472245
16322646
10697971797
336205735
9819557552
314467626
26331995172799
924767629951
28687539149971
988693761226
12191112757
518071394
3865227659
2469087011
2837033647
782456197
1244196144
89667775
727154820
1974567359
1227855962
7491562469
13089329134
2932072723
1969669835
620660
9232863
262945
1164475
2462717
994691
650016
1933758057
1902252067
489419123
3547852450
2441919400
1562869598
731864801
1216816115
89667775
603219
9138897
258068
1081118
2369332
994691
650016
11992487559
703768656
1957247967
1188613290
7491562469
12927485624
2914011301
1967032212
42434088
95701027
3042660
43773981
26355724
11795222
200751
7939127534204
1627769289733
43660925
96685021
3100158
47351310
27394508
11795222
200751
8649326815515
1740291603372
5627659
3339257
15162864
4474883
15793029
14627983
6158214
9349220
16960390
4580135
37316
5998488
15963446
15849056
16322646
15661819
2881093
761902
5819016
16062987
4990529
16436182
17215507
17068739
3450856
16300788
16322646
7621974042
9882403048
401559642
10005510
5368033155
147305038
26447158634
3136348028
437045693
12445393
6268125028
1228252695
8303802173
26845598578
10565540924
3136348028
32876
96895
45018
3854778
1246950
3891908
4543850
1084129
217658
117547
115596
4477482
3891908
4375249
978851
204367
109947
115596
4357864
29998
96895
43020
3944539
1246950
1083144757
2204822
42406328
3380486
140358254
12494410665
339014576
1083144757
2441956
45164230
3380486
144210912
13612105454
362449534
1922893
3686963
3631091
3609937
1837959
400123
95974
3733408
3744009
395129
60954
1939553
394698
1951292
3722266
1867362
205852
1888846
379760
1928096
968611
549480
198774
405716
409978
208618
716524
407574
1033068
369050
1951618
3603857
1750177
183628
16611
737428
122633
2148169
3754734
3779738
3738769
1955693
3728360
272475
274623
271331
271776
268036
274623
268703
271776
97480489
13503163
96469752
97480489
13635238
96469752
3557911
3609937
1783196
384737
90666
3436587
1939553
383608
1931433
202034
1868063
1740861
931882
549480
383470
204028
394720
407574
955021
369050
1932627
1750177
163952
16611
692398
3754734
3628755
3626893
3733408
382422
55619
3686211
1850983
379760
192421
405173
3494066
117189
2148169
3756455
3692540
1955693
3728360
143798574
3590179
17194143
244898
171202
4663978
2062117
15106
9362677
1205042
5698308
61164347
3619090
17173223
66027506
2183292254
277322551
251141870
60465010
4202167906
667141939
44803667
535725775
70083463
535001368
143798574
3693977
17370932
249526
189615
4847804
2062117
15106
10127820
1205042
6068898
62843232
3763828
17173223
66027506
2250342125
280047678
251141870
61708671
535725775
4578075285
70768953
713259257
50180615
535001368
75759
77402
76465
77651
72548
72789
75717
78949
74037
72897
79592
77397
78837
78542
79619
76029
77385
77061
71359
76421
72096
74688
75030
75883
77717
74974
79788
78550
76823
78093
77534
79073
73818
79280
43988
78550
79851
71294
79416
79851
77646
64196
79851
79851
76403
67556
4219
79169
76708
72594
78933
78571
79013
78863
77418
79744
76306
77298
79851
79359
79851
79851
79851
998571
71756
8247164
8224812
8422083
88297
1055861
1039470
1046404
73541
943460
89585
1056687
83691
849526
7680720
125537
8910480
1056687
1048564
90109
1056687
91086
1056687
998571
73232
8500438
8968595
1046754
1048564
8960567
90991
9044721
92128
74759
93970
9004273
1056687
568258
711908
108541
724898
706646
748209
166866
261684
708172
713942
602858
729735
741959
597856
4334
570464
684916
689903
269499
208094
704085
262572140
260236922
103836141
266006608
263676914
47476260
210919774
104470530
255077557
65071739
1033388
221645955
48536549
213173514
18264779
18074038
100313108
276367288
100986882
58722555
60598170
263105194
222255
37770
222329
56362
84704
218291
206963
168034
159212
151733
195731
215385
67485
193030
215818
228512
233633
235537
194616
9759
167559
174227
91830
215036
232285
168034
159212
195731
193030
64842
3368
17478
8284
84397
218089
43070
34623
19897
34441
230887
29500
121083
57704
9886
21389
89553
93100
214984
232285
3369
17698
8290
84397
34566
230887
57704
21390
214984
218089
19897
10460733
21712244
7964950
9508995
1344843
78217011
3313294
5581793
2142144
1662669
1650484
13303045
16382397
16121816
1403383
78217011
3439416
5755993
4366955
2142144
3627645
2331834
1662669
10422821
8863357
613798
21712244
819619
7964950
33941199
4030246
9508995
87361915
37770
225104
56397
84704
216603
228512
194616
167559
215036
15006643
989068442
22539149
5602108
65550271
73227269
62396513
9511263
15659873
989068442
23397111
5776942
14968359
2144125
17431513
1650484
13303045
10218910
16382397
2115584
5639307
16121816
65312704
70193950
1196058
73227269
809128
62396513
66033002
3975267
9511263
87361915
597856
570464
684916
704085
153163
207670
4788
21204
81354
755985
17278
260735
43005
367018
177078
729061
135618
4390
64245
36088
119405
293220
77850
276719
60881
108906
44522
369338
81631
713626
703917
704085
28374503201
57924330615
51959258951
1980313339
11718006675
31691210624
9008925985
14360975097
4789
21469
81650
755985
17281
260736
177079
36089
703917
143480
729061
48493
74377
60107
88828
31656
369338
62957
27750088219
57286983423
28623399036
1980313339
11010305907
29836655910
9008925985
13566732155
3279572
6449012
2599975
4254833
1885453
92226325
6279107
5424596
950194
4406817
3259946
2356521
2397434
784348
356371
2232469
21653
592885809833
1125041794524
347057562479
17361199
20581069
3448180
24746312
25369225
25603130
1967526
92226325
6518123
5593890
950194
6033155
3267686
2571623
115386
6449012
4406817
5617343
94804
3259946
2599975
3784346
10668353
2356521
1190350
2397434
790505
356371
2232469
21653
4254833
25369225
630994264429
1194970930331
347057562479
108542
733946
709216
748209
166877
261684
602859
570465
704085
259917443
254510096
95562725
258288624
258251022
47476260
210180704
103321030
250830586
61838888
830795
122100675
213173514
17161691
17975611
92638315
269434290
95077177
60598170
241742291
200396444
248553992
246768857
260298303
20533272
21750104
20367911
4255848
17706140
1115061055
24124697
5444339
21086807706
46378335197
470504288339
243697991
756564030
59453192176
2878277502
1752162304
7505359858
6210957339
18476877
1115061055
25043014
5614250
3434844
20679494
20458855
20354062
235417
21750104
4410893
26992380
17361199
93591
20367911
20732218
20581069
20616826
16565767
3448180
24746312
4170126
8080888
1103685
8126614
133962
25369225
25603130
2790042
4255848
22912414334
46541417709
478470691874
303124718
805193101
60983022951
3057182374
1752162304
8154511628
8168612723
35687
25755
35106
28299
35476
34025
31725
35506
26980
25564
24363
33884
32307
30994
35295
32897
33650
30963
30974
29985
33519
27588
33532
26199
24039
24223
24996
27001
4437
30324
29662
30851
33326
26980
25564
32307
30994
17651
4277
3420
10411
2137
2639
4159
35347
33994
6602
35970
5559
9990
32897
4941
31296
6773
4232
17238
7768
3068
12527
12848
27351
679
30107
30843
33786
33326
63901666
89257697
17651
4278
3420
2138
2674
4162
35347
4960
31296
7768
3069
30844
33994
9991
32897
6773
12527
680
30107
33326
1267961
2469451
965444
1152600
850859
11797282
1656649
1954545
272416
681102
1733140
39764
27260
9660471
1245351
216215
1742713
2206173
2111976
887896
11797282
1719710
2015543
572076
272416
453684
1975045
305472
681102
1263366
1733140
1074341
71764
2469451
965444
39764
4114065
1022092
27260
9660471
1152600
1235692
10589274
1245351
25756
35545
28314
35476
31076
30974
26199
24040
30852
9400893
134070323
10163591
1961659
7945450
8328533
7563178
1152875
9810107
134070323
10550472
2022879
1960871
272668
2180037
1949573
216215
1742713
1338688
2310106
2206173
2111976
282841
7916655
7672056
8508318
139600
8328533
7563178
80851
8003963
1009010
178049
9729979
1152875
10589274
1218835
1245351
169019
90917
34118
46753
129949
3513
3895
16754
174018
10764
31985
171824
8455
16019
88754
37092
172476
28217
174868
133738
12995
69976
6801
25759
69551
137067
135313
914
23562
8590
91434
47297
16987
46638
176667
174263
176715
89091
5070
173059
174305
4502530
7243988
29556795
45901792
4295579
28889214
12502957
6157897
9730444
306549
45186401
23969271
872073
10775122
1957052
6228095
16564862
2223054
29551099
56304435
3515
3945
16816
169506
10767
167386
37094
6803
133786
171470
169019
90917
27877
129949
22413
9971
172476
8179
69977
915
15641
4743
91434
39499
10431
37360
89091
2686
173059
174305
4403446
7243988
29231579
44237034
4260107
28507511
11928394
6157897
5360322
306549
23424145
778629
10557963
1838857
6228095
15595494
2100107
28670612
468891
865518
371871
864918
1387810
17250561
4247598
1139607
193154
2853393
661960
869615
465754
8739
9831
136004
50230
453814
1069855
2787
851298
442184
3636368
865125
700943
1174830356
1171207512
4734491703
229683803
323574655
82787947
212688086
443300267
49379751488
1448220
17250561
4409285
1175172
193154
885418
2853393
467192
661960
377616
15543
865518
869615
788362
3056812
465754
8739
371871
540457
1524222
710031
9830
148186
50230
453814
1069855
2786
851298
864918
410849
442184
3636368
3626726
865125
2344307
2943738
700942
3626726
3660220
3634541
1219042370
1180959765
4844672716
257248462
330230029
88109242
212688086
470854447
50896225510
169354
165665
157506
135738
171617
168330
168306
127952
133001
173610
133212
172093
167096
128806
170326
169969
170989
167135
169555
130372
127373
138710
24296
134023
134017
171092
170237
170837
24255
127143
129094
128992
74541
132235
135313
131577
133784
135313
24053
21917
7692
8142
156349
158351
157547
130601
161986
166360
160823
169640
167168
171470
161435
171470
2934197
2919068
700943
2913199
865125
10134950
1051838
8465615
95012500
8812337
8520661
92978786
1137902
92728465
937949
8923779
2299115
11007068
10990616
2231978
1057611
8734547
1081033
262820
2069031
112178
86251100
1257868
1040193
91199684
10754591
1174563
1243416
698232
3034895
2958934
2923563
2926272
2990556
29998
2919068
870419
3783189
3017389
2344307
16900
2913199
2965392
2943738
2948860
2368473
700942
71245
17180
3626726
3660220
3662532
3634541
3628649
2919237
393496
865125
11012391
1311281
8834118
95012500
8843324
8845003
94217338
1173414
94298509
973247
11099879
2300912
11098721
11096115
2231978
1111726
1125564
8937817
268226
2317339
119389
1320703
1174563
1365694
1369027
94592351
94000466
11031325
56645
24388
63550
62333
67355
59537
62790
13649
19530
20343
60020
56869
55863
54198
63615
71794
74293
69806
28164
2562
63427
65951
71242
56645
60020
56869
55863
24300
3300
67682
12390
62732
866
5758
2964
12367
18559
36907
22028
70532
28553
2744
8096
10524
65936
33899
8955
71242
25841219
760564
23719387
711388
62732
5759
476462
372079
84631238635
2908074308
806948
476462
372079
644056
966517
3666126
455866
3674321
3607812
133578
6486719
967373
218074
2359619
2492706
2282428
10055090
2115178
20969339
92201975419
3109099878
3666126
473435
3877537
476903
1261989
455866
3674321
3607812
2822478
3312875
258844
21877274
954177
211131
18484985
15620087
19562296
2282973
20969339
16751297
273333
72434
288688
300280
156366
152289
297746
303187
2613041
3513782
33305603
58191866
57985662
11322841
12022775
8617506
7091264
55341892
146145
88425
4690
80178
301730
303284
45043
291024
1280
24405
93771
1126
18435
5379
24258
68208
24871
11299
11870
35265
11870
154310
73550
25067
307295
303114
50504
150789
303187
17001298
12075288
29554639
6212543
2829796
11305569
1338559
1507709
3560543
55565153
256604
4484842
4411772
46552
288688
149857
131755
297746
2529002
3401481
33305603
57472350
57732006
10600341
11948716
8541920
7081768
54273481
15605316
6652054
27769707
5848988
2646829
11181172
1338559
1424324
3482189
256604
291024
19784
18436
10406
39610
16429
4381
133574
10957
54659850
1230470
1854153
690309
1370188
370273
378372
634873
327379
175494
53868
698378
2768
27205812540
777613820
159825121
5550064198
46561114
1230470
1854153
690309
15353
1310930
928228
1370188
370273
176803
20275
378372
634873
355187
511441
401717
504650
210007
53868
698378
937022
2767
1331029
736138
2077713
3993227
3892912
3534932
3993227
4030223
3994946
1331347
29639524359
827595891
169759359
5933721801
46561114
81346
61005
266113
161442
83367
279610
283819
292871
288639
83686
297276
41996
294742
296074
61913
257747
36333
381
86511
85122
8322
91474
43528
43259
68230
258973
214680
266270
264358
278852
280871
281481
276058
275656
273681
279009
277675
276417
281859
281859
277266
34460449
113724341
1732728
14450450
601880
23707602
39614
44462743
5134085
669041
333925
1595849
1319357
14061559
119119506
14111005
3892912
4183701
31472
3534932
1304531
4421277
3534782
4380569
1371456
1269728
166830
19837
1283333
17285
3953371
3993227
3204853
4024427
4030223
3994946
4001921
3181425
3211778
421998
1331347
37543129
115649879
1844102
14822285
639291
27682805
49274
47536306
5578572
333925
1732215
1736875
120914102
14111005
10405
9794
10058
9599
1369
673
854
9845
5823
10576
2036
3127
446
9426
2116
503
3238
11061
11241
11083
11155
1365
11247
9919
1118
3213
5085
2219
1625
1635
10291
10183
5235
1228
1699
11203
5707
11255
11245
11102
1370
673
856
9847
5824
10577
3128
11358
9919
5086
2220
1636
1700
11203
11102
11102
66723
167845
2453238
10355
438437
48419
316252
1491260
46036763
66723
111132
167845
92910
139428
457728
65762
497885
510683
488871
2453238
302597
780548
10355
438437
319664
292698
1289463
271250
48419
15474
313799
320352
2689104
316252
1594346
50044216
66785
501632
534735
65762
497885
510683
488871
381975
447837
448157
69701
2470890
2370511
2632496
20023
1940821
2003117
2508665
292768
2689104
2148183
30002
309518
316252
598
601
604
596
606
604
596
596
324007
44609
318183
321282
324007
45046
318183
16918
5668
5541
40633
4552
37907
18335
17103
5682
2571
18508
5936
675
8797
42447
2731
41293
38845
1115
2561
42297
6007
19557
5699
41400
86994
2727
42122
6727
6050
17828
90379
5345
83903
91409
42205
5711
91526
90490
89701
84565
37182
2166
41718
88620
90340
88618
46943
84876
201
40547
88189
87712
5775
11360
11898
1471
47926
89865
91224
41984
91266
89713
90439
40069
41758
42730
88164
89706
89148
90584
51414
804
94757
62456
31679
4335
169177
95818
316134
167041
206
76162
20068
327760
136996
163054
58914
325692
328064
2762023
278566
2737086
168420
52345
332721
11847479
2730906
1418792
1284850
2677767
1550295
32986
200609
76132
140175
2971930
11856584
21603629
170479
236681
235133
1403072
2429282
51414
803
94757
80860
41588
32665
41048
45577
4335
96352
171622
95818
76195
316134
169512
205
76162
30528
327760
1135
327985
136996
34435
68174
59596
166941
58914
325692
168262
332317
264393
324815
328064
32986
202279
80865
149185
3177369
12220705
23536195
2762023
190938
241549
2750384
243982
1435725
281291
2737086
170636
317610
52345
330384
324815
327828
324955
325518
261172
328064
12211321
2757182
1432733
1284850
2774940
1550295
1591
34789
34789
272006
272108
1522
277277
1569
1255
1560
32017
1233
291923
292207
3773
1258
34457
287612
255656
1248
34667
1236
34761
34501
33513
287992
33570
34222
33916
34450
290811
293674
1263
33337
295942
1284
31061
33997
34458
33700
1584
27968
1450
34789
34789
