15900001
9457638
15900001
9540264
15900001
15900001
15900001
15900001
15900001
15900001
15900001
15900001
15900001
15900001
15900001
15900001
15900001
15900001
15900001
15900001
9474558
15900001
15900001
15900001
9540264
3733272
15900001
65296341
2672802
65296341
65296341
65296341
65296341
65296341
57090491
65296341
79631215618
77395737977
79631215618
79631215618
79631215618
79631215618
79631215618
79631215618
79518668612
2863452000
79631215618
79631215618
26495031384
21547668
10463607
21547668
21547668
21547668
21547668
21547668
21547668
21547668
21547668
21547668
10463607
21547668
21547668
21547668
21547668
21547668
21547668
21547668
21547668
21547668
21547668
21547668
21547668
953074457
953074457
953074457
953074457
953074457
892546924
953074457
953074457
532602770
953074457
953074457
953074457
953074457
953074457
21547668
21547668
21547668
21547668
953074457
953074457
953074457
953074457
953074457
892546924
953074457
953074457
532602770
953074457
953074457
953074457
953074457
953074457
36273405
2672802
23239632
22504772
65296341
63476744
65296341
57090491
65296341
65296341
7643323
28993471
2916997
22398819
21668746
11706523
7974205
50526707694240
96373362556006
82178018522160
96331477099330
8599380395040
36273405
23239632
63476744
65296341
7643323
28993471
2916997
22398819
21668746
11706523
7974205
50526707694240
96373362556006
82178018522160
96331477099330
8599380395040
354980614
285913606
394756747
394756747
75399106
175304321
32873021
145812136
149850146
103460232
7948675
354980614
92903162
285913606
282161956
52803080
394756747
394756747
261840126
394756747
394756747
75399106
175304321
32873021
145812136
149850146
103460232
7948675
65296341
65296341
65296341
65296341
79631215618
77395737977
79631215618
79631215618
79631215618
79631215618
79631215618
79631215618
79518668612
2863452000
79631215618
79631215618
26495031384
394756747
394756747
394756747
394756747
18184642111827
677967080100
18184642111827
677967080100
394756747
92903162
394756747
394756747
52803080
394756747
394756747
261840126
394756747
394756747
3175414
3175414
3175414
3175414
3175414
3175414
3175414
3175414
3175414
1395628
653363
245736
3175414
3175414
3175414
3175414
3175414
3175414
3175414
3175414
3175414
3175414
1395628
1003338
1395628
579315
1395628
3175414
3175414
3175414
3175414
1395628
1003338
1395628
579315
1395628
1395628
653363
245736
115523645
115523645
115523645
115523645
51309244
36900130
22956702
23571091
51309244
115523645
115523645
115523645
115523645
62682902
115523645
115523645
115523645
115523645
115523645
51309244
36900130
22956702
23571091
51309244
3175414
3175414
3175414
3175414
115523645
115523645
115523645
115523645
115523645
115523645
115523645
115523645
62682902
115523645
115523645
115523645
115523645
115523645
6091778
12580868
3584725
3441713
16008325
12448217
12580868
16160254
16160254
16160254
7176549
1266063
7176549
443726
7136258
4379167
3039695
1191139
5571709
170215
2058282
1323715
4659643
178857
7176549
12709059872
7119445920
15131840763
11702633820
14890624222
1211692320
10684736808
6091778
3584725
12448217
16160254
7176549
1266063
7176549
443726
4379167
3039695
5571709
170215
2058282
1323715
4659643
7176549
12709059872
7119445920
15131840763
11702633820
14890624222
1211692320
10684736808
7136258
1191139
178857
59101645
44519820
80240445
80240445
35630917
12532895
35630917
4622312
29635772
24095823
1865049
6448393
17938239
783096
30456615
35630917
3363154297632
2850761914080
59101645
80240445
44519820
43784961
5305886
80240445
80240445
80240445
36816517
80240445
35630917
12532895
35630917
4622312
29635772
24095823
1865049
6448393
17938239
783096
30456615
35630917
3363154297632
2850761914080
15900001
9457638
9540264
15900001
15900001
15900001
15900001
15900001
15900001
15900001
15900001
15900001
15900001
15900001
15900001
15900001
15900001
9474558
15900001
15900001
15900001
15900001
15900001
9540264
3733272
15900001
80240445
80240445
80240445
80240445
2537458308
2549883852
2540002788
2680320969
2675251073
2549883852
2678713441
2810041173
2678713441
2810041173
80240445
80240445
80240445
80240445
5305886
80240445
80240445
80240445
36816517
80240445
2537458308
2549883852
2540002788
2675251073
2680320969
2549883852
16322646
15745309
11900287
11847397
15924973
16322646
14350150
15634273
16322646
14549314
16322646
16322646
15924973
16322646
16322646
16322646
16322646
16322646
14239858
216600
15924973
12035833
16322646
1620063201
1496643834
1620063201
1496643834
425366223456
389200247165
425366223456
389200247165
12327992676
3821989992
12327992676
12327992676
12327992676
12327992676
9025851048
650482632
12327992676
12327992676
8563069872
12327992676
12327992676
11787653314
12327992676
1331530
10534005
411215
3255828
5018800
2166258
1390551
99756292
99756292
3821989992
12327992676
12327992676
12327992676
12327992676
9025851048
650482632
1331530
10534005
411215
3255828
5018800
2166258
1390551
12327992676
12327992676
12327992676
8563069872
12327992676
12327992676
11787653314
12327992676
15788860
54826580
4927670
40547980
41113579
23145781
607542
3237357588277
3205874935678
15788860
54826580
4927670
40547980
41113579
23145781
607542
3237357588277
3205874935678
15745309
11847397
16322646
14350150
16322646
16322646
15924973
16322646
16322646
14239858
216600
15924973
16322646
16322646
16322646
16322646
11900287
15924973
15634273
16322646
14549314
16322646
16322646
16322646
12035833
16322646
16322646
3136348028
3136348028
3136348028
76884450
3136348028
3136348028
3136348028
3136348028
3136348028
76884450
3136348028
3136348028
3136348028
3136348028
3136348028
3136348028
25907
185970
63330
439424
477876
431238
477876
424606
311513
223667
224788
477876
431238
477876
424606
311513
223667
224788
477876
25907
185970
63330
439424
477876
13029781
3916367
9370643
5985786
13029781
70306373
62292646
13029781
3916367
9370643
5985786
13029781
70306373
62292646
3728360
3728360
3728360
3728360
3728360
1826884
538536
3728360
3728360
1803124
337440
3728360
1796260
3728360
3728360
3728360
1051146
3728360
1745044
3728360
3100568
2236109
1007580
1828644
1842372
1053054
2641529
1834628
3186524
1710548
3728360
3728360
3728360
937620
91656
2680169
655872
3728360
3728360
3728360
3728360
3728360
3728360
27048
27048
27048
27048
27048
27048
27048
27048
4457019
4140102
4457019
4457019
4140102
4457019
3728360
3728360
3728360
1826884
538536
3728360
3728360
1796260
3728360
1051146
3728360
3728360
3100568
2236109
1842372
1053054
2641529
1834628
3186524
1710548
3728360
3728360
937620
91656
2680169
3728360
3728360
3728360
3728360
1803124
337440
3728360
3728360
1745044
1007580
1828644
3728360
655872
3728360
3728360
3728360
3728360
3728360
13506615
2709963
13314915
401256
69967
7848258
4177866
31546
8330921
2479643
5860991
13507767
2794712
13291456
13507767
535001368
535001368
535001368
455903560
535001368
513109928
372851596
535001368
486429278
535001368
13506615
2709963
13314915
401256
69967
7848258
4177866
31546
8330921
2479643
5860991
13507767
2794712
13291456
13507767
535001368
535001368
535001368
455903560
535001368
535001368
486429278
513109928
372851596
535001368
75759
77402
78038
77651
74776
78820
78746
78949
78372
79419
79593
79635
79648
78542
79619
79755
78848
77849
77666
77272
79851
79851
79851
79851
79851
79851
79851
79851
79851
79851
79851
79851
79851
79851
79851
79851
79851
79851
79851
79851
79851
79851
79851
79851
77669
78884
26678
79169
79257
79559
79706
79755
79713
79851
79851
79851
79851
79851
79851
79851
79851
79851
79851
1056687
396594
1056687
1056687
1056687
483186
1056687
1056687
1056687
396594
1056687
475970
1056687
480898
1056687
1056687
1056687
1056687
1056687
1056687
472098
1056687
480898
1056687
1056687
396594
1056687
1056687
1056687
1056687
1056687
472098
1056687
475970
396594
483186
1056687
1056687
704085
704085
401372
704085
704085
704085
533412
604347
704085
704085
704085
704085
704085
704085
27968
704085
704085
704085
615582
533412
704085
263105194
263105194
263105194
263105194
263105194
238285377
263105194
263105194
263105194
260706257
6279500
263105194
238849537
263105194
59937027
59937027
263105194
263105194
263105194
237761889
240295361
263105194
219813
219813
219813
219813
219813
219813
219813
219813
219813
219813
219813
219813
219813
219813
232285
232285
232285
232285
232285
112210
232285
232285
232285
232285
232285
219813
219813
219813
219813
219813
166549
148965
219813
219813
219813
219813
219813
219813
232285
232285
232285
232285
232285
112210
232285
232285
232285
232285
232285
134874
148965
171892
219813
232285
232285
182057
183795
232285
219591
49310
10274193
8052572
8129450
10274193
10724970
9601176
14151152
10322013
2156902
484345
2159073
2159073
2159073
2159073
10724970
9601176
14151152
10322013
2159073
2159073
2159073
2159073
2159073
10274193
10274193
5741486
10274193
9621703
10274193
10274193
10274193
10274193
10274193
171653
219813
171892
219813
232285
232285
182057
183795
232285
14151152
14151152
14151152
10322013
10274193
8052572
8129450
10274193
14151152
14151152
14151152
10322013
2159073
2159073
2159073
2159073
2159073
2159073
2159073
2159073
2159073
2159073
10274193
10274193
5741486
10274193
9621703
10274193
10274193
10274193
10274193
10274193
704085
704085
704085
704085
653970
679191
160494
133804
391080
704085
342896
604347
242614
704085
684460
704085
525777
27968
384810
250537
571078
704085
615582
615582
533412
473677
250537
704085
393094
704085
704085
704085
209400154360
279580348196
277170878541
18858290340
97163316000
279580348196
250631506126
110804183540
134196
133805
391080
704085
268142
604347
536457
198237
704085
133611
703377
28379
135913
119660
50282
10128
335871
29931
209400154360
279580348196
277170878541
18858290340
97163316000
279580348196
250631506126
110804183540
3826911
3335593
2438798
4255848
10335705
8632498
22069214
28358304
869504
4251568
279895
939645
954715
444288
114110
2030177
29819
49456127844000
75372486603042
74952861640350
4255848
4255848
4255848
4255848
4255848
4255848
10335705
8632498
22069214
28358304
4255848
4255848
3826911
3041763
569220
4255848
4255848
4255848
1001501
3795231
3082212
4255848
4255848
4255848
2822660
4255848
4185322
2822660
4255848
391620
4255848
4255848
49456127844000
75372486603042
74952861640350
313435
704085
704085
704085
417125
604347
551838
557106
704085
263105194
263105194
263105194
263105194
263105194
238285377
263105194
263105194
263105194
260706257
6279500
263105194
263105194
59937027
59937027
263105194
263105194
263105194
240295361
263105194
263105194
263105194
263105194
263105194
4255848
3335593
3367437
4255848
25831362
45304106
34325153
28358304
58056617928
58056617928
58056617928
2131971950
28753562700
58056617928
56409601926
54030817260
56798997876
56778142052
25831362
45304106
34325153
28358304
4255848
4255848
4255848
4255848
569220
4255848
4255848
4255848
4255848
1001501
4255848
4255848
4255848
4255848
4255848
4255848
4255848
4255848
4255848
2822660
4255848
391620
4255848
4255848
2822660
4255848
58056617928
58056617928
58056617928
2131971950
28753562700
58056617928
56409601926
54030817260
56778142052
56798997876
35295
35295
35295
35295
35295
35295
35295
35295
35295
35295
35295
35295
35295
35295
35295
33326
33326
33326
33326
33326
33326
33326
33326
33326
33326
33326
33326
33326
30056
33326
33326
33326
33326
35295
35295
35295
35295
33326
33326
33326
35295
24598
21144
35295
35295
35295
35295
35295
35295
35295
33326
33326
33326
33326
33326
33326
33326
33326
33326
33326
33326
30056
33326
33326
33326
33326
6363742
7345714
33328
5601
1601
24602
21148
35299
35299
33332
33332
33332
33332
33332
35300
19615
33328
12732
33328
5403
33328
33328
1245351
976064
985383
1245351
1656581
1432242
2351357
1719831
282556
63449
184939
261250
85215
1235578
1245351
282841
282841
282841
282841
1656581
1432242
2351357
1719831
282841
282841
282841
282841
282841
282841
1245351
1245351
1245351
675725
1245351
1245351
557193
1245351
1245351
1245351
1245351
1245351
1245351
1245351
1245351
35299
35299
35299
35299
33332
33332
33332
33332
33332
2351357
2351357
2351357
1719831
1245351
976064
985383
1245351
2351357
2351357
2351357
1719831
282841
282841
282841
282841
282841
282841
282841
282841
282841
282841
282841
1245351
1245351
1245351
675725
1245351
1245351
557193
1245351
1245351
1245351
1245351
1245351
1245351
1245351
1245351
169019
173326
127868
132431
134756
21746
18292
64729
172229
55853
102656
172450
36178
61537
172650
133868
172636
93701
172613
133738
63574
135313
37707
103806
135313
135313
135313
8187
83281
37707
174305
133364
65100
132392
174305
174305
174305
174305
24034
174305
174305
29893410
40376010
56398574
56398574
28165082
56398574
54649740
41075310
51154496
2657220
56398574
56398574
26692476
35709608
14081640
36773838
55489476
15612820
56398574
56398574
21747
18293
64730
172221
55854
172440
133869
37708
135314
174276
169019
82678
26124
129470
15244
5543
172462
5835
63443
5346
8947
2784
83149
29917
6054
29230
80571
1542
172937
174305
29893410
40376010
56398574
56398574
28165082
56398574
54649740
41075310
51154496
2657220
56398574
26692476
35709608
14081640
36773838
55489476
15612820
56398574
637159
678056
379747
865125
1471148
1246684
3667682
8089536
176752
831190
120820
864255
46527
42423
23312
77038
16044
412692
194073
6423
191010
399900
858336
865125
684529
11194521358
8801105840
11399287947
8594293040
10442194592
7167554760
10879126727
11399287947
11399287947
1471148
1246684
3667682
8089536
865125
865125
865125
637159
813582
472011
56229
865125
865125
777823
865125
630889
44806
479934
817492
865125
865125
340695
725723
396884
865125
865125
38056
865125
865125
396884
865125
865125
865125
865125
865125
865125
865125
865125
865125
865125
11194521358
8801105840
11399287947
8594293040
10442194592
7167554760
10879126727
11399287947
11399287947
171084
169393
171143
169220
171470
171470
171470
133522
133001
171470
133681
171470
171470
133710
171470
171470
171470
171470
171470
135279
134032
171470
24315
134023
134017
171470
171470
171470
24255
135313
135313
135313
135313
135313
135313
135313
135313
135313
24548
24548
8187
8187
171470
171470
171470
171470
171470
171470
171470
171470
171470
171470
171470
171470
865125
678056
684529
684529
865125
11031325
8828966
11031325
11031325
11031325
11031325
11031325
8044022
11031325
8078210
11031325
8930628
11031325
11031325
8923068
8978534
11031325
8924742
8081318
8959986
4186468
11031325
8961478
8950982
11031325
11031325
8081318
8809286
865125
865125
865125
865125
865125
865125
56229
865125
865125
865125
865125
865125
44806
865125
865125
865125
865125
865125
865125
340695
38056
865125
865125
865125
865125
865125
865125
396884
865125
11031325
8828966
11031325
11031325
11031325
11031325
11031325
8044022
11031325
8078210
11031325
8930628
11031325
11031325
8923068
8924742
8978534
11031325
8081318
8959986
4186468
8809286
8081318
8950982
8961478
11031325
11031325
11031325
63615
63615
63615
63615
63615
63615
63615
63615
63615
63615
63615
63615
63615
63615
63615
71242
71242
71242
71242
23097
71242
71242
71242
63615
63615
63615
63615
63615
26606
63615
63615
63615
31944
63615
62819
63615
63615
71242
71242
71242
71242
23097
71242
71242
71242
71242
70842
71242
6633885
4661298
6633885
4661298
63617
19641
482681
108388
1450773819
1326902446
483167
483167
483167
483167
483167
483167
483167
483167
483167
1159202
2466098
2466098
2023748
2466098
2466098
2466098
2466098
2466098
2466098
1450773819
1326902446
483167
483167
483167
483167
483167
483167
483167
483167
483167
483167
1159202
2466098
2466098
2023748
2466098
2466098
2466098
2466098
2466098
2466098
273333
155347
294139
300280
255872
254048
303187
303187
37702713
19371366
54807156
54807156
54807156
49565178
42417750
51326548
38153228
54807156
252710
88747
15462
156552
300272
300165
102251
291294
18916
92492
92492
1112
68834
56283
66908
146552
68063
33348
34877
87663
34877
255878
154157
68434
303187
303187
116398
252689
303187
50636587
49638097
54807156
54807156
38395574
54807156
33313952
8646101
20418269
54807156
1471521
401304
401304
34725
288146
122053
119495
297206
37702713
19371366
54807156
54807156
54807156
49565178
42417750
51326548
38153228
54807156
50636587
49638097
54807156
54807156
38395574
54807156
33313952
8646101
20418269
1471521
291001
20421
19611
5833
29941
9305
2784
122062
6052
54807156
276298
635066
626220
1330008
254308
231851
58617
245223
99406
17102
635095
6339
11039764804
10600831646
10423260990
10929809728
9781524760
1236055
1331347
1331347
45044
1240152
1015632
1331347
1151818
423051
151098
1033528
794814
1200264
804219
571744
583698
936440
423051
1331347
1232009
29319
1331347
1078364
1331347
1331347
1331347
1331347
1331347
1331347
1331347
1331347
11039764804
10600831646
10423260990
10929809728
9781524760
88086
66463
270619
281859
86138
281859
281859
281859
281859
88888
281859
41996
281859
281859
65150
275315
42426
475
92492
92492
92492
92492
43528
43528
68834
281859
281859
281859
281859
281859
281859
281859
281859
281859
281859
281859
281859
281859
281859
281859
281859
14111005
14111005
11328495
14111005
11030215
13144456
278721
14111005
14111005
14111005
9400164
11319795
11302395
14111005
14111005
14111005
1331347
1331347
45044
1331347
1331347
1331347
1331347
1331347
1331347
1151818
423051
151098
1033528
29319
1331347
1331347
1331347
1331347
1331347
1331347
1331347
1331347
1331347
423051
1331347
14111005
14111005
11328495
14111005
11030215
13144456
278721
14111005
14111005
9400164
11302395
11319795
14111005
14111005
10405
9794
10058
9599
8831
6106
7915
10186
11102
10586
9788
10609
3426
9533
9276
4054
11102
11102
11102
11102
11102
8440
11102
9991
9503
10837
9833
9823
10186
10186
10186
10186
10186
9364
11102
11102
11102
11102
11102
11102
5542
741
1542
10193
11109
10590
10614
11105
9998
9840
9828
6095
5346
11109
11109
11109
69702
19930
313770
44568
46964
21640
316252
251489
357885
69701
69701
69701
69701
69701
69701
69701
69701
69701
69701
316252
316252
316252
95056
316252
316252
316252
316252
316252
316252
119291
316252
316252
316252
316252
251489
357885
69701
69701
69701
69701
69701
69701
69701
69701
69701
69701
69701
316252
316252
316252
95056
316252
316252
316252
316252
316252
316252
119291
316252
316252
596
596
596
596
597
597
597
597
21045
14115
21045
21045
21045
14115
21045
17733
5832
5541
41178
4552
41985
19537
17778
5871
2593
19659
5936
740
8797
42447
2783
42562
41342
1181
2646
42732
6016
19610
6094
42672
86994
2789
42122
12212
6050
19286
90584
5345
90584
90584
42620
5711
90584
90491
90584
87223
37182
2426
42730
90584
90584
88719
46943
88778
201
41379
90003
90584
6006
12135
12672
1540
47926
89865
90584
42452
90584
90584
90584
40424
42730
42730
90584
90584
90584
90584
10061
1554
53185
46814
17944
2897
154261
53457
314969
151532
1285
52255
8968
327734
124581
148229
29391
325461
328064
2737086
1675008
2737086
152984
10465
328064
2737086
2737086
2737086
2737086
2737086
2737086
1520329
1317646
1647030
1697526
2071542
2737086
2737086
1249653
1520329
1519836
2737086
324897
136427
1554
237932
229137
138242
91867
94230
169042
33966
239137
323378
238297
236742
327828
322158
1284
236677
131070
328064
2209
328064
261172
33966
185378
199525
320672
197915
328036
321252
328064
260984
324815
328064
1520329
1317646
1647030
1697526
2071542
2737086
2737086
2737086
1249653
1520329
2737086
1519836
2737086
1675008
2737086
322808
327828
138341
328064
324815
327828
324955
325518
261172
328064
2737086
2737086
2737086
2737086
2737086
2737086
1607
34789
34789
34789
34789
1657
34789
1670
1649
1661
34789
1272
34789
34789
30799
1284
34789
34789
34789
1556
34789
1283
34789
34789
34789
34789
34789
34789
34789
34789
34789
34789
1284
34789
34789
1284
34789
34789
34789
33700
1629
34789
1541
34789
34789
