15153736
2250714
12215633
2296118
15696760
12230216
15608446
12544745
12376602
12426508
12565802
15812864
15470792
15469272
15465805
15709331
16092873
15976470
12463180
16008692
2326870
16008325
12461803
12580776
2348916
788901
15900001
62472785
171191
40211352
65344932
66745597
43005142
40874712
21780857
65288109
25108531727
9631028248
78171035755
77481628750
77474019539
25937786154
78676295839
80597169616
14907497169
162594174
65762323179
63007703607
4227373350
18926912
114768
11665779
21557976
22020070
13852574
12383924
7213279
19779849
21539229
1430444
116407
471908
839196
10250388
3133438
5763737
7323161
19774661
21539229
1430444
471908
3133438
19774661
469633766
191039705
1282792884
874652651
469633766
7795863
191039705
273416172
31104452
1282792884
2377276579
316297564
874652651
8815676420
18926912
11665779
13852574
19779849
6216880503
4726876096
5672174671
874882130
6216880503
7686153
4726876096
7029326958
66841582
5672174671
5107985565
311557748
874882130
8815676420
4441926
173613
1366428
2113576
31068769
9714203
19023251
22144655
65270984
65288109
108513
6577684
32321
941724
467447
304518
147642
1717107448314
14878171179504
3714275595397
11418077516515
235554506343
4441926
1366428
9714203
65270984
105159
6504046
31662
902444
428601
304518
147642
1612645146161
14698094576712
3624364796148
5777201778730
235554506343
142759068
60652855
367230702
394531044
4232529
39313768
149229
5473860
13089769
1896114
24137
142759068
1524692
60652855
76255864
8185466
367230702
722735784
93616586
394531044
2459011209
4367525
39758870
152337
5712120
14276169
1896114
24137
62472785
40211352
43005142
65288109
22995417622
9631028248
73415406534
76619925438
70554441653
25623850499
76771792939
78024855734
14092810304
127530443
33273745943
63007703607
4202049994
1888125052
1500727470
1621909554
394634556
925005286458
29443964990
1015724537786
37539406701
1888125052
1503320
1500727470
1960481710
18647976
1621909554
1552921518
86638863
2459011209
394634556
2715953
1878971
1674056
3093592
3133232
1853754
1777171
2838206
3091074
315520
5134
793
205472
1905829
68065
120807
1458646
419560
827394
2837557
3137716
3091074
1183473
26442
211677
342
1371875
205472
68065
419560
2837557
1183473
24666
189066
342
1331560
315520
5134
793
56925043
23156221
145004606
106018015
413205071
6839025
347158
12680
49751276
56925043
71200044
23156221
33141201
3741095
145004606
288153411
106018015
114489523
1068561924
413205071
7331483
388676
12680
51257582
2715953
1674056
1853754
2838206
753557807
572952043
641172448
106045831
753557807
70198836
572952043
852035712
7993986
641172448
619146918
106045831
1068561924
112773862
1054760
9777422
318744
496324
7502916
2181742
4620704
16158644
16408774
16162883
6869317
25696
1628500
7677
1623228
226731
149214
30071
1224366
1382
73965
35614
343657
3177
7174244
2206568947
261618014
6976059002
571328763
1715978459
35889019
76444627
1054760
318744
2181742
16158644
6869317
24901
1610269
7520
217274
139191
1093580
1382
73965
35614
315098
6963415
2157651242
245702167
6891624901
557498711
868233185
35889019
67434322
1623228
30071
3177
22219044
16281353
48348665
80199920
149096896
910137
7991667
32185
1112721
2512655
117138
7569
380203
3707
5512822
34561399
23887657125
16514234289
22219044
49461507
16281353
20423156
1170165
48348665
102152678
80199920
38114726
347368362
149096896
939166
8082147
32855
1161154
2693584
131147
7569
380203
3707
6012481
35607805
24429231840
18720800362
15153736
2250714
2245215
14375733
12230216
14658887
12376602
12426508
11920118
15298735
14087637
15278616
15329058
15579258
15850956
11782074
12556388
2324870
12461803
11745297
6365492
12198711
12580776
2072056
784176
15900001
266712977
212114739
213785156
80220962
393583406
18502300
419527419
118470714
120481189
373819027
141294645
2219117430
155152019
2829250468
266712977
48765985
212114739
285146367
2508191
213785156
219492510
347368362
36456532
80220962
393583406
18921780
419888215
124254680
126897899
423767234
15881075
5140996
2520764
2497920
5405484
16023341
3932752
5057249
16303218
4084853
15917501
15880468
5287317
17036252
17044450
17126319
17304793
17378406
3877550
29398
5461961
2615886
16322646
373416140
2743953
339688675
2548795
827223519482
6198954086
909357996573
6673599694
12176963519
193721752
3015021629
1894070853
1845970322
316231886
466030654
33586289
283660904
1399909472
461687644
6976480365
13165685400
2033030394
933837551
56274
2823160
12932
184363
503507
126246
60629
81462950
80002980
181936455
2742700688
1871146137
934005134
293740564
454749534
33586289
54535
2791554
12668
169041
482505
126246
60629
11958729383
273625744
1386402646
445456389
6976480365
12986619019
2019254691
932461979
812252
12298434
43671
1992567
2163149
577482
3602
6679134975379
714409741742
838159
12437674
44581
2173165
2257304
577482
3602
7342301877315
769111138348
4708334
2497920
15048541
3577540
15740477
14462107
5223322
8619828
17023727
3665644
23058
5073491
15927526
15801697
16322646
15596456
2122589
172562
4878337
16037050
4045441
16445229
17304793
17142043
2598161
16298602
16322646
6406531645
9046769134
158821611
4707256
3874962199
33181541
28736752486
3136348028
174397930
6001487
4601863821
1039404083
7042631942
29213698257
9739468124
3136348028
151
1686
238
389375
104113
394041
463894
89097
8784
2314
1986
457236
394041
421994
79580
8194
2149
1986
443800
151
1686
238
376327
104113
104931806
107296
1729424
56129
12634141
561548830
3046730
104931806
120128
1853955
56129
13016661
617304642
3280014
1742911
3682684
3621412
3598167
1660112
259395
52527
3733884
3745556
255365
33406
1761243
254917
1774031
3721657
1681580
122371
1710596
243232
1748069
755415
380817
117893
263423
266739
124175
524024
264868
817722
234901
1773944
3591407
1552359
108229
9106
543154
69309
1990150
3757372
3784876
3739810
1778426
3728360
24636
24855
24527
24572
24195
24855
24266
24572
3566676
190939
3525962
3566676
192956
3525962
3541129
3598167
1605702
248423
49331
3407252
1761243
247038
1754171
119874
1689892
1561341
723906
380817
247768
121169
265140
264868
749766
234901
1754955
1552359
95473
9106
506670
3757372
3618794
3616683
3733884
246331
30189
3682003
1665356
243232
113749
263035
3471054
65925
1990150
3759230
3688944
1778426
3728360
12927818
65474
3029612
1820
12651
527777
139733
295
477295
53113
216637
13106026
68015
3021847
13713796
2139529620
251827573
222755920
22896891
4534035051
351126038
15802103
535794095
28971681
535001368
12927818
67562
3063913
1858
14164
550750
139733
295
520555
53113
232236
13502833
71019
3021847
13713796
2212028759
254552309
222755920
23416003
535794095
4984216398
29277623
378011288
17913517
535001368
75759
77402
76307
77651
72325
72186
75415
78949
73604
72245
79593
77173
78756
78542
79619
75656
77239
76983
70729
76336
71321
74171
74548
75487
77504
74487
79782
78419
76520
77918
77302
78996
73215
79223
40402
78419
79851
70439
79372
79851
77426
62630
79851
79851
76277
66423
1996
79169
76453
71898
78856
78452
78943
78764
77175
79733
75951
77043
79851
79309
79851
79851
79851
992850
40696
8893375
8866363
9102097
51393
1055779
1037749
1045376
41813
932138
52112
1056687
48408
828810
8210062
33384
9681882
1056687
1047752
52384
1056687
53155
1056687
992850
41619
9194731
9750182
1045760
1047752
9746698
52948
9842573
53744
42576
55049
9799032
1056687
554676
712690
85068
726996
706902
752639
137289
226832
708581
714932
591735
732314
745769
586331
2401
557102
682999
688485
234890
175562
704085
262518834
259950095
87939272
266296750
263734087
32072879
205701232
88530366
254268998
49250889
505186
217281736
32942130
208180346
13835910
13677806
84033899
277693498
84775051
40818622
42628450
263105194
222499
24630
222573
43277
71117
218106
205545
163115
153639
145605
193379
214942
52909
190352
214164
228021
233768
235863
190606
1605
161619
168781
77784
213311
232285
163115
153639
193379
190352
49154
546
3992
2669
70833
217884
26498
21987
11868
16178
230628
9092
109789
43106
1628
6531
78551
78968
213255
232285
549
4051
2672
70837
16250
224156
43115
6538
213255
217663
11875
5335337
13795542
2088646
9432495
26315
2413172
129001
192677
2137959
232998
1602172
13970179
17614111
17300971
27580
2413172
134423
199313
3593213
2140133
2429027
1607282
1079310
5314075
2964843
333169
17650775
109421
2646734
32401148
3411040
9432495
95070688
24636
225629
43282
71120
215021
221622
148974
135314
213311
1180885
134378073
2089615
193447
70627710
61000279
51679169
9434970
1237675
134378073
2177445
200109
16264743
2142310
18841448
1602172
13970179
10643759
17614111
2111236
4811494
17300971
70346247
76223929
715960
78047112
107882
65487880
69619412
3359924
9434970
95070688
586331
557102
682999
704085
112924
157447
1472
9479
50258
761244
7839
225927
22917
332786
133660
731570
94255
2435
38554
18928
83074
259277
51777
238814
39330
72429
23920
335863
50485
714580
703900
704085
10488644981
44587432245
33107819738
635170775
6954035658
20255711559
2673569814
4716654253
1474
9611
50463
739881
7842
219642
133664
18931
703900
21241
730827
5654
17686
19555
8799
2728
156671
6052
10234748244
44047772281
16751555137
635170775
6492053159
18951821393
2673569814
4429710904
1621833
3949309
663120
4254731
70653
5724115
378604
614525
128841
4417494
96870
308770
324082
43810
3396
947001
6052
106325727610
275146677319
34103606006
17774916
21010430
3367413
25796058
26518655
26764501
74051
5724115
394518
635688
684956
5071791
1615370
826895
87671
5052964
4421985
3658778
21397
1551982
840306
2553302
9850544
1581456
1009587
1501236
451023
112766
2030131
8246
4254731
26518655
113891997353
294076839195
34103606006
85071
736977
709730
731518
128318
220521
462490
439632
704085
259599260
253657530
80231801
257797707
257764311
32072879
204908370
87458847
249612139
46559354
396242
109937984
208180346
12916739
13595872
76961673
270030603
79317955
42628450
239606001
194125569
247098872
245135223
260017614
21450299
17442505
16407527
4255848
4077735
438920987
6628427
616987
17703896190
45214945380
509532691671
93328432
171490346
59584774247
937865227
433549017
3010337452
2429029275
4273840
438920987
6907033
638234
3352743
22957553
21364816
21258880
199744
22316900
4426484
28362891
17774916
21096
20791630
21165581
21010430
21047134
16888832
3367413
25796058
4161554
7149931
934337
6686154
108196
26518655
26764501
2786781
4255848
19404621653
45389897688
519038726666
118988525
183693810
61275663453
1002390595
433549017
3292148586
3305574207
35726
24870
35087
27600
35494
33897
31365
35527
26191
24669
23379
33743
32009
30564
35295
32854
33683
30726
30737
29650
33538
27005
33553
25502
23187
23385
24215
26368
1875
30024
29296
30603
33326
26191
24669
32009
30564
16066
1905
786
7892
535
618
1702
35353
33863
4043
36038
3530
7569
32854
2321
31089
4402
1304
15618
5767
937
10964
11269
26745
128
29788
30595
33832
33326
4584757
6890211
16071
1912
793
538
629
1703
35357
2334
31094
5773
943
30601
33869
7575
32860
4410
10969
132
29794
33331
646704
1559423
253168
1143327
25788
374926
82219
96171
271091
121232
159586
20141
4890
10319999
1208767
209886
1830109
2378702
2266446
27028
374926
85675
99483
470714
271366
302410
2147769
210555
561582
644127
1222699
359373
40065
1995211
320814
20131
3927393
999430
4879
10402452
1143327
1234686
11523666
1245351
24874
35572
27603
35498
30854
30744
25507
23193
30608
1192293
21186048
1332647
96555
8560895
6895362
6264112
1143627
1249632
21186048
1388661
99880
2130699
271643
2345734
2117339
209886
1830109
1394344
2503498
2378702
2266446
282841
8526778
8234037
9239221
85622
8822305
7937888
42936
8438677
985376
71319
10484842
1143627
11523666
1216184
1245351
169019
82676
27182
37961
129468
2114
2148
11933
174197
7347
24879
171762
5379
11196
80365
30017
172460
21483
175093
133738
9128
63442
4414
19901
62975
137242
135313
531
17591
5678
83147
38690
12176
38063
176903
174259
176956
80569
3174
172935
174305
1993831
3927648
26859615
44846529
1892570
26119689
9083347
3233229
6364726
119054
44078297
21286121
261905
8297467
1296215
3173521
12672400
884078
26866352
56295021
2116
2179
11982
169309
7350
166983
30020
4416
133633
174259
166074
42732
17039
124339
11823
5543
172285
5654
37502
533
8799
2728
42255
19555
6052
17686
40466
1467
171564
169184
1945566
3927648
26534522
43057394
1875378
25740068
8624188
3233229
3220358
119054
20753606
231035
8113519
1210102
3173521
11856659
830294
25985808
252422
519956
178004
864898
101426
1298053
354851
467195
26190
2753067
58632
869180
20830
6796
2919
8799
2728
192505
181765
1268
130040
178640
3723768
839711
533475
403208307
410060230
4194721932
51733070
77511848
15073826
31354999
129148841
48706023290
106304
1298053
369766
483284
139237
694590
2866646
251416
449219
221462
12529
665260
870063
504840
3164827
333728
6787
225567
360454
1392292
694287
2912
90433
24316
412683
841986
1261
666038
864898
411039
399890
3753519
3746116
865125
2359571
2969645
684524
3746116
3780850
3754220
419962548
413819237
4302353863
58645436
79269176
16146498
31354999
138034314
50356453719
169181
165292
156143
132390
171632
168011
167989
127395
133001
173824
133165
172156
166657
128316
170211
169817
170941
166699
169362
129882
126707
135411
24294
134023
134017
171054
170112
170772
24255
126326
128472
128360
68464
131927
135313
131203
133632
135313
24003
21654
7643
8137
154837
157039
156155
126514
161038
165850
159758
169457
166738
171470
160432
171470
3030028
2299110
533475
2319060
865125
10045478
445365
8219126
103524313
8591281
8278413
101093181
466401
100795531
369334
8711546
1636533
11004582
10986477
1583405
454676
8510107
461941
71462
1458231
29270
92962543
555319
447982
98944589
10726917
483888
535035
681542
3139677
2983713
3017953
3020824
3092042
26859
2941607
870949
3915940
3119988
2359571
14477
2938715
2991578
2969645
2974834
2387004
684524
44300
15092
3746116
3780850
3783248
3754220
3748110
3012428
393157
865125
11010498
569259
8614397
103524313
8624524
8626371
102576463
482462
102676010
384681
11106734
1637941
11105460
11102594
1583405
476409
487018
8728467
73082
1653074
31353
571845
483888
607166
609782
102948454
102297381
11031325
55964
20465
63541
62205
67729
59094
62699
9128
15312
16016
59661
56195
55088
53256
63615
71850
74587
69629
23856
509
62646
65422
71242
55964
59661
56195
55088
20384
972
68091
7618
62635
178
3434
985
8042
14053
33444
16868
70425
24219
531
2531
4942
65405
30448
2767
71242
1665748
11722
1515295
10888
62641
3438
475242
52141
2836118312
21138502
539999
475725
241533
454581
794395
3941764
453136
3951132
3871688
78506
5405584
818746
30796
802902
1270445
2264066
9829076
707131
22819664
3117714627
22757049
3941764
472461
4188660
476210
1076737
453136
3951132
3871688
3010333
3595845
168038
23902080
806477
29869
19866128
16817806
21119452
2264660
22819664
18179817
273333
62997
288143
300280
143129
142114
297202
303187
1216981
1857299
31015677
58531327
58304439
7585952
8936956
6218586
3985067
55395366
132330
88392
3593
68399
301876
303596
38254
290997
696
20420
93899
1127
15440
3967
19993
60373
20552
9094
9570
30025
9570
144153
65489
20731
307706
303107
43915
140599
303187
13449521
8152769
26864842
3970801
1350930
8698700
492914
793870
1874771
55640952
135112
372233
365562
18217
281861
65760
66085
277198
1173927
1792003
31015677
57735243
58023884
7053495
8876399
6158587
3979197
54218978
12234741
4125054
25080111
3715194
1254848
8593417
492914
745574
1829388
135112
290702
17686
15444
5654
17039
8799
2728
67243
6052
54643762
197157
814293
291195
1372673
47002
68566
18590
50915
13343
2728
296248
1232
22899272772
287299413
39989374
2436145198
4875561
980367
1772314
626205
13582
982479
576134
1374069
240734
154544
6824
317618
297836
270679
244281
241840
312352
137364
32992
635081
719355
1224
1330997
491705
1975206
4030311
3918077
3605243
4030311
4067692
4032048
1331347
25172926446
307743993
42740653
2622677571
4875561
80672
60459
265662
148846
83090
279281
283975
293965
289278
83166
298818
41996
296008
297488
61589
255990
35724
372
85913
84385
2647
91372
43528
43233
68169
256684
207962
264711
262608
278551
280772
281443
275478
275036
272863
278724
277257
275873
281859
281859
276807
28979373
123089497
773880
14482432
220010
17569710
20651
40703073
4311176
150849
98994
709044
571960
14056615
129445988
14111005
3918077
4255634
29180
3605243
1301849
4344265
3605077
4468953
1375467
1090390
141957
6710
1015260
16081
3990040
4030311
3233727
4061836
4067692
4032048
4039095
3210055
3240724
421893
1331347
31856716
125385901
828950
14893413
235147
20865601
26329
43819653
4725329
98994
775197
778584
131594412
14111005
10404
9794
10058
9599
623
146
233
9811
5295
10575
1261
2379
154
9416
1400
182
2452
11057
11255
11081
11161
658
11261
9912
380
2450
4610
1458
769
780
10302
10183
4740
414
759
11213
5167
11270
11260
11102
628
151
238
9821
5303
10580
2383
11387
9920
4617
1465
786
766
11219
11109
11109
66434
29875
2620723
6225
40355
5347
306961
15173
2888373
66426
74032
138391
65577
114598
474851
65368
510063
524563
500023
2641662
102964
646467
6214
309191
162921
290343
1260479
90682
21636
9813
313543
320762
2926389
316252
16335
3175158
66493
513889
552083
65368
510063
524563
500023
388723
463795
464129
69701
2662584
2547629
2858510
13254
2082189
2156712
2708355
290419
2926389
2331376
21073
308845
316252
599
601
605
596
609
606
597
597
18402
925
18038
18226
18402
935
18038
16836
5651
5541
40579
4552
37500
18215
17036
5663
2569
18393
5936
668
8797
42447
2726
41167
38595
1109
2552
42253
6007
19552
5660
41273
86994
2721
42122
6178
6050
17683
90358
5345
83228
91491
42163
5711
91620
90491
89611
84300
37182
2140
41616
88419
90313
88607
46943
84486
201
40464
88007
87423
5751
11283
11820
1464
47926
89865
91288
41938
91334
89626
90424
40033
41661
42730
87922
89618
89005
90584
5654
734
18217
17039
8799
1376
72978
19555
302486
71727
101
17686
5347
327397
57238
67709
11823
322878
318426
2764516
140407
2737086
72830
5753
333189
11680873
2730267
1288358
1139627
2671690
1431616
6592
89918
28797
63239
1748691
11694815
23321192
75040
111944
111114
1272927
2887836
24003
728
72015
66033
19686
10062
12996
33231
1372
73491
156446
72901
57698
314965
154247
97
57661
20474
327730
1028
327977
124578
34482
42232
39438
151568
38726
325458
152352
332742
264734
324815
328064
6592
90743
30779
67739
1882586
12091101
25636737
2764516
85067
114482
2751713
115731
1305589
141919
2737086
155419
316588
24796
330616
324815
327828
324955
325518
261172
328064
12076686
2759192
1302298
1139627
2778726
1431616
1589
34789
34789
293171
293476
1509
299665
1559
1216
1550
31739
1229
317259
317335
1070
1255
34424
312037
273577
1217
34654
1231
34759
34472
33385
312453
33448
34165
33829
34416
315935
319133
1260
33192
322058
1284
30688
33918
34425
33700
1579
27286
1441
34789
34789
