15153736
2250714
12215633
2296118
15696760
12230216
15608446
12544745
12376602
12426508
12565802
15812864
15470792
15469272
15465805
15709331
16092873
15976470
12463180
16008692
2326870
16008325
12461803
12580776
2348916
788901
15900001
62481045
177897
40216452
65353442
66754689
43010597
40879896
21783632
65296341
25108531727
9631028248
78171035755
77481628750
77474019539
25937786154
78676295839
80597169616
14907497169
162594174
65762323179
63007703607
4227373350
18934326
119042
11676860
21566421
22028696
13858001
12390939
7298248
19787598
21547668
1486392
120893
490321
871881
10308947
3204357
5830996
7407348
19782408
21547668
1486392
490321
3204357
19782408
469817751
191114547
1283295435
874995307
469817751
7842727
191114547
273523287
31116638
1283295435
2378207908
316421478
874995307
8819130076
18934326
11676860
13858001
19787598
6219316046
4728727911
5674396819
875224877
6219316046
7734058
4728727911
7032080789
66867768
5674396819
5109986684
311679805
875224877
8819130076
4530618
180489
1413751
2182846
31073002
9741607
19025664
22147749
65279214
65296341
109980
6580934
33137
942189
470969
305287
148809
1717107448314
14878171179504
3714275595397
11418077516515
235554506343
4530618
1413751
9741607
65279214
106581
6507260
32461
902889
431829
305287
148809
1612645146161
14698094576712
3624364796148
5777201778730
235554506343
142814996
60676285
367372467
394653203
4236867
39345355
149405
5478203
13102235
1897683
25544
142814996
1575822
60676285
76285739
8263820
367372467
723015352
93652028
394653203
2459960913
4372002
39790814
152516
5716652
14289765
1897683
25544
62481045
40216452
43010597
65296341
22995417622
9631028248
73415406534
76619925438
70554441653
25623850499
76771792939
78024855734
14092810304
127530443
33273745943
63007703607
4202049994
1888864750
1501306881
1622536276
394756747
925005286458
29443964990
1015724537786
37539406701
1888864750
1553857
1501306881
1961249754
18655183
1622536276
1553521079
86672372
2459960913
394756747
2798835
1938635
1728927
3177653
3218345
1913311
1834781
2920363
3175414
327171
5628
790
213522
1965927
70506
125540
1512546
435997
859504
2919801
3222587
3175414
1207062
28520
222085
377
1395628
213522
70506
435997
2919801
1207062
26604
198715
377
1354614
327171
5628
790
56947344
23165293
145061413
106059549
413621539
6846064
357985
13687
49801420
56947344
71227937
23165293
33154185
3830934
145061413
288266299
106059549
114534375
1068980547
413621539
7339029
400530
13687
51309244
2798835
1728927
1913311
2920363
753853023
573176504
641423636
106087376
753853023
70226338
573176504
852369508
8076424
641423636
619389476
106087376
1068980547
112818043
1096266
9801733
331231
515673
7586952
2246843
4692272
16156016
16406105
16160254
6871523
27151
1629911
8245
1624814
231815
152827
31493
1229622
1534
76451
37209
348389
3177
7176549
2206568947
261618014
6976059002
571328763
1715978459
35889019
76444627
1096266
331231
2246843
16156016
6871523
26312
1611665
8076
222165
142644
1098275
1534
76451
37209
319436
6965652
2157651242
245702167
6891624901
557498711
868233185
35889019
67434322
1624814
31493
3177
22227749
16286814
48367607
80219398
149239043
910962
7996968
32983
1113459
2515101
125072
8239
380457
4097
5518114
34583832
23887657125
16514234289
22227749
49473595
16286814
20429951
1216008
48367607
102192697
80219398
38129658
347504448
149239043
940017
8087508
33670
1161924
2696206
139205
8239
380457
4097
6018253
35630917
24429231840
18720800362
15153736
2250714
2245215
14375733
12230216
14658887
12376602
12426508
11920118
15298735
14087637
15278616
15329058
15579258
15850956
11782074
12556388
2324870
12461803
11745297
6365492
12198711
12580776
2072056
784176
15900001
266817465
212197838
213868909
80240445
393583406
18502300
419527419
118470714
120481189
373819027
141294645
2219117430
155152019
2829250468
266817465
48777902
212197838
285258077
2585648
213868909
219578499
347504448
36470814
80240445
393583406
18921780
419888215
124254680
126897899
423767234
15881075
5140996
2520764
2497920
5405484
16023341
3932752
5057249
16303218
4084853
15917501
15880468
5287317
17036252
17044450
17126319
17304793
17378406
3877550
29398
5461961
2615886
16322646
399872680
3364719
363755624
3125411
885784747017
8066345921
973717132284
8683975219
12176963519
193721752
3015021629
1894070853
1845970322
316231886
466030654
33586289
283660904
1399909472
461687644
6976480365
13165685400
2033030394
933837551
57999
2823672
13613
189732
506026
128732
62378
100019627
98227086
181936455
2742700688
1871146137
934005134
293740564
454749534
33586289
56207
2792061
13335
174137
484919
128732
62378
11958729383
273625744
1386402646
445456389
6976480365
12986619019
2019254691
932461979
813123
12305178
44433
1994547
2164340
577816
3981
6679134975379
714409741742
839057
12444495
45358
2175325
2258546
577816
3981
7342301877315
769111138348
4708334
2497920
15048541
3577540
15740477
14462107
5223322
8619828
17023727
3665644
23058
5073491
15927526
15801697
16322646
15596456
2122589
172562
4878337
16037050
4045441
16445229
17304793
17142043
2598161
16298602
16322646
6406531645
9046769134
158821611
4707256
3874962199
33181541
28736752486
3136348028
174397930
6001487
4601863821
1039404083
7042631942
29213698257
9739468124
3136348028
150
1871
237
408073
111365
412973
484762
95792
9622
2562
2202
477876
412973
441205
86296
8975
2380
2202
463833
150
1871
237
394995
111365
105037566
114851
1731204
57702
12646875
601334908
3850821
105037566
127762
1855863
57702
13029781
661041054
4145673
1742911
3682684
3621412
3598167
1660112
259395
52527
3733884
3745556
255365
33406
1761243
254917
1774031
3721657
1681580
122371
1710596
243232
1748069
755415
380817
117893
263423
266739
124175
524024
264868
817722
234901
1773944
3591407
1552359
108229
9106
543154
69309
1990150
3757372
3784876
3739810
1778426
3728360
27120
27360
26999
27048
26633
27360
26712
27048
4508483
242214
4457019
4508483
244783
4457019
3541129
3598167
1605702
248423
49331
3407252
1761243
247038
1754171
119874
1689892
1561341
723906
380817
247768
121169
265140
264868
749766
234901
1754955
1552359
95473
9106
506670
3757372
3618794
3616683
3733884
246331
30189
3682003
1665356
243232
113749
263035
3471054
65925
1990150
3759230
3688944
1778426
3728360
12940848
67153
3030762
2041
13907
529706
142140
327
480393
54658
219621
13110815
69673
3022994
13719036
2139529620
251827573
222755920
22896891
4534035051
351126038
15802103
535794095
28971681
535001368
12940848
69294
3065076
2084
15570
552763
142140
327
523934
54658
235435
13507767
72750
3022994
13719036
2212028759
254552309
222755920
23416003
535794095
4984216398
29277623
378011288
17913517
535001368
75759
77402
76307
77651
72325
72186
75415
78949
73604
72245
79593
77173
78756
78542
79619
75656
77239
76983
70729
76336
71321
74171
74548
75487
77504
74487
79782
78419
76520
77918
77302
78996
73215
79223
40402
78419
79851
70439
79372
79851
77426
62630
79851
79851
76277
66423
1996
79169
76453
71898
78856
78452
78943
78764
77175
79733
75951
77043
79851
79309
79851
79851
79851
992850
40696
8893375
8866363
9102097
51393
1055779
1037749
1045376
41813
932138
52112
1056687
48408
828810
8210062
33384
9681882
1056687
1047752
52384
1056687
53155
1056687
992850
41619
9194731
9750182
1045760
1047752
9746698
52948
9842573
53744
42576
55049
9799032
1056687
554676
712690
85068
726996
706902
752639
137289
226832
708581
714932
591735
732314
745769
586331
2401
557102
682999
688485
234890
175562
704085
262518834
259950095
87939272
266296750
263734087
32072879
205701232
88530366
254268998
49250889
505186
217281736
32942130
208180346
13835910
13677806
84033899
277693498
84775051
40818622
42628450
263105194
222499
24630
222573
43277
71117
218106
205545
163115
153639
145605
193379
214942
52909
190352
214164
228021
233768
235863
190606
1605
161619
168781
77784
213311
232285
163115
153639
193379
190352
49154
546
3992
2669
70833
217884
26498
21987
11868
16178
230628
9092
109789
43106
1628
6531
78551
78968
213255
232285
548
4049
2672
70838
16249
224220
43111
6537
213255
217665
11875
5335337
13834196
2094227
9432495
28226
2580486
138062
195417
2137981
241449
1602172
13970179
17614111
17300971
29584
2580486
143865
202147
3593213
2140133
2429027
1607282
1079310
5314075
2964843
333169
17650775
109421
2646734
32401148
3411040
9432495
95070688
24634
225629
43283
71122
215021
221686
149392
136488
213311
1236603
134472521
2151550
196182
70627710
61171198
51817256
9434970
1296073
134472521
2241984
202938
16264743
2142310
18841448
1602172
13970179
10643759
17614111
2111236
4811494
17300971
70346247
76223929
715960
78047112
107882
65487880
69619412
3359924
9434970
95070688
586331
557102
682999
704085
112924
157447
1472
9479
50258
761244
7839
225927
22917
332786
133660
731570
94255
2435
38554
18928
83074
259277
51777
238814
39330
72429
23920
335863
50485
714580
703900
704085
10488644981
44587432245
33107819738
635170775
6954035658
20255711559
2673569814
4716654253
1474
9612
50461
740094
7842
219705
133663
18930
703900
22060
730835
5653
17686
19554
8806
2729
158463
6053
10234748244
44047772281
16751555137
635170775
6492053159
18951821393
2673569814
4429710904
1621833
3960375
664892
4254731
75680
6122212
404917
614643
134395
4417539
111404
321497
335837
47828
4490
957832
6058
106325727610
275146677319
34103606006
17774916
21010430
3367413
25796058
26518655
26764501
79320
6122212
421937
635810
684956
5071791
1615370
826895
87671
5052964
4421985
3658778
21397
1551982
840306
2553302
9850544
1581456
1009587
1501236
451023
112766
2030131
8246
4254731
26518655
113891997353
294076839195
34103606006
85071
736977
709730
731729
128318
220585
463786
440807
704085
259599260
253657530
80231801
257797707
257764311
32072879
204908370
87458847
249612139
46559354
396242
109937984
208180346
12916739
13595872
76961673
270030603
79317955
42628450
239606001
194125569
247098872
245135223
260017614
21450299
17491378
16451368
4255848
4119149
438998942
6644832
617105
17703896190
45214945380
509532691671
93328432
171490346
59584774247
937865227
433549017
3010337452
2429029275
4317245
438998942
6924127
638356
3352743
22957553
21364816
21258880
199744
22316900
4426484
28362891
17774916
21096
20791630
21165581
21010430
21047134
16888832
3367413
25796058
4161554
7149931
934337
6686154
108196
26518655
26764501
2786781
4255848
19404621653
45389897688
519038726666
118988525
183693810
61275663453
1002390595
433549017
3292148586
3305574207
35726
24870
35087
27600
35494
33897
31365
35527
26191
24669
23379
33743
32009
30564
35295
32854
33683
30726
30737
29650
33538
27005
33553
25502
23187
23385
24215
26368
1875
30024
29296
30603
33326
26191
24669
32009
30564
16066
1905
786
7892
535
618
1702
35353
33863
4043
36038
3530
7569
32854
2321
31089
4402
1304
15618
5767
937
10964
11269
26745
128
29788
30595
33832
33326
4922178
7319727
16072
1912
790
538
629
1704
35357
2334
31095
5773
940
30600
33867
7575
32857
4412
10969
131
29793
33328
646704
1563792
253844
1143327
27714
402650
88098
99661
271094
125630
170230
20136
4886
10320823
1209133
209886
1830109
2378702
2266446
29047
402650
91801
103093
470714
271366
302410
2147769
210555
561582
644127
1222699
359373
40065
1995211
320814
20131
3927393
999430
4879
10402452
1143327
1234686
11523666
1245351
24875
35571
27606
35498
30853
30742
25510
23193
30606
1248265
21948960
1390384
100047
8560895
6914682
6280850
1143627
1308297
21948960
1448824
103492
2130699
271643
2345734
2117339
209886
1830109
1394344
2503498
2378702
2266446
282841
8526778
8234037
9239221
85622
8822305
7937888
42936
8438677
985376
71319
10484842
1143627
11523666
1216184
1245351
169019
82676
27182
37961
129468
2114
2148
11933
174197
7347
24879
171762
5379
11196
80365
30017
172460
21483
175093
133738
9128
63442
4414
19901
62975
137242
135313
531
17591
5678
83147
38690
12176
38063
176903
174259
176956
80569
3174
172935
174305
1993831
3927648
26859615
44846529
1892570
26119689
9083347
3233229
6364726
119054
44078297
21286121
261905
8297467
1296215
3173521
12672400
884078
26866352
56295021
2116
2179
11984
169309
7349
166983
30019
4416
133633
174230
166104
42750
17038
124390
11824
5543
172287
5653
37502
533
8799
2729
42261
19554
6053
17686
40468
1468
171578
169235
1945566
3927648
26534522
43057394
1875378
25740068
8624188
3233229
3220358
119054
20753606
231035
8113519
1210102
3173521
11856659
830294
25985808
252422
521413
178480
864898
108581
1389583
379471
467195
27319
2754203
62542
869188
23955
6795
2918
9467
2734
194707
188358
1266
135400
180853
3724065
839965
534986
403208307
410060230
4194721932
51733070
77511848
15073826
31354999
129148841
48706023290
113802
1389583
395421
483284
139237
694590
2866646
251416
449219
221462
12529
665260
870063
504840
3164827
333728
6787
225567
360454
1392292
694287
2912
90433
24316
412683
841986
1261
666038
864898
411039
399890
3753519
3746116
865125
2359571
2969645
684524
3746116
3780850
3754220
419962548
413819237
4302353863
58645436
79269176
16146498
31354999
138034314
50356453719
169181
165292
156143
132390
171632
168011
167989
127395
133001
173824
133165
172156
166657
128316
170211
169817
170941
166699
169362
129882
126707
135411
24294
134023
134017
171054
170112
170772
24255
126326
128472
128360
68464
131927
135313
131203
133632
135313
24003
21654
7643
8137
154837
157039
156155
126514
161038
165850
159758
169457
166738
171470
160432
171470
3030028
2305552
534986
2325257
865125
10045478
445365
8219126
103524313
8591281
8278413
101093181
466401
100795531
369334
8711546
1636533
11004582
10986477
1583405
454676
8510107
461941
71462
1458231
29270
92962543
555319
447982
98944589
10726917
483888
535035
681542
3139677
2983713
3017953
3020824
3092042
26859
2941607
870949
3915940
3119988
2359571
14477
2938715
2991578
2969645
2974834
2387004
684524
44300
15092
3746116
3780850
3783248
3754220
3748110
3012428
393157
865125
11010498
569259
8614397
103524313
8624524
8626371
102576463
482462
102676010
384681
11106734
1637941
11105460
11102594
1583405
476409
487018
8728467
73082
1653074
31353
571845
483888
607166
609782
102948454
102297381
11031325
55964
20465
63541
62205
67729
59094
62699
9128
15312
16016
59661
56195
55088
53256
63615
71850
74587
69629
23856
509
62646
65422
71242
55964
59661
56195
55088
20384
972
68091
7618
62635
178
3434
985
8042
14053
33444
16868
70425
24219
531
2531
4942
65405
30448
2767
71242
1769010
13064
1609231
12135
62638
3439
475247
54032
3037059689
26992282
539999
475725
241533
454581
794395
3941764
453136
3951132
3871688
78506
5405584
818746
30796
802902
1270445
2264066
9829076
707131
22819664
3338607341
29059045
3941764
472461
4188660
476210
1076737
453136
3951132
3871688
3010333
3595845
168038
23902080
806477
29869
19866128
16817806
21119452
2264660
22819664
18179817
273333
62997
288143
300280
143129
142114
297202
303187
1216981
1857299
31015677
58531327
58304439
7585952
8936956
6218586
3985067
55395366
132330
88392
3593
68399
301876
303596
38254
290997
696
20420
93899
1127
15440
3967
19993
60373
20552
9094
9570
30025
9570
144153
65489
20731
307706
303107
43915
140599
303187
13449521
8152769
26864842
3970801
1350930
8698700
492914
793870
1874771
55640952
135112
413551
406139
18218
281924
66473
66700
277398
1173927
1792003
31015677
57735243
58023884
7053495
8876399
6158587
3979197
54218978
12234741
4125054
25080111
3715194
1254848
8593417
492914
745574
1829388
135112
290705
17686
15443
5653
17038
8799
2729
67864
6053
54643762
205000
823873
294552
1372687
48939
71053
21379
52820
14204
2736
299636
1229
22899272772
287299413
39989374
2436145198
4875561
980367
1772314
626205
13582
982479
576134
1374069
240734
154544
6824
317618
297836
270679
244281
241840
312352
137364
32992
635081
719355
1224
1330997
491705
1975206
4030311
3918077
3605243
4030311
4067692
4032048
1331347
25172926446
307743993
42740653
2622677571
4875561
80672
60459
265662
148846
83090
279281
283975
293965
289278
83166
298818
41996
296008
297488
61589
255990
35724
372
85913
84385
2647
91372
43528
43233
68169
256684
207962
264711
262608
278551
280772
281443
275478
275036
272863
278724
277257
275873
281859
281859
276807
28979373
123089497
773880
14482432
220010
17569710
20651
40703073
4311176
150849
98994
709044
571960
14056615
129445988
14111005
3918077
4255634
29180
3605243
1301849
4344265
3605077
4468953
1375467
1090390
141957
6710
1015260
16081
3990040
4030311
3233727
4061836
4067692
4032048
4039095
3210055
3240724
421893
1331347
31856716
125385901
828950
14893413
235147
20865601
26329
43819653
4725329
98994
775197
778584
131594412
14111005
10404
9794
10058
9599
623
146
233
9811
5295
10575
1261
2379
154
9416
1400
182
2452
11057
11255
11081
11161
658
11261
9912
380
2450
4610
1458
769
780
10302
10183
4740
414
759
11213
5167
11270
11260
11102
628
150
237
9817
5303
10581
2382
11387
9919
4617
1463
785
765
11220
11109
11109
66428
30959
2620932
6220
43047
5439
307054
18690
3085284
66426
74032
138391
65577
114598
474851
65368
510063
524563
500023
2641662
102964
646467
6214
309191
162921
290343
1260479
90682
21636
9813
313543
320762
2926389
316252
20121
3391620
66493
513889
552083
65368
510063
524563
500023
388723
463795
464129
69701
2662584
2547629
2858510
13254
2082189
2156712
2708355
290419
2926389
2331376
21073
308845
316252
599
601
605
596
609
606
597
597
21468
1091
21045
21263
21468
1103
21045
16836
5651
5541
40579
4552
37500
18215
17036
5663
2569
18393
5936
668
8797
42447
2726
41167
38595
1109
2552
42253
6007
19552
5660
41273
86994
2721
42122
6178
6050
17683
90358
5345
83228
91491
42163
5711
91620
90491
89611
84300
37182
2140
41616
88419
90313
88607
46943
84486
201
40464
88007
87423
5751
11283
11820
1464
47926
89865
91288
41938
91334
89626
90424
40033
41661
42730
87922
89618
89005
90584
5687
733
18853
17044
8799
1378
73812
20202
302611
72554
101
18116
5348
327401
57911
68540
11982
322904
318523
2764516
140407
2737086
73655
5792
333189
11680873
2730267
1288358
1139627
2671690
1431616
6592
89918
28797
63239
1748691
11694815
23321192
75040
111944
111114
1272927
2887578
24003
728
72015
66033
19686
10062
12996
33231
1372
73491
156446
72901
57698
314965
154247
97
57661
20474
327730
1028
327977
124578
34482
42232
39438
151568
38726
325458
152352
332742
264734
324815
328064
6592
90743
30779
67739
1882586
12091101
25636737
2764516
85067
114482
2751713
115731
1305589
141919
2737086
155419
316588
24796
330616
324815
327828
324955
325518
261172
328064
12076686
2759192
1302298
1139627
2778726
1431616
1589
34789
34789
293171
293476
1509
299665
1559
1216
1550
31739
1229
317259
317335
1070
1255
34424
312037
273577
1217
34654
1231
34759
34472
33385
312453
33448
34165
33829
34416
315935
319133
1260
33192
322058
1284
30688
33918
34425
33700
1579
27286
1441
34789
34789
