15146165
2180128
12179400
2224594
15694707
12193550
15605501
12510951
12341561
12391523
12532164
15811972
15466465
15464921
15461395
15707405
16094821
15977243
12428465
16009790
2254671
16009419
12427074
12547249
2276277
759160
15900001
62444086
155838
39990648
65345433
66760428
42794906
40657141
21424286
65288109
24564865977
9098973462
78156286463
77459960695
77452229680
25410144530
78666650184
80606926727
14387528902
135124327
65614818199
62839789344
3991161373
18901220
51638
11585895
21558141
22024963
13781484
12307017
7068624
19762078
21539229
1251919
52419
356276
629730
10133634
3009472
5661519
7177301
19756842
21539229
1251919
356276
3009472
19756842
414614748
145523743
1243201150
873864489
414614748
2305115
145523743
206967573
28459682
1243201150
2356144197
309923473
873864489
8895100412
18901220
11585895
13781484
19762078
6262708421
4736659294
5693909041
874096079
6262708421
2272583
4736659294
7090752917
61857948
5693909041
5122008352
305232973
874096079
8895100412
4134257
158111
1228758
1907543
30715221
9344040
18702446
21753512
65270811
65288109
94557
6432642
27018
876971
431108
273336
129289
1233207013496
14412106514935
2931307261589
10705597172204
168753562661
4134257
1228758
9344040
65270811
91605
6359901
26461
840021
394920
273336
129289
1157425563293
14235908907697
2859632891845
5363285159897
168753562661
125679707
46128193
354507141
394529999
3480782
38442479
104788
5077520
12053132
1652032
19374
125679707
955060
46128193
57560581
7915358
354507141
713975552
91580304
394529999
2470853866
3592959
38882163
106993
5300859
13157622
1652032
19374
62444086
39990648
42794906
65288109
22476623929
9098973462
73353526938
76589796722
70464722883
25099488579
76743145731
78008315326
13593315899
105690177
32871681519
62839789344
3967011507
1896076908
1499675249
1621760053
394634556
770621489921
24267410222
847038776163
31025754326
1896076908
941351
1499675249
1969647721
18278608
1621760053
1552107357
84889565
2470853866
394634556
2712300
1868426
1662623
3093694
3133540
1843152
1766069
2835702
3091074
308608
4166
504
179930
1895346
51318
90646
1441753
402736
812530
2835146
3138087
3091074
1181654
23883
206069
235
1371875
179930
51318
402736
2835146
1181654
22263
183834
235
1331152
308608
4166
504
50256102
17639160
140433576
105922481
416284537
6228540
306845
8548
49736061
50256102
70809729
17639160
25086863
3420733
140433576
285591922
105922481
114479114
1078189030
416284537
6681899
343957
8548
51257582
2712300
1662623
1843152
2835702
759112681
574137880
643191174
105950552
759112681
69804095
574137880
859481249
7434525
643191174
620846642
105950552
1078189030
112746543
1006888
9749699
299272
464667
7416412
2120726
4554753
16158601
16411257
16162883
6866272
23031
1592568
6688
1587524
213603
138729
26841
1196506
1177
67675
32011
325233
2965
7174244
2103541051
193629148
6895884037
460252434
1609824151
26496450
58017502
1006888
299272
2120726
16158601
6866272
22312
1574559
6551
204603
129316
1067405
1177
67675
32011
297932
6961285
2056436337
181730499
6811577259
448998648
806488965
26496450
51110074
1587524
26841
2965
19526294
13954238
46582531
80199707
149559181
744243
7814553
31746
1032153
2279309
112271
5933
335851
3029
5173764
34550829
18024332013
12137447029
19526294
49190362
13954238
17427434
1140929
46582531
100786753
80199707
38116683
348598445
149559181
768228
7903931
32414
1077554
2445214
125850
5933
335851
3029
5647862
35607805
18437197210
13777799556
15146165
2180128
2174779
14360511
12193550
14646532
12341561
12391523
11881703
15292719
14069723
15272369
15323338
15575955
15850455
11742395
12522375
2252714
12427074
11705580
6285915
12162352
12547249
2005268
754567
15900001
267506496
211698284
213349785
80220962
373237776
14185798
398127063
99307717
100649650
354395448
118435432
2213106237
130179867
2829444501
267506496
48491765
211698284
286170758
2475591
213349785
219099745
348598445
36453041
80220962
373237776
14510737
398472917
103834863
106448264
402291308
15876615
5035256
2427165
2404544
5300331
16020317
3828094
4951202
16303022
3979334
15913409
15876001
5183279
17043460
17051741
17134437
17314713
17389071
3772880
27507
5356274
2520736
16322646
361743024
2076070
328739860
1926923
807774995639
4734735832
888869909381
5101213595
12175386205
157750716
2920510706
1834649413
1735381160
272154542
379567821
27355013
242366784
1341220102
376191423
6918896168
13174171928
1932985463
818745075
51594
2769968
11634
172588
480698
117703
55674
81452398
79977872
148056822
2654061632
1812219601
869390457
252602608
370286882
27355013
49983
2738645
11395
158101
460445
117703
55674
11954976238
233705890
1328148819
362832313
6918896168
12993180204
1919755358
817526856
669662
12025871
40845
1828087
2021742
516801
2957
6521523191180
620682070466
691244
12163416
41704
1995604
2110670
516801
2957
7176238134703
668724069989
4607213
2404544
15035858
3478843
15734642
14443716
5119910
8538424
17030760
3564612
21515
4971472
15923535
15796435
16322646
15589202
2039902
117376
4774273
16034168
3940552
16446209
17314713
17150173
2503483
16298359
16322646
6254725759
8938236062
132188360
4134157
3693576521
22553490
28990686700
3136348028
145296579
5285498
4394779535
1018442912
6882656121
29476788734
9630072918
3136348028
90
1374
169
388987
101814
393818
463956
87067
7945
1913
1605
457236
393818
421628
77672
7406
1775
1605
443664
90
1374
169
375820
101814
105713824
98860
1574980
45342
12630277
566117514
2384447
105713824
110818
1689619
45342
13016661
622951721
2569008
1722919
3682207
3620337
3596860
1640477
243780
47708
3733936
3745728
239847
30346
1741437
239390
1754341
3721589
1660941
113107
1690854
228062
1728066
731727
362076
108907
247613
250823
114792
502635
249012
793795
219995
1754202
3590024
1530379
99852
8272
521568
63385
1972593
3757665
3785447
3739925
1758730
3728360
24633
24856
24527
24572
24187
24856
24263
24572
3566726
160828
3525962
3566726
162578
3525962
3539267
3596860
1586167
233364
44776
3403991
1741437
231916
1734502
110776
1670182
1541611
700897
362076
232804
111986
251810
249012
727161
219995
1735236
1530379
87963
8272
486180
3757665
3617688
3615548
3733936
231276
27394
3681535
1644754
228062
105039
247244
3468501
60258
1972593
3759538
3688545
1758730
3728360
12922088
53667
2963356
1284
12355
498235
127372
244
446408
47025
195837
13102018
56009
2955360
13715935
2132549852
248997861
219601926
18744484
4570515950
312579977
12622392
535801640
24402820
535001368
12922088
55397
2997249
1311
13849
520151
127372
244
487315
47025
210092
13502833
58509
2955360
13715935
2205567396
251719490
219601926
19173845
535801640
5029363524
24668314
336774276
14328284
535001368
75759
77402
76290
77651
72300
72119
75381
78949
73555
72173
79593
77148
78747
78541
79619
75615
77223
76974
70659
76327
71235
74114
74494
75443
77480
74433
79781
78405
76486
77898
77276
78987
73148
79217
40003
78405
79851
70344
79367
79851
77401
62457
79851
79851
76262
66297
1749
79169
76424
71821
78848
78439
78936
78753
77148
79732
75912
77015
79851
79304
79851
79851
79851
992215
37261
8964377
8936806
9177019
47322
1055769
1037557
1045261
38294
930880
47961
1056687
44536
826508
8267401
23156
9767436
1056687
1047661
48198
1056687
48952
1056687
992215
38114
9271313
9836917
1045650
1047661
9833998
48722
9931212
49479
39000
50724
9887339
1056687
553166
712777
82525
727229
706930
753132
134082
222957
708626
715042
590488
732601
746192
585040
2192
555618
682787
688327
231045
171947
704085
262512911
259918225
86173290
266328988
263740439
30406903
205121394
86758376
254179093
47537056
446456
216794373
31252227
207625550
13340877
13186980
82225098
277840854
82973736
38829296
40631815
263105194
222526
23223
222600
41860
69606
218085
205386
162571
153025
144931
193118
214893
51297
190054
213981
227965
233783
235899
190158
723
160964
168180
76224
213119
232285
162571
153025
193118
190054
47409
341
2501
2185
69326
217861
24671
20642
11105
14166
230598
6823
108533
41518
733
4945
77363
77395
213063
232285
344
2538
2188
69329
14230
224061
41525
4950
213063
217640
11113
4712831
13407024
1595523
9423995
16434
1525609
105292
158496
2137732
219950
1596833
14039733
17748880
17429552
17233
1525609
109764
164011
3495943
2139906
2281890
1522188
1018974
4693860
2244421
304819
17153812
32447
2021863
32198933
3342300
9423995
95927218
23228
225688
41865
69609
214845
221503
148623
135313
213119
1109700
135623826
2014656
159136
71186774
61404686
51932777
9426493
1163633
135623826
2100227
164674
16408959
2142105
18996667
1596833
14039733
10687174
17748880
2110752
4706922
17429552
70900229
76894354
662533
78565119
31986
65809739
69997076
3291716
9426493
95927218
585040
555618
682787
704085
108564
151857
1213
8172
46801
761829
6999
222059
20683
328977
128926
731849
89633
2223
35771
17070
79137
255586
49191
234595
37223
68376
21631
332144
47025
714687
703898
704085
8503759577
43205128255
31057073299
489556227
6469960231
19134970526
2169672610
3645063048
1215
8288
46993
740232
7003
215819
128930
17072
703898
20409
731106
5651
17668
19553
8797
2726
154914
6050
8295831321
42676916768
15558958333
489556227
6035795013
17890782238
2169672610
3421071325
1428572
3823102
505749
4254720
58045
4980773
337003
507660
123363
4419178
84814
292857
304806
40137
2726
936381
6050
77690581305
213646717635
21588550651
17818760
21055438
3358439
25912308
26646370
26893543
60866
4980773
351317
525325
656218
4915779
1422822
624205
84774
4891524
4423671
3423320
13440
1359553
640891
2410311
9757149
1501482
987627
1412088
413303
85683
2007649
7041
4254720
26646370
83278999737
228504466186
21588550651
82528
737314
709787
731781
128263
216692
461512
438457
704085
259563913
253562878
78544310
257743056
257710217
30406903
204322781
85697697
249476858
44912940
349205
108609545
207625550
12445641
13107188
75235200
270096449
77578643
40631815
239368636
193428805
246937192
244953708
259986426
21552272
17489508
16442453
4255848
3942713
443078320
6452529
509713
17331535457
45085729659
513844494425
77055388
131119496
59599303844
758272290
330911314
2515765281
2023122458
4134333
443078320
6726597
527450
3343621
23073264
21465519
21359479
195774
22377205
4428217
28515956
17818760
13249
20836043
21211011
21055438
21092242
16922623
3358439
25912308
4160602
7039268
915472
6516705
105333
26646370
26893543
2786418
4255848
19014941295
45261951019
523529630301
98514902
140551149
61308179065
811005227
330911314
2751886026
2765236595
35730
24773
35085
27522
35496
33883
31325
35530
26103
24571
23271
33727
31975
30516
35295
32849
33686
30699
30711
29612
33540
26940
33555
25425
23093
23292
24128
26298
1591
29990
29255
30576
33326
26103
24571
31975
30516
15890
1647
497
7612
364
394
1436
35353
33848
3762
36046
3314
7301
32849
2032
31066
4142
979
15438
5551
709
10795
11099
26677
93
29752
30568
33838
33326
4570996
6890704
15895
1655
504
366
401
1438
35358
2045
31071
5557
713
30575
33855
7306
32856
4148
10802
97
29759
33331
571249
1514474
193395
1142297
17485
241270
69200
80833
270974
117985
151351
18030
3520
10400572
1208396
209186
1839220
2397650
2283290
18335
241270
72139
83646
457972
271250
283949
2167000
199408
546596
568950
1160486
272049
36631
1937716
245073
18021
3902883
996908
3508
10483786
1142297
1234574
11627488
1245351
24775
35574
27526
35500
30830
30719
25432
23100
30581
1183607
21378028
1324624
81158
8628660
6936351
6294853
1142600
1241131
21378028
1380887
83982
2149592
271529
2363874
2135992
209186
1839220
1400031
2524881
2397650
2283290
282841
8593927
8295570
9320484
79620
8874815
7976901
38880
8484455
982750
59460
10567665
1142600
11627488
1215889
1245351
169019
81760
26439
36982
129415
1963
1953
11397
174217
6980
24089
171755
5037
10659
79433
29261
172458
20734
175118
133738
8711
62716
4157
19272
62244
137262
135313
483
16927
5355
82226
37734
11641
37110
176929
174258
176983
79622
2963
172921
174305
1715427
3559130
26559782
44729215
1625389
25811755
8712648
2916499
6000049
98756
43955321
20994275
216239
8022349
1228979
2834124
12239905
735303
26568046
56293975
1965
1981
11445
169278
6982
166929
29262
4158
133616
174258
166044
42730
17029
124287
11814
5541
172283
5651
37455
485
8797
2726
42249
19553
6050
17668
40456
1466
171548
169132
1673483
3559130
26235071
42926736
1610475
25432820
8267779
2916499
3005901
98756
20463757
190494
7842704
1146509
2834124
11444045
690118
25688484
221950
502358
152994
864895
93876
1190511
335992
392657
25077
2754206
55386
869229
18134
6597
2443
8797
2726
190346
176021
1102
125708
176497
3736629
839453
531986
319979519
325509517
4136137533
38502814
58505748
11064069
21142267
102458944
48582644441
98438
1190511
350263
406321
133395
672339
2867831
221057
424675
188988
12214
642750
870113
472157
3176853
290692
6588
193876
340246
1377346
692535
2437
84015
25950
408113
815461
1094
644506
864895
411060
395191
3766525
3759381
865125
2361038
2972243
682700
3759381
3794254
3767518
333415351
328523871
4243366051
43706395
59845880
11859927
21142267
109584302
50246092257
169162
165251
155991
132018
171634
167975
167954
127333
133001
173848
133160
172163
166608
128262
170198
169801
170935
166651
169341
129827
126633
135044
24293
134023
134017
171050
170098
170765
24255
126236
128403
128289
67789
131893
135313
131162
133615
135313
23998
21625
7637
8137
154669
156893
156000
126060
160933
165793
159640
169437
166690
171470
160320
171470
3040685
2300822
531986
2321061
865125
10035539
379877
8191851
104471346
8566729
8251596
101993872
392006
101690709
308028
8687948
1562919
11004305
10986017
1511571
389850
8485228
395118
56982
1391243
23459
93699162
478019
384413
99802082
10723843
407146
456867
679688
3151333
2986178
3028445
3031334
3103325
26510
2943821
871007
3930699
3131395
2361038
14213
2941273
2994204
2972243
2977438
2388844
682700
41306
14860
3759381
3794254
3796661
3767518
3761384
3022783
393119
865125
11010287
486921
8589984
104471346
8600213
8602078
103505710
405646
103607414
320962
11107496
1564277
11106209
11103314
1511571
407622
417881
8705206
58287
1579267
25147
488639
407146
522885
525421
103876909
103219260
11031325
55889
20030
63540
62191
67770
59044
62688
8631
14845
15535
59621
56120
55002
53151
63615
71856
74620
69609
23378
281
62559
65363
71242
55889
59621
56120
55002
19949
714
68136
7092
62624
126
3213
811
7570
13553
33059
16292
70413
23737
285
1922
4327
65346
30067
2079
71242
1616966
9229
1469444
8566
62631
3217
475160
49221
2769590104
16145998
507255
475643
228030
431665
772796
3971923
452833
3981414
3900463
72665
5268069
802246
9869
614983
1122124
2262026
9793833
535272
23025255
3047637421
17395729
3971923
472353
4222886
476132
1053336
452833
3981414
3900463
3030689
3627287
157940
24127962
790105
9729
20017111
16949565
21290758
2262626
23025255
18338542
273333
61946
288083
300280
141640
140983
297142
303187
1085577
1672452
30759672
58569056
58339870
7171723
8593567
5973050
3639934
55401307
130796
88389
3226
66035
301892
303631
35643
290994
623
19692
93913
1128
14901
3593
19519
59503
20072
8849
9314
29443
9314
143025
64594
20249
307752
303106
43183
139467
303187
13054482
7715068
26564129
3751098
1209930
8428614
425328
714555
1687463
55649374
121613
372290
365550
18203
281795
65056
65557
277001
1046784
1613061
30759672
57764412
58056308
6663255
8534749
5914837
3634518
54212910
11863473
3865091
24781549
3507195
1123007
8325569
425328
670645
1646202
121613
290699
17668
14903
5651
17029
8797
2726
66707
6050
54641959
190431
806762
287876
1373104
44417
64188
16317
49120
12556
2726
292926
1076
22360120322
238329996
31292711
2116597839
3162062
947648
1756471
619082
13308
950174
514546
1374500
227728
151460
5328
297369
261562
261289
215326
241633
316144
129292
33393
628048
694444
1070
1330994
464258
1954956
4034432
3920861
3612238
4034432
4071855
4036171
1331347
24604918735
255473486
33468917
2280426628
3162062
80597
60399
265612
147441
83059
279243
283992
294086
289348
83108
298990
41996
296148
297645
61553
255795
35656
371
85847
84303
2048
91361
43528
43230
68163
256430
207216
264538
262413
278517
280761
281439
275414
274967
272772
278692
277210
275812
281859
281859
276756
28294232
124123466
667477
14485963
184302
16821791
18600
40214763
4220581
102543
80429
611471
491731
14056065
130591418
14111005
3920861
4262234
28925
3612238
1301551
4351833
3612069
4477304
1375912
1069613
139105
5252
985790
15948
3994114
4034432
3236935
4065993
4071855
4036171
4043226
3213237
3243941
421881
1331347
31134773
126462992
715490
14901316
197119
20015305
23780
43327464
4630524
80429
668862
672107
132781113
14111005
10405
9794
10058
9599
540
87
165
9808
5237
10575
1175
2296
122
9415
1321
147
2365
11057
11256
11081
11161
579
11263
9911
299
2366
4557
1374
674
685
10303
10183
4685
324
655
11214
5107
11272
11261
11102
546
90
169
9815
5244
10579
2299
11392
9918
4564
1380
691
661
11220
11109
11109
66399
29075
2641184
5809
38271
5345
306867
12198
2912031
66393
69508
134698
62271
111482
476756
65325
511389
526084
501209
2662316
78865
629593
5799
293446
143901
290081
1255959
68643
18660
9238
313515
320808
2952754
316252
13143
3204379
66461
515223
554000
65325
511389
526084
501209
389443
465568
465904
69701
2683617
2566991
2883560
12512
2097660
2173609
2730323
290158
2952754
2351731
20081
308770
316252
599
602
605
596
609
606
597
597
18404
824
18038
18227
18404
833
18038
16827
5649
5541
40573
4552
37454
18201
17028
5661
2569
18380
5936
668
8797
42447
2725
41152
38567
1108
2552
42248
6007
19552
5656
41259
86993
2720
42122
6117
6050
17667
90355
5345
83153
91500
42159
5711
91630
90490
89601
84270
37182
2137
41605
88397
90310
88606
46942
84443
201
40455
87987
87391
5749
11274
11812
1464
47926
89865
91295
41932
91341
89616
90423
40030
41650
42730
87895
89609
88989
90584
5651
726
18203
17029
8797
1050
72181
19553
302361
70937
89
17668
5345
327394
56586
66929
11814
322849
318328
2764794
125072
2737086
72036
5750
333241
11650669
2730196
1273881
1123491
2671013
1418429
5076
77631
24601
55640
1599170
11665191
23510113
64576
98125
97384
1258503
2912137
20957
720
69488
64385
17253
7551
9879
31859
1043
70951
154760
70354
55642
314835
152551
85
55605
19357
327727
1016
327977
123199
34487
39350
37199
149860
36483
325432
150585
332790
264772
324815
328064
5076
78350
26312
59642
1722949
12064602
25870363
2764794
73304
100373
2751861
101473
1291129
126433
2737086
153728
316475
21736
330642
324815
327828
324955
325518
261172
328064
12049582
2759415
1287805
1123491
2779146
1418429
1589
34789
34789
295494
295824
1507
302132
1557
1212
1549
31709
1229
320070
320121
770
1255
34420
314741
275521
1213
34653
1231
34758
34469
33371
315161
33435
34159
33819
34412
318721
321957
1260
33176
324960
1284
30647
33909
34421
33700
1579
27210
1440
34789
34789
