15146165
2180128
12179400
2224594
15694707
12193550
15605501
12510951
12341561
12391523
12532164
15811972
15466465
15464921
15461395
15707405
16094821
15977243
12428465
16009790
2254671
16009419
12427074
12547249
2276277
759160
15900001
62452342
161943
39995720
65353942
66769522
42800334
40662298
21426997
65296341
24564865977
9098973462
78156286463
77459960695
77452229680
25410144530
78666650184
80606926727
14387528902
135124327
65614818199
62839789344
3991161373
18908624
53587
11597124
21566587
22033591
13786883
12314305
7154112
19769820
21547668
1300781
54325
370458
654497
10193449
3080007
5728993
7262323
19764582
21547668
1300781
370458
3080007
19764582
414777179
145580754
1243688190
874206837
414777179
2370602
145580754
207048656
28470831
1243688190
2357067248
310044890
874206837
8898585183
18908624
11597124
13786883
19769820
6265161918
4738514942
5696139704
874438517
6265161918
2337789
4738514942
7093530811
61882182
5696139704
5124014965
305352552
874438517
8898585183
4223281
164231
1272770
1972027
30719405
9374799
18704818
21756540
65279041
65296341
96000
6435821
27757
877393
434752
274221
130484
1233207013496
14412106514935
2931307261589
10705597172204
168753562661
4223281
1272770
9374799
65279041
93003
6363044
27185
840444
398258
274221
130484
1157425563293
14235908907697
2859632891845
5363285159897
168753562661
125728944
46146028
354644278
394652157
3484087
38473366
104937
5081696
12064573
1653340
20550
125728944
992237
46146028
57583131
7996393
354644278
714255261
91614990
394652157
2471809942
3596370
38913403
107145
5305025
13170111
1653340
20550
62452342
39995720
42800334
65296341
22476623929
9098973462
73353526938
76589796722
70464722883
25099488579
76743145731
78008315326
13593315899
105690177
32871681519
62839789344
3967011507
1896819721
1500255328
1622387687
394756747
770621489921
24267410222
847038776163
31025754326
1896819721
978268
1500255328
1970419356
18285661
1622387687
1552707717
84922393
2471809942
394756747
2795119
1927865
1717102
3177660
3218659
1902337
1823520
2917929
3175414
320110
4540
502
186979
1955366
53328
94197
1495148
418514
844438
2917274
3223055
3175414
1205154
25722
215653
259
1395628
186979
53328
418514
2917274
1205154
23977
192893
259
1354200
320110
4540
502
50275790
17646070
140488592
105963977
416704108
6234818
317452
9198
49786190
50275790
70837470
17646070
25096691
3508820
140488592
285703807
105963977
114523963
1078611425
416704108
6688633
355582
9198
51309244
2795119
1717102
1902337
2917929
759410073
574362806
643443153
105992060
759410073
69831442
574362806
859817962
7520357
643443153
621089866
105992060
1078611425
112790713
1046334
9773996
310996
482871
7500875
2185227
4626254
16155973
16408588
16160254
6868478
24297
1594186
7151
1589201
218399
142242
28101
1201840
1296
69969
33432
329936
2966
7176549
2103541051
193629148
6895884037
460252434
1609824151
26496450
58017502
1046334
310996
2185227
16155973
6868478
23539
1576159
7003
209235
132591
1072164
1296
69969
33432
302240
6963521
2056436337
181730499
6811577259
448998648
806488965
26496450
51110074
1589201
28101
2966
19533944
13959082
46600781
80219186
149701998
744868
7819746
32475
1032853
2281485
119853
6430
336207
3331
5178702
34573255
18024332013
12137447029
19533944
49202383
13959082
17432979
1185626
46600781
100826238
80219186
38131616
348735013
149701998
768873
7909184
33158
1078254
2447548
133667
6430
336207
3331
5653253
35630917
18437197210
13777799556
15146165
2180128
2174779
14360511
12193550
14646532
12341561
12391523
11881703
15292719
14069723
15272369
15323338
15575955
15850455
11742395
12522375
2252714
12427074
11705580
6285915
12162352
12547249
2005268
754567
15900001
267611296
211781220
213433368
80240445
373237776
14185798
398127063
99307717
100649650
354395448
118435432
2213106237
130179867
2829444501
267611296
48503615
211781220
286282869
2552480
213433368
219185580
348735013
36467322
80240445
373237776
14510737
398472917
103834863
106448264
402291308
15876615
5035256
2427165
2404544
5300331
16020317
3828094
4951202
16303022
3979334
15913409
15876001
5183279
17043460
17051741
17134437
17314713
17389071
3772880
27507
5356274
2520736
16322646
387369925
2545295
352028723
2362438
864976717776
6158084990
951760768726
6634732746
12175386205
157750716
2920510706
1834649413
1735381160
272154542
379567821
27355013
242366784
1341220102
376191423
6918896168
13174171928
1932985463
818745075
53188
2770482
12222
177898
483201
120066
57290
100006671
98196259
148056822
2654061632
1812219601
869390457
252602608
370286882
27355013
51527
2739154
11970
162964
462842
120066
57290
11954976238
233705890
1328148819
362832313
6918896168
12993180204
1919755358
817526856
670322
12032466
41544
1829889
2022876
517081
3252
6521523191180
620682070466
691925
12170086
42418
1997571
2111805
517081
3252
7176238134703
668724069989
4607213
2404544
15035858
3478843
15734642
14443716
5119910
8538424
17030760
3564612
21515
4971472
15923535
15796435
16322646
15589202
2039902
117376
4774273
16034168
3940552
16446209
17314713
17150173
2503483
16298359
16322646
6254725759
8938236062
132188360
4134157
3693576521
22553490
28990686700
3136348028
145296579
5285498
4394779535
1018442912
6882656121
29476788734
9630072918
3136348028
89
1510
168
407713
108948
412783
484827
93671
8700
2103
1767
477876
412783
440821
84291
8110
1952
1767
463691
89
1510
168
394510
108948
105820373
106096
1576568
46755
12643007
606223222
3009716
105820373
118113
1691322
46755
13029781
667083758
3242674
1722919
3682207
3620337
3596860
1640477
243780
47708
3733936
3745728
239847
30346
1741437
239390
1754341
3721589
1660941
113107
1690854
228062
1728066
731727
362076
108907
247613
250823
114792
502635
249012
793795
219995
1754202
3590024
1530379
99852
8272
521568
63385
1972593
3757665
3785447
3739925
1758730
3728360
27116
27361
26999
27048
26625
27361
26708
27048
4508547
203296
4457019
4508547
205508
4457019
3539267
3596860
1586167
233364
44776
3403991
1741437
231916
1734502
110776
1670182
1541611
700897
362076
232804
111986
251810
249012
727161
219995
1735236
1530379
87963
8272
486180
3757665
3617688
3615548
3733936
231276
27394
3681535
1644754
228062
105039
247244
3468501
60258
1972593
3759538
3688545
1758730
3728360
12935112
55232
2964480
1410
13563
500251
129705
266
449539
48438
198801
13106805
57585
2956473
13721176
2132549852
248997861
219601926
18744484
4570515950
312579977
12622392
535801640
24402820
535001368
12935112
57012
2998387
1440
15203
522255
129705
266
490733
48438
213271
13507767
60106
2956473
13721176
2205567396
251719490
219601926
19173845
535801640
5029363524
24668314
336774276
14328284
535001368
75759
77402
76290
77651
72300
72119
75381
78949
73555
72173
79593
77148
78747
78541
79619
75615
77223
76974
70659
76327
71235
74114
74494
75443
77480
74433
79781
78405
76486
77898
77276
78987
73148
79217
40003
78405
79851
70344
79367
79851
77401
62457
79851
79851
76262
66297
1749
79169
76424
71821
78848
78439
78936
78753
77148
79732
75912
77015
79851
79304
79851
79851
79851
992215
37261
8964377
8936806
9177019
47322
1055769
1037557
1045261
38294
930880
47961
1056687
44536
826508
8267401
23156
9767436
1056687
1047661
48198
1056687
48952
1056687
992215
38114
9271313
9836917
1045650
1047661
9833998
48722
9931212
49479
39000
50724
9887339
1056687
553166
712777
82525
727229
706930
753132
134082
222957
708626
715042
590488
732601
746192
585040
2192
555618
682787
688327
231045
171947
704085
262512911
259918225
86173290
266328988
263740439
30406903
205121394
86758376
254179093
47537056
446456
216794373
31252227
207625550
13340877
13186980
82225098
277840854
82973736
38829296
40631815
263105194
222526
23223
222600
41860
69606
218085
205386
162571
153025
144931
193118
214893
51297
190054
213981
227965
233783
235899
190158
723
160964
168180
76224
213119
232285
162571
153025
193118
190054
47409
341
2501
2185
69326
217861
24671
20642
11105
14166
230598
6823
108533
41518
733
4945
77363
77395
213063
232285
343
2539
2187
69331
14228
224126
41524
4953
213063
217642
11112
4712831
13444492
1599787
9423995
17662
1633535
112662
160836
2137754
227940
1596833
14039733
17748880
17429552
18520
1633535
117448
166432
3495943
2139906
2281890
1522188
1018974
4693860
2244421
304819
17153812
32447
2021863
32198933
3342300
9423995
95927218
23226
225688
41863
69611
214845
221567
149038
136455
213119
1164588
135719149
2076651
161469
71186774
61576291
52071546
9426493
1221188
135719149
2164856
167088
16408959
2142105
18996667
1596833
14039733
10687174
17748880
2110752
4706922
17429552
70900229
76894354
662533
78565119
31986
65809739
69997076
3291716
9426493
95927218
585040
555618
682787
704085
108564
151857
1213
8172
46801
761829
6999
222059
20683
328977
128926
731849
89633
2223
35771
17070
79137
255586
49191
234595
37223
68376
21631
332144
47025
714687
703898
704085
8503759577
43205128255
31057073299
489556227
6469960231
19134970526
2169672610
3645063048
1216
8288
46992
740447
7002
215881
128929
17072
703898
21193
731113
5651
17668
19553
8802
2726
156686
6050
8295831321
42676916768
15558958333
489556227
6035795013
17890782238
2169672610
3421071325
1428572
3833787
507101
4254720
62252
5326863
360389
507758
128691
4419223
97561
304943
315878
43812
3444
947094
6053
77690581305
213646717635
21588550651
17818760
21055438
3358439
25912308
26646370
26893543
65277
5326863
375696
525417
656218
4915779
1422822
624205
84774
4891524
4423671
3423320
13440
1359553
640891
2410311
9757149
1501482
987627
1412088
413303
85683
2007649
7041
4254720
26646370
83278999737
228504466186
21588550651
82529
737314
709787
731995
128263
216755
462801
439629
704085
259563913
253562878
78544310
257743056
257710217
30406903
204322781
85697697
249476858
44912940
349205
108609545
207625550
12445641
13107188
75235200
270096449
77578643
40631815
239368636
193428805
246937192
244953708
259986426
21552272
17538385
16486389
4255848
3985252
443157013
6470520
509816
17331535457
45085729659
513844494425
77055388
131119496
59599303844
758272290
330911314
2515765281
2023122458
4178939
443157013
6745352
527546
3343621
23073264
21465519
21359479
195774
22377205
4428217
28515956
17818760
13249
20836043
21211011
21055438
21092242
16922623
3358439
25912308
4160602
7039268
915472
6516705
105333
26646370
26893543
2786418
4255848
19014941295
45261951019
523529630301
98514902
140551149
61308179065
811005227
330911314
2751886026
2765236595
35730
24773
35085
27522
35496
33883
31325
35530
26103
24571
23271
33727
31975
30516
35295
32849
33686
30699
30711
29612
33540
26940
33555
25425
23093
23292
24128
26298
1591
29990
29255
30576
33326
26103
24571
31975
30516
15890
1647
497
7612
364
394
1436
35353
33848
3762
36046
3314
7301
32849
2032
31066
4142
979
15438
5551
709
10795
11099
26677
93
29752
30568
33838
33326
4907470
7320216
15895
1652
502
366
401
1437
35359
2045
31073
5557
713
30573
33852
7306
32853
4148
10802
97
29756
33328
571249
1518706
193912
1142297
18837
259773
74076
83811
270977
122271
161442
18026
3515
10401404
1208765
209186
1839220
2397650
2283290
19752
259773
77222
86608
457972
271250
283949
2167000
199408
546596
568950
1160486
272049
36631
1937716
245073
18021
3902883
996908
3508
10483786
1142297
1234574
11627488
1245351
24776
35573
27525
35500
30828
30716
25434
23099
30580
1239348
22147902
1381944
84134
8628660
6955735
6311673
1142600
1299582
22147902
1440642
86944
2149592
271529
2363874
2135992
209186
1839220
1400031
2524881
2397650
2283290
282841
8593927
8295570
9320484
79620
8874815
7976901
38880
8484455
982750
59460
10567665
1142600
11627488
1215889
1245351
169019
81760
26439
36982
129415
1963
1953
11397
174217
6980
24089
171755
5037
10659
79433
29261
172458
20734
175118
133738
8711
62716
4157
19272
62244
137262
135313
483
16927
5355
82226
37734
11641
37110
176929
174258
176983
79622
2963
172921
174305
1715427
3559130
26559782
44729215
1625389
25811755
8712648
2916499
6000049
98756
43955321
20994275
216239
8022349
1228979
2834124
12239905
735303
26568046
56293975
1965
1981
11445
169278
6982
166929
29262
4158
133616
174230
166074
42740
17029
124339
11814
5541
172285
5651
37455
485
8797
2726
42253
19553
6050
17668
40460
1466
171562
169184
1673483
3559130
26235071
42926736
1610475
25432820
8267779
2916499
3005901
98756
20463757
190494
7842704
1146509
2834124
11444045
690118
25688484
221950
503762
153403
864895
100508
1274624
359360
392657
26160
2755342
59079
869238
20860
6595
2443
9041
2728
192524
182415
1101
130896
178684
3736928
839709
533493
319979519
325509517
4136137533
38502814
58505748
11064069
21142267
102458944
48582644441
105393
1274624
374623
406321
133395
672339
2867831
221057
424675
188988
12214
642750
870113
472157
3176853
290692
6588
193876
340246
1377346
692535
2437
84015
25950
408113
815461
1094
644506
864895
411060
395191
3766525
3759381
865125
2361038
2972243
682700
3759381
3794254
3767518
333415351
328523871
4243366051
43706395
59845880
11859927
21142267
109584302
50246092257
169162
165251
155991
132018
171634
167975
167954
127333
133001
173848
133160
172163
166608
128262
170198
169801
170935
166651
169341
129827
126633
135044
24293
134023
134017
171050
170098
170765
24255
126236
128403
128289
67789
131893
135313
131162
133615
135313
23998
21625
7637
8137
154669
156893
156000
126060
160933
165793
159640
169437
166690
171470
160320
171470
3040685
2307252
533493
2327264
865125
10035539
379877
8191851
104471346
8566729
8251596
101993872
392006
101690709
308028
8687948
1562919
11004305
10986017
1511571
389850
8485228
395118
56982
1391243
23459
93699162
478019
384413
99802082
10723843
407146
456867
679688
3151333
2986178
3028445
3031334
3103325
26510
2943821
871007
3930699
3131395
2361038
14213
2941273
2994204
2972243
2977438
2388844
682700
41306
14860
3759381
3794254
3796661
3767518
3761384
3022783
393119
865125
11010287
486921
8589984
104471346
8600213
8602078
103505710
405646
103607414
320962
11107496
1564277
11106209
11103314
1511571
407622
417881
8705206
58287
1579267
25147
488639
407146
522885
525421
103876909
103219260
11031325
55889
20030
63540
62191
67770
59044
62688
8631
14845
15535
59621
56120
55002
53151
63615
71856
74620
69609
23378
281
62559
65363
71242
55889
59621
56120
55002
19949
714
68136
7092
62624
126
3213
811
7570
13553
33059
16292
70413
23737
285
1922
4327
65346
30067
2079
71242
1716966
10239
1561876
9503
62627
3217
475165
51009
2965798013
20607569
507255
475643
228030
431665
772796
3971923
452833
3981414
3900463
72665
5268069
802246
9869
614983
1122124
2262026
9793833
535272
23025255
3263543221
22202635
3971923
472353
4222886
476132
1053336
452833
3981414
3900463
3030689
3627287
157940
24127962
790105
9729
20017111
16949565
21290758
2262626
23025255
18338542
273333
61946
288083
300280
141640
140983
297142
303187
1085577
1672452
30759672
58569056
58339870
7171723
8593567
5973050
3639934
55401307
130796
88389
3226
66035
301892
303631
35643
290994
623
19692
93913
1128
14901
3593
19519
59503
20072
8849
9314
29443
9314
143025
64594
20249
307752
303106
43183
139467
303187
13054482
7715068
26564129
3751098
1209930
8428614
425328
714555
1687463
55649374
121613
413614
406126
18203
281858
65762
66162
277202
1046784
1613061
30759672
57764412
58056308
6663255
8534749
5914837
3634518
54212910
11863473
3865091
24781549
3507195
1123007
8325569
425328
670645
1646202
121613
290702
17668
14904
5651
17029
8797
2726
67321
6050
54641959
198003
816259
291188
1373118
46250
66520
18769
50947
13340
2730
296277
1075
22360120322
238329996
31292711
2116597839
3162062
947648
1756471
619082
13308
950174
514546
1374500
227728
151460
5328
297369
261562
261289
215326
241633
316144
129292
33393
628048
694444
1070
1330994
464258
1954956
4034432
3920861
3612238
4034432
4071855
4036171
1331347
24604918735
255473486
33468917
2280426628
3162062
80597
60399
265612
147441
83059
279243
283992
294086
289348
83108
298990
41996
296148
297645
61553
255795
35656
371
85847
84303
2048
91361
43528
43230
68163
256430
207216
264538
262413
278517
280761
281439
275414
274967
272772
278692
277210
275812
281859
281859
276756
28294232
124123466
667477
14485963
184302
16821791
18600
40214763
4220581
102543
80429
611471
491731
14056065
130591418
14111005
3920861
4262234
28925
3612238
1301551
4351833
3612069
4477304
1375912
1069613
139105
5252
985790
15948
3994114
4034432
3236935
4065993
4071855
4036171
4043226
3213237
3243941
421881
1331347
31134773
126462992
715490
14901316
197119
20015305
23780
43327464
4630524
80429
668862
672107
132781113
14111005
10405
9794
10058
9599
540
87
165
9808
5237
10575
1175
2296
122
9415
1321
147
2365
11057
11256
11081
11161
579
11263
9911
299
2366
4557
1374
674
685
10303
10183
4685
324
655
11214
5107
11272
11261
11102
545
89
168
9812
5244
10581
2299
11391
9918
4565
1378
690
661
11221
11109
11109
66395
30131
2641395
5804
40823
5415
306961
14929
3110539
66393
69508
134698
62271
111482
476756
65325
511389
526084
501209
2662316
78865
629593
5799
293446
143901
290081
1255959
68643
18660
9238
313515
320808
2952754
316252
15296
3422815
66461
515223
554000
65325
511389
526084
501209
389443
465568
465904
69701
2683617
2566991
2883560
12512
2097660
2173609
2730323
290158
2952754
2351731
20081
308770
316252
599
602
605
596
609
606
597
597
21470
961
21045
21264
21470
972
21045
16827
5649
5541
40573
4552
37454
18201
17028
5661
2569
18380
5936
668
8797
42447
2725
41152
38567
1108
2552
42248
6007
19552
5656
41259
86993
2720
42122
6117
6050
17667
90355
5345
83153
91500
42159
5711
91630
90490
89601
84270
37182
2137
41605
88397
90310
88606
46942
84443
201
40455
87987
87391
5749
11274
11812
1464
47926
89865
91295
41932
91341
89616
90423
40030
41650
42730
87895
89609
88989
90584
5671
724
18803
17034
8797
1048
73007
20166
302486
71753
88
18070
5345
327397
57252
67751
11944
322875
318426
2764794
125072
2737086
72852
5774
333241
11650669
2730196
1273881
1123491
2671013
1418429
5076
77631
24601
55640
1599170
11665191
23510113
64576
98125
97384
1258503
2912137
20957
720
69488
64385
17253
7551
9879
31859
1043
70951
154760
70354
55642
314835
152551
85
55605
19357
327727
1016
327977
123199
34487
39350
37199
149860
36483
325432
150585
332790
264772
324815
328064
5076
78350
26312
59642
1722949
12064602
25870363
2764794
73304
100373
2751861
101473
1291129
126433
2737086
153728
316475
21736
330642
324815
327828
324955
325518
261172
328064
12049582
2759415
1287805
1123491
2779146
1418429
1589
34789
34789
295494
295824
1507
302132
1557
1212
1549
31709
1229
320070
320121
770
1255
34420
314741
275521
1213
34653
1231
34758
34469
33371
315161
33435
34159
33819
34412
318721
321957
1260
33176
324960
1284
30647
33909
34421
33700
1579
27210
1440
34789
34789
