15153736
2250714
12215633
2296118
15696760
12230216
15608446
12544745
12376602
12426508
12565802
15812864
15470792
15469272
15465805
15709331
16092873
15976470
12463180
16008692
2326870
16008325
12461803
12580776
2348916
788901
15900001
145073882
841855
91211727
150440468
157669563
97556212
92716432
49527997
147605543
25108531727
9631028248
78171035755
77481628750
77474019539
25937786154
78676295839
80597169616
14907497169
162594174
65762323179
63007703607
4227373350
93075548
562853
57367056
106014148
108286554
68121835
60897497
35469916
97269981
105921960
7031399
570971
2318939
4124183
50405272
15406120
28341934
36009530
97244467
105921960
7031399
2318939
15406120
97244467
2309485041
939462562
6308300618
4301218010
2309485041
38334171
939462562
1344559541
152960581
6308300618
11690566337
1555434355
4301218010
43352233773
93075548
57367056
68121835
97269981
30572317319
23245027129
27893655647
4302346507
30572317319
37795120
23245027129
34567628285
328702163
27893655647
25119182438
1532125694
4302346507
43352233773
13711819
853766
6106452
9032021
73392097
22161523
43150592
53092454
147566826
147605543
700468
39083562
228376
5585921
2774910
1879385
941650
1717107448314
14878171179504
3714275595397
11418077516515
235554506343
13711819
6106452
22161523
147566826
678818
38646019
223717
5357870
2566316
1879385
941650
1612645146161
14698094576712
3624364796148
5777201778730
235554506343
702036260
294949411
1784884412
1616119346
47619511
355183711
1908581
48899894
137755064
17582703
272015
702036260
7496426
294949411
374998119
40250651
1784884412
3518419477
448027776
1616119346
11956053038
49138333
359205025
1948330
51028356
150240588
17582703
272015
145073882
91211727
97556212
147605543
22995417622
9631028248
73415406534
76619925438
70554441653
25623850499
76771792939
78024855734
14092810304
127530443
33273745943
63007703607
4202049994
9285100176
7294844953
7889120865
1616543363
925005286458
29443964990
1015724537786
37539406701
9285100176
7391314
7294844953
9640923436
90712783
7889120865
7548533619
421734689
11956053038
1616543363
13353892
9238177
8230684
15209882
15404426
9114597
8737028
13955440
15196656
3465567
61351
9621
1009316
9369959
332907
591970
7171038
2061580
4066402
13951965
15427847
15196656
12898362
294184
2311387
4017
14952258
1009316
332907
2061580
13951965
12898362
274423
2093747
4017
14512856
3465567
61351
9151
279936293
113873726
713078984
521357361
4577877221
77231412
3844292
152225
551191775
279936293
350135465
113873726
162976164
18394210
713078984
1417031827
521357361
563017099
5254792048
4577877221
82792612
4304048
152225
567880056
13353892
8230684
9114597
13955440
3705718390
2817566088
3153048791
521494148
3705718390
345211896
2817566088
4189996280
39309642
3153048791
3044735383
521494148
5254792048
554580115
5186923
12215633
1567466
2440288
15897293
8699108
11784785
15900001
16141892
15900001
28933786
173249
7231412
65268
7524029
1045338
698159
186384
5378063
16628
374140
206114
1507456
26199
30218151
2206568947
261618014
6976059002
571328763
1715978459
35889019
76444627
5186923
1567466
8699108
15900001
28933786
167894
7150456
63937
1003605
663272
5039205
16628
374140
206114
1394304
29330130
2157651242
245702167
6891624901
557498711
868233185
35889019
67434322
7524029
186384
24919
109265326
70882554
237760844
274985117
1570562691
9157621
60996947
362942
8491718
26969536
1296184
78788
3004952
43813
58436113
258888900
23887657125
16514234289
109265326
170333649
70882554
88377237
5752900
237760844
502349062
274985117
187434116
1708229039
1570562691
9449703
61687541
370501
8861337
28911530
1383216
78788
3004952
43813
63732510
266727208
24429231840
18720800362
15153736
2250714
2245215
14375733
12230216
14658887
12376602
12426508
11920118
15298735
14087637
15278616
15329058
15579258
15850956
11782074
12556388
2324870
12461803
11745297
6365492
12198711
12580776
2072056
784176
15900001
1311595706
1043101783
1051316275
275057264
393583406
18502300
419527419
118470714
120481189
373819027
141294645
2219117430
155152019
2829250468
1311595706
167938435
1043101783
1402244295
12331270
1051316275
1079382929
1708229039
179279733
275057264
393583406
18921780
419888215
124254680
126897899
423767234
15881075
5140996
2520764
2497920
5405484
16023341
3932752
5057249
16303218
4084853
15917501
15880468
5287317
17036252
17044450
17126319
17304793
17378406
3877550
29398
5461961
2615886
16322646
8352350928
64829012
7597954993
60218187
22272759602534
192716481308
24484207198313
207472524039
12176963519
193721752
3015021629
1894070853
1845970322
316231886
466030654
33586289
283660904
1399909472
461687644
6976480365
13165685400
2033030394
933837551
234607
7943753
81171
738997
1433051
425161
242710
1934148593
1899485005
181936455
2742700688
1871146137
934005134
293740564
454749534
33586289
227355
7854822
79515
693696
1373523
425161
242710
11958729383
273625744
1386402646
445456389
6976480365
12986619019
2019254691
932461979
9517021
79743458
446606
21797519
14070482
3910483
42537
6679134975379
714409741742
9820566
80646297
455907
23773152
14674006
3910483
42537
7342301877315
769111138348
4708334
2497920
15048541
3577540
15740477
14462107
5223322
8619828
17023727
3665644
23058
5073491
15927526
15801697
16322646
15596456
2122589
172562
4878337
16037050
4045441
16445229
17304793
17142043
2598161
16298602
16322646
6406531645
9046769134
158821611
4707256
3874962199
33181541
28736752486
3136348028
174397930
6001487
4601863821
1039404083
7042631942
29213698257
9739468124
3136348028
1212
20079
2878
3819210
1037652
3865291
4549831
891054
98848
27278
23749
4477482
3865291
4186535
880536
92209
25338
23749
4345902
1096
20079
2737
3895262
1037652
1162533957
1186788
19529962
675019
139972988
13493331156
83405676
1162533957
1328722
20936255
675019
144210912
14833075098
89791937
1742911
3682684
3621412
3598167
1660112
259395
52527
3733884
3745556
255365
33406
1761243
254917
1774031
3721657
1681580
122371
1710596
243232
1748069
755415
380817
117893
263423
266739
124175
524024
264868
817722
234901
1773944
3591407
1552359
108229
9106
543154
69309
1990150
3757372
3784876
3739810
1778426
3728360
272530
274906
271287
271776
267646
274906
268396
271776
97580943
5309493
96469752
97580943
5366674
96469752
3541129
3598167
1605702
248423
49331
3407252
1761243
247038
1754171
119874
1689892
1561341
723906
380817
247768
121169
265140
264868
749766
234901
1754955
1552359
95473
9106
506670
3757372
3618794
3616683
3733884
246331
30189
3682003
1665356
243232
113749
263035
3471054
65925
1990150
3759230
3688944
1778426
3728360
143226616
780070
14533115
24474
139294
2533567
730636
3420
5322607
307296
2446144
60996459
807891
14496424
66120299
2139529620
251827573
222755920
22896891
4534035051
351126038
15802103
535794095
28971681
535001368
143226616
804951
14697655
24984
155952
2643567
730636
3420
5805025
307296
2622283
62843232
843575
14496424
66120299
2212028759
254552309
222755920
23416003
535794095
4984216398
29277623
378011288
17913517
535001368
75759
77402
76307
77651
72325
72186
75415
78949
73604
72245
79593
77173
78756
78542
79619
75656
77239
76983
70729
76336
71321
74171
74548
75487
77504
74487
79782
78419
76520
77918
77302
78996
73215
79223
40402
78419
79851
70439
79372
79851
77426
62630
79851
79851
76277
66423
1996
79169
76453
71898
78856
78452
78943
78764
77175
79733
75951
77043
79851
79309
79851
79851
79851
992850
40696
8893375
8866363
9102097
51393
1055779
1037749
1045376
41813
932138
52112
1056687
48408
828810
8210062
33384
9681882
1056687
1047752
52384
1056687
53155
1056687
992850
41619
9194731
9750182
1045760
1047752
9746698
52948
9842573
53744
42576
55049
9799032
1056687
554676
712690
85068
726996
706902
752639
137289
226832
708581
714932
591735
732314
745769
586331
2401
557102
682999
688485
234890
175562
704085
262518834
259950095
87939272
266296750
263734087
32072879
205701232
88530366
254268998
49250889
505186
217281736
32942130
208180346
13835910
13677806
84033899
277693498
84775051
40818622
42628450
263105194
222499
24630
222573
43277
71117
218106
205545
163115
153639
145605
193379
214942
52909
190352
214164
228021
233768
235863
190606
1605
161619
168781
77784
213311
232285
163115
153639
193379
190352
49154
546
3992
2669
70833
217884
26498
21987
11868
16178
230628
9092
109789
43106
1628
6531
78551
78968
213255
232285
548
4049
2670
70833
16243
230628
43106
6533
213255
217884
11869
5335337
17650775
2646734
9432495
222193
19465977
1038033
1647047
2140133
1079310
1602172
13970179
17614111
17300971
232878
19465977
1081664
1703767
3593213
2140133
2429027
1607282
1079310
5314075
2964843
333169
17650775
109421
2646734
32401148
3411040
9432495
95070688
24631
225629
43277
71117
215021
228021
190606
161619
213311
9501445
1078858549
16814362
1653644
70627710
78047112
65487880
9434970
9958385
1078858549
17521103
1710590
16264743
2142310
18841448
1602172
13970179
10643759
17614111
2111236
4811494
17300971
70346247
76223929
715960
78047112
107882
65487880
69619412
3359924
9434970
95070688
586331
557102
682999
704085
112924
157447
1472
9479
50258
761244
7839
225927
22917
332786
133660
731570
94255
2435
38554
18928
83074
259277
51777
238814
39330
72429
23920
335863
50485
714580
703900
704085
10488644981
44587432245
33107819738
635170775
6954035658
20255711559
2673569814
4716654253
1474
9611
50460
761244
7841
225928
133660
18929
703900
103246
731570
22063
48283
38945
50293
10025
335863
29949
10234748244
44047772281
16751555137
635170775
6492053159
18951821393
2673569814
4429710904
1621833
5052964
840306
4254731
573370
45469342
3009554
1794215
684956
4421985
1551982
1581456
1501236
445558
112766
2030131
8246
106325727610
275146677319
34103606006
17774916
21010430
3367413
25796058
26518655
26764501
600944
45469342
3136051
1856002
684956
5071791
1615370
826895
87671
5052964
4421985
3658778
21397
1551982
840306
2553302
9850544
1581456
1009587
1501236
451023
112766
2030131
8246
4254731
26518655
113891997353
294076839195
34103606006
85069
736977
709730
752639
137290
226832
591735
557103
704085
259599260
253657530
80231801
257797707
257764311
32072879
204908370
87458847
249612139
46559354
396242
109937984
208180346
12916739
13595872
76961673
270030603
79317955
42628450
239606001
194125569
247098872
245135223
260017614
21450299
22316900
20791630
4255848
11575490
1218470932
18077976
1801401
17703896190
45214945380
509532691671
93328432
171490346
59584774247
937865227
433549017
3010337452
2429029275
12132174
1218470932
18837828
1863436
3352743
22957553
21364816
21258880
199744
22316900
4426484
28362891
17774916
21096
20791630
21165581
21010430
21047134
16888832
3367413
25796058
4161554
7149931
934337
6686154
108196
26518655
26764501
2786781
4255848
19404621653
45389897688
519038726666
118988525
183693810
61275663453
1002390595
433549017
3292148586
3305574207
35726
24870
35087
27600
35494
33897
31365
35527
26191
24669
23379
33743
32009
30564
35295
32854
33683
30726
30737
29650
33538
27005
33553
25502
23187
23385
24215
26368
1875
30024
29296
30603
33326
26191
24669
32009
30564
16066
1905
786
7892
535
618
1702
35353
33863
4043
36038
3530
7569
32854
2321
31089
4402
1304
15618
5767
937
10964
11269
26745
128
29788
30595
33832
33326
61703797
89229141
16066
1906
786
537
628
1703
35353
2331
31090
5768
937
30596
33863
7570
32854
4403
10964
128
29788
33326
646704
1995211
320814
1143327
218021
3142566
664979
696258
271366
561582
1222699
20131
4879
10402452
1245351
209886
1830109
2378702
2266446
228506
3142566
692929
720235
470714
271366
302410
2147769
210555
561582
644127
1222699
359373
40065
1995211
320814
20131
3927393
999430
4879
10402452
1143327
1234686
11523666
1245351
24871
35569
27601
35494
30849
30738
25502
23188
30604
8958598
146906779
9687198
699047
8560895
8822305
7937888
1143627
9389432
146906779
10094370
723120
2130699
271643
2345734
2117339
209886
1830109
1394344
2503498
2378702
2266446
282841
8526778
8234037
9239221
85622
8822305
7937888
42936
8438677
985376
71319
10484842
1143627
11523666
1216184
1245351
169019
82676
27182
37961
129468
2114
2148
11933
174197
7347
24879
171762
5379
11196
80365
30017
172460
21483
175093
133738
9128
63442
4414
19901
62975
137242
135313
531
17591
5678
83147
38690
12176
38063
176903
174259
176956
80569
3174
172935
174305
1993831
3927648
26859615
44846529
1892570
26119689
9083347
3233229
6364726
119054
44078297
21286121
261905
8297467
1296215
3173521
12672400
884078
26866352
56295021
2116
2179
11982
169301
7349
166974
30019
4416
133634
171470
169019
82677
21754
129469
15584
6113
172460
5742
63444
533
10212
2779
83148
30519
6438
28199
80570
1466
172935
174305
1945566
3927648
26534522
43057394
1875378
25740068
8624188
3233229
3220358
119054
20753606
231035
8113519
1210102
3173521
11856659
830294
25985808
252423
665260
225567
864898
816843
10450992
2821621
467169
139237
2866646
449219
870063
333728
6787
2913
77100
19600
412683
841986
1262
666038
399890
3753519
865125
684524
403208307
410060230
4194721932
51733070
77511848
15073826
31354999
129148841
48706023290
856126
10450992
2940219
483257
139237
694590
2866646
251416
449219
221462
12529
665260
870063
504840
3164827
333728
6787
225567
360454
1392292
694287
2912
90433
24316
412683
841986
1261
666038
864898
411039
399890
3753519
3746116
865125
2359571
2969645
684524
3746116
3780850
3754220
419962548
413819237
4302353863
58645436
79269176
16146498
31354999
138034314
50356453719
169181
165292
156143
132390
171632
168011
167989
127395
133001
173824
133165
172156
166657
128316
170211
169817
170941
166699
169362
129882
126707
135411
24294
134023
134017
171054
170112
170772
24255
126326
128472
128360
68464
131927
135313
131203
133632
135313
24003
21654
7643
8137
154837
157039
156155
126514
161038
165850
159758
169457
166738
171470
160432
171470
3030028
2941607
684524
2938715
865125
10045478
445365
8219126
103524313
8591281
8278413
101093181
466401
100795531
369334
8711546
1636533
11004582
10986477
1583405
454676
8510107
461941
71462
1458231
29270
92962543
555319
447982
98944589
10726917
483888
535035
681542
3139677
2983713
3017953
3020824
3092042
26859
2941607
870949
3915940
3119988
2359571
14477
2938715
2991578
2969645
2974834
2387004
684524
44300
15092
3746116
3780850
3783248
3754220
3748110
3012428
393157
865125
11010498
569259
8614397
103524313
8624524
8626371
102576463
482462
102676010
384681
11106734
1637941
11105460
11102594
1583405
476409
487018
8728467
73082
1653074
31353
571845
483888
607166
609782
102948454
102297381
11031325
55964
20465
63541
62205
67729
59094
62699
9128
15312
16016
59661
56195
55088
53256
63615
71850
74587
69629
23856
509
62646
65422
71242
55964
59661
56195
55088
20384
972
68091
7618
62635
178
3434
985
8042
14053
33444
16868
70425
24219
531
2531
4942
65405
30448
2767
71242
20185189
146656
18362035
136225
62635
3436
475725
241533
71856682131
606026670
539999
475725
241533
454581
794395
3941764
453136
3951132
3871688
78506
5405584
818746
30796
802902
1270445
2264066
9829076
707131
22819664
78991284658
652429320
3941764
472461
4188660
476210
1076737
453136
3951132
3871688
3010333
3595845
168038
23902080
806477
29869
19866128
16817806
21119452
2264660
22819664
18179817
273333
62997
288143
300280
143129
142114
297202
303187
1216981
1857299
31015677
58531327
58304439
7585952
8936956
6218586
3985067
55395366
132330
88392
3593
68399
301876
303596
38254
290997
696
20420
93899
1127
15440
3967
19993
60373
20552
9094
9570
30025
9570
144153
65489
20731
307706
303107
43915
140599
303187
13449521
8152769
26864842
3970801
1350930
8698700
492914
793870
1874771
55640952
135112
4497086
4416490
35435
288143
137058
127484
297202
1173927
1792003
31015677
57735243
58023884
7053495
8876399
6158587
3979197
54218978
12234741
4125054
25080111
3715194
1254848
8593417
492914
745574
1829388
135112
290997
17896
15441
5847
29935
10164
2729
129267
6272
54643762
980367
1772314
626205
1374069
240734
317618
297836
241716
99448
23871
635081
1225
22899272772
287299413
39989374
2436145198
4875561
980367
1772314
626205
13582
982479
576134
1374069
240734
154544
6824
317618
297836
270679
244281
241840
312352
137364
32992
635081
719355
1224
1330997
491705
1975206
4030311
3918077
3605243
4030311
4067692
4032048
1331347
25172926446
307743993
42740653
2622677571
4875561
80672
60459
265662
148846
83090
279281
283975
293965
289278
83166
298818
41996
296008
297488
61589
255990
35724
372
85913
84385
2647
91372
43528
43233
68169
256684
207962
264711
262608
278551
280772
281443
275478
275036
272863
278724
277257
275873
281859
281859
276807
28979373
123089497
773880
14482432
220010
17569710
20651
40703073
4311176
150849
98994
709044
571960
14056615
129445988
14111005
3918077
4255634
29180
3605243
1301849
4344265
3605077
4468953
1375467
1090390
141957
6710
1015260
16081
3990040
4030311
3233727
4061836
4067692
4032048
4039095
3210055
3240724
421893
1331347
31856716
125385901
828950
14893413
235147
20865601
26329
43819653
4725329
98994
775197
778584
131594412
14111005
10404
9794
10058
9599
623
146
233
9811
5295
10575
1261
2379
154
9416
1400
182
2452
11057
11255
11081
11161
658
11261
9912
380
2450
4610
1458
769
780
10302
10183
4740
414
759
11213
5167
11270
11260
11102
624
147
235
9813
5296
10576
2381
11383
9913
4611
1459
780
761
11213
11102
11102
66426
138391
2641662
6214
309191
21636
316252
366885
49631833
66426
74032
138391
65577
114598
474851
65368
510063
524563
500023
2641662
102964
646467
6214
309191
162921
290343
1260479
90682
21636
9813
313543
320762
2926389
316252
394977
54559745
66493
513889
552083
65368
510063
524563
500023
388723
463795
464129
69701
2662584
2547629
2858510
13254
2082189
2156712
2708355
290419
2926389
2331376
21073
308845
316252
599
601
605
596
608
605
596
596
324592
17543
318183
321593
324592
17732
318183
16836
5651
5541
40579
4552
37500
18215
17036
5663
2569
18393
5936
668
8797
42447
2726
41167
38595
1109
2552
42253
6007
19552
5660
41273
86994
2721
42122
6178
6050
17683
90358
5345
83228
91491
42163
5711
91620
90491
89611
84300
37182
2140
41616
88419
90313
88607
46943
84486
201
40464
88007
87423
5751
11283
11820
1464
47926
89865
91288
41938
91334
89626
90424
40033
41661
42730
87922
89618
89005
90584
24003
729
72015
46677
17943
1372
156447
72901
314965
154248
98
57661
9245
327730
124578
151175
38726
325458
328064
2764516
140407
2737086
155420
24796
333189
11680873
2730267
1288358
1139627
2671690
1431616
6592
89918
28797
63239
1748691
11694815
23321192
75040
111944
111114
1272927
2862022
24003
728
72015
66033
19686
10062
12996
33231
1372
73491
156446
72901
57698
314965
154247
97
57661
20474
327730
1028
327977
124578
34482
42232
39438
151568
38726
325458
152352
332742
264734
324815
328064
6592
90743
30779
67739
1882586
12091101
25636737
2764516
85067
114482
2751713
115731
1305589
141919
2737086
155419
316588
24796
330616
324815
327828
324955
325518
261172
328064
12076686
2759192
1302298
1139627
2778726
1431616
1589
34789
34789
293171
293476
1509
299665
1559
1216
1550
31739
1229
317259
317335
1070
1255
34424
312037
273577
1217
34654
1231
34759
34472
33385
312453
33448
34165
33829
34416
315935
319133
1260
33192
322058
1284
30688
33918
34425
33700
1579
27286
1441
34789
34789
