14390584.847378165
2108993.209406803
11567472.197170185
2163952.4911916177
14177934.03394534
11387571.596279655
14194052.362066368
11662422.128059525
11662422.128059525
11464515.342061652
11662422.128059525
14837478.671299556
14629618.581436712
13685985.096140353
14612119.72812654
15148624.82317867
15255495.015411982
15255495.015411982
11787505.177226799
15255495.015411982
2194894.1344869533
15255495.015411982
11787505.177226799
11990987.59187362
2229386.67784617
752077.3636779421
15520961.063672515
55901131.352957204
154803.77115460066
45368883.969253145
57637118.50127707
55483731.85194951
45001538.43355623
46647061.71315598
15772491.81736093
60397005.08459126
19772620051.053753
7696029270.8561125
71802576707.92915
74336341786.05843
69010140636.10048
23036662664.811737
76975735509.30968
77579905560.15945
12653706721.482334
121928277.26552235
55571473069.2205
61005583155.174416
3471134613.5343895
14410553.45038948
44047.391235500996
10420785.783244865
16194214.036678154
15589180.245785868
11150804.726546124
12177703.542807683
2739748.2782279383
13822028.795691459
17186295.901063878
7719531.191829173
42313.85603876499
3829895.2417541477
4624186.85378955
10004479.334479718
10734181.90391325
8034767.8790865075
2739748.2782279383
10136728.866973246
17186295.901063878
7719531.191829173
3829895.2417541477
10734181.90391325
10136728.866973246
132713246.4378452
43218979.52000208
183143068.92841634
188716138.8214525
132713246.4378452
504999.2471296534
43218979.52000208
37380868.754431985
386479.4070407576
183143068.92841634
53474629.93774014
4097545.6781199244
188716138.8214525
895169962.0561441
14410553.45038948
10420785.783244865
11150804.726546124
13822028.795691459
188511315.89770332
180146847.46686792
190517828.79186442
705346061.741039
188511315.89770332
770821.9545183547
180146847.46686792
211091216.29746097
1663027.955599258
190517828.79186442
212515340.36241835
4097545.6781199244
705346061.741039
895169962.0561441
14243130.941634296
154159.12919456908
10548536.912127236
11389923.76495888
34071765.85609644
31709600.0674748
32263767.3859346
15772491.81736093
59297428.206590004
60397005.08459126
106437.4523279526
431180.5296217042
147409.0202357784
4192381.1983650485
1160431.1321941991
6083345.542372145
2234111.753674524
4378708877456.199
10279172379060.191
10389292302174.965
7576389347451.391
478601716566.7653
14243130.941634296
10548536.912127236
31709600.0674748
59297428.206590004
4207.263213814315
1715593.5617102282
2686524.166356475
736697.8055941121
155835.85368251838
5531190.138972075
2234111.753674524
1046284421.7754189
108477997.17096484
682350288.0008858
78321.71574864085
478601716566.7653
105849913.42207934
83017350.59194046
185066086.99875143
270613190.0073768
28977.674015070024
4685089.561210694
882050.2902639623
3657309.5715505397
312102.43263401196
24183228.136157215
63566.98863737884
105849913.42207934
743942.9142629484
83017350.59194046
69203427.8751411
828370.8714337946
185066086.99875143
150068100.15180337
6226876.915607865
270613190.0073768
329557732.1215106
733091.7130230422
2545586.8307033377
141572.5147215766
20812924.60482328
3933841.588206556
29284869.988531325
63566.98863737884
55901131.352957204
45368883.969253145
45001538.43355623
60397005.08459126
61649648.63728622
7696029270.8561125
141293580.12769786
33575713.40669721
46696824.34113919
6214711.680619002
40156379.42573105
20463179.429040197
633375.0849926599
1675.9365866209444
68901.16029619669
61005583155.174416
1733952.4824494876
223099768.59892142
235554994.32560447
234587118.057316
317447958.95460224
4419042.568106637
296.07102384781547
441215880810.7411
27982769532.891926
223099768.59892142
813623.4226292721
235554994.32560447
229210393.07967776
1805775.2382659598
234587118.057316
244487805.8378394
6226876.915607865
329557732.1215106
317447958.95460224
2264748.4365629978
2009319.226930089
1635320.7565596376
2545066.7836731942
2616768.960033584
1782161.9053633169
1911031.6424316897
2470882.4468725515
2696989.358708704
293757.208436841
118333.81690399194
3271.9100867697425
1197490.074464826
1939242.8200444418
614746.69357059
746178.766374337
1718511.6517635162
1710138.8138974279
1312057.9998899198
1953813.2483126665
2696989.358708704
2696989.358708704
12765.998496075032
131169.20368585002
221737.89318750188
6413.910618143336
27952.273372890388
1197490.074464826
614746.69357059
1710138.8138974279
1953813.2483126665
486541.9188619374
87957.51051885325
90911.37097237707
6413.910618143336
142557.57610993998
293757.208436841
118333.81690399194
2310.1561630377696
19669700.051516414
6883353.965657645
27496868.073323417
30609875.969696295
3762731.829985923
540052.4724639708
5897.967401474527
43638.92504959721
411190.53798330936
19669700.051516414
22171403.6904095
6883353.965657645
5998192.34132847
65451.92461153087
27496868.073323417
8633228.895582218
30609875.969696295
29819646.547338676
124534879.27818717
98727.421051596
805369.0053732211
14385.470724986595
43638.92504959721
460999.9118767031
2264748.4365629978
1635320.7565596376
1782161.9053633169
2470882.4468725515
27913447.235828727
26637126.6454111
28688888.747224934
99844216.23596424
27913447.235828727
33131496.452913534
26637126.6454111
31256922.16409738
263013.71278131363
28688888.747224934
31423242.2877536
99844216.23596424
124534879.27818717
29819646.547338676
2388637.3064987366
11724846.333182529
1775453.966806267
1922231.9791916641
6429347.647148713
5771190.579356949
5779857.4957584115
15486145.33387753
15772428.737112368
15772428.737112368
148022.57492712318
17965.128199023886
77495.39617826104
24807.261899288864
1098809.8226433839
752745.063973711
340270.2559558816
333203.1696286066
926543.4150217599
16445.713313329572
1099012.7593216086
372807.69438960915
1036845.9275495594
32298.67504623854
163469.40279559896
1732753880.9618523
676168167.5454861
5190637425.809632
1627208855.4378707
1301390154.764379
74886202.88721614
84658938.65755914
2388637.3064987366
1775453.966806267
5771190.579356949
15486145.33387753
5451812.898548995
710.1261947751595
303608.3581494345
475433.81455871556
132274.62164401822
228173.41095683572
379877.9311654617
16445.713313329572
978853.9629582133
372807.69438960915
124620.72570122477
815361.3316016599
22353109.65106427
2178543.7630610666
3220191.794270969
2208931.216261351
3105.500253841856
74886202.88721614
3135.6380846952347
1098809.8226433839
333203.1696286066
51106.58420369875
17049633.775758304
13685938.865632517
31851080.35572432
62966614.10219178
16511296.27506457
4802.084773598333
829119.6593464991
156096.3193201268
638331.5671386111
1127146.3648974614
9308.633413932363
98374.91649393487
4279702.5781867765
10302.410115598512
282802.30708705436
2457809.4946700893
12257853.834931692
4982.322015694346
17049633.775758304
49964684.425381295
13685938.865632517
11470914.995581197
151661.47539947598
31851080.35572432
26156517.546753038
62966614.10219178
8924260.568870386
76891979.93279935
534624.0513965439
121485.54611140561
431880.9682021483
22890.856232262053
3632601.1019357354
1680889.900690292
22704.27493924059
98374.91649393487
5153450.443964815
10302.410115598512
3354463.178974966
742693.6762202013
9539255092.02966
20017384358.14663
14390584.847378165
2108993.209406803
200166.15109999545
750000.7110578804
11387571.596279655
674740.8935224818
11662422.128059525
11464515.342061652
208641.7079982414
502649.65976905776
371856.8083135509
384813.50579069037
430563.45386872964
344953.6519655791
791408.8702579028
198526.4861900845
68703.20356856477
2165581.2683301484
11787505.177226799
1977625.413922115
11979.669829105369
228461.08154724742
11990987.59187362
14125.22862109466
28595.723677890077
15520961.063672515
50360792.57209929
53171537.50228924
53849475.74980269
71659178.30099584
362495008.22301185
94324.39377744099
388001376.00090796
1956266.101586548
13215.393216931549
16487.64745816111
26420.474338044976
12137.110666688077
70872478.40970491
2721860702.807048
50360792.57209929
53387134.56186006
53171537.50228924
51740157.03264519
435371.42683469906
53849475.74980269
55187929.99561559
76891979.93279935
8924260.568870386
71659178.30099584
362495008.2230119
8949525.13434141
389767962.819346
67474539.17164138
67750085.7163547
395999464.1691887
15161051.933315149
4004011.4077176317
2121500.567485868
1929332.6697865278
4507773.446882384
14540477.962049874
3197111.9452080126
3945716.104845347
14540477.962049874
3445303.8969698697
14154068.443291957
14005973.774905443
4265514.530760654
15691802.951715728
15571861.652503088
15679101.932650937
15869098.307116924
15928059.342309544
5844793.586106933
24443.65440046682
3593568.0260397173
481916.5146145554
15415730.817946978
271229764.1644159
307013.9634507282
216780138.26577753
2481.1317264949084
49035479876.0402
9507038.239817785
59390418293.628944
74202307.38066302
10500385479.976532
563577378.0983382
2174895843.0837975
1185196592.035688
1333507098.1203809
308523503.5089485
59586519.97173578
3887146.577644047
278331032.4111228
948652657.0645998
1055649522.2993963
6037220871.532916
12028203661.152489
62189688.904263616
59081376.64283402
732589.190353219
2371965.86806403
782073.7431659725
549850.03675697
2623188.564728016
2738718.589842721
987220.9935020258
75299906.7970125
61095.32408875564
2559668.897421451
1858867399.0888758
4279999.596258547
32751.49242889804
3243215.978665401
2727691.0093672127
3887146.577644047
99305.99048274725
681740.5916896436
1067567.8760035704
73840.09916501176
301517.7096905348
2197977.9606608567
987220.9935020258
38531315.60176943
438159.7165497934
1027181.5429585018
1518965.3835952086
6037220871.532916
11380204503.154102
6828274.282703623
58728615.86831365
236382.78084864034
1861755.4885171761
350508.1274524754
134279.70053429966
884976.8837613813
9609903.316537468
25589.217302153043
420474198740.92505
20138914.27598649
341647.72589675087
11846501.751554137
48149.19867483822
1822786.3636037281
7446128.836454569
9609903.316537468
25589.217302153043
476230823205.3824
2752982225.1926317
319270.446577827
1929332.6697865278
1006843.4942729304
2659725.1451908555
1028057.8035249801
616229.0570593246
304672.6746981939
34901.57390334201
1172638.3274539271
92072.08271224397
221.9366072723559
408954.48240196897
861195.6940567001
709661.4027551207
15415730.817946978
1022208.0781336582
43772.605994043195
7494.942019034586
229593.91527413554
1014914.581256516
121959.18116317628
708894.0145072411
15869098.307116924
14153501.886683628
256561.01545787163
15227038.051787008
15415730.817946976
442935305.0976041
4041172.16465866
39919.163934310855
40.6644290654629
41675.55958808463
11352.603704257872
4554334.515173805
2409326245.66165
67678715.53733699
3954857.2897945186
328451357.08666724
698561933.8458248
495343241.22183514
2246262461.707963
519809533.96639574
2409326245.66165
323.1647073294843
41441.05324659863
1897.5408886528255
467076.058158199
106548.35108753885
5753.6428664002415
370082.4792278382
79296.24964424713
38706.13608223146
87528.40314730686
40728.65658024158
396819.7950889861
219284.7227363654
281319.51798427914
32511.04565168071
25954.9900123721
30013.17643027975
32582.299273460903
63076.48344300242
676.8273863627755
41441.05324659863
1339.7726900451905
22268.913456573526
87736.25614462017
1357177.018870964
3231.715947834378
195755.73633920235
143956.00028174394
181932.29918253238
44108494.79912715
196593.9943475483
35609.922002898835
7882.335047735435
291926.4529098583
309897.53652060305
10739942.322191168
54662425.3139176
3030215.3167006434
1270827.7493627525
3107752.156849061
2856448.2005182393
3218055.7125786445
1162220.296669351
392406.91289893416
169080.64324920435
2967560.9096605526
2967560.9096605526
307719.35800149146
51364.43823363746
1045965.5950799397
367577.49119670194
1294403.6119473728
3301105.8734673206
1201154.0603506388
369375.16313907027
1153843.632290282
112873.44481477063
401029.06896493497
339589.1196393194
433045.5772501599
112593.78094218856
125376.82574557026
145376.18374887295
133946.49829000724
135901.35558102635
143897.72672413502
438693.8619540855
107164.83545741245
469993.1351416171
3361234.4065361754
1534440.226176652
47119.447818719345
8250.728276209302
140676.99115989864
32022.304373504034
3048510.4887726433
3664277.7700438164
3726182.098635164
3715219.745229968
443201.1605520603
3499284.3414706215
22286.176846097253
21300.74969702962
21391.00526861924
22675.192088332722
450.5686841764962
21369.320187712197
1478.9455152690807
22824.090475987367
3157006.7856094628
983.4123156714751
3428651.650273852
3146876.491221251
98560.70392884176
3406284.0250187595
635995.4285708984
3218097.170593387
634649.6341334995
59488.82240762822
22722.33192034446
2412285.945067724
1045965.5950799397
19565.26441241947
134316.5187945485
210332.20323041538
149877.64340220822
164419.81086448388
59673.61921656517
433045.5772501599
49848.97353002768
43624.22100568644
1785.5976061920844
143897.72672413502
58912.78731347841
107164.83545741245
196111.24889681258
1534440.226176652
4580.512709223887
8250.728276209302
94333.10245095451
3664277.7700438164
482358.890983397
284162.56774507853
2967560.909660553
30971.473358052815
3821.631142067998
715044.456090712
136432.28292997114
112873.44481477063
27892.140139223506
124644.34296952236
160254.4955987859
22609.58334468061
3048510.4887726433
544818.3902809679
3424267.8523510285
443201.1605520603
3499284.3414706215
9502481.69568704
46572.131120832564
366803.0319927184
69057.10480276748
2680.0960647945813
175146.50675491308
1893342.9740928647
4186.7897973087
133691.02190212082
473478.5889056641
252331.2871397539
1378402.6560502339
168736.80852306483
3375740.8528303984
16534966.269800512
81136044.23623778
1673685.501354372
227811391.065868
409327.9113233275
378225808.235507
326523.5468547839
10026.436384751503
438414036.862759
475462.76526913134
525665066.25021046
235146.76325431143
56689.83628325824
4091435.2419169075
7822.776395437592
8763.243779977036
1473669.514404727
1893342.9740928647
4186.7897973087
1379120.1066245742
473478.5889056641
704303.4706381268
12431573.357993083
79069.8929413436
3375740.8528303984
16534966.269800516
171149791.1621944
16288946.585697455
227811391.065868
9971065.477992902
438414036.86275893
438318714.5937693
15210099.504293878
5032893.584702354
1633044.95095589
525665066.25021046
75323.8481928711
76933.94535557253
68191.27300055667
77401.79532380441
66970.27202487893
61945.7398371614
61320.495470037604
77616.63330165028
61769.839962350845
71177.63514393065
77663.00000000001
56155.3282061954
64290.50957776748
77663.00000000001
77663.00000000001
56084.71680642924
71098.05674816902
65715.52300858643
56087.483798308705
63243.59561788656
64585.1967664293
62041.76400771131
69541.7403502798
59864.466141065444
68414.0053490644
64939.969842569655
77779.12868707503
63827.193656036725
57573.51472434266
62411.926457419184
60220.84489424494
67318.31140745574
50922.119934687005
69066.80328747418
17829.221195319446
63827.193656036725
79851.0
44793.62379713922
69272.574133561
79851.0
59431.057721001824
33563.03851299999
79851.0
79851.0
61413.95469367833
41210.777013070576
2194.6031710362026
77663.00000000001
63165.87451760749
55022.16888418297
71217.81348597253
63798.28429901723
65236.63314076055
75970.26988717486
59513.225107254715
78806.94032298765
65416.61007541965
59518.03490292447
79851.0
69550.85008966895
79851.0
79851.0
79851.0
935339.7794427935
7110.034976243505
486589.0307125199
778556.6517183796
160878.1512974149
13422.721636685192
931851.0929430757
148583.2093827237
199803.92879983023
4452.478161709656
30945.471141474558
1996.359758157739
985138.8705984765
1615.4240592349975
6199.058415787239
23744.779174209572
2398.8397146438947
100531.6877002225
985138.8705984765
936222.2230543499
9815.733891683522
985138.8705984765
28408.20831905619
985138.8705984765
935339.7794427938
22585.23737311506
837565.0824641417
934712.078509628
936222.2230543499
936222.2230543499
936018.6647303083
29198.91666946361
933292.8257820805
34051.2201081419
25280.07918667108
34190.27546382507
1045008.3697539547
985138.8705984765
506097.56853870826
653884.7948484197
71646.25705999893
618329.2109644428
653884.7948484197
642707.1212118488
115891.63087776485
187239.72752760706
653884.7948484197
612207.2176373121
497659.46529231855
623756.2138878191
634744.5563148069
496958.52419249865
1776.9889072480514
516548.3564926317
634501.9155818716
636741.4218479233
174305.69711538462
180866.44312187098
667462.1991791648
252032442.53263763
252104124.03258097
78157956.00548619
254089216.40252867
254089216.40252867
25922868.940894738
196512384.31515872
78771593.7418194
213364257.93010896
41425098.06967177
399338.7231398834
182143554.1956768
29194870.565158498
199954637.2978528
11543626.098386388
11440764.815376086
50821579.431142345
258240548.13170418
51098406.71257378
2022817.5734013463
2186838.529807629
258565268.17239782
174337.2102088549
15784.504377347295
141766.72830270455
30900.60921701411
49921.411225040414
143010.99824061713
132893.42060750088
118297.75271307072
112808.48104073312
104645.96316660348
65191.24304582451
145454.53032156205
18329.2899473346
73075.96493688301
168562.63117582933
165681.17852017938
183721.02211997414
172010.93626840782
123313.64017666694
505.61898482777445
118646.06970153624
134850.35326711094
30277.63393933403
152750.64921130767
189929.9947373474
118297.75271307072
112808.48104073312
65191.24304582451
73075.96493688301
164027.65623255144
1456.1153289082963
6976.451305386361
9795.802481952356
45317.00854783127
142971.2617014206
46027.90654644585
46443.8453587022
15808.29189159225
90296.63528318144
159259.8565338016
52460.7327856604
110389.37455784368
118706.32455242047
485.7197744148219
43605.35061889075
88973.36703141994
30277.63393933403
112023.49077668137
189929.9947373474
470.24148039799724
6976.451305386361
3734.768670411124
44662.908569136875
90296.63528318144
54628.45779275024
118706.32455242047
43605.35061889075
112023.49077668137
142748.172868339
15704.94709446155
1552368.830833824
2025328.1316033304
492070.5754074842
2085548.5940395235
629.0148374681913
435154.73702854704
11911.781342265787
65882.01852680977
1047260.3575559468
64682.86649197715
885898.7171493379
841760.2306056066
289588.7178102146
324120.38194179384
91401.4356054983
435154.7370285472
614889.7631821693
66134.11977475324
749598.2664849784
1048897.030631372
268235.04295530316
472301.59805192077
75360.02444942362
1552368.830833824
424080.5635730364
4264.411829577158
2025328.1316033304
5796.874673174536
492070.5754074842
592153.743321436
45282.987885317525
2085548.5940395235
9892744.03054065
5041.724485404711
140134.2381959017
11652.355508211345
48634.28802566902
168562.63117582933
56176.63681140359
123313.64017666694
118646.06970153624
152750.64921130767
6744.023315557238
8740844.721979503
37164.366306221775
71740.17920900599
2205048.093643898
2106883.5445526377
2051065.6168973264
7794953.291022494
990805.0082080248
8842670.961715318
1939654.0833321975
72853.63034933897
986227.1916671451
1056791.99215661
980300.0949665682
885898.7171493379
841760.2306056066
599924.8654059545
289588.7178102146
861641.07896634
80697.23002229795
324120.38194179384
2205048.093643898
2394799.397542928
18349.84208104805
2106883.5445526377
8848.247380707755
2051065.6168973264
2353298.2735056067
45282.987885317525
7794953.291022494
9892744.03054065
496958.52419249865
516548.3564926317
634501.9155818716
667462.1991791648
311128.372462973
459521.5439007205
4868.47086405131
20636.64199238077
166604.26235321688
617878.8650023686
25347.0729303205
174145.2633222447
129217.0420390509
375947.69274730864
350667.6252304675
619802.0540823545
142583.1121053304
1769.5890771045158
120306.09215806474
120100.58279268892
137381.31515982474
357274.29350099445
87322.5139966352
174305.69711538462
143964.39822247595
457772.1258354358
166616.1936944279
487362.7036242849
168117.0467319405
664041.7039525
655310.5039067031
667462.1991791648
30056302061.49751
31058044827.006645
21942970107.044174
1386140901.4489584
3846184933.0801163
20819669711.579723
61833816.364435785
333594824.2052527
1572.2360042060825
20636.64199238077
166604.26235321688
211941.47874075442
9663.87940561247
171631.6725827196
350667.6252304675
120100.58279268892
655310.5039067031
173485.04191321347
618834.9302328387
71202.0716145149
43071.40680188717
143023.24837337315
414920.9580467616
119834.19081111178
336051.9067303863
168117.0467319405
19383461.815412674
6866996.705433899
23432.887314456355
1386140901.4489584
23553641.02647654
1163306.6861553984
61857436.485214815
7639086.462178469
1238143.9739691045
2046594.2522281492
945195.7433579641
2990613.1053391336
2103.089191132828
1287206.3641314846
30822.26198095676
253172.96600552768
861260.2066845539
3220660.215979944
490406.7835994785
72395.21078068693
288973.5411874361
1314710.0765163084
39344.43773563393
917719.2753497938
4783.419800635379
8959471.862095712
511011.31062961527
337545851.0446704
1988509.232142901
2705153.81420888
2714894.0793137136
3035624.687193595
3642023.778004194
3647830.232751952
305597.5150755761
1287206.3641314849
1591054.5052537278
254141.74659396044
1544585.5355468523
1867837.534284842
1238143.9739691045
785102.9061756692
9140.24002072348
2046594.2522281492
3225693.5086301975
808123.7652862142
8539.703499540741
828612.4597901691
945195.7433579641
1106840.8616160501
1661785.922810295
296021.8212150013
68814.7525574898
768457.9589776315
2203688.2659532228
160019.2002967551
2877272.963160961
4783.419800635379
2990613.1053391336
3642023.778004194
31686041769.720886
3450976428.021696
337545851.0446704
22884.512549243733
611208.9484618666
653884.7948484197
217919.28840018055
43701.74302811393
182412.12768155386
497659.46529231855
516548.3564926317
667462.1991791648
2221597.393591842
2021849.902394285
315874.37199337856
1429183.8423380365
1627248.6755634884
25922868.940894738
4753004.073319787
516170.3195773009
1954738.0413368354
80214.54971182179
199.27759888916822
28372.5069335984
199954637.2978528
318638.5515977746
112276.26778565197
1157275.3365467307
2608378.9116882286
186465.5342859115
2186838.529807629
1223431.0593749476
193245.17588135175
2038257.5404968339
857800.5749265034
2131671.8681512047
2609634.9553275798
2594233.526243565
2681916.2063801847
3508195.6880479977
30611.289181716005
38124034.35426669
139383.62805466008
269075.1578981451
509751.385969588
118432918.4272916
13309120.19523649
35.204388521649214
131058.9000745089
16304563.290349402
14177.080798189876
3071363.7357600536
1050815.1113340417
382394.9710143941
4497288.519003627
38568159.28558968
7274603.341228414
273251.36772505555
2645299.8866065396
2616352.7153509874
2609634.9553275798
2600358.844321996
19924.91487859993
2594233.526243565
3260191.6694084234
3311789.4795164526
1988509.232142901
9339.56444281649
2681916.2063801847
2707346.822070205
2705153.81420888
2714215.4882019064
2078354.8306637714
2714894.0793137136
3035624.687193595
2809417.0720148236
532482.4401817326
68814.7525574898
886863.8921967885
11273.17507217441
3642023.778004194
3647830.232751952
468461.1263134218
3508195.6880479977
17270951850.55505
43786944429.47486
47081397618.34707
88571810.17562884
78703922.830966
57590122058.70171
317446499.9038893
3071363.7357600546
2276020391.666733
2288022500.625548
30215.688742948918
19324.186677157377
25983.53273544707
23387.227946868796
30215.688742948918
25983.53273544707
23727.29007935765
30215.688742948918
20514.199754428322
19562.296501745346
18146.821411739802
18787.389839725092
17154.023979001788
17154.023979001788
30824.225587324763
29621.589772282612
28873.41551748117
26491.137674388694
26491.137674388694
23307.831910256376
28873.41551748117
22143.299396439383
28873.41551748117
19708.431572777234
18618.977925744057
18618.977925744057
21161.895687528344
23064.92891448455
1429.6247002712587
25620.379733371974
24025.067871430187
27306.331325417083
29805.09457389926
20514.199754428322
19562.296501745346
17154.023979001788
17154.023979001788
22105.247983855126
8365.490330454795
280.4336523426268
28532.733866819523
1527.0582358231775
1223.167079563346
6456.676696295854
27349.74439417735
25599.04508965969
7709.135685912037
30160.567985851463
7567.350808087345
11292.584765564063
29621.589772282612
14007.239795031974
25465.708079292308
9915.584278761402
8465.29046312611
18962.04890490756
18911.948287199444
6999.211054835985
15677.240595399275
14529.133852711726
22260.523461265748
453.47422793898346
14454.869765387322
21592.07208499262
29805.09457389926
29805.09457389926
6554.375993444723
8561232.46510606
22105.247983855126
8365.490330454795
239.69419682868073
493.15195796051466
1223.167079563346
2461.6864095337764
26954.981637349607
14007.239795031974
8735.109959595235
18911.948287199444
6999.211054835985
21592.07208499262
25559.100970617208
11218.760857852747
24963.212267012987
8335.815616544949
12142.250076005786
452.22548128380106
14403.641368087083
17172.28471576726
230079.7402776602
304080.1967867786
78370.56738109633
338277.28879469534
659.6608585467839
76294.79882392535
7851.375234002326
39761.14983359675
175412.3568016273
50620.93810551024
51181.27840548586
787.7407893297908
3076.84890828343
111392.33382022807
49531.43272605458
143361.27005072898
136218.5240837996
66171.36037015695
66070.78555720307
95854.57431595257
76294.79882392538
405290.36922127864
39913.298108905554
126373.0065862305
175686.49367638127
44585.2401563785
159521.6839549318
73181.67363455855
50954.044008230834
230079.7402776602
60880.93869507788
68048.62683209998
722.196206310598
304080.1967867786
78370.56738109633
1017.076884747813
95600.45227843312
254505.02996228394
3085.3451229854695
111788.51493771875
338277.28879469534
329544.2685503279
1376265.6655095823
491557.36954727594
6172.33349883167
25684.323882719418
8819.12367729117
29436.637970711796
26491.137674388694
8982.209283800872
19708.431572777234
18618.977925744057
27306.331325417083
8256.37361740411
1602054.4995865666
28127.973147725726
43421.827872033384
326508.2168743355
317262.4210360027
303277.55030734325
1103403.0586589272
1212993.4828205248
1620717.5911679263
1468033.5868584644
44095.76100535609
159809.83953771266
179515.6889607717
163639.3860007256
159690.2070078759
143361.27005072898
136218.5240837996
97083.32225196356
71991.867442563
66171.36037015695
66070.78555720307
215432.9362228968
326508.2168743355
287541.73708623496
354605.27292687236
2902.0919813390224
317262.4210360027
303277.55030734325
1467.9301690447367
347966.7006513949
380315.681189436
23607.138474749365
1045080.9206778626
1103403.0586589272
1376265.6655095823
329544.2685503279
491557.36954727594
170087.27135818455
82685.50666680986
55863.323384097566
82093.86727268471
112739.93509273099
5230.9806017602605
3695.048003830073
27940.28631129991
163727.00000000003
17054.581734696796
25722.336536912506
158072.97450451658
21807.444508818804
23555.463404569393
70941.38953714973
63821.987376352
166662.13590172149
24387.766336217177
170053.1837747048
131796.47869711358
20305.957362487632
65508.17197084176
20214.467457555977
22939.54629976514
64003.514488321925
134589.23977017173
134887.0
1162.7394879142867
82700.77766431506
28039.610785209617
87592.9296552616
86653.64963466206
28053.801908808073
78022.71975382394
173406.99999999997
171141.2115034679
174305.0
79802.78439057534
2768.302052574636
167605.14608917563
174305.0
5984970.327070873
5789608.54471666
19920438.76424549
35049302.86365991
4718633.484447024
16728952.888210716
14410251.949444503
4946021.772708024
4779916.699190591
275051.88233453874
35123697.00026706
15725352.089243146
312108.3696564158
6581231.316174654
838637.1620413623
547281.5349068787
2271247.4210853614
316823.68107205385
2427536.1636245386
53894877.67956705
1689.3057941702825
3695.0480038300734
27940.28631129991
56160.75327265723
6502.266421465927
155791.36915215908
63821.987376352
20214.467457555977
53281.71107588509
171141.2115034679
143338.85154281548
82685.50666680984
31149.3642382452
112572.56544810935
21624.207769348282
23555.463404569393
166402.0804124243
12017.897052341496
50737.028704233875
1159.5376145620114
73428.50523919435
21207.040370365336
59471.060006596425
64700.53532554518
28053.801908808073
34443.870558563154
59394.65647468664
5302.650898394109
149331.6109368721
98217.27693863717
104302.64213627137
5789608.54471666
257851.72820124554
177587.68938552315
4711420.084521783
15323016.389533622
289689.9955137809
4946021.772708024
1237.6231127461306
275051.88233453874
96934.86883719021
701.9321313643846
456610.5791690719
58488.17402660323
547234.2813098554
121240.28300932422
58302.512100029686
1657998.8740257574
199432.39097096812
352232.2162878069
155821.5369126587
695859.582187082
2259.686679819792
230477.87077265143
20738.5202878263
229807.0187908041
150320.76631511317
414668.21521583386
106820.71622104646
751456.146842765
81268.59827216183
1243.274120375691
6936.118478464465
232664.06256253656
6962.779768956766
162408.6547359641
209041.08120255524
775.2569941978019
65598.76018281544
167178.498240184
452263.9564662253
296064.268005241
242073.8401380937
5301.9839630187
982400453.2802192
334748.40285763936
907.9855212228408
231342.6617580635
22484.75177747059
708863.7054607739
15449.44716745874
63027978.63124121
328352.51929108176
230477.8707726515
1070528.7028131878
230686.38826852813
269585.52077593206
323797.7930557804
415284.7319625234
199432.39097096812
127064.92839226898
130135.87586692213
1673.4319552411375
352232.2162878069
752630.5329770504
137050.5113994208
589468.8907271377
137314.92991131355
1605.2302817975512
155821.5369126587
176370.72211827597
289645.38502830063
573543.4564406176
6955.271434475132
387797.4625458201
25873.500344317217
488154.4082974701
425369.14397767937
775.2569941978019
252423.5603222497
695859.582187082
98624.20457774996
326636.41050761327
605351.8679918979
849752.2344577328
791923.2530348945
457106.1407117758
610631.0243749027
612829.6823689167
849752.2344577328
851222.5455872653
850429.287395028
168494475.346662
968145977.6078371
3254650503.749859
63664656.02996611
31256706.239115927
5213609.806903116
708863.705460774
3800163.9709086213
136174600.5414325
72103.20642308806
64451.061581963564
53930.87476119118
31259.479655378826
168329.05511811018
61366.540672024596
67203.59078005984
42097.07937937986
129823.690701163
168329.05511811018
72486.84706279439
168329.05511811018
57739.325420411435
49699.325140281726
67548.25661440873
165917.0
78421.93241795062
165899.41479332594
69594.96856816048
41838.65877621716
46239.25251346034
31645.817749341277
23711.661780414022
130354.73292297295
130354.73292297295
161534.23655754793
154986.99999999994
69726.72929441085
24145.02079942298
85952.0297307684
50770.99500237826
44325.83017433092
12061.872537886027
45937.47237007972
132782.74570419456
46267.86358534492
53281.71107588509
132782.74570419453
13523.77172126279
5965.179033117996
4040.0112480239454
3688.8014640589513
166522.39041909634
71481.19386990705
58822.12584492486
31071.52097845831
68607.0862435778
124956.34177678799
56401.62900050305
73454.6153529506
64779.39058514531
171525.9687201948
44995.90880806664
171525.9687201948
589078.5342337968
595506.3369108184
242073.8401380937
605385.6279032022
791923.2530348945
43035.39213013856
39.20696425588241
56310.82889857912
10499490.716380544
697166.3613751057
158512.49332238844
10429760.152475566
244717.34307410376
179017.93329701296
612.0810159424584
5590.551418439781
1494535.3799196542
10295410.161743458
214489.0462589769
1460726.5836750835
39166.45532284645
73318.45828190757
1385.24626233039
2745.5237633524825
3931.7980594040196
744.4438956229639
10900987.638956605
5531.265575820307
105.5801484120934
3702110.7925198474
120803.47544373025
316630.5161437194
2370.7303913618625
597104.3715571901
590594.9487115555
596634.7896223795
589078.5342337968
589628.8251205068
586984.6176638169
4803.886129586154
595506.3369108184
771476.8940669788
770120.0180675498
590152.8334574035
457106.1407117758
2930.1998324789442
605385.6279032022
611126.0493268259
610631.0243749027
612676.5048366233
469144.465130496
612829.6823689167
37991.801885994864
2865.3591546110497
849752.2344577328
851222.5455872653
851618.2256465893
850429.287395028
848590.4058027886
668154.6775779309
98624.20457774996
791923.2530348945
10446842.834451826
309057.5329990656
8182462.948222562
10499490.716380548
8182462.948222562
8182462.948222562
10519905.219052128
245653.7677459933
10498963.514989136
190354.19251841085
10552924.846763719
1513217.6031353958
10552924.846763719
10552924.846763719
1460726.5836750837
261365.50067811197
262432.84195236536
8333950.950346694
35828.51457396087
1538812.5845845987
16143.24623763136
405102.1132535149
316630.5161437194
425910.60892413394
428156.55784170044
10927352.943506466
10936831.009504218
10749951.126619197
26885.975033060313
11562.19012810954
31228.74192501019
56908.341646969726
62664.31571090537
29255.588183300613
31502.832928176682
4496.811341729019
7562.297998918426
15895.233012485134
33024.47813383959
31531.29507811322
30137.7681574315
29218.461610419945
38085.34111729309
66550.55500985046
49670.844974432526
51190.723309026806
12129.62657672619
414.92776157017573
45822.69841669526
52081.00938099286
57269.844468784155
26885.975033060313
33024.47813383959
31531.29507811322
30137.7681574315
11091.266564991303
1080.1070839329257
62498.511103601166
6250.852803494277
31744.408437025224
303.0484404992219
6045.087580598224
4582.0808942713775
7161.709952726357
27336.602815020775
51339.756662641965
45712.697565473296
50654.015884171
12129.62657672619
404.06771578603514
27780.937116018806
31208.787434146052
41933.99255187909
30097.808912402128
23005.5870934646
57269.844468784155
4365.709988528829
1631.1966089810307
1991876.9858306663
111.62225791109958
31694.875244474464
6005.568551348359
101662.79301953396
25703.602915403615
7884762.2423824305
305760.5367078401
32448.57285983233
131536.48477012748
27784.65731280214
47855.68848315619
243565.08577351016
112572.43492375694
137536.3052369943
128471.5768511957
125996.00177627784
2058.3598415866722
1771236.5523655429
17407.68828758862
5080.282341898247
760690.6941156951
757267.7607267612
620073.2008295673
337998.9978863492
354903.4035905656
2169127.457820294
9435420.39721984
256791.23561387972
112572.43492375694
322694.4833200922
122433.14214787583
131199.1434922939
31410.24424515874
137536.3052369943
128471.5768511957
125996.00177627784
92669.27646238633
339683.8767646092
6079.702510221612
1795571.8193229928
17407.68828758862
7052.232886692673
1623874.9798811488
1426623.2008186176
1863159.4011721732
1868353.32134955
2169127.457820294
1586503.6143473955
270473.8476242618
200332.04586266493
290764.8443319739
297712.0884208065
209630.51184865815
212827.30914274944
293983.2715832812
303187.0
1149466.2903348533
4623277.246565427
26537236.575696148
52953047.67841895
52230577.65574647
5332130.935915455
1004618.12841951
8315691.6354835825
807702.111641147
54336819.61376908
192611.6122067254
85068.71939557637
9462.719437790092
213212.87299845577
297368.0
296041.51555421326
61297.68134885718
287412.1869970713
2789.6623602831874
41376.24904975892
91975.99999999999
1040.639605463566
52561.67796552944
14407.679080296586
67283.97311968863
194674.1839996784
72274.42918298773
64615.55453091972
70619.980437937
206088.74215756892
71828.83586832922
217850.99999999997
207301.2214412608
74288.44041769985
303005.0
297014.4248290094
74418.04244543595
218995.193514003
303187.0
19597750.896943334
5890177.822706826
16895279.94672289
4649992.419817302
1639216.949803363
4987415.65214797
90542.91877980615
389973.9463154848
849961.2284545503
54387972.13689139
53147.12368235068
396018.1460692415
31073.58345486093
140375.47687147453
223936.6451676548
130195.0241728353
212827.30914274944
91930.04181328262
67997.26430462686
191673.2160361481
26537236.575696148
48180988.32004404
4595813.223747183
2216459.9636706337
365464.9473951341
176255.4752926716
802335.726911222
2150281.4102436877
17080140.374375638
64386.75213845715
1808088.2935514206
156114.06241732466
145907.24328184174
338549.3817486433
90577.5055933494
92666.16500173604
197347.0027678534
53147.12368235068
286963.7161040571
20408.634305089236
52218.062350164575
30299.515618142923
71004.43642702849
164880.81195714502
47619.572590827745
133539.91927110215
74288.44041769985
2641786.707442351
324838.0980146543
209906.23403790145
555872.1342946049
744216.6118881379
31147.48943705848
114831.97264705585
72123.38072825286
178030.66204466583
522437.9745113266
15634.64730821709
364682.22762404697
1925.590174235562
2209763942.0765285
309819.6206718356
6873.303330222856
647697.5354899629
123292.12477684327
956830.9291823287
759404.4603888014
1060954.3880974639
4197.686098026001
1051795.9489818716
336467.2288358997
1231714.725669168
137164.78585652515
33831.56562125819
5287.659496668087
269890.00554290984
386163.9103375407
842475.6344072361
412522.020075803
337246.8129607133
518364.2757109846
860611.2759786545
54422.96678864412
1088030.940000083
612783.9659781764
1925.590174235562
1187133.2242758337
496111.67797560134
776476.3209797295
1315075.7906818702
1215211.3247496872
995859.5237098612
1315075.7906818702
1317501.8671084926
1312596.8778033857
1331347.0
2297401964.212194
4450577.29723202
1275305.3336783396
15675381.430072436
123292.12477684331
46304.85916362689
56052.353514338625
137414.29588395372
25926.51114726682
46117.37382350712
164822.75996590848
128156.11894456243
163097.9396520964
136528.94756455795
31013.471631785276
270118.89572126995
38646.47542051451
248460.7448241453
171317.60358701923
16388.551159190723
197980.7202395067
19789.25453875453
63.876673947918334
50585.935378158436
41918.53962873317
1785.5433925305583
53437.811565388474
42513.68867352397
36983.30426709517
23764.600176540942
137523.2553997933
71036.98753876997
156432.96873913505
133704.07144739525
166769.25218926492
198021.94922701802
285000.2079200306
155260.24687337448
154719.2355667304
146962.39889983606
168923.3568658308
166038.0167481218
156010.88773869476
291174.7520831034
291174.7520831034
158377.8439452624
5560906.869838929
379104.54387367424
26727.781620074184
296327.98241690785
1504.2548272931908
14502.771954171061
11.703830695695997
183911.67441181885
39554.02370862426
2913.4601921318085
8569.783857994544
9020.510115660893
213.96212529519624
1744974.8434474831
516540.1461736062
14099802.507141573
1215211.3247496872
1246877.9868210377
7753.958954404171
995859.5237098612
1145010.7954566071
1298663.5187847903
996844.252295153
1275045.7757025983
1242923.119825489
261785.6483916871
33831.56562125819
5679.890030410915
322085.4402678513
4680.490042004598
1303681.6263003836
1315075.7906818702
1020584.1339601907
1315075.7906818702
1317501.8671084926
1312596.8778033857
1318154.7561774305
1015505.6406475671
1023115.0241473783
142993.8693840881
1331347.0
5952721.394036336
12157085.061214883
434433.8970816685
13773003.024597941
78998.8022047164
367759.6608097617
20729.449302528043
2831582.3166694115
2834694.051649288
8569.783857994547
483154.6199458151
485702.4329679553
13931750.027123246
14099802.507141573
9547.0
9103.998544317938
8717.999999999998
8717.999999999998
2929.6336354936607
365.27258227135
162.63720816354876
9308.205243179653
8017.769965863836
9483.548895553427
1160.520051760612
4822.7896594994845
210.29913687972794
8656.430327430562
1300.1625485917918
353.8569313150008
5355.293242218065
10880.683506265048
11082.425229307211
10971.75676651523
10986.715649998236
1306.1632501600584
11092.121797425127
6514.818119079033
4606.838469017724
7645.551418478066
5606.377719727409
2925.9456003694245
5152.698356787351
6586.517714740818
10094.289523595371
8733.525164289504
5537.034390830991
3987.866058957488
2879.5842657164235
10975.547646046518
7680.339775431057
11101.999999999998
10593.16177612342
11101.999999999996
2929.6336354936607
216.49956791751111
139.01040285133857
3692.1967227870755
6602.158665559513
9468.750999588856
4791.261255141637
9093.467447691994
6491.729450944357
4342.220805965984
2459.7787021953604
4606.078903336949
2297.2795923587373
8367.580852215107
7598.104303606296
8458.238397475548
33876.42717416092
20844.58341142224
40178.02021776875
431.6325097016087
18551.95439683134
7430.232978340584
21915.30836738714
12676.976157313793
74007.53763012528
33929.36972645704
5962.617246439114
20981.749059352827
8287.253656507657
40887.02089436652
54020.376104188814
34279.13983270802
32205.449013976744
31389.48378836325
31341.774455457387
40320.91849813091
118403.39706514188
255624.60426653794
557.2942956231785
22067.84264666411
114411.27294155967
102919.19216923813
57579.757629767664
57673.64105714237
21910.275100552215
462.0486047661934
67994.88601825497
197370.41634646952
309937.91066897614
300476.0375782869
61550.92789097646
365299.87599293154
34279.13983270802
31373.868083014546
34187.39832869318
34279.13983270802
32205.449013976744
31389.48378836325
31341.774455457387
23137.494303291463
54026.87637505247
54071.901877394426
39466.23010869711
256958.5904948069
235557.16872269017
264369.64586285484
1140.1486003575972
182246.7510231818
206944.0850942423
270267.45214788744
271020.8753773309
309937.91066897614
228891.3516219658
637.1746500867969
67994.88601825497
300476.0375782869
582.86291578485
593.48528318366
595.9999999999999
596.0
586.384858311296
66.10818821105093
139.17718230833688
588.7328409596047
63226.880674893175
41.722120179112004
63494.78571750004
19470.215886159738
19757.305549095498
635.5838955273741
17940.26691762248
20829.348703878117
5969.610007970182
7979.474810055189
26367.624108354456
8137.3876345726285
21960.1402950214
24492.66765521754
14052.546719003949
6055.598204286314
7574.381658563308
15586.057498313827
10489.707869839136
835.4001381469556
32484.814529254487
28701.820267643474
9382.00731312189
31327.288577939747
23441.610782362015
3329.5947851822357
5125.443829036778
26310.032430583175
8826.923030612348
28623.555431875153
7650.250078096195
31938.99774168967
66255.52796660994
7119.943467461523
34862.77082947526
993.9201897287245
10828.312777331981
16282.88078930412
77785.76048381411
7555.869137673827
71751.1455609145
81431.35898829652
27363.383882149396
9673.631761703271
81147.9382530204
68869.43679232901
40717.972723425155
26570.273606549614
28908.58716098955
1455.738025325041
20713.22103532047
63157.38837224596
41692.80549393118
57734.27136034348
38917.51381931698
29435.922091488996
583.340314161007
26276.2314624798
53383.33448526781
31387.120405707345
7922.0089230182175
8780.238143803937
8940.036432696133
2345.895921299123
45055.47384402753
88147.49214229325
89863.0
24671.081729629754
59979.23369262727
84742.21130871012
63042.19980156049
25163.91984980308
20797.001536510626
33350.914562636484
58104.27223286015
67289.74907895525
76338.49625825985
90261.80534321321
14209.747140189127
297.26935708603185
68192.27408826766
35234.19551916255
102930.72009768439
3080.337924159108
71849.68575701611
92479.89904927474
220869.99392105933
110013.11368755385
315.05618949154035
31010.93967261417
24438.4132577986
263761.8359365245
41845.46542819443
73959.8673692307
19129.209160329017
260284.2258017988
166040.44140319797
2710874.703041253
20171.920075768703
2726679.762526703
92632.02124795952
22470.34734696526
284767.9318093035
242995.17088729225
2560894.1744951503
92974.03603922001
1129021.9028420881
1206141.341000919
2069731.976757044
1743.7430799616056
72019.76845515588
726.9753103990925
3374.9414938797186
21055.227205780866
256590.5791761115
2441787.9582277844
1800.4266104342573
10013.02609631983
537.0874493168727
45558.26176299787
261611.39298031747
64076.43662218854
619.5760190553652
133904.75939177995
103101.00456988966
67287.57716012448
55977.343381519095
84470.40285768377
121643.17661451941
8842.072385025413
154731.54825119115
157246.54066164378
151128.07036333677
104658.5549765935
271563.2983606926
152743.67356622944
315.05618949154035
103778.8727591735
58793.90438548676
316475.527947676
692.1264133884424
297940.16224501346
121426.51099942751
32456.496829726217
53340.801490065125
79342.51886725774
117478.07106680593
53241.00646110626
266255.3845387402
143546.08380092744
319119.7082981236
250926.70680788314
327151.9999999999
328064.0
1743.743079961606
78952.61991339512
9238.754456383473
9165.259401635
102230.11823868219
331124.89032401657
2710285.2905090046
2710874.703041253
33161.29746999893
58364.82958142092
2528073.444793517
58812.28943608506
312006.3901964962
98084.67177017746
2726679.762526703
144432.88548158034
287130.7834543977
89422.89839178043
290327.6741213027
327151.9999999999
327806.00000000006
326887.00000000006
327649.99999999994
251145.48827600566
328064.0
328067.2639004681
2706644.9289731095
330867.50343796733
1129021.9028420881
2721172.167949545
2069731.9767570433
935.1317639559454
34789.00000000001
34789.00000000001
33708.102117758244
30981.88199965112
430.68554858908436
19511.894966078304
899.5296837104073
36.48251070430878
739.3442760276713
11247.63733596902
796.3739021319907
33941.05775445766
31670.5888184383
519.6920208888721
614.4611859552881
33336.138851455566
28468.293787067123
10211.34822754714
35.063426351472756
29179.95446324955
227.57196960346238
33968.59785961979
31791.357286325387
18017.865636377475
27635.556272474452
27399.384554557266
20342.834311720275
17432.47034793717
23113.55968117209
19978.398476752613
19534.263793125774
479.6169862859698
17226.90187936525
34612.84789156626
809.9999999999999
11170.312459520857
18259.74929655659
23251.351565422665
33681.84343658104
379.8873374921876
5321.0
380.8957885382954
34789.00000000001
34789.00000000001
