0.015250921249389648
0.01291036605834961
0.012371301651000977
0.012278318405151367
0.006497621536254883
0.012829065322875977
0.006033182144165039
0.011855125427246094
0.012085914611816406
0.015142202377319336
0.014653921127319336
0.014742136001586914
0.014845132827758789
0.00693511962890625
0.014504194259643555
0.005836963653564453
0.005400657653808594
0.005258798599243164
0.005677700042724609
0.0057604312896728516
0.005708456039428711
0.005433559417724609
0.004869699478149414
0.0056111812591552734
0.00504302978515625
0.00561070442199707
0.005303621292114258
0.025887012481689453
0.05023360252380371
0.022512197494506836
0.020362138748168945
0.015857458114624023
0.016737699508666992
0.012314796447753906
0.010542869567871094
0.012435436248779297
0.014066696166992188
0.021545886993408203
0.0065424442291259766
0.013833999633789062
0.006197929382324219
0.021211624145507812
0.006099700927734375
0.005548238754272461
0.013509750366210938
0.011999845504760742
0.017063140869140625
0.007290840148925781
0.015982389450073242
0.028675556182861328
0.022284507751464844
0.02296733856201172
0.01836228370666504
0.013860940933227539
0.01871800422668457
0.015549659729003906
0.010475635528564453
0.010907411575317383
0.010668039321899414
0.023713350296020508
0.025721073150634766
0.026763200759887695
0.02216315269470215
0.023044109344482422
0.023853302001953125
0.019006967544555664
0.01003575325012207
0.012227296829223633
0.010800600051879883
0.02442765235900879
0.025997638702392578
0.024402856826782227
0.012433290481567383
0.0373384952545166
0.03917503356933594
0.03711128234863281
0.012826681137084961
0.03683972358703613
0.025089740753173828
0.03884315490722656
0.04792594909667969
0.0399167537689209
0.0487217903137207
0.03802347183227539
0.02394413948059082
0.015450239181518555
0.018494129180908203
0.0281374454498291
0.026651620864868164
0.0211031436920166
0.011757373809814453
0.03741955757141113
0.03381657600402832
0.030445575714111328
0.011106014251708984
0.03561091423034668
0.020264863967895508
0.03476667404174805
0.031135082244873047
0.023177146911621094
0.03485536575317383
0.027548789978027344
0.018522262573242188
0.011246919631958008
0.016476869583129883
0.019141197204589844
0.02560138702392578
0.019373416900634766
0.020781278610229492
0.021241426467895508
0.017635345458984375
0.012211322784423828
0.009778738021850586
0.012124061584472656
0.010533809661865234
0.011542558670043945
0.010965824127197266
0.011045455932617188
0.02268195152282715
0.01843881607055664
0.018739938735961914
0.019622802734375
0.016412019729614258
0.03213310241699219
0.02239537239074707
0.021491050720214844
0.015314579010009766
0.021312713623046875
0.01952958106994629
0.017702579498291016
0.012188434600830078
0.016120195388793945
0.020842313766479492
0.025957345962524414
0.022505998611450195
0.016739845275878906
0.009440898895263672
0.01615142822265625
0.021532297134399414
0.029322147369384766
0.019385814666748047
0.02977752685546875
0.014836311340332031
0.032233238220214844
0.03163456916809082
0.02974081039428711
0.013642549514770508
0.0262296199798584
0.023030519485473633
0.03495144844055176
0.023977041244506836
0.02252507209777832
0.009455204010009766
0.01813530921936035
0.031539201736450195
0.025069236755371094
0.03134632110595703
0.03452563285827637
0.03072667121887207
0.02962779998779297
0.024132251739501953
0.01900959014892578
0.012786865234375
0.015233278274536133
0.023746252059936523
0.011107921600341797
0.013005256652832031
0.022659778594970703
0.024178504943847656
0.016726255416870117
0.029631376266479492
0.01921844482421875
0.018896102905273438
0.015781402587890625
0.011707305908203125
0.022365570068359375
0.019628047943115234
0.011909723281860352
0.02183055877685547
0.007956981658935547
0.021837711334228516
0.008719921112060547
0.007940530776977539
0.02081131935119629
0.01343226432800293
0.017822980880737305
0.005829572677612305
0.021600723266601562
0.03434324264526367
0.03161978721618652
0.027542829513549805
0.011477231979370117
0.021210432052612305
0.013483285903930664
0.014754772186279297
0.013524532318115234
0.03238248825073242
0.02042675018310547
0.03035712242126465
0.0322878360748291
0.024997472763061523
0.027014493942260742
0.023897886276245117
0.019066810607910156
0.016765356063842773
0.01152801513671875
0.023156404495239258
0.019135236740112305
0.023682832717895508
0.018801450729370117
0.012647867202758789
0.016664505004882812
0.017274856567382812
0.016086101531982422
0.013166189193725586
0.01658773422241211
0.03396320343017578
0.01689887046813965
0.029392719268798828
0.020470619201660156
0.02850484848022461
0.02838611602783203
0.020656108856201172
0.01962423324584961
0.023352622985839844
0.014636754989624023
0.011719942092895508
0.011449337005615234
0.012071847915649414
0.028954267501831055
0.026236295700073242
0.020188331604003906
0.010042905807495117
0.02948760986328125
0.026381492614746094
0.01889801025390625
0.01215982437133789
0.009711265563964844
0.02852606773376465
0.023689985275268555
0.021912813186645508
0.016037940979003906
0.01834583282470703
0.029491186141967773
0.01696014404296875
0.0370783805847168
0.039452314376831055
0.03333330154418945
0.014200925827026367
0.023519515991210938
0.044472455978393555
0.04030013084411621
0.024941205978393555
0.01674056053161621
0.03854727745056152
0.020592212677001953
0.04442310333251953
0.03924083709716797
0.024976015090942383
0.033960819244384766
0.037442684173583984
0.016132116317749023
0.014553308486938477
0.015674352645874023
0.034171104431152344
0.03773784637451172
0.03760409355163574
0.02017521858215332
0.010191917419433594
0.024108171463012695
0.021863698959350586
0.01634693145751953
0.010793924331665039
0.03599071502685547
0.034435272216796875
0.027408361434936523
0.010459423065185547
0.03410816192626953
0.020034313201904297
0.04062318801879883
0.036917924880981445
0.023017406463623047
0.03191208839416504
0.030649185180664062
0.012259721755981445
0.01709294319152832
0.014322280883789062
0.02220630645751953
0.021471738815307617
0.0214841365814209
0.022584915161132812
0.014269113540649414
0.013812065124511719
0.013071060180664062
0.01332235336303711
0.011893510818481445
0.011548280715942383
0.011861801147460938
0.01415872573852539
0.011543512344360352
0.011991024017333984
0.014158964157104492
0.019868135452270508
0.01577925682067871
0.019456148147583008
0.015118837356567383
0.01849365234375
0.01585674285888672
0.01623249053955078
0.014099597930908203
0.015833616256713867
0.0095672607421875
0.020133256912231445
0.014471054077148438
0.01980280876159668
0.01409602165222168
0.013292789459228516
0.01372528076171875
0.013613224029541016
0.018569469451904297
0.017978906631469727
0.011106014251708984
0.01189112663269043
0.01588892936706543
0.011593818664550781
0.020471572875976562
0.02543020248413086
0.022066354751586914
0.019222259521484375
0.01608109474182129
0.01978588104248047
0.00811767578125
0.01649022102355957
0.008325576782226562
0.014980792999267578
0.025061607360839844
0.02077317237854004
0.020903825759887695
0.018270492553710938
0.017142534255981445
0.01373910903930664
0.015663862228393555
0.015999555587768555
0.021296977996826172
0.007457256317138672
0.03414607048034668
0.03425121307373047
0.02596569061279297
0.012952089309692383
0.030370473861694336
0.026325464248657227
0.021979331970214844
0.03574419021606445
0.02388763427734375
0.03391838073730469
0.03121495246887207
0.021622657775878906
0.009306192398071289
0.018675565719604492
0.01871013641357422
0.016387939453125
0.035074472427368164
0.018052339553833008
0.03347039222717285
0.020802974700927734
0.033110618591308594
0.036837100982666016
0.02409195899963379
0.02583599090576172
0.025548696517944336
0.012906551361083984
0.01307988166809082
0.015841007232666016
0.015909910202026367
0.024971723556518555
0.012041807174682617
0.012784719467163086
0.02321648597717285
0.02909994125366211
0.02888941764831543
0.020681142807006836
0.01772475242614746
0.019376754760742188
0.017993688583374023
0.010360002517700195
0.024475574493408203
0.016165494918823242
0.011820077896118164
0.020679235458374023
0.01523280143737793
0.009305715560913086
0.01303553581237793
0.007989645004272461
0.011903762817382812
0.01633620262145996
0.016517162322998047
0.02121877670288086
0.00789022445678711
0.01297307014465332
0.006352663040161133
0.006024837493896484
0.006732940673828125
0.006981849670410156
0.005232810974121094
0.004885673522949219
0.004662036895751953
0.006012916564941406
0.0059049129486083984
0.0054209232330322266
0.0045146942138671875
0.005357980728149414
0.006989002227783203
0.004429340362548828
0.03324747085571289
0.032706499099731445
0.03264021873474121
0.012158870697021484
0.03619074821472168
0.024219989776611328
0.006508588790893555
0.018488407135009766
0.014129638671875
0.0070803165435791016
0.021841049194335938
0.006390571594238281
0.015519142150878906
0.00711822509765625
0.03301572799682617
0.018125057220458984
0.02931809425354004
0.030364990234375
0.02048492431640625
0.023087739944458008
0.0228424072265625
0.014958381652832031
0.011844158172607422
0.010871648788452148
0.020092248916625977
0.015672922134399414
0.00607752799987793
0.012903928756713867
0.013313770294189453
0.005823850631713867
0.005097627639770508
0.012251615524291992
0.01030111312866211
0.012163877487182617
0.011929512023925781
0.005535602569580078
0.012959957122802734
0.013106822967529297
0.0055310726165771484
0.01147913932800293
0.005482673645019531
0.0053179264068603516
0.01095271110534668
0.0059697628021240234
0.005799531936645508
0.0056095123291015625
0.0053675174713134766
0.0058019161224365234
0.0056951045989990234
0.0038306713104248047
0.004113197326660156
0.004032611846923828
0.005210399627685547
0.01694035530090332
0.00978541374206543
0.03755378723144531
0.015555381774902344
0.05574536323547363
0.05367422103881836
0.026561498641967773
0.019395828247070312
0.014604806900024414
0.014715433120727539
0.02206707000732422
0.021645069122314453
0.016859769821166992
0.012793302536010742
0.006819248199462891
0.007430315017700195
0.024419307708740234
0.018755197525024414
0.018874406814575195
0.01341104507446289
0.01246190071105957
0.010192155838012695
0.008138895034790039
0.008563995361328125
0.007934808731079102
0.008573055267333984
0.015774250030517578
0.020923614501953125
0.016466856002807617
0.016837358474731445
0.009759187698364258
0.018340110778808594
0.022190093994140625
0.037300825119018555
0.025437593460083008
0.022365331649780273
0.029236793518066406
0.009590387344360352
0.007788419723510742
0.016627073287963867
0.02295374870300293
0.02699446678161621
0.017145633697509766
0.011250019073486328
0.007883548736572266
0.016466140747070312
0.01721811294555664
0.033002376556396484
0.02575087547302246
0.02454829216003418
0.012621164321899414
0.013901472091674805
0.022388458251953125
0.0077953338623046875
0.0289762020111084
0.02211165428161621
0.03533482551574707
0.023512601852416992
0.011467456817626953
0.00888967514038086
0.018135786056518555
0.04878807067871094
0.0459895133972168
0.015672922134399414
0.008906841278076172
0.011789560317993164
0.024762868881225586
0.00952768325805664
0.008131265640258789
0.01821446418762207
0.02840399742126465
0.02076864242553711
0.0211789608001709
0.013887882232666016
0.006885528564453125
0.019604206085205078
0.008309364318847656
0.006868124008178711
0.013038396835327148
0.007215738296508789
0.008791208267211914
0.007524251937866211
0.004380941390991211
0.009133100509643555
0.0063800811767578125
0.006104707717895508
0.004870414733886719
0.0056493282318115234
0.01585984230041504
0.018384456634521484
0.018553495407104492
0.0068569183349609375
0.01551961898803711
0.0077610015869140625
0.005533456802368164
0.006217479705810547
0.014871835708618164
0.015038251876831055
0.012616872787475586
0.0375826358795166
0.027426719665527344
0.019425153732299805
0.005266666412353516
0.02880716323852539
0.019183874130249023
0.016350507736206055
0.008369922637939453
0.013969898223876953
0.005619525909423828
0.0192413330078125
0.012430191040039062
0.021271228790283203
0.01384592056274414
0.012398481369018555
0.0068933963775634766
0.010535955429077148
0.0217134952545166
0.015378713607788086
0.017979145050048828
0.012731790542602539
0.009805917739868164
0.00847005844116211
0.015373945236206055
0.015156984329223633
0.013814687728881836
0.020435810089111328
0.006789207458496094
0.008870840072631836
0.02155137062072754
0.01626896858215332
0.01864767074584961
0.019849777221679688
0.010400533676147461
0.015837907791137695
0.010275602340698242
0.019773483276367188
0.01617121696472168
0.018964529037475586
0.008675575256347656
0.02200603485107422
0.03093242645263672
0.03234577178955078
0.011397600173950195
0.016009807586669922
0.03609132766723633
0.03892850875854492
0.022923946380615234
0.029896259307861328
0.028033018112182617
0.019629716873168945
0.00771641731262207
0.017642498016357422
0.023521900177001953
0.01269221305847168
0.012923240661621094
0.011550426483154297
0.01067209243774414
0.012871742248535156
0.013818740844726562
0.01381230354309082
0.012363672256469727
0.012348413467407227
0.014863967895507812
0.013164758682250977
0.012969255447387695
0.012905359268188477
0.013326644897460938
0.004843950271606445
0.011959075927734375
0.013889074325561523
0.01222991943359375
0.008214473724365234
0.007408618927001953
0.007888555526733398
0.006049156188964844
0.008101463317871094
0.007153749465942383
0.006122589111328125
0.006528377532958984
0.006643533706665039
0.006411075592041016
0.005801200866699219
0.008610010147094727
0.0051479339599609375
0.007188081741333008
0.006947755813598633
0.006626605987548828
0.006966590881347656
0.00598907470703125
0.00582122802734375
0.004736661911010742
0.0034809112548828125
0.004118442535400391
0.00380706787109375
0.005394458770751953
0.004502773284912109
0.0076808929443359375
0.008073806762695312
0.008068561553955078
0.007979869842529297
0.0160677433013916
0.020148515701293945
0.020424604415893555
0.015867948532104492
0.021699190139770508
0.030539512634277344
0.015963315963745117
0.008998870849609375
0.012947320938110352
0.009015798568725586
0.034128665924072266
0.02485203742980957
0.014668703079223633
0.02198481559753418
0.03522300720214844
0.030337095260620117
0.019351959228515625
0.014801502227783203
0.02036428451538086
0.0248873233795166
0.013201236724853516
0.007304668426513672
0.009908914566040039
0.00725555419921875
0.011585474014282227
0.008043527603149414
0.00800180435180664
0.006379365921020508
0.007481098175048828
0.009006977081298828
0.009156227111816406
0.006809234619140625
0.007298707962036133
0.006947517395019531
0.009469270706176758
0.006301403045654297
0.005738973617553711
0.015056848526000977
0.020404577255249023
0.02039813995361328
0.01904129981994629
0.0074253082275390625
0.016606807708740234
0.007996797561645508
0.01052093505859375
0.007359981536865234
0.00740504264831543
0.0065844058990478516
0.004568338394165039
0.007980585098266602
0.004812955856323242
0.00767970085144043
0.006183147430419922
0.02670145034790039
0.0277554988861084
0.020514488220214844
0.034473419189453125
0.02041482925415039
0.01162099838256836
0.007983207702636719
0.01746511459350586
0.017482757568359375
0.010021209716796875
0.023205280303955078
0.013456344604492188
0.0343632698059082
0.013581991195678711
0.007138490676879883
0.025272607803344727
0.010190010070800781
0.00805521011352539
0.025160551071166992
0.036478281021118164
0.030393362045288086
0.009083032608032227
0.020838022232055664
0.01808023452758789
0.0063326358795166016
0.01422739028930664
0.015080928802490234
0.013973474502563477
0.011013269424438477
0.021547317504882812
0.008810043334960938
0.006934642791748047
0.01776599884033203
0.016528844833374023
0.008903264999389648
0.02013874053955078
0.010159730911254883
0.01511240005493164
0.014838933944702148
0.004625797271728516
0.02144312858581543
0.007803201675415039
0.00827479362487793
0.018171072006225586
0.014537334442138672
0.021327495574951172
0.009421110153198242
0.014772415161132812
0.007699251174926758
0.005608081817626953
0.004096508026123047
0.0066263675689697266
0.0048716068267822266
0.005219459533691406
0.0041348934173583984
0.00642085075378418
0.006003379821777344
0.0038471221923828125
0.005394697189331055
0.0056803226470947266
0.0038182735443115234
0.004682779312133789
0.00600743293762207
0.0038764476776123047
0.005236148834228516
0.005366802215576172
0.0076563358306884766
0.0064203739166259766
0.005190134048461914
0.004121541976928711
0.004348278045654297
0.008140325546264648
0.004540205001831055
0.005532503128051758
0.0044443607330322266
0.0071752071380615234
0.004023551940917969
0.004492044448852539
0.0054759979248046875
0.005074977874755859
0.005035877227783203
0.006958484649658203
0.005244016647338867
0.0054209232330322266
0.004492759704589844
0.004168272018432617
0.004333972930908203
0.004365205764770508
0.0065765380859375
0.00637507438659668
0.004342555999755859
0.00422978401184082
0.011848688125610352
0.011034727096557617
0.011792898178100586
0.012897253036499023
0.0167539119720459
0.020907163619995117
0.017186403274536133
0.013867855072021484
0.006940126419067383
0.005479574203491211
0.005820274353027344
0.004975557327270508
0.004266500473022461
0.0039522647857666016
0.0038449764251708984
0.0058634281158447266
0.004450082778930664
0.007155656814575195
0.006188154220581055
0.0046539306640625
0.003671884536743164
0.03303360939025879
0.013500452041625977
0.015838146209716797
0.020657062530517578
0.01212620735168457
0.009334325790405273
0.005346536636352539
0.005445957183837891
0.008104801177978516
0.003935575485229492
0.005568265914916992
0.007603168487548828
0.004984140396118164
0.018213987350463867
0.004822254180908203
0.017236948013305664
0.006825685501098633
0.014979362487792969
0.0068874359130859375
0.007760047912597656
0.01652050018310547
0.005444765090942383
0.012400627136230469
0.005483388900756836
0.012415409088134766
0.009034395217895508
0.012918710708618164
0.013370513916015625
0.006076812744140625
0.0051593780517578125
0.013380050659179688
0.010141611099243164
0.015321493148803711
0.008249282836914062
0.003537893295288086
0.007375240325927734
0.007169246673583984
0.005338430404663086
0.004499912261962891
0.004196643829345703
0.006235361099243164
0.006802797317504883
0.005150556564331055
0.007276058197021484
0.00661468505859375
0.008871793746948242
0.0043125152587890625
0.007019519805908203
0.006926059722900391
0.007318973541259766
0.0074384212493896484
0.00716400146484375
0.006062984466552734
0.004432201385498047
0.003984689712524414
0.004001140594482422
0.002965688705444336
0.002882242202758789
0.003865480422973633
0.005049228668212891
0.005193471908569336
0.012505292892456055
0.0054929256439208984
0.0054323673248291016
0.013024330139160156
0.005659818649291992
0.011728763580322266
0.013389110565185547
0.013213396072387695
0.012653589248657227
0.01310276985168457
0.011674642562866211
0.005677461624145508
0.013634681701660156
0.01295161247253418
0.005876064300537109
0.0068607330322265625
0.005862236022949219
0.005906343460083008
0.004024028778076172
0.005079030990600586
0.005026102066040039
0.012003421783447266
0.013804912567138672
0.0075953006744384766
0.008414506912231445
0.013520240783691406
0.013332128524780273
0.010388374328613281
0.009457588195800781
0.009207010269165039
0.006899833679199219
0.005300998687744141
0.006129026412963867
0.0040073394775390625
0.009491920471191406
0.012692928314208984
0.004876375198364258
0.00774073600769043
0.012972116470336914
0.006663322448730469
0.009261846542358398
0.009053230285644531
0.003766298294067383
0.004363059997558594
0.0045375823974609375
0.009646415710449219
0.009235858917236328
0.006822347640991211
0.0044667720794677734
0.007707834243774414
0.02075481414794922
0.02148127555847168
0.010579824447631836
0.015636205673217773
0.028058290481567383
0.023987293243408203
0.013025522232055664
0.010578632354736328
0.012343883514404297
0.017557382583618164
0.008269309997558594
0.015218019485473633
0.01725602149963379
0.012244224548339844
0.01302337646484375
0.013100385665893555
0.0037245750427246094
0.0062389373779296875
0.0042531490325927734
0.028761863708496094
0.031180858612060547
0.018602848052978516
0.022202730178833008
0.01094365119934082
0.025423526763916016
0.018121957778930664
0.013383150100708008
0.006618022918701172
0.040483951568603516
0.025308847427368164
0.0239105224609375
0.03352546691894531
0.027022361755371094
0.007645845413208008
0.030080080032348633
0.05037355422973633
0.020916223526000977
0.041021108627319336
0.04069662094116211
0.03317975997924805
0.009592056274414062
0.02030634880065918
0.018481731414794922
0.017238140106201172
0.0296781063079834
0.03516054153442383
0.01885676383972168
0.029330015182495117
0.018651485443115234
0.024766921997070312
0.034804344177246094
0.020583629608154297
0.024344205856323242
0.025321245193481445
0.02412557601928711
0.026605844497680664
0.033807992935180664
0.012918472290039062
0.02896285057067871
0.03204989433288574
0.015282869338989258
0.007159233093261719
0.009984254837036133
0.0223846435546875
0.02313542366027832
0.015458345413208008
0.015560150146484375
0.00935983657836914
0.020864248275756836
0.012136220932006836
0.009204864501953125
0.004399776458740234
0.020737886428833008
0.03847098350524902
0.016185998916625977
0.033574581146240234
0.022058963775634766
0.024647235870361328
0.021277189254760742
0.004827260971069336
0.018662691116333008
0.027165889739990234
0.014301061630249023
0.02295970916748047
0.014725685119628906
0.013818740844726562
0.027657508850097656
0.011481761932373047
0.023865222930908203
0.020272493362426758
0.021650314331054688
0.006091117858886719
0.020036697387695312
0.017688751220703125
0.02452874183654785
0.018163681030273438
0.017310380935668945
0.025996685028076172
0.007543325424194336
0.02475762367248535
0.022497177124023438
0.013128042221069336
0.004730224609375
0.010240793228149414
0.00732421875
0.004515409469604492
0.0041027069091796875
0.0041120052337646484
0.007163524627685547
0.006871938705444336
0.013035774230957031
0.012952089309692383
0.0050678253173828125
0.010004758834838867
0.009684324264526367
0.01460123062133789
0.0067157745361328125
0.014309167861938477
0.010401725769042969
0.015805721282958984
0.014149904251098633
0.011910200119018555
0.006480693817138672
0.0052378177642822266
0.005011558532714844
0.005689144134521484
0.00366973876953125
0.003058910369873047
0.004484891891479492
0.005987405776977539
0.004856109619140625
0.004492282867431641
0.004906177520751953
0.004958391189575195
0.005840301513671875
0.0048525333404541016
0.01654648780822754
0.02274012565612793
0.021857738494873047
0.014021873474121094
0.022078514099121094
0.013425588607788086
0.013866662979125977
0.008067131042480469
0.022254228591918945
0.023761272430419922
0.005451202392578125
0.021721601486206055
0.02068305015563965
0.02841496467590332
0.012465238571166992
0.005527973175048828
0.005916595458984375
0.02289271354675293
0.03084850311279297
0.017369508743286133
0.016987085342407227
0.01752781867980957
0.008890390396118164
0.011934280395507812
0.008569478988647461
0.005337238311767578
0.01832890510559082
0.02225494384765625
0.027784109115600586
0.014089345932006836
0.02788090705871582
0.014357328414916992
0.016436338424682617
0.010378122329711914
0.018233299255371094
0.023106098175048828
0.018034696578979492
0.0063936710357666016
0.026324987411499023
0.07221436500549316
0.030554533004760742
0.038227081298828125
0.023359060287475586
0.030698060989379883
0.02989363670349121
0.028940677642822266
0.031769514083862305
0.01150202751159668
0.024759531021118164
0.01166987419128418
0.007915973663330078
0.04376864433288574
0.028965473175048828
0.023811817169189453
0.015001296997070312
0.015121221542358398
0.0047647953033447266
0.015368461608886719
0.009219646453857422
0.009283781051635742
0.020311594009399414
0.02814507484436035
0.017632246017456055
0.0293731689453125
0.008813142776489258
0.017307281494140625
0.018147945404052734
0.021120548248291016
0.02484297752380371
0.02385711669921875
0.015987157821655273
0.02765941619873047
0.011289834976196289
0.01909327507019043
0.019155025482177734
0.013760566711425781
0.01984691619873047
0.01330113410949707
0.012542486190795898
0.016735553741455078
0.006141185760498047
0.0065631866455078125
0.005011796951293945
0.006459951400756836
0.0057909488677978516
0.010530471801757812
0.02946758270263672
0.023295164108276367
0.01912689208984375
0.016208410263061523
0.01857137680053711
0.004817485809326172
0.01620936393737793
0.01521444320678711
0.014555215835571289
0.006652355194091797
0.004290103912353516
0.003823518753051758
0.007941961288452148
0.0071604251861572266
0.026955127716064453
0.008374929428100586
0.009467124938964844
0.012673139572143555
0.008634805679321289
0.012715816497802734
0.021281957626342773
0.018894672393798828
0.014994144439697266
0.015974044799804688
0.005618095397949219
0.01563572883605957
0.022627830505371094
0.008435964584350586
0.007845401763916016
0.0068967342376708984
0.005158185958862305
0.006912708282470703
0.01019740104675293
0.007424116134643555
0.0073239803314208984
0.008669376373291016
0.018682479858398438
0.019097566604614258
0.01553654670715332
0.004660367965698242
0.018169641494750977
0.03453779220581055
0.016948938369750977
0.029982328414916992
0.030428171157836914
0.008754968643188477
0.036220550537109375
0.013134241104125977
0.033260345458984375
0.00753021240234375
0.017649173736572266
0.01246333122253418
0.011709451675415039
0.013300180435180664
0.01538538932800293
0.02439737319946289
0.013803958892822266
0.02599477767944336
0.005517005920410156
0.016156435012817383
0.01770305633544922
0.020067930221557617
0.01601552963256836
0.021697521209716797
0.008306741714477539
0.01957988739013672
0.01559901237487793
0.00938272476196289
0.0156097412109375
0.019210100173950195
0.015796899795532227
0.015848159790039062
0.013241052627563477
0.00468134880065918
0.018969058990478516
0.005563020706176758
0.011672258377075195
0.012641668319702148
0.0173647403717041
0.005921363830566406
0.009427547454833984
0.008920907974243164
0.0058557987213134766
0.00464940071105957
0.012567758560180664
0.007692575454711914
0.02072429656982422
0.014046907424926758
0.020648717880249023
0.00626373291015625
0.013269901275634766
0.009524822235107422
0.009232282638549805
0.007882833480834961
0.004698991775512695
0.00923466682434082
0.009104728698730469
0.0046198368072509766
0.004433870315551758
0.00824737548828125
0.0084228515625
0.004082679748535156
0.00843667984008789
0.008216619491577148
0.009140491485595703
0.0037505626678466797
0.0035076141357421875
0.003414154052734375
0.003981351852416992
0.00400996208190918
0.004578590393066406
0.008400201797485352
0.010031938552856445
0.009444713592529297
0.007346391677856445
0.009275674819946289
0.004221439361572266
0.00888824462890625
0.009157896041870117
0.009130716323852539
0.009491205215454102
0.004032611846923828
0.0036559104919433594
0.0036993026733398438
0.004193305969238281
0.0035011768341064453
0.003809213638305664
0.008453130722045898
0.008272647857666016
0.003657817840576172
0.003350973129272461
0.004399538040161133
0.015272378921508789
0.004763364791870117
0.006321430206298828
0.012338399887084961
0.012734651565551758
0.004759788513183594
0.005589962005615234
0.01774001121520996
0.013741016387939453
0.0058422088623046875
0.012796163558959961
0.004086732864379883
0.004268646240234375
0.010163545608520508
0.012113571166992188
0.013933420181274414
0.0073909759521484375
0.0059185028076171875
0.011061906814575195
0.015657424926757812
0.01049184799194336
0.01186370849609375
0.0059413909912109375
0.0049285888671875
0.005635261535644531
0.00556492805480957
0.0042760372161865234
0.0036602020263671875
0.009655475616455078
0.020566701889038086
0.017262697219848633
0.018731117248535156
0.01645350456237793
0.02750372886657715
0.022945880889892578
0.013321161270141602
0.01237034797668457
0.009762048721313477
0.018699169158935547
0.01138448715209961
0.013313770294189453
0.006073951721191406
0.032805681228637695
0.01945185661315918
0.012722015380859375
0.02931690216064453
0.024779796600341797
0.022838830947875977
0.012917041778564453
0.008420228958129883
0.025562763214111328
0.02716374397277832
0.028058767318725586
0.00667119026184082
0.026268482208251953
0.037903547286987305
0.015947818756103516
0.026615381240844727
0.030647993087768555
0.03410148620605469
0.0495142936706543
0.04337263107299805
0.025586843490600586
0.029535531997680664
0.012502431869506836
0.011400222778320312
0.027652978897094727
0.02402639389038086
0.021465539932250977
0.024313688278198242
0.029764652252197266
0.01247096061706543
0.020189762115478516
0.016339540481567383
0.014905929565429688
0.02652430534362793
0.01813793182373047
0.02042102813720703
0.016875505447387695
0.023079633712768555
0.025829553604125977
0.021055221557617188
0.015972614288330078
0.024004220962524414
0.025030851364135742
0.024231433868408203
0.024573326110839844
0.005327939987182617
0.005931377410888672
0.016576528549194336
0.005846738815307617
0.005981922149658203
0.008785486221313477
0.004616260528564453
0.018396854400634766
0.020329713821411133
0.014607906341552734
0.012841224670410156
0.010914325714111328
0.019283533096313477
0.010015010833740234
0.00973820686340332
0.004361391067504883
0.01918649673461914
0.034340858459472656
0.014218330383300781
0.02545166015625
0.022629976272583008
0.02127861976623535
0.020447492599487305
0.004256486892700195
0.015931367874145508
0.0230865478515625
0.01262664794921875
0.019293785095214844
0.012753009796142578
0.009654045104980469
0.02112889289855957
0.01715826988220215
0.009431123733520508
0.020235061645507812
0.017106294631958008
0.015489339828491211
0.015372037887573242
0.016185760498046875
0.005041837692260742
0.02151012420654297
0.02312183380126953
0.01633739471435547
0.01247096061706543
0.021159648895263672
0.021350860595703125
0.020880699157714844
0.019384145736694336
0.004902362823486328
0.004534721374511719
0.014974355697631836
0.004107475280761719
0.008887767791748047
0.0062367916107177734
0.004704952239990234
0.003790140151977539
0.0037689208984375
0.005913257598876953
0.005402565002441406
0.00531005859375
0.004945516586303711
0.0049359798431396484
0.004255771636962891
0.004867076873779297
0.004348039627075195
0.005219459533691406
0.004861116409301758
0.006054401397705078
0.00632929801940918
0.0061872005462646484
0.004081010818481445
0.005713701248168945
0.005117654800415039
0.0049381256103515625
0.003575563430786133
0.00496363639831543
0.003937721252441406
0.004329681396484375
0.00412297248840332
0.004753589630126953
0.004750490188598633
0.0036530494689941406
0.0042879581451416016
0.005156517028808594
0.00416874885559082
0.004106760025024414
0.0036592483520507812
0.004008293151855469
0.003770112991333008
0.0035898685455322266
0.0052280426025390625
0.003452301025390625
0.0050106048583984375
0.004933595657348633
0.00525355339050293
0.0033152103424072266
0.013262033462524414
0.012794971466064453
0.012954473495483398
0.010655641555786133
0.014142274856567383
0.014413833618164062
0.012371063232421875
0.012534618377685547
0.012731552124023438
0.013115406036376953
0.01040339469909668
0.011463165283203125
0.012943506240844727
0.010819673538208008
0.013072013854980469
0.008605003356933594
0.006801605224609375
0.007193326950073242
0.005804300308227539
0.006989002227783203
0.013912677764892578
0.015094995498657227
0.004851341247558594
0.012520551681518555
0.013314485549926758
0.012331724166870117
0.004317522048950195
0.004650592803955078
0.0034971237182617188
0.005165815353393555
0.011680841445922852
0.015883445739746094
0.022588491439819336
0.019746780395507812
0.018874645233154297
0.0063779354095458984
0.021234750747680664
0.01734447479248047
0.01926255226135254
0.02138209342956543
0.00943899154663086
0.012328863143920898
0.00901031494140625
0.00933384895324707
0.005139827728271484
0.008318662643432617
0.010749578475952148
0.007919073104858398
0.007315397262573242
0.007112741470336914
0.019335031509399414
0.014967679977416992
0.014611244201660156
0.01715707778930664
0.024885177612304688
0.029161930084228516
0.022734403610229492
0.02465200424194336
0.019798755645751953
0.015370845794677734
0.020365476608276367
0.016510486602783203
0.017670154571533203
0.018585920333862305
0.008858680725097656
0.0068547725677490234
0.010249614715576172
0.008453845977783203
0.01959991455078125
0.01682424545288086
0.017191648483276367
0.005444049835205078
0.014172554016113281
0.029859542846679688
0.013464689254760742
0.025664806365966797
0.021868228912353516
0.03112626075744629
0.031697750091552734
0.02124500274658203
0.028596162796020508
0.028982877731323242
0.019995689392089844
0.008476972579956055
0.019495010375976562
0.008847713470458984
0.020649194717407227
0.006344795227050781
0.016652345657348633
0.010770320892333984
0.01894211769104004
0.007016420364379883
0.010220527648925781
0.02559065818786621
0.018422842025756836
0.0186464786529541
0.015500307083129883
0.023388147354125977
0.028580904006958008
0.013034820556640625
0.016726016998291016
0.020386457443237305
0.012510061264038086
0.019089221954345703
0.012208938598632812
0.019835710525512695
0.0059320926666259766
0.015005350112915039
0.01806187629699707
0.016628265380859375
0.017490386962890625
0.019394636154174805
0.016278743743896484
0.01634526252746582
0.0054895877838134766
0.017698049545288086
0.017229080200195312
0.017323970794677734
0.016811847686767578
0.016785383224487305
0.013007879257202148
0.016773700714111328
0.0048100948333740234
0.0048999786376953125
0.005326747894287109
0.005909442901611328
0.004346132278442383
0.00880742073059082
0.00606846809387207
0.005688190460205078
0.005255699157714844
0.005318641662597656
0.005084037780761719
0.008885383605957031
0.008120298385620117
0.003998756408691406
0.01177072525024414
0.014517068862915039
0.00420069694519043
0.008111715316772461
0.008027076721191406
0.00797724723815918
0.019237041473388672
0.015703201293945312
0.012647390365600586
0.013482093811035156
0.015358924865722656
0.02087998390197754
0.012368917465209961
0.014310121536254883
0.013937234878540039
0.0066149234771728516
0.005002498626708984
0.008343935012817383
0.004246234893798828
0.0030438899993896484
0.004964351654052734
0.007880687713623047
0.005688905715942383
0.0031197071075439453
0.0071866512298583984
0.0059661865234375
0.0033521652221679688
0.005743265151977539
0.005919694900512695
0.003871917724609375
0.0036056041717529297
0.00595545768737793
0.0047419071197509766
0.0062181949615478516
0.004912376403808594
0.006252288818359375
0.004589080810546875
0.003567218780517578
0.005299806594848633
0.0033655166625976562
0.004561424255371094
0.006630659103393555
0.005349874496459961
0.006398439407348633
0.0052700042724609375
0.005686283111572266
0.005400657653808594
0.0050811767578125
0.005896568298339844
0.0062046051025390625
0.004990100860595703
0.003516674041748047
0.003129243850708008
0.004828691482543945
0.0047261714935302734
0.005117893218994141
0.00643610954284668
0.003304004669189453
0.006906032562255859
0.005318880081176758
0.007919073104858398
0.005888700485229492
0.0056667327880859375
0.00578761100769043
0.0075151920318603516
0.005050182342529297
0.005122184753417969
0.0037240982055664062
0.0031147003173828125
0.01668071746826172
0.015238285064697266
0.010164737701416016
0.015027999877929688
0.004464387893676758
0.010057926177978516
0.011943340301513672
0.006936311721801758
0.023472309112548828
0.006905794143676758
0.00680994987487793
0.015984296798706055
0.0185089111328125
0.019882917404174805
0.016376018524169922
0.005061149597167969
0.005339860916137695
0.006217002868652344
0.0063822269439697266
0.02313518524169922
0.022397518157958984
0.006841421127319336
0.013712644577026367
0.015536069869995117
0.006018638610839844
0.021062850952148438
0.00894927978515625
0.010436296463012695
0.012463808059692383
0.010654687881469727
0.005738735198974609
0.00457310676574707
0.008835554122924805
0.005198001861572266
0.014639616012573242
0.016075611114501953
0.019437789916992188
0.017569303512573242
0.017611265182495117
0.013033628463745117
0.015500783920288086
0.004809141159057617
0.01543569564819336
0.017122983932495117
0.012456417083740234
0.025487422943115234
0.01766800880432129
0.015176534652709961
0.014849424362182617
0.01517796516418457
0.012280702590942383
0.004067659378051758
0.004166364669799805
0.0052640438079833984
0.008108139038085938
0.008066177368164062
0.008382320404052734
0.008234739303588867
0.008152008056640625
0.005226612091064453
0.005242586135864258
0.00408935546875
0.004715442657470703
0.008412361145019531
0.0053861141204833984
0.012112140655517578
0.005263328552246094
0.00478053092956543
0.011765480041503906
0.01259613037109375
0.012418985366821289
0.012598752975463867
0.004682779312133789
0.004800319671630859
0.004727363586425781
0.0046885013580322266
0.01239919662475586
0.012133598327636719
0.01211690902709961
0.005034208297729492
0.007707834243774414
0.005408287048339844
0.012163877487182617
0.007729768753051758
0.0037202835083007812
0.007644176483154297
0.007565975189208984
0.00868988037109375
0.007547616958618164
0.0044934749603271484
0.005896568298339844
0.003850221633911133
0.00573277473449707
0.00376129150390625
0.0032079219818115234
0.005586147308349609
0.005484819412231445
0.0050618648529052734
0.0052034854888916016
0.002834796905517578
0.002893209457397461
0.002635955810546875
0.0029532909393310547
0.002849102020263672
0.002817392349243164
0.0033075809478759766
0.0057408809661865234
0.005265712738037109
0.0026674270629882812
0.002509593963623047
0.003046274185180664
0.0029578208923339844
0.0035305023193359375
0.005612373352050781
0.0032629966735839844
0.002972126007080078
0.002917051315307617
0.005937814712524414
0.01123046875
0.003789663314819336
0.012901544570922852
0.01528167724609375
0.010595560073852539
0.008608341217041016
0.003628253936767578
0.0041179656982421875
0.0051953792572021484
0.0061206817626953125
0.010005474090576172
0.009937286376953125
0.0032663345336914062
0.004338741302490234
0.005744457244873047
0.00327301025390625
0.005698204040527344
0.004090309143066406
0.005460023880004883
0.003106832504272461
0.01805257797241211
0.010895013809204102
0.02954268455505371
0.013969898223876953
0.03347659111022949
0.02516651153564453
0.031618356704711914
0.03507566452026367
0.03985905647277832
0.054976463317871094
0.028428316116333008
0.0160062313079834
0.02375173568725586
0.014578580856323242
0.007050991058349609
0.018107891082763672
0.004175901412963867
0.015147209167480469
0.01539754867553711
0.017407894134521484
0.024335622787475586
0.013409137725830078
0.00455164909362793
0.01920604705810547
0.016940832138061523
0.005986213684082031
0.017917633056640625
0.011736631393432617
0.008916616439819336
0.02364635467529297
0.017497539520263672
0.019658327102661133
0.00441741943359375
0.018357276916503906
0.006803750991821289
0.017498254776000977
0.00430607795715332
0.014744997024536133
0.014976739883422852
0.011805534362792969
0.005251884460449219
0.012497186660766602
0.017281055450439453
0.011673927307128906
0.0040400028228759766
0.014450311660766602
0.016776323318481445
0.01497650146484375
0.0038666725158691406
0.008558511734008789
0.010195016860961914
0.0033426284790039062
0.0037078857421875
0.0037059783935546875
0.0031201839447021484
0.004166603088378906
0.0043087005615234375
0.0023894309997558594
0.00022864341735839844
0.0161130428314209
0.017303466796875
0.013839244842529297
0.01240682601928711
0.01259756088256836
0.014597177505493164
0.011643171310424805
0.012811899185180664
0.00844573974609375
0.0064678192138671875
0.0058095455169677734
0.005367279052734375
0.005104780197143555
0.0052356719970703125
0.003698587417602539
0.004309177398681641
0.005396842956542969
0.0059223175048828125
0.003969430923461914
0.002992391586303711
0.002618551254272461
0.003647327423095703
0.0033571720123291016
0.002691984176635742
0.004701852798461914
0.0060040950775146484
0.002795696258544922
0.00473332405090332
0.0065364837646484375
0.004283428192138672
0.003661632537841797
0.0024111270904541016
0.004677295684814453
0.0033235549926757812
0.002657651901245117
0.005433320999145508
0.0035626888275146484
0.003435373306274414
0.00030517578125
0.014976024627685547
0.016571998596191406
0.015302181243896484
0.014347076416015625
0.01199960708618164
0.013954877853393555
0.014400005340576172
0.0071582794189453125
0.007115602493286133
0.0061380863189697266
0.011263370513916016
0.017459869384765625
0.00738215446472168
0.015076160430908203
0.01478719711303711
0.01654648780822754
0.004687070846557617
0.007337093353271484
0.021640777587890625
0.03235316276550293
0.012704849243164062
0.013870716094970703
0.02504253387451172
0.02354264259338379
0.024441242218017578
0.016073942184448242
0.0084075927734375
0.008152484893798828
0.02169942855834961
0.01811957359313965
0.01929926872253418
0.01399087905883789
0.030012130737304688
0.014410734176635742
0.017137765884399414
0.00976872444152832
0.008664846420288086
0.007741451263427734
0.022927045822143555
0.01931595802307129
0.019350528717041016
0.0079498291015625
0.010977745056152344
0.0084075927734375
0.012197256088256836
0.009145498275756836
0.004063606262207031
0.007478237152099609
0.025599002838134766
0.026252269744873047
0.008095264434814453
0.021937131881713867
0.02739548683166504
0.03136801719665527
0.024482250213623047
0.01328587532043457
0.010460853576660156
0.02338385581970215
0.010615110397338867
0.008250713348388672
0.043596506118774414
0.03737211227416992
0.031693458557128906
0.04738044738769531
0.024641990661621094
0.017132997512817383
0.014075517654418945
0.004554033279418945
0.015432596206665039
0.016643285751342773
0.019600629806518555
0.006429910659790039
0.015520095825195312
0.015011787414550781
0.00482630729675293
0.016019821166992188
0.00906062126159668
0.005856513977050781
0.010037660598754883
0.010494232177734375
0.009116649627685547
0.004007101058959961
0.0054705142974853516
0.0034623146057128906
0.005760908126831055
0.005878448486328125
0.0046329498291015625
0.005479574203491211
0.00868535041809082
0.007780790328979492
0.018522977828979492
0.014753103256225586
0.010781526565551758
0.010298013687133789
0.009363889694213867
0.004224538803100586
0.025600671768188477
0.02754831314086914
0.02517986297607422
0.019742727279663086
0.016376495361328125
0.007256031036376953
0.00683903694152832
0.0066144466400146484
0.005653858184814453
0.0061190128326416016
0.005194187164306641
0.006615877151489258
0.007515668869018555
0.005310535430908203
0.005145072937011719
0.0045146942138671875
0.004483699798583984
0.004648685455322266
0.007560014724731445
0.006068229675292969
0.006864070892333984
0.0050089359283447266
0.0032150745391845703
0.007741451263427734
0.008687496185302734
0.005715847015380859
0.003711700439453125
0.004073619842529297
0.006157636642456055
0.004193782806396484
0.005254268646240234
0.007185935974121094
0.00577545166015625
0.005171775817871094
0.007579326629638672
0.005780220031738281
0.003961086273193359
0.008065223693847656
0.004559993743896484
0.00477290153503418
0.0059664249420166016
0.004523277282714844
0.004633665084838867
0.0050487518310546875
0.0028676986694335938
0.003995656967163086
0.02134561538696289
0.01979351043701172
0.017531156539916992
0.0063343048095703125
0.015422582626342773
0.01676654815673828
0.0044460296630859375
0.025274276733398438
0.009971141815185547
0.00665736198425293
0.00914454460144043
0.011131525039672852
0.011400461196899414
0.006930351257324219
0.00825190544128418
0.005544424057006836
0.014696598052978516
0.016939163208007812
0.013279438018798828
0.013077497482299805
0.004078388214111328
0.015669822692871094
0.012132406234741211
0.015294551849365234
0.0042607784271240234
0.010895252227783203
0.012301445007324219
0.003448486328125
0.014421224594116211
0.0050106048583984375
0.008158445358276367
0.007959604263305664
0.008806228637695312
0.0077245235443115234
0.00780797004699707
0.007876873016357422
0.008110523223876953
0.01001596450805664
0.004966259002685547
0.005076885223388672
0.0024099349975585938
0.013383865356445312
0.012972593307495117
0.012811422348022461
0.006161928176879883
0.013193845748901367
0.012220144271850586
0.0042722225189208984
0.011517524719238281
0.004198312759399414
0.007784605026245117
0.007764101028442383
0.007568836212158203
0.00714111328125
0.004200458526611328
0.0024383068084716797
0.0026443004608154297
0.0029706954956054688
0.0029838085174560547
0.005156278610229492
0.004199504852294922
0.004254341125488281
0.004973411560058594
0.0026443004608154297
0.005018711090087891
0.004513978958129883
0.0030052661895751953
0.0038650035858154297
0.003314495086669922
0.0034635066986083984
0.004988193511962891
0.0047588348388671875
0.004921436309814453
0.0034170150756835938
0.0036323070526123047
0.0031943321228027344
0.003110647201538086
0.004865169525146484
0.003960132598876953
0.0043697357177734375
0.004723072052001953
0.0038576126098632812
0.0042188167572021484
0.0033652782440185547
0.002994060516357422
0.004131793975830078
0.00496363639831543
0.00391387939453125
0.005858898162841797
0.004687309265136719
0.0037927627563476562
0.004813194274902344
0.0039784908294677734
0.0040056705474853516
0.0027523040771484375
0.006161212921142578
0.02074885368347168
0.016771793365478516
0.02124309539794922
0.008471012115478516
0.020679235458374023
0.017945528030395508
0.0064601898193359375
0.011182069778442383
0.016220808029174805
0.018565654754638672
0.018767833709716797
0.009563446044921875
0.008905649185180664
0.006618976593017578
0.007677555084228516
0.021632671356201172
0.029769420623779297
0.024137258529663086
0.029746055603027344
0.030899763107299805
0.010064840316772461
0.007089376449584961
0.037168025970458984
0.022905349731445312
0.005249738693237305
0.017473697662353516
0.01520848274230957
0.012622833251953125
0.005875349044799805
0.00899505615234375
0.0033059120178222656
0.014053821563720703
0.014148712158203125
0.013906240463256836
0.01523900032043457
0.018693923950195312
0.015970230102539062
0.01708078384399414
0.017621278762817383
0.015067100524902344
0.005086660385131836
0.015719175338745117
0.010186195373535156
0.004528522491455078
0.00603938102722168
0.005408763885498047
0.00395512580871582
0.007878303527832031
0.0030982494354248047
0.021359682083129883
0.0234987735748291
0.00333404541015625
0.014051437377929688
0.014319181442260742
0.003652334213256836
0.01391291618347168
0.014342308044433594
0.01401829719543457
0.01099538803100586
0.008627653121948242
0.004780292510986328
0.0029840469360351562
0.013633489608764648
0.015462160110473633
0.015994548797607422
0.016907930374145508
0.016042470932006836
0.016228914260864258
0.015530109405517578
0.0033004283905029297
0.00901937484741211
0.009296894073486328
0.005298137664794922
0.005714893341064453
0.0032782554626464844
0.0034646987915039062
0.0028526782989501953
0.002671480178833008
0.0020520687103271484
0.010758638381958008
0.00892329216003418
0.01132965087890625
0.007362842559814453
0.012539148330688477
0.024890422821044922
0.008623123168945312
0.015252351760864258
0.016669273376464844
0.007362842559814453
0.011846780776977539
0.011709928512573242
0.007686138153076172
0.009944915771484375
0.012267589569091797
0.009167194366455078
0.008852005004882812
0.007941246032714844
0.011685371398925781
0.011223077774047852
0.010130643844604492
0.006440877914428711
0.01032257080078125
0.009932279586791992
0.0074977874755859375
0.0061511993408203125
0.00973057746887207
0.005953311920166016
0.007353782653808594
0.008705854415893555
0.010219335556030273
0.007832765579223633
0.007277011871337891
0.007837772369384766
0.01040959358215332
0.007073402404785156
0.007616996765136719
0.007756471633911133
0.005496978759765625
0.007252216339111328
0.0062105655670166016
0.007101774215698242
0.0058133602142333984
0.008448123931884766
0.007783651351928711
0.007573843002319336
0.008499383926391602
0.0061490535736083984
0.005979776382446289
0.00878596305847168
0.006820201873779297
0.0072743892669677734
0.006360530853271484
0.007083415985107422
0.0071794986724853516
0.005822658538818359
0.005866527557373047
0.007386445999145508
0.007315635681152344
0.005264997482299805
0.008361577987670898
0.009244680404663086
0.006136417388916016
0.005527496337890625
0.008636713027954102
0.00877690315246582
0.009032487869262695
0.006566762924194336
0.0043790340423583984
0.004538536071777344
0.006007671356201172
0.0055887699127197266
0.007048368453979492
0.004033565521240234
0.007682085037231445
0.00645899772644043
0.0072095394134521484
0.007384061813354492
0.003978729248046875
0.0061185359954833984
0.00551915168762207
0.004492759704589844
0.019727468490600586
0.01962876319885254
0.01797652244567871
0.010239124298095703
0.007495403289794922
0.019377708435058594
0.00857234001159668
0.019736289978027344
0.021350860595703125
0.0063626766204833984
0.006163120269775391
0.016727685928344727
0.009656429290771484
0.009412050247192383
0.016757488250732422
0.010126113891601562
0.022816181182861328
0.01745295524597168
0.00489497184753418
0.008861780166625977
0.006655693054199219
0.0049097537994384766
0.007135868072509766
0.021791458129882812
0.006410360336303711
0.01734781265258789
0.006928443908691406
0.009809017181396484
0.007451534271240234
0.006834506988525391
0.007971525192260742
0.012321710586547852
0.01050710678100586
0.01712775230407715
0.01923513412475586
0.029878616333007812
0.020278453826904297
0.022863388061523438
0.008612394332885742
0.014571666717529297
0.017397165298461914
0.007847070693969727
0.025356292724609375
0.008640289306640625
0.009148597717285156
0.007365226745605469
0.005531787872314453
0.008761405944824219
0.009080886840820312
0.008835315704345703
0.004897594451904297
0.005072355270385742
0.00815582275390625
0.004185199737548828
0.007890701293945312
0.005305767059326172
0.009346485137939453
0.005013704299926758
0.005347251892089844
0.005182027816772461
0.00473785400390625
0.005938053131103516
0.005415201187133789
0.004891633987426758
0.00523686408996582
0.004902362823486328
0.00872659683227539
0.0049839019775390625
0.004717350006103516
0.008626461029052734
0.007918834686279297
0.008329629898071289
0.00449061393737793
0.008749723434448242
0.007463693618774414
0.0034711360931396484
0.010860204696655273
0.00873708724975586
0.013563394546508789
0.014966011047363281
0.01492929458618164
0.015103578567504883
0.014316082000732422
0.0077664852142333984
0.008369207382202148
0.009851217269897461
0.0055789947509765625
0.012952089309692383
0.007073640823364258
0.003946065902709961
0.004161357879638672
0.00540924072265625
0.00853872299194336
0.00850987434387207
0.0042264461517333984
0.0076177120208740234
0.00751948356628418
0.007367134094238281
0.0074138641357421875
0.004279613494873047
0.0033445358276367188
0.013761043548583984
0.006072282791137695
0.0072174072265625
0.0076105594635009766
0.006022930145263672
0.0068361759185791016
0.005388498306274414
0.0025093555450439453
0.004981279373168945
0.007231950759887695
0.009249687194824219
0.008307218551635742
0.011195898056030273
0.008073806762695312
0.010703086853027344
0.008238077163696289
0.008086919784545898
0.008466005325317383
0.0073354244232177734
0.0082550048828125
0.004743814468383789
0.00393223762512207
0.0032329559326171875
0.008238792419433594
0.008394002914428711
0.0035059452056884766
0.0047986507415771484
0.007563352584838867
0.003300905227661133
0.0042612552642822266
0.00464940071105957
0.007173776626586914
0.003023862838745117
0.002298116683959961
0.002686023712158203
0.005852222442626953
0.008349180221557617
0.006476879119873047
0.0025000572204589844
0.0043637752532958984
0.009767770767211914
0.002701282501220703
0.0033135414123535156
0.003993511199951172
0.0037043094635009766
0.009467840194702148
0.006128072738647461
0.00173187255859375
0.007105350494384766
0.0036163330078125
0.0016002655029296875
