0.0038089752197265625
0.002753019332885742
0.0024797916412353516
0.002361297607421875
0.002330780029296875
0.005137443542480469
0.0024330615997314453
0.008246183395385742
0.004909992218017578
0.007842302322387695
0.011104583740234375
0.004981517791748047
0.015190601348876953
0.015515327453613281
0.015843868255615234
0.010715246200561523
0.010087966918945312
0.014739036560058594
0.008870840072631836
0.008785009384155273
0.008507013320922852
0.009793281555175781
0.008338212966918945
0.004820585250854492
0.006707429885864258
0.00930643081665039
0.0031974315643310547
0.0047855377197265625
0.009900093078613281
0.010619401931762695
0.010208368301391602
0.0039632320404052734
0.004336357116699219
0.004382610321044922
0.003107786178588867
0.0033540725708007812
0.003489255905151367
0.0032448768615722656
0.0036745071411132812
0.0026340484619140625
0.0028638839721679688
0.0028734207153320312
0.002454519271850586
0.009418249130249023
0.003327608108520508
0.0035402774810791016
0.0032701492309570312
0.0035283565521240234
0.0038356781005859375
0.0029516220092773438
0.0043792724609375
0.002592325210571289
0.003077983856201172
0.0048029422760009766
0.004807949066162109
0.005090951919555664
0.005562305450439453
0.00933384895324707
0.008874654769897461
0.005694866180419922
0.004716157913208008
0.008372306823730469
0.009053230285644531
0.0051686763763427734
0.008617639541625977
0.011070966720581055
0.005608320236206055
0.0035791397094726562
0.01590752601623535
0.015173673629760742
0.009846687316894531
0.009281158447265625
0.004199504852294922
0.0038084983825683594
0.002949237823486328
0.007428884506225586
0.007431507110595703
0.008547306060791016
0.007565498352050781
0.007735490798950195
0.003838062286376953
0.002488374710083008
0.0037238597869873047
0.0031995773315429688
0.002986907958984375
0.0022704601287841797
0.0023627281188964844
0.002288818359375
0.002295255661010742
0.002928495407104492
0.003446340560913086
0.0037093162536621094
0.0038213729858398438
0.0030586719512939453
0.0038390159606933594
0.0037794113159179688
0.002969980239868164
0.0030040740966796875
0.002932310104370117
0.0030295848846435547
0.002191305160522461
0.0036242008209228516
0.0072956085205078125
0.0026476383209228516
0.0033462047576904297
0.002591371536254883
0.003555774688720703
0.0023801326751708984
0.009095191955566406
0.009572505950927734
0.003303050994873047
0.0031595230102539062
0.0035223960876464844
0.0035376548767089844
0.004009246826171875
0.003098726272583008
0.0031800270080566406
0.0027811527252197266
0.0035371780395507812
0.003957986831665039
0.0039365291595458984
0.0039136409759521484
0.003330230712890625
0.0032160282135009766
0.0025262832641601562
0.0026061534881591797
0.0010271072387695312
0.0009126663208007812
0.0009317398071289062
0.003139019012451172
0.0025238990783691406
0.002557516098022461
0.0008552074432373047
0.0024216175079345703
0.002390146255493164
0.0026009082794189453
0.0029594898223876953
0.002337217330932617
0.0028464794158935547
0.0023622512817382812
0.0009520053863525391
0.003071308135986328
0.0027053356170654297
0.0033464431762695312
0.002305746078491211
0.0023453235626220703
0.002622842788696289
0.0023000240325927734
0.002552032470703125
0.0008549690246582031
0.0025784969329833984
0.0049741268157958984
0.006412506103515625
0.005068540573120117
0.0029036998748779297
0.002409696578979492
0.002304553985595703
0.0023632049560546875
0.0069882869720458984
0.008349895477294922
0.00442957878112793
0.004790544509887695
0.005527496337890625
0.009190559387207031
0.008372783660888672
0.00786280632019043
0.007791996002197266
0.009149789810180664
0.013216257095336914
0.012852668762207031
0.004194498062133789
0.007885456085205078
0.0075550079345703125
0.007435321807861328
0.007384061813354492
0.005956888198852539
0.0059680938720703125
0.008184671401977539
0.0030329227447509766
0.0029332637786865234
0.009693622589111328
0.009480714797973633
0.009815454483032227
0.0089569091796875
0.008896589279174805
0.010219335556030273
0.009604930877685547
0.00426173210144043
0.0037865638732910156
0.0037751197814941406
0.003740549087524414
0.0035829544067382812
0.003818988800048828
0.003749847412109375
0.0036554336547851562
0.0032629966735839844
0.0036344528198242188
0.0030591487884521484
0.0029261112213134766
0.009270429611206055
0.005250692367553711
0.008962631225585938
0.008130073547363281
0.0035157203674316406
0.0030279159545898438
0.0030105113983154297
0.002579212188720703
0.0032830238342285156
0.0030050277709960938
0.0031023025512695312
0.0035343170166015625
0.0029675960540771484
0.002969980239868164
0.00327301025390625
0.002682924270629883
0.003595590591430664
0.003204822540283203
0.0029358863830566406
0.0033941268920898438
0.00534367561340332
0.0051152706146240234
0.004880428314208984
0.004618406295776367
0.0022521018981933594
0.002429962158203125
0.004003286361694336
0.0038306713104248047
0.0036590099334716797
0.003611326217651367
0.0033769607543945312
0.0050525665283203125
0.008751869201660156
0.004976987838745117
0.008602619171142578
0.008358955383300781
0.007885932922363281
0.008049726486206055
0.0029594898223876953
0.002993345260620117
0.0031366348266601562
0.0027227401733398438
0.002205371856689453
0.0030264854431152344
0.0032787322998046875
0.003140687942504883
0.002859354019165039
0.005616664886474609
0.0031936168670654297
0.003000497817993164
0.004240512847900391
0.003750324249267578
0.004018306732177734
0.0038111209869384766
0.003612518310546875
0.0036840438842773438
0.0038483142852783203
0.0029599666595458984
0.009287118911743164
0.009510993957519531
0.00901174545288086
0.008693218231201172
0.0058994293212890625
0.0034406185150146484
0.0037984848022460938
0.003587484359741211
0.0036149024963378906
0.0035796165466308594
0.003652811050415039
0.002943754196166992
0.002928495407104492
0.00262451171875
0.0022916793823242188
0.0013692378997802734
0.0030689239501953125
0.0015082359313964844
0.003316640853881836
0.0026137828826904297
0.0031588077545166016
0.003065347671508789
0.0028946399688720703
0.002799510955810547
0.00302886962890625
0.0030012130737304688
0.0015099048614501953
0.0028781890869140625
0.002649068832397461
0.003298521041870117
0.0026197433471679688
0.0028929710388183594
0.002789735794067383
0.003518342971801758
0.002515554428100586
0.0030260086059570312
0.0027687549591064453
0.0032269954681396484
0.0025806427001953125
0.002672433853149414
0.0013985633850097656
0.0036606788635253906
0.0033698081970214844
0.004548788070678711
0.0033249855041503906
0.0034689903259277344
0.003767251968383789
0.004127979278564453
0.004117250442504883
0.009599447250366211
0.0075359344482421875
0.004229068756103516
0.008929967880249023
0.005987644195556641
0.00825953483581543
0.007476806640625
0.007149219512939453
0.007972240447998047
0.003552675247192383
0.0039119720458984375
0.005569934844970703
0.007345676422119141
0.0067729949951171875
0.003992795944213867
0.007342815399169922
0.006914854049682617
0.006842136383056641
0.008127927780151367
0.0058269500732421875
0.006570100784301758
0.007299661636352539
0.007193326950073242
0.007171154022216797
0.007434844970703125
0.0025331974029541016
0.0027670860290527344
0.0024123191833496094
0.002452850341796875
0.0027709007263183594
0.009020805358886719
0.009121894836425781
0.003464221954345703
0.0031168460845947266
0.0032625198364257812
0.0035238265991210938
0.0032129287719726562
0.003043651580810547
0.002374410629272461
0.0037546157836914062
0.0027861595153808594
0.0030977725982666016
0.0031244754791259766
0.0029993057250976562
0.002953052520751953
0.0029065608978271484
0.003002643585205078
0.004117727279663086
0.003709554672241211
0.0036919116973876953
0.0033500194549560547
0.003191709518432617
0.0012183189392089844
0.0021200180053710938
0.002460002899169922
0.002883434295654297
0.0023140907287597656
0.002572298049926758
0.002298116683959961
0.0024666786193847656
0.002275228500366211
0.001154184341430664
0.0029158592224121094
0.0022649765014648438
0.0024607181549072266
0.0026068687438964844
0.0023126602172851562
0.0012564659118652344
0.003000497817993164
0.00205230712890625
0.0023224353790283203
0.002324819564819336
0.002619504928588867
0.0023908615112304688
0.0023703575134277344
0.0025713443756103516
0.0022466182708740234
0.0021829605102539062
0.0026979446411132812
0.002382516860961914
0.002210855484008789
0.002531766891479492
0.002377033233642578
0.0023381710052490234
0.0030336380004882812
0.0029468536376953125
0.0022029876708984375
0.0031249523162841797
0.002295255661010742
0.0029227733612060547
0.0029020309448242188
0.002888202667236328
0.002930164337158203
0.0029070377349853516
0.0028378963470458984
0.0029528141021728516
0.004797220230102539
0.0022771358489990234
0.0024166107177734375
0.0015878677368164062
0.0022673606872558594
0.0023469924926757812
0.002334117889404297
0.0016927719116210938
0.002411365509033203
0.002382040023803711
0.002350330352783203
0.0024869441986083984
0.0024383068084716797
0.002317667007446289
0.002439260482788086
0.003619670867919922
0.002359151840209961
0.0025730133056640625
0.0016238689422607422
0.0023577213287353516
0.0024666786193847656
0.002225160598754883
0.0039157867431640625
0.0032510757446289062
0.002978801727294922
0.0029931068420410156
0.0029616355895996094
0.0028052330017089844
0.0030667781829833984
0.003185749053955078
0.0031118392944335938
0.002969503402709961
0.002919435501098633
0.002956390380859375
0.0031523704528808594
0.0034508705139160156
0.002971172332763672
0.003195047378540039
0.003111124038696289
0.0024907588958740234
0.003117799758911133
0.0032100677490234375
0.0029981136322021484
0.0032510757446289062
0.0031130313873291016
0.0029115676879882812
0.0029942989349365234
0.003017425537109375
0.002288341522216797
