15520961.063672515
60397005.08459126
78833024338.14264
17186295.901063878
17186295.901063878
17186295.901063878
300820591.43676907
300820591.43676907
17186295.901063878
300820591.43676907
300820591.43676907
60397005.08459126
95813674275255.14
625969.6915662499
60397005.08459126
95813674275255.14
625969.6915662499
317447958.95460224
3290110.1747815697
317447958.95460224
3290110.1747815697
60397005.08459126
78833024338.14264
317447958.95460224
18113779938889.125
317447958.95460224
18113779938889.125
2696989.358708704
2696989.358708704
27952.273372890388
2696989.358708704
27952.273372890388
44479811.717316315
460999.9118767031
44479811.717316315
460999.9118767031
2696989.358708704
44479811.717316315
44479811.717316315
15772428.737112368
15004100399.036163
163469.40279559896
15772428.737112368
15004100399.036163
163469.40279559896
71659178.30099584
3569327041212.6357
742693.6762202013
71659178.30099584
3569327041212.6357
742693.6762202013
15520961.063672515
71659178.30099584
2769848781.543882
71659178.30099584
2769848781.543882
15415730.817946978
1340496524.0692766
1340496524.0692766
296371365412.159
296371365412.159
11820928679.778984
3499284.3414706215
76599042.06693348
76599042.06693348
11820928679.778984
3499284.3414706215
2613497842300.107
15365967.901538944
2613497842300.107
15365967.901538944
15415730.817946978
2409326245.66165
2409326245.66165
396819.7950889861
396819.7950889861
10739942.322191168
59610561.33757403
10739942.322191168
59610561.33757403
3499284.3414706215
22675.192088332722
22675.192088332722
3406284.0250187595
3406284.0250187595
3499284.3414706215
12431573.357993083
525665066.25021046
12431573.357993083
525665066.25021046
79851.0
985138.8705984765
985138.8705984765
667462.1991791648
258565268.17239782
177747.74221571552
189929.9947373474
177747.74221571552
189929.9947373474
177747.74221571552
189929.9947373474
177747.74221571552
11139884.857918203
3324442.5487247943
1331268.7924664472
11139884.857918203
1331268.7924664472
3324442.5487247943
177747.74221571552
189929.9947373474
11139884.857918203
3324442.5487247943
11139884.857918203
1331268.7924664472
3324442.5487247943
667462.1991791648
277482557860.81885
667462.1991791648
667462.1991791648
277482557860.81885
3508195.6880479977
41831485.18896551
3508195.6880479977
74806914569567.89
41831485.18896551
3508195.6880479977
74806914569567.89
667462.1991791648
258565268.17239782
3508195.6880479977
41831485.18896551
57343718759.80319
41831485.18896551
3508195.6880479977
57343718759.80319
30824.225587324763
29805.09457389926
30824.225587324763
29805.09457389926
6419639.184091476
30824.225587324763
30824.225587324763
29805.09457389926
29805.09457389926
1931829.454466816
215432.9362228968
491557.36954727594
491557.36954727594
1931829.454466816
215432.9362228968
491557.36954727594
30824.225587324763
29805.09457389926
1931829.454466816
491557.36954727594
1931829.454466816
215432.9362228968
491557.36954727594
174305.0
55207046.6097955
174305.0
174305.0
55207046.6097955
791923.2530348945
10924119.800086858
791923.2530348945
11341875949.40705
10924119.800086858
791923.2530348945
11341875949.40705
171525.9687201948
791923.2530348945
10749951.126619197
791923.2530348945
10749951.126619197
38085.34111729309
57269.844468784155
38085.34111729309
57269.844468784155
11101.83434353566
38085.34111729309
11101.83434353566
147397.06632306305
43249830.8422181
156669.49658874856
2075309.6925917848
43249830.8422181
156669.49658874856
2075309.6925917848
303187.0
54806350.20485758
595.9911068949068
595.9911068949068
303187.0
54806350.20485758
909818.6764748113
10485758308.311049
1331347.0
10485758308.311049
291174.7520831034
14099802.507141573
1331347.0
14099802.507141573
11101.999999999998
11101.999999999996
11101.999999999998
11101.999999999996
39466.23010869711
300476.0375782869
334182.6230192026
39466.23010869711
300476.0375782869
334182.6230192026
39466.23010869711
300476.0375782869
596.0
596.0
17940.26691762248
17940.26691762248
90584.0
321809.1275735501
328064.0
2726679.762526703
328064.0
2726679.762526703
34789.00000000001
