1006030
6622704
11023321
1596431
400289
81602
291064
1427768
325448
2318217
11371631
3316248
73283771
3316248
676049
4179606
676049
2411362
2411362
11828540
11828540
1350102
1680958
9616989
14908002
47174549
261391746
544269
121433
121433
24755
24755
88298
88298
433133
433133
221909
394914
1937189
1006030
3344078
1006030
205089
509942
205089
731520
4522550
731520
3588352
79296827
3588352
205089
1547040
1818883
7588749
11927803
1749894
702107
107065
949534
16648811
5816706
1749894
65265
9952
886995
356732
7866546
1272410
137929303
6241598
356732
3163775
20747280
64077
13062
46592
115850
228552
759716
530854
5956
1214
10768
70620
108219
386003
959775
1893475
6293976
87047
386003
1893475
1147451
4357438
138299
138299
34677
34677
75605
75605
75605
335261
269671
269671
3659152
123687
123687
301527
301527
1337088
2147829
14593419
985125
985125
287286
15659153
626360
626360
1936203
2234129
2777516
2234129
17171712
30314733
1024707
412361907
1250870
778704
8910146
5546832
6906136
60539950
4086735
58934638
94300
94300
10519
10519
155332
22935
22935
22935
22935
101706
81808
81808
81808
1110054
37522
37522
102799
102799
911702
365888
4975312
167818
167818
174305
1286874
190015
190015
236230
677754
842598
677754
2095072
9196396
310859
16944013
190015
1433333
842598
1314828
9196396
73084
73084
18298
18298
270186
39894
49597
142298
439872
65266
65266
3557490
260296
260296
303187
2238395
25115
4610
330513
410901
1178889
3644180
540710
29472503
330513
1465620
2159647
8201248
11102
11102
12102
12102
43168
43168
53667
19799
19799
292355
83745
83745
1032
1125
4988
27176
100265
357632
357632
444616
328064
2422059
357632
