18122613.0
3609718.0
81300434485.0
1956716.0
1956716.0
1956716.0
72387620.0
72387620.0
1956716.0
72387620.0
72387620.0
3609718.0
98066775702840.0
931129.0
3609718.0
98066775702840.0
931129.0
24783444.0
7059715.0
24783444.0
7059715.0
19355238.111732826
81300434485.0
24783444.0
18513908286879.996
24783444.0
18513908286879.996
197629.0
197629.0
195266.0
197629.0
195266.0
6361021.0
6042138.0
6361021.0
6042138.0
19351913.32288094
6361021.0
6361021.0
843052.0
16349767816.0
146245.0
15482118.038398279
16349767816.0
5130325.0
5134603.0
3722937488017.9995
907690.0
5134603.0
3722937488017.9995
907690.0
18122613.0
19354481.04079192
3159223442.0
5134603.0
3159223442.0
16635845.0
12762342289.0
12762342289.0
3304114035914.999
3304114035914.9995
13050775396.0
272660.0
748249519.0
748249519.0
13050775396.0
5092200.0
3303635213290.999
1372840.0
3303635213290.9995
1372840.0
16635845.0
3269409075.9999995
3269409075.9999995
11102.0
4910048.0
371124.0
655981095.0
371124.0
655981095.0
4917746.0
474.0
422687.0
74274221.0
74274221.0
4917746.0
5130082.0
655259591.0
302296.0
655259591.0
79851.0
1600612.0
1600612.0
931129.0
266326198.0
1335467.0
1928270.0
1335467.0
1928270.0
1303256.1987864948
1812337.0166839196
1335467.0
1349435.0
51151487.21912724
14365495.0
1349435.0
14365495.0
67875220.0
1303256.1987864948
1812337.0166839196
1349435.0
51151487.21912724
1349435.0
14365495.0
67875220.0
931129.0
285769147018.0
807729.6660329441
931129.0
285769147017.99994
5255686.622899046
3609718.0
7059715.0
75987592496205.98
3609718.0
7059715.0
75987592496205.98
807729.6660329441
266326198.0
5255686.622899046
14151812.24088283
59509933702.99999
3609718.0
7059715.0
59509933702.99999
148184.0
195266.0
148184.0
195266.0
11102.0
146132.11315052546
148184.0
187200.9072333483
195266.0
149264.0
1355194.0
4928300.736078484
6042138.0
149264.0
1355194.0
6042138.0
146132.11315052546
187200.9072333483
14151501.160676872
4928300.736078484
149264.0
1355194.0
6042138.0
146245.0
61784904.0
129341.56876150607
165998.0
61784904.0
721419.4835364849
12319594.708760632
907690.0
12292189164.999998
843052.0
907690.0
12292189164.999998
171459.0
721419.4835364849
13856246.0
907690.0
13856246.0
90036.0
108203.0
90036.0
108203.0
11102.0
90036.0
59738456.0
817299.0
11433186016.999998
817299.0
4349416.0
11433186016.999998
817299.0
4349416.0
272660.0
55030628.0
474.0
3479103.0
160311.0
55030628.0
1372309.0
11420762451.999998
1372840.0
11420762451.999998
277348.0
14225975.999999998
1372840.0
14225975.999999998
11102.0
11102.0
153674.0
156922.0
78582.0
371124.0
3801963.0
78582.0
371124.0
3801963.0
78582.0
371124.0
474.0
10451.0
756002.0
756002.0
90373.0
164431.0
29449.59711778951
3788801.0
302296.0
3788801.0
34773.0
