22867426.881261744
195502126.0168417
99343437170.7833
1209991821.4740915
1209991821.4740946
1209991821.4740915
156296981401.60345
156296981401.60345
1209991821.4740915
156296981401.60266
156296981401.60266
195502126.01684225
142354090033066.25
283283937.08765614
195502126.01684225
142354090033066.25
283283937.08765614
9294817140.89861
10048547686.03793
9294817140.898563
10048547686.03793
195502126.01684225
99343437170.78378
9294817140.89861
56640757725095.46
9294817140.898563
56640757725095.46
80059780.93836302
80059780.93836321
86292315.5803222
80059780.93836302
86292315.5803222
6747910549.594383
6747910549.594383
6747910549.594417
6747910549.594383
80059780.93836321
6747910549.594417
6747910549.594417
22867426.881261744
20109335442.70347
29957856.940549634
22867426.8812618
20109335442.70347
29957856.940549564
624046908.0776622
11985564197350.72
766362473.985355
624046908.0776607
11985564197350.72
766362473.985355
22867426.881261744
624046908.0776622
8107588999.032551
624046908.0776622
8107588999.032551
22493199.100618064
37062650351.99994
37062650352.00012
26388607050624.133
26388607050624.133
18188469006.781616
33273482.787003364
1989672096.000004
1989672095.9999945
18188469006.781616
33273482.78700328
9539156734602.768
726849645.8850663
9539156734602.768
726849645.8850663
22493199.100618064
7645135761.217649
7645135761.217649
5062512.0
5062512.0
295221958.6307975
3604508544.000016
295221958.6307975
3604508544.000016
4798324.077949289
271775.9999999997
271775.9999999997
193504512.00000107
193504512.0000006
4798324.077949277
69994110.23999625
1521333190.4955115
69994110.23999625
1521333190.4955115
79850.99999999975
2177432.3931766446
2177432.3931766446
1208624.8946448064
334206753.7134519
1393437.8288129792
2778545.072487254
1393437.8288129894
2778545.072487261
1393437.828812983
2778545.072487261
1393437.828812983
844560226.4230993
342756538.1614099
91431576.31495932
844560226.4230973
91431576.31495956
342756538.1614082
1393437.8288129792
2778545.072487261
844560226.4230993
342756538.161409
844560226.4230993
91431576.31495912
342756538.161409
1208624.8946448064
400906491658.63055
1202036.447404349
1208624.8946448064
400906491658.63055
22773771.24698911
321780277.57686335
22773771.24698911
229032437916205.75
321780277.5768625
22773771.24698911
229032437916205.75
1202036.447404349
334206753.7134519
22773771.24698911
321780277.5768625
161957524306.71027
321780277.57686335
22773771.24698911
161957524306.71027
120153.50140549384
189237.5341673726
120153.50140549384
189237.5341673726
106320326.71368858
120153.50140549384
120153.50140549324
189237.53416737303
189237.53416737352
64257920.94479921
5204443.923946003
14798049.450864935
14798049.450864898
64257920.94479921
5204443.923946003
14798049.450864898
120153.50140549384
189237.53416737303
64257920.94479921
14798049.450864935
64257920.94479921
5204443.9239460165
14798049.450864898
174304.99999999997
71284337.83566518
171470.0000000001
174304.99999999953
71284337.83566536
2265966.0693578376
32725864.28291057
2265966.069357821
32783828265.212303
32725864.28291057
2265966.0693578376
32783828265.212303
171470.0000000001
2265966.069357832
32725864.28291049
2265966.0693578264
32725864.28291057
116366.58885783136
163008.92701059103
116366.58885783136
163008.92701059103
81277741.99999999
116366.58885783076
81277741.99999999
4276812.892999275
57869752304.00009
4276812.892999275
11619826.250178697
57869752304.00009
4276812.892999275
11619826.250178669
303186.9999999989
69933111.28140904
4363316.000000005
4363315.9999999935
303186.9999999989
69933111.28140886
2629711.05865899
29936574363.38304
2629711.058658977
29936574363.38304
281858.9999999989
32093920.35871283
2629711.058658984
32093920.35871283
11102.000000000018
11102.000000000004
11102.000000000004
11102.000000000004
317720.1970287693
647416.5759447323
7904624.000000026
317720.19702876854
647416.5759447307
7904624.000000026
317720.19702876854
647416.5759447307
596.0000000000002
595.9999999999994
424352.0000000019
424352.0000000009
90583.9999999997
328063.9999999989
34788.99999999994
6844490.868370618
328063.9999999989
6844490.868370618
34788.99999999994
