15900001
70129559
79631215618
26312006
26312006
26312006
1115088067
1115088067
26312006
1115088067
1115088067
70129559
96373362556006
22903786
70129559
96373362556006
22903786
413991602
217753255
413991602
217753255
70129559
79631215618
413991602
18284039457930
413991602
18284039457930
3814706
3814706
913994
3814706
913994
141651987
50593988
141651987
50593988
3814706
141651987
141651987
15900001
15131840763
7804481
15900001
15131840763
7804481
81958485
3593458165631
57607162
81958485
3593458165631
57607162
15900001
81958485
2810041173
81958485
2810041173
16322646
284900044
284900044
51376842455
51376842455
12327992676
8867172
378666099
378666099
12327992676
8867172
3237357588277
60691150
3237357588277
60691150
16322646
3136348028
3136348028
293141
293141
13327432
23419821
13327432
23419821
3728360
78986
78986
15887370
15887370
3728360
19262337
535001368
19262337
535001368
79851
1056687
1056687
704085
263105194
219813
232285
219813
232285
216036
225396
216977
18981830
9842999
2140353
18981830
2159073
10274193
216036
225396
18981830
9842999
18981830
2159073
10274193
704085
279580348196
691208
691749
279580348196
4154456
49842724
4186641
75372486603042
49842724
4255848
75372486603042
691208
263105194
4154456
49842724
58056617928
49842724
4255848
58056617928
35295
33326
35295
33326
706081
34694
34876
32411
32713
3125715
279966
1197093
1228969
3125715
282841
1245351
34694
32411
3125715
1197093
3125715
282841
1245351
174305
56398574
171470
171625
56398574
847168
11031325
850294
11399287947
11031325
865125
11399287947
171470
847168
11031325
865125
11031325
63615
71242
63615
71242
1982231
62719
1982231
476986
229786388
483167
2466098
229786388
483167
2466098
303187
54807156
1582530
1582530
297822
54807156
1304260
11039764804
1331347
11039764804
281859
14111005
1331347
14111005
11102
11102
10954
10833
68731
309252
230808
69701
316252
230808
69701
316252
596
593
70752
70752
90584
321812
34789
2737086
328064
2737086
34789
