20022528
240877666
102277484248
1809717242
1809717242
1809717242
264804336205
264804336205
1809717242
264804336205
264804336205
240877666
152257845439134
325383469
240877666
152257845439134
325383469
12899483880
13886360409
12899483880
13886360409
240877666
102277484248
12899483880
63563027173210
12899483880
63563027173210
79042382
79042382
83889193
79042382
83889193
9015291422
9090019316
9015291422
9090019316
79042382
9015291422
9015291422
20022528
22462666378
31504558
20022528
22462666378
31504558
653715211
14205008609325
776568185
653715211
14205008609325
776568185
20022528
653715211
9566443371
653715211
9566443371
20841198
34621090515
34621090515
23705144940353
23705144940353
18512330163
36303117
1989672096
1989672096
18512330163
36303117
10299143379713
784919751
10299143379713
784919751
20841198
8022275949
8022275949
4737316
4737316
302886519
3241777419
302886519
3241777419
4939926
271776
271776
193504512
193504512
4939926
63413679
1688380952
63413679
1688380952
79851
2270785
2270785
1266460
317189022
1955305
4115685
1955305
4115685
1955305
4115685
1955305
1217326839
582853663
175361077
1217326839
175361077
582853663
1955305
4115685
1217326839
582853663
1217326839
175361077
582853663
1266460
389261354975
1257955
1266460
389261354975
34056041
383176703
34073051
242464173231239
383176703
34073051
242464173231239
1257955
317189022
34056041
383176703
165656190687
383176703
34073051
165656190687
128303
189672
128303
189672
100605746
128303
128303
189672
189672
69827202
7040125
20008420
20008420
69827202
7040125
20008420
128303
189672
69827202
20008420
69827202
7040125
20008420
174305
70169180
171470
174305
70169180
2289934
31475051
2295604
35973316907
31475051
2295604
35973316907
171470
2289934
31475051
2295604
31475051
128422
183852
128422
183852
81062136
128422
81062136
6433275
54364923778
6433275
17114490
54364923778
6433275
17114490
303187
71670393
4363316
4363316
303187
71670393
2636391
30451434755
2636391
30451434755
281859
32823734
2636391
32823734
11102
11102
11102
11102
338428
673495
7439405
338428
673495
7439405
338428
673495
596
596
424352
424352
90584
328064
34789
7356152
328064
7356152
34789
