36417493
640161824
640086508
640086508
640086508
640086508
640161824
640161824
640161824
780520862
780520862
780520862
780520862
50158250
49052812
49052812
50158250
640086508
640086508
640086508
640086508
640086508
640086508
640086508
640086508
49052812
49052812
49052812
49052812
36417493
780520862
780520862
36417493
36417493
36417493
780520862
780520862
36417493
36417493
36417493
36417493
640161824
640086508
640086508
640086508
640086508
640161824
640161824
640161824
640086508
640086508
640086508
640086508
640086508
640086508
640086508
640086508
36417493
36417493
36417493
36417493
36417493
36417493
36417493
4536140
4536140
901342
4536140
4536140
166417395
166417395
93412178
93412178
1946316
166417395
166417395
93412178
93412178
1946316
166417395
166417395
93412178
93412178
1946316
166417395
166417395
93412178
93412178
1946316
166417395
166417395
93412178
93412178
1946316
166417395
166417395
93412178
93412178
1946316
705106883
705106883
166417395
166417395
11383825
705106883
705106883
11383825
93412178
93412178
705106883
705106883
6547234
6547234
1946316
166417395
166417395
93412178
93412178
1946316
11383825
705106883
705106883
11383825
6547234
6547234
361378
80274232
80274232
80274232
80274232
190774201
190774201
190774201
190774201
80274232
190774201
190774201
190774201
190774201
80274232
80274232
80274232
80274232
80274232
80274232
80274232
80274232
80274232
80274232
80274232
607273937
607273937
607273937
607273937
935732960
870392664
935732960
870392664
190774201
190774201
190774201
190774201
460456062
460456062
460456062
460456062
460456062
460456062
460456062
460456062
40911733
607273937
607273937
607273937
607273937
40911733
40911733
40911733
935732960
870392664
935732960
870392664
272160362
272160362
272160362
272160362
215765469
215765469
607273937
607273937
607273937
607273937
215765469
215765469
215765469
215765469
215765469
215765469
36244343
36244343
1845520
1845520
870392664
870392664
1845520
870392664
870392664
1845520
80274232
190774201
190774201
190774201
190774201
80274232
80274232
80274232
80274232
80274232
80274232
80274232
460456062
460456062
460456062
460456062
460456062
460456062
460456062
460456062
40911733
607273937
607273937
607273937
607273937
40911733
40911733
40911733
215765469
215765469
215765469
215765469
1845520
1845520
870392664
870392664
1845520
870392664
870392664
1845520
36244340
272160362
272160362
23573656
23573656
36244340
272160362
272160362
23573656
23573656
36244343
17571517
80274232
80274232
80274232
80274232
80274232
80274232
80274232
80274232
80274232
80274232
80274232
80274232
80274232
80274232
80274232
80274232
460456062
460456062
460456062
460456062
460456062
460456062
460456062
460456062
215765469
215765469
215765469
215765469
215765469
215765469
215765469
215765469
215765469
17571542
17571542
80274232
80274232
80274232
80274232
80274232
80274232
80274232
80274232
460456062
460456062
460456062
460456062
460456062
460456062
460456062
460456062
215765469
215765469
215765469
215765469
17571517
17571517
17571517
17571517
17571517
17571517
17571517
78929376
177388502
177388502
177388502
177388502
177388502
177388502
101051084
101051084
101051084
177388502
177388502
67371405
67371405
101051084
4073073
67371405
67371405
177388502
177388502
177388502
177388502
67371405
67371405
4073073
101051084
101051084
4073073
101051084
34863635
34863635
882246353
882246353
4139773
4139773
882246353
882246353
101051084
101051084
34863635
34863635
4139773
4139773
34863635
34863635
177388502
67371405
67371405
101051084
4073073
34863635
34863635
1334900
1334900
882246353
882246353
16332200
16332200
4139773
4139773
148112
148112
1334883
1334883
67371405
67371405
177388502
177388502
882246353
882246353
16332200
16332200
67371405
67371405
4073073
101051084
101051084
4073073
34863635
34863635
4139773
4139773
34863635
34863635
148112
148112
1334883
1334883
78929376
1726008
177388502
177388502
177388502
177388502
177388502
177388502
101051084
101051084
101051084
177388502
177388502
67371405
101051084
4073073
67371405
177388502
177388502
177388502
177388502
67371405
4073073
101051084
101051084
4073073
101051084
34863635
882246353
882246353
4139773
4139773
882246353
882246353
101051084
101051084
34863635
4139773
4139773
34863635
177388502
67371405
101051084
4073073
34863635
2609128
882246353
882246353
16332200
16332200
4139773
4139773
148112
148112
2609122
67371405
177388502
177388502
882246353
882246353
16332200
16332200
67371405
4073073
101051084
101051084
4073073
34863635
4139773
4139773
34863635
148112
148112
2609122
177388502
177388502
177388502
177388502
177388502
177388502
101051084
101051084
101051084
177388502
177388502
67371405
101051084
4073073
67371405
177388502
177388502
177388502
177388502
67371405
4073073
101051084
101051084
4073073
101051084
34863635
882246353
882246353
4139773
4139773
882246353
882246353
101051084
101051084
34863635
4139773
4139773
34863635
177388502
67371405
101051084
4073073
34863635
1334900
882246353
882246353
16332200
16332200
4139773
4139773
148112
148112
1334883
67371405
177388502
177388502
882246353
882246353
16332200
16332200
67371405
4073073
101051084
101051084
4073073
34863635
4139773
4139773
34863635
148112
148112
1334883
5212134
157282908
157282908
157282908
157282908
157282908
157282908
157282908
157282908
5212134
5212134
157282908
157282908
157282908
157282908
5212134
5212134
5212134
5212134
157282908
157282908
157282908
157282908
157282908
157282908
157282908
157282908
5212134
5212134
157282908
157282908
157282908
157282908
5212134
5212134
5212134
184230
184230
5212134
5212134
157282908
157282908
157282908
157282908
157282908
157282908
157282908
157282908
157282908
157282908
157282908
157282908
157282908
157282908
157282908
157282908
5212134
5212134
5212134
5212134
157282908
157282908
157282908
157282908
157282908
157282908
157282908
157282908
5212134
5212134
5212134
5212134
5212134
5212134
5212134
5212134
157282908
157282908
157282908
157282908
157282908
157282908
157282908
157282908
157282908
157282908
157282908
157282908
157282908
157282908
157282908
157282908
5212134
5212134
5212134
5212134
157282908
157282908
157282908
157282908
157282908
157282908
157282908
157282908
5212134
5212134
5212134
5212134
5212134
5212134
184230
5212134
852587437
852587437
475793762
12861389
852587437
12861389
157282908
157282908
157282908
157282908
157282908
157282908
12861389
157282908
157282908
5212134
5212134
12861389
157282908
157282908
157282908
157282908
5212134
5212134
5212134
5212134
475793762
475793762
157282908
157282908
157282908
157282908
157282908
157282908
157282908
157282908
5212134
5212134
157282908
157282908
157282908
157282908
5212134
5212134
5212134
89615327
159804627
89615327
159804627
1727741
166880211
1203307
166880211
3968236
1203307
41978
3968236
1203307
41978
1727741
41978
724561649
10587735
6413143
724561649
6413143
1727741
10587735
6413143
286596
10587735
6413143
286596
2171363
2171363
2171363
1727741
612636
10587735
3688775
6413143
286596
2171363
135085
3968236
1203307
41978
41978
306580
306580
101816
101816
4849
4849
41978
612636
10587735
306580
3688775
6413143
286596
2171363
101816
2171363
4849
4849
135085
51751824
51751824
51751824
29258043
29258043
29258043
51751824
29258043
612636
612636
51751824
51751824
29258043
29258043
612636
51751824
51751824
51751824
29258043
29258043
29258043
51751824
29258043
612636
612636
51751824
51751824
29258043
29258043
612636
51751824
51751824
51751824
29258043
29258043
29258043
51751824
29258043
612636
612636
51751824
51751824
29258043
29258043
612636
233335460
233335460
233335460
51751824
233335460
3688775
51751824
51751824
3688775
233335460
233335460
3688775
29258043
233335460
2171363
2171363
29258043
29258043
233335460
233335460
2171363
2171363
2171363
2171363
51751824
29258043
612636
233335460
3688775
2171363
2171363
135085
135085
4849
612636
51751824
51751824
29258043
29258043
41978
612636
612636
3688775
233335460
233335460
306580
3688775
3688775
286596
2171363
2171363
101816
2171363
2171363
4849
4849
4849
135085
135085
51751824
51751824
51751824
29258043
29258043
29258043
51751824
29258043
612636
612636
51751824
51751824
29258043
29258043
612636
51751824
51751824
51751824
29258043
29258043
29258043
51751824
29258043
612636
612636
51751824
51751824
29258043
29258043
612636
51751824
51751824
51751824
29258043
29258043
29258043
51751824
29258043
612636
612636
51751824
51751824
29258043
29258043
612636
233335460
233335460
233335460
51751824
233335460
3688775
51751824
51751824
3688775
233335460
233335460
3688775
29258043
233335460
2171363
29258043
29258043
233335460
233335460
2171363
2171363
51751824
29258043
612636
233335460
3688775
2171363
135085
4849
612636
51751824
51751824
29258043
29258043
41978
612636
3688775
233335460
233335460
306580
3688775
286596
286596
2171363
101816
2171363
4849
4849
135085
696176828
696176828
696176828
696176828
78929376
3302778
1726008
235386
177388502
177388502
696176828
696176828
20885021
20885021
20885021
177388502
177388502
177388502
177388502
20885021
20885021
696176828
696176828
20885021
20885021
101051084
696176828
696176828
696176828
696176828
235420408
235420408
10424623
10424623
101051084
101051084
696176828
696176828
696176828
696176828
235420408
235420408
10424623
10424623
3302778
1726008
1045239
433362
235386
62772
177388502
177388502
67371405
101051084
4073073
696176828
696176828
696176828
696176828
20885021
20885021
20885021
20885021
235420408
235420408
14033632
14033632
10424623
10424623
1380034
1380034
67371405
177388502
177388502
177388502
177388502
67371405
4073073
101051084
101051084
4073073
14033579
20885021
20885021
696176828
696176828
696176828
696176828
20885021
20885021
235420408
235420408
14033579
1380034
10424623
10424623
1380034
2963663
2963663
101051084
34863635
696176828
696176828
235420408
235420408
10424623
10424623
4523921
4523921
882246353
882246353
4139773
4139773
33530507
33530507
288191
288191
288191
288191
882246353
882246353
101051084
101051084
34863635
4139773
4139773
34863635
696176828
696176828
235420408
33530507
33530507
235420408
10424623
10424623
4523896
288191
288191
288191
288191
4523896
1045239
433362
348413
150282
235386
78462
62772
28873
348413
148112
78462
62667
28881
28838
28873
177388502
67371405
101051084
4073073
34863635
2609128
696176828
696176828
20885021
20885021
235420408
235420408
14835711
14835711
10424623
10424623
1380034
1380034
4523929
4523929
1865486
882246353
882246353
16332200
16332200
4139773
4139773
348413
148112
348413
148112
348413
148112
33530507
33530507
883200
883200
78462
62667
78462
62667
78462
62667
288191
288191
288191
288191
28838
28838
28838
28838
67371405
177388502
177388502
882246353
882246353
16332200
16332200
67371405
4073073
101051084
101051084
4073073
34863635
4139773
4139773
34863635
348413
148112
148112
2609128
20885021
696176828
696176828
20885021
235420408
33530507
33530507
235420408
883200
883200
14835711
10424623
10424623
78462
62667
1380034
288191
288191
288191
288191
4523929
29996
29996
29996
2963663
