33
196
616017
616017
9
107
427059
427059
33
153523
22073012
9
83729
15302319
1
4707
676756
1
6
18887
18887
33
196
616017
616017
9
107
427059
427059
1
3
13094
13094
33
153523
22073012
9
83729
15302319
1
2567
469167
33
196
616017
616017
9
107
427059
427059
33
153523
22073012
9
83729
15302319
1
4707
676756
1
6
18887
18887
33
196
616017
616017
9
107
427059
427059
1
3
13094
13094
33
153523
22073012
9
83729
15302319
1
2567
469167
489
1704377
1704377
140
267
1181575
1181575
424757
61070581
121195
231655
42337744
13023
1872417
15
52256
52256
489
1704377
1704377
140
267
1181575
1181575
4
8
36227
36227
424757
61070581
121195
231655
42337744
3716
7103
1298070
489
1704377
1704377
140
267
1181575
1181575
424757
61070581
121195
231655
42337744
329029
13764
329029
228102
3927
7507
228102
11789738
3363950
8173345
6429913
13023
1872417
15
52256
52256
489
1704377
1704377
140
267
1181575
1181575
4
8
36227
36227
424757
61070581
121195
231655
42337744
3716
7103
1298070
10088
422
10088
329029
13764
329029
228102
3927
7507
228102
6994
120
230
6994
11789738
3363950
8173345
6429913
103138
250594
197140
14
1
15
1
1
6
1
1
1
1
1
28073
28927
420141
17601
432922
1909762
80006
1967858
5
1
811021
1
1
178422
127607
131488
1
1
54191
1
1
11922
29628
30529
41552
83104
1229355
1
6
45
10
32
43
26
39
2
41
1
1
17
3
3
1
1
1
2
2
2
1
15
1
15
2
1
1
1
6
2
1
14
27
8
78
578
14
15
3
43
315
1
1
10
20
167
416
333
1
1
1
10
11
67
227
301
182
81215
15116
603702
17867
3326
132812
721153
435376
319938
158651
95781
70385
77672
80034
1162441
48699
1197791
5283906
221363
5444590
15
1
2243900
3
1
493650
353060
363797
1
1
149933
1
1
32985
443413
18576
456898
7525
5804
10434
8048
47428
36582
47428
19951
10434
4389
2015545
84438
2076842
34205
26382
6
1
855937
34205
14388
1
1
188303
7525
3165
57617
115234
229325
58084
1704652
261900
523799
1042403
264022
7748540
261900
285671
568508
105814
4225916
57617
62847
125070
23279
929687
134675
138770
188876
377751
5588065
1
1
57192
188876
206019
5048074
3047631
2239568
1
1
12582
41552
45323
1110559
670468
492697
25034
1428946
455
3877
990630
182
57
2
59
1
1
24
4
4
1
1
2
112292
115709
1680565
70405
1731704
7639052
320028
7871505
21
1
3244113
5
1
713694
510426
525958
1
1
216765
1
1
47688
1
1
1
1
1
1
419
18
1
432
1297
1
1
1
1
1
1
178
201
1
1
1
1
1
1
1
28
1
29
87
1
1
1163
3218
1
1
1
12
13
1
1
30
313
428
1163
3218
120820
16
827312
10
436416
852486
1
314
25034
1428946
455
34328271
94977875
1808195
12381573
518709
150
6531413
12758327
12758327
1
57
22
1
79
31
5
359
141
3
359
141
1
79
31
56280759
2357805
682
57993304
5
259
100
156
3
1
23901000
8981519
3
259
100
16
34
1
1
1505847
5258138
6958164
1975903
6958164
1
57
22
1
435
5
1977
3
1977
1
435
3760568
45
3874997
5
1427
156040041
431724381
4
10
1
1597017
600127
3
1427
3997818
42050770
57432080
156040041
431724381
1
24460
1
16
1
2
1
100618
192108
351338
464931
132026
852486
1
314
3877
990630
182
879506
9251024
12634860
34328271
94977875
3953543
71858
2740830
612292
28799
118510
122116
166209
4917419
2
24
180
38
130
172
104
158
7
162
1
1
67
11
11
1
1
5
10
4
10
2
60
3
62
7
3
1
1
26
7
2
55
31
311
2310
30
55
12
170
1260
4
4
39
666
1666
1333
1
1
2
21
39
267
909
1204
727
324862
60465
2414808
71469
13302
531249
2884613
1741503
1279753
634605
383125
281541
310684
320137
4649705
194793
4791179
21135354
885437
21778428
59
1
8975626
13
1
1974607
1412222
1455191
2
4
599733
1
1
131939
1773624
74303
1827591
30099
11608
41736
16096
189712
73165
189712
39903
41736
8778
8062054
337746
8307362
136816
52764
22
1
3423745
136816
28777
5
1
753212
30099
6331
230469
917302
232336
6818606
1047603
4169620
1056089
30994149
571344
1047603
2274036
423256
16903656
125694
230469
500280
93115
3718746
538690
555081
755507
22352255
1
1
228768
412040
755507
20192290
12190521
8958269
1
1
50328
90647
166209
4442234
2681873
1970788
13
178
1326
281
956
1267
765
1
191
74
1
191
74
1161
49
1196
3588
4784
1
138
53
1
1
493
556
1
1
138
53
4
1056
2
1056
78
80
240
320
3
761
3218
1
1
33
37
1
2
761
82
867
1184
3218
8
73
28
1
8
73
15
28
443
19
456
1369
1825
6
53
20
1
1
188
212
1
1
6
53
11
20
288
403
232
2290
17019
1
288
220
403
93
1249
9282
30
30
91
122
207
290
1227
1227
4910
12274
9819
1
1
12
14
1
1
207
158
290
31
331
452
1227
669
190
1
1968
6694
8870
5355
1
2393429
445478
17791150
526546
98004
3913992
21252448
12830562
9428606
4675465
2822679
2074261
334280
586
2288968
1207455
2358618
11412
3210253
3953543
71858
94977875
5002843
34256754
1435139
18070802
35299137
35299137
797
581343
224210
1105
806103
310895
5023
3664162
1413181
2739
3664162
1413181
603
806103
310895
155714959
6523461
160453138
3623
2642510
1019152
431
8
66128160
2284
24849643
1976
2642510
1019152
46
95
2
4166304
14547967
19251520
503
5466836
19251520
435
581343
224210
15824
4451410
71928
20233999
39228
20233999
8630
4451410
10404563
10721159
51874
14592288
431724381
12
29
4418552
153
1660404
28291
14592288
11060977
116344128
158900428
431724381
3
67674
54
586
3
6
278384
531516
972066
1286348
34
365283
2358618
6224
3210253
2740830
612292
28799
2433377
25595307
34957546
94977875
11205617
37267694
13067196
547432
13464813
13464813
35432
221752
77263
85525
51676236
49131
307486
3650
118591
223326
1397686
539058
3
223326
1397686
293993
539058
51676236
1
49131
307486
1132
64677
118591
59397276
2488366
61204655
161057
1007979
388756
164
3
25224506
871
9478866
2
161057
1007979
212021
388756
102
37267694
36
1
3104373
5549304
7343469
192
2085318
7343469
1
35432
221752
23952
46644
85525
3452903
57857
1697985
6758239
1711738
50236225
7718235
30719750
7780749
228350056
4209388
110
7718235
16754004
3118345
124538049
3452903
17936
926051
24
1697985
3685823
686025
27397941
3968808
4089573
5566210
164680727
5
11
1685451
58
633359
3035712
79
5566210
4219196
44379322
60612370
148767138
89813932
66000244
25504376
1237
164680727
7
151579
9201
100234
2490153
1
2
207428
370793
396040
490676
13
139337
899692
379613
667846
17
1224547
1045486
233558
10985
928209
9763298
13334512
1117828
4961192
22357802
32728257
19758755
14519826
5610875
272
36229192
4
1
6
1
1
2
2
3
1
1
1
1
1
1
1
1
1
1
1
1
1
1
38
2
38
15
1
21
16
13
2
13
5
6
2
5
1
1
12
5
1
7
2
1
20
20
4
8
11
2
7
7
7
13
2
5
2
2
1
5
3
4
3
5
1
146857
5951
199845
3213
130
4372
49882
9285
67880
1091
203
1485
77474
105428
16863
1695
2307
369
26315
35810
26315
576
783
576
42300
12122
31768
4370
232
926
265
695
96
5
17185
34368
12906
12390
659
376
752
282
271
14
19102
5028
5028
38202
47019
9531
1774
9531
13475
28060
1137
28060
1282509
51968
1282509
514000
20828
699458
11246
456
15303
2149048
435623
81082
435623
615888
761395
218205
571822
78665
4182
1613975
174588
32496
237581
222033
11804
16659
4774
12511
1721
92
35312
3820
711
5198
4858
258
14803
14803
3222
676585
676585
147265
271160
368997
59020
5933
8073
1291
873075
229810
229810
1746059
309325
618618
232309
223017
11857
655696
92103
125334
92103
629469
33466
6768
13535
5083
4879
259
14346
2015
2742
2015
13772
732
4
1
6
1
1
2
2
3
1
1
1
1
1
1
1
1
1
1
1
1
1
1
38
2
38
15
1
21
64
13
852
36
2
13
18
23
6
17
2
1
48
5
1
351
1
1
7
6
1
20
20
4
8
11
2
26
7
22
7
52
9
18
7
6
1
20
3
1
1
9
4
3
19
1
146857
5951
199845
3213
130
4372
49882
9285
67880
1091
203
1485
77474
105428
16863
1695
2307
369
26315
35810
26315
576
783
576
169193
48492
127067
17482
929
3702
1061
2780
382
20
68737
137471
51623
49559
2635
1504
3008
1130
1084
58
76406
5028
63229
5028
152808
188070
9531
2501098
104780
1774
9531
53902
28060
1137
28060
1282509
51968
1282509
514000
20828
699458
11246
456
15303
8595919
435623
114315080
4789070
81082
435623
2463643
3045482
872854
2287214
314671
16730
6455695
174588
316
47113107
6
32496
237581
888164
47219
66632
19097
50042
6885
366
141244
3820
7
1030787
1
711
5198
19432
1033
14803
14803
3222
676585
676585
147265
271160
368997
59020
5933
8073
1291
3492209
229810
2889942
229810
6984236
1237268
2474472
929211
892068
47427
2622714
92103
3
8
1191043
125334
92103
2517876
133863
27070
54139
20330
19518
1038
57382
2015
1
1
26059
2742
2015
55089
2929
8
1
11
3
1
4
4
6
1
1
2
1
1
1
1
1
1
1
1
1
1
1
71
3
71
28
1
39
18
24
4
24
5
6
2
5
1
1
14
10
2
13
2
1
38
38
8
15
21
3
7
13
13
15
2
5
2
2
1
5
5
7
5
5
1
273109
11059
371651
5975
242
8131
92767
17261
126239
2030
378
2762
144083
196070
31355
3152
4290
686
48940
66598
48940
1071
1457
1071
47268
13548
35499
4884
260
1034
296
777
107
6
19204
38405
14423
13845
736
420
840
315
303
16
21346
9351
9351
42690
52542
17725
3298
17725
15059
52183
2113
52183
2385074
96577
2385074
955883
38706
1300777
20914
847
28460
2401482
810138
150738
810138
688286
850830
243856
638989
87912
4674
1803558
324685
60412
441835
248133
13192
18615
5335
13980
1923
102
39460
7104
1322
9667
5429
289
27530
27530
5991
1258285
1258285
273824
504292
686246
109742
11033
15014
2401
975639
427396
427396
1951187
345663
691294
259599
249217
13250
732723
171290
233094
171290
703419
37397
7563
15125
5680
5453
290
16031
3748
5100
3748
15390
818
33772
33772
67543
8
1
11
3
1
4
4
6
1
1
2
1
29
1
40
10
2
13
15
1
4
27
21
3
5
3
9
12
7
7
5
1
1
1
1
1
1
1
1
1
1
1
1
1
1
1
1
1
1
1
1
71
3
71
28
1
39
2357
99
72
24
4
24
21
26
7
20
3
1
1
971
1
54
10
2
13
8
1
38
38
8
15
21
3
60
29
13
13
58
10
21
8
8
1
1
1
25
22
5
7
5
21
1
257
116
10
257
90
103
116
4
140
49
455
19
28
87
39
16
87
8
30
10
3
8
1
1
1
188
1
21
35
39
6
47
3
1
16
135
243
5
47
347
135
29
485
54
243
2
26
189
74
12
265
12
12
46
81
46
115
92
46
23
161
4
8
3
3
1
1
1
5
9
18
81
18
63
83
50
25
18
8
1
88
273109
11059
371651
5975
242
8131
92767
17261
126239
2030
378
2762
144083
196070
31355
3152
4290
686
48940
66598
48940
1071
1457
1071
986351
39949
1342238
21580
874
29367
335034
62349
455919
7330
1364
9975
48765
9078
362492
520364
708118
113252
1067
199
7931
11385
15493
2478
199203
120263
88376
176752
240526
176752
4358
2631
1934
3867
5263
3867
189071
54188
141996
19535
1039
4137
1186
3107
428
23
76812
153622
57687
55382
2944
1681
3361
1262
1212
64
74784
21434
56164
7727
411
1636
469
1229
169
9
30382
60764
22817
21906
1165
665
1329
499
479
25
85382
9351
174938
9351
170761
210165
17725
6919880
289899
3298
17725
60234
52183
2113
52183
2385074
96577
2385074
955883
38706
1300777
20914
847
28460
9605793
810138
316279743
13250111
150738
810138
2753053
3403274
975390
2555922
351636
18695
7214129
324685
876
130349569
16
60412
441835
992499
52766
74460
21341
55921
7694
409
157838
7104
19
2851916
1
1322
9667
21715
1154
27530
27530
5991
1258285
1258285
273824
504292
686246
109742
11033
15014
2401
3902466
427396
7995709
427396
7804795
1382620
2765191
1038373
996875
52999
2930824
171290
9
22
3295302
233094
171290
2813695
149591
30250
60500
22718
21811
1160
64123
3748
1
1
72098
5100
3748
61561
3273
16164
64015
83128
1335892
55965
11913
64015
12468
23825
48721
188462
7633
188462
37581
2226840
8613836
348874
8613836
1717676
2226840
3452227
139821
4697833
936790
48721
75531
3059
102784
20496
738791
2925867
3799445
61058223
2557934
544495
2925867
569862
1088944
1346120
385806
1010961
139086
7395
738791
1172620
2853454
169
25164157
3
218221
1595716
310793
392574
20871
29452
8441
22119
3043
162
16164
25656
62431
4
550566
1
4774
34913
6800
8589
457
99426
13694
3469
101794
99426
21639
203585
4544361
625897
158554
4652592
4544361
989031
9305047
1821275
341353
63545
2537441
4652592
2478413
396381
5074807
39848
7468
1390
55517
101794
54225
8672
111032
1543582
1543582
3087118
546882
1093747
410719
394305
20963
2
1159259
4
636162
1394421
841842
618632
1543582
841842
618632
1112932
59169
1683659
11965
23930
8986
8627
459
1
25363
1
13919
30509
18419
13535
33772
18419
13535
24350
1295
36837
1
24
17
1
8
6
1
25134
127795
13
9
2
4
3
27
900624
4579290
1
1
1
1
1
1
1
1
1
6
153
2
83
61
9
64
10
52
1
322593
3
23
1
1
17
3
1
48
4
28
21
1
223641
175936
81
18
44
32
7
26
27
345
11559540
9
3
7
1
9
20
1
15
11
188
8013758
6304367
23792
799409
587450
521
17490
12853
37133
271536
199539
25134
1054
127795
813
5941
4366
550
23
2796
421740
309918
67452
9227
6781
1476
143253
105270
900624
4579290
3134
2303
19705
100190
24246
169190
8741
465
127065
530
3702
191
10
2780
68735
24780
51621
1317
1504
542
1130
29
76404
20114
252911
26951
188066
7095
38126
7058
296
4546
112244
207779
5130220
83273
2797931
2056074
1822
61216
44985
1231821
8595737
324284
1742585
322593
13529
436427
3045417
157336
8365
2287165
444082
23610
6455558
129966
950375
698388
223641
175936
7378
9549
66631
3442
183
50041
9716
517
141241
2844
20793
15280
4893
3849
161
59216
12888
2706524
589058
1476090
1084712
236081
32295
23732
5165
3492118
919330
11559540
1237236
446034
929187
23713
1258938
2622645
66932
501386
368446
8013758
6304367
27069
9759
20329
519
27544
57381
1464
10970
8061
175333
137933
2802
24148
24148
95
817
817
19611
169036
19611
169035
169036
663
5716
663
5716
5716
5
4
1
12
9
163
2
2
1
4
3
61
1
13768
70004
3
3
8
6
1
115
3
2
1
1
43
20
659897
3355297
1
1
1
1
1
1
1
1
1
11
1
1
10
1
1
1
1
1
65
3
76
1425
17
14
1
41
30
571
5
5
6
35
28
5
28
532
9
1
54
176711
176711
1
1
1
2
1
1
1
1
2
2
2
1
2
26
7
6
2
15
11
213
3
1
29
122507
96375
122507
47
54
12
1005
12
10
29
22
5
403
180
19
20
376
9
253
58910
8469803
11
1
10
1
1
1
1
1
163
7
14
8
1
1
11
8
5
4
151
3
138
32128
5871769
4619280
162117
130710
11846
398029
292494
5471713
18050
14553
1319
44317
32566
609221
316581
2728707
2728724
69195
55790
20340
148736
109299
2044678
13768
577
70004
7704
6212
2265
16560
12169
227655
115548
995943
995949
1533
64
7794
117246
94531
280889
206413
44923
3861401
13054
10525
31274
22982
5002
429929
10706
92275
92276
104963
77133
50043
40348
1442934
659897
3355297
11687
8588
5572
4492
160657
3907
33679
33680
73473
373579
2220
2232
2510
15578
915
805
43
905
11699
247
249
280
1734
102
90
5
101
1302
479499
8466
8466
433164
3052
6358
3489
162
1
53387
943
943
48228
340
708
389
18
1
896456
284887
74999
1403019
27352
16521
1
235757
943029
6559
943029
74697
75125
84472
524230
103702
19777
106276
1988117
808835
1
129673
154538
6971644
27886605
6
19675
824
19675
242963
11518
284403
5320352
2216065
12106
56961
19101069
76404354
2182169
103449
2554362
47784671
567409
457484
41460
1393103
1023729
19150996
63175
50936
4616
155108
113982
2132275
2216065
2181
23476
19100948
19101069
41669572
670890
674734
758684
4708365
931398
177627
954516
17856247
9
54
176711
7401
176711
39954
40183
45183
280401
16466
14486
770
16289
210586
276496
243247
12932
273512
3536070
242183
195264
71189
520576
382548
7156373
3
29
122507
96375
4036
122507
4448
4474
5031
31220
1833
1613
86
1814
23447
30785
27083
1440
30453
393706
26965
21741
7926
57961
42593
796792
808835
1
23364
63690
6971600
6971644
15208857
3
13640
10730
449
13640
175715
200703
43680
3754585
74940
86897
22009
645932
2583732
1578182
1802611
392311
33721756
410360
330860
983112
722445
157229
13514903
45690
36838
109460
80437
17506
1504751
74940
35813
3966
645928
645932
1409121
8051508
2558709
673603
12601197
9
58910
8469803
479499
152381
433164
54935
114441
62801
1
2921
7273467
922436
1921638
1054530
5
49042
367371
269965
175151
141218
5050270
3
32128
5871769
4619280
53387
16966
48228
6116
12742
6992
1
325
809829
102704
213955
117412
1
5460
40903
30058
19501
15723
562298
27352
6621
2559
1
42479
97163
235756
235757
514311
3577
653764
514311
1
24
17
1
8
6
1
25134
127795
13
9
2
4
3
27
900624
4579290
1
5
1
1
4
2
1
2
1
6
153
2
83
61
37
256
10
52
3408
143
1
322593
13
91
5
1
68
13
1
192
4
28
21
1
1405
1
1
223641
175936
81
18
44
32
7
104
27
86
345
11559540
37
13
28
1
37
78
2
15
11
1
1
35
188
8013758
6304367
23792
799409
587450
521
17490
12853
37133
271536
199539
25134
1054
127795
813
5941
4366
550
23
2796
421740
309918
67452
9227
6781
1476
143253
105270
900624
4579290
3134
2303
19705
100190
96983
676758
34963
1859
508258
2122
14807
765
41
11120
274941
99119
206486
5270
6015
2168
4517
115
305616
20114
252911
107803
752262
7095
38126
7058
10004195
296
419112
4546
112244
207779
5130220
83273
2797931
2056074
1822
61216
44985
4927239
34382855
324284
1742585
322593
457251315
13529
19155915
1745691
12181635
629336
33459
9148634
1776311
94438
25822163
129966
950375
698388
223641
175936
1266
188448717
7378
23
38194
266522
13769
732
200163
38864
2066
564963
2844
20793
15280
4893
3849
28
4123067
161
1
59216
12888
2706524
589058
1476090
1084712
236081
32295
23732
5165
13968472
919330
11559540
4948944
1784136
3716749
94854
5035752
10490582
267727
501386
368446
14
32
4764077
8013758
6304367
108278
39035
81319
2075
110177
229523
5858
10970
8061
1
1
104233
175333
137933
97
1
32
11206
96592
96592
579
5
195
9719
379
87
3266
3266
3266
338
2
227
338
2
227
78444
676145
78444
676141
676145
34018
2653
612
22865
2026
36
1362
2026
36
1362
34018
2653
612
22865
22865
5
4
1
12
9
163
2
2
1
4
3
61
1
13768
70004
3
3
8
6
1
115
3
2
1
1
43
20
659897
3355297
1
1
1
1
1
1
1
1
1
1
1
14
1
1
1
1
1
13
65
3
76
1425
1
1
1
17
14
1
41
30
571
1
1
1
20
20
23
140
28
5
28
532
1
9
1867
78
5600
1
54
176711
176711
1
1
1
1
1
1
8
1
1
1
1
6
8
7
1
8
105
7
6
2
15
11
213
1
3
1
769
1
867
1
29
122507
96375
122507
1
1
1
47
54
12
1005
1
1
12
10
29
22
5
403
1
1
76
240
20
376
7
2
1
1
9
63
63
189
253
58910
8469803
1
1
175
5
14
2
4
2
1
1
13
27
57
31
1
1
217
11
8
5
4
151
7
2
1
1
3
2
17
23
63
1
1
26
29
138
32128
5871769
4619280
1
1
175
10901
33
3664
3979
12
1337
162117
130710
11846
398029
292494
5471713
18050
14553
1319
44317
32566
609221
1266310
10914839
10914908
69195
55790
20340
148736
109299
2044678
13768
577
70004
7704
6212
2265
16560
12169
227655
462187
3983776
3983801
1533
64
7794
117246
94531
280889
206413
44923
3861401
65408
588
21982
13054
10525
31274
22982
5002
429929
1098292
42822
9874
369102
369105
369105
104963
77133
50043
40348
1442934
659897
3355297
23873
215
8023
11687
8588
5572
4492
160657
400863
15630
3604
134718
134718
73473
373579
134718
8879
8930
10041
62312
3659
3219
171
3620
46797
989
994
1118
6938
408
358
19
403
5211
38154
229
25645
38154
229
25645
33862
33862
639331
12208
25431
13956
649
1
577551
3770
3770
71183
13926
83
9360
1359
2831
1554
72
1
64304
13926
83
9360
1195274
1139549
74999
1403019
109407
157
25226
16521
233
11
1
482768
6559
160599
943029
1
255
2609129
298788
300500
337889
2096922
103702
19777
106276
1988117
3235309
325
1
14276083
6
4749123
518692
618154
19675
27886605
824
1168270
19675
27886605
1
91
35
242963
11518
284403
5320352
8864173
48423
227843
76404354
3
249
96
2182169
103449
2554362
47784671
27
2236
862
567409
457484
41460
1393103
1023729
19150996
15
2236
862
63175
50936
4616
155108
113982
2132275
8864173
8725
93902
41669572
76403871
76404354
2
249
96
2683560
2698937
3034746
18833477
931398
177627
954516
17856247
2919
9
54
176711
250463175
7401
10492802
176711
9
817
314
159816
160732
180731
1121607
65866
57945
3081
65155
842348
1105986
972990
51729
1094052
14144291
242183
195264
71189
520576
382548
7156373
1
3
29
122507
96375
693
103224337
38789646
4036
12
122507
5
817
314
17794
17896
20123
124880
7334
6452
343
7255
93787
123141
108333
5760
121812
1574827
26965
21741
7926
57961
42593
796792
3235309
1
1
3291415
3
43
93458
254762
13640
10730
77
11493012
15208857
4318845
449
1
13640
15208857
27886429
27886605
1
91
35
175715
200703
43680
3754585
3844023
299756
69115
347587
88038
2583732
3
699
1578182
1802611
392311
33721756
27
6278
410360
330860
983112
722445
157229
13514903
15
6278
228927
4116
153871
228927
4116
153871
45690
36838
109460
80437
17506
1504751
3844023
299756
69115
143252
15863
1409121
2583716
2583732
2
699
10735338
10234844
673603
12601197
982638
226567
2093
99
9
58910
8469803
9
2290
23433858
639331
609525
577551
219739
457765
251206
1
11682
9697950
3689748
7686558
4218125
20
196166
367371
269965
175151
141218
5050270
982638
226567
2093
1
3
32128
217000
2282502
3117395
10
23
3490692
5871769
4619280
1311732
8469803
5
2290
23433858
71183
67865
83555
1502
56161
64304
24466
50968
27969
1
1301
83555
1502
56161
1079771
410817
855822
469647
2
21841
40903
30058
19501
15723
562298
1403019
109407
14
157
25226
6621
2559
233
1
1
111304
212512
3577
1
32513
24161
254134
347091
1
169915
3
388654
653764
514311
146048
943023
943029
1
255
2609129
1
44
33
2
15
11
1
69543
353599
23
17
4
8
6
74
2491806
12669778
1
1
1
1
1
1
1
1
1
12
284
5
155
114
10
72
18
97
1
892592
4
26
1
1
20
4
1
54
7
53
39
1
618798
486804
150
33
82
60
13
29
51
953
31982424
10
4
8
1
10
22
1
28
20
520
22172111
17442644
44245
1486623
1092453
968
32526
23902
69543
2913
69053
504961
371073
353599
1522
64
1511
11048
8119
7737
784289
576339
125431
17159
12610
2744
2491806
266401
195766
12669778
54518
5829
4283
277202
27094
189066
9768
519
141992
593
4137
214
11
3107
76810
27691
57686
1472
1681
606
1262
32
85380
37405
699743
30117
210160
13194
70901
19529
818
8454
208735
386398
9540433
154859
5203182
3823586
3388
113840
83656
1376526
9605564
603044
3240598
892592
37387
487695
3403193
175818
9347
2555861
496249
26383
7213957
241686
1767364
1298757
618798
486804
20390
10670
74458
3847
205
55919
10857
577
157834
5288
38668
28415
13539
10651
446
110121
23966
5033186
1095389
2745010
2017185
439007
60058
44134
9605
3902375
1709631
31982424
1382588
498435
1038349
26499
1406839
2930756
74795
932402
685181
22172111
17442644
30250
10905
22718
580
30780
64122
1636
20400
14991
485103
381627
66811
66812
2259
2259
467681
467678
467681
8096
15815
8096
2310
4415
15815
15815
1254
8096
9
7
1
22
16
303
4
3
1
8
6
113
1
38092
193683
7
5
16
11
3
214
6
4
3
2
80
54
1825773
9283279
1
1
1
1
1
1
1
1
1
12
1
1
11
1
1
1
1
1
121
6
142
2649
31
25
2
77
57
1062
6
6
6
39
52
10
53
990
1
144
488916
488916
1
1
1
2
1
1
1
1
2
2
2
1
2
29
14
11
4
29
21
397
1
41
79
338946
266646
338946
87
100
22
1870
23
18
55
40
9
749
201
21
37
699
699
162987
23433858
12
1
11
1
1
1
1
1
182
8
16
9
1
1
20
15
10
8
280
381
46505
88890
16245738
12780408
301482
243075
22029
740194
543936
10175491
7549665
7549713
33567
27064
2453
82413
60562
1132941
38092
1595
128679
103750
37825
276597
203259
3802393
193683
2755530
2755548
4241
178
14327
11551
4211
30796
22631
423359
21565
218036
175796
522357
383856
83541
7180868
255304
255305
24276
19573
58159
42739
9301
799519
1825773
195195
143440
93063
75033
2683357
9283279
93183
93183
203282
21733
15971
10362
8354
298765
1033602
2480
2495
2805
17408
1022
899
48
1011
13074
276
278
312
1938
114
100
5
112
1455
535832
9460
9460
484053
3410
7105
3899
181
1
59660
1053
1053
53895
380
791
434
20
1
1001775
318357
20
704
49144
333902
652282
2609129
18147
139472
2609129
83473
83951
94396
585819
22
209
69638
358773
427569
19288835
77155368
16
192850
36779
197636
3697209
54436
2279
54436
33494
157596
52847988
211392029
451828
21420
528889
9894012
4058087
192383
4750210
88862938
1055186
850763
77103
2590680
1903775
35614219
6035
64951
52847654
52847988
115289444
117485
94724
8585
288447
211967
3965292
749712
754005
847816
5261526
144
1732080
330330
1775065
33206434
488916
20469
488916
44648
44904
50491
313344
18401
16188
861
18202
235327
308982
271825
14452
305645
3951504
41
79
450377
363124
132389
968089
711405
13308374
338946
266646
11163
338946
4971
5000
5622
34888
2049
1803
96
2027
26202
34402
30265
1609
34031
439961
3
84
48277
64644
176216
19288713
19288835
42079162
5
9
50145
40430
14740
107787
79208
1481756
37738
29688
1243
37738
914832
240422
60895
1787137
7148551
326769
373238
81230
6982227
2934871
3352232
729566
62710780
763127
615285
1828248
1343497
292393
25133037
261028
498933
141682
914832
99086
10972
1787126
1787137
3898692
84967
68506
203557
149585
32555
2798316
8997429
2859319
162987
1252666
23433858
535832
170284
484053
61389
127886
70180
1
3264
8127981
1030809
2147402
1178422
6
54803
46505
88890
683182
502040
325719
262617
16245738
12780408
9391751
59660
18959
53895
6835
14239
7814
1
363
904970
114770
239092
131206
1
6102
3
282
34070
95272
182104
51712
333902
117528
268827
652278
652282
1422972
5178
9897
76066
55897
36266
29240
1808803
1422972
1045679
404080
1
44
33
2
15
11
1
69543
353599
23
17
4
8
6
74
2491806
12669778
5
160
118
7
54
40
1
13425
68261
85
62
13
1
15
108
29
21
14
11
36
47
29
481045
2445911
1
6
1
1
5
2
1
2
1
1
2
1
1
2
1
1
1
1
12
284
5
155
114
9429
395
41
286
18
97
1
892592
15
101
5
1
76
1
3886
1
15
1
215
7
53
39
1
618798
486804
150
33
82
60
13
238
116
51
953
31982424
41
15
31
1
1
1
98
42
87
2
28
20
520
22172111
17442644
42
1027
465
179
17
560
412
465
98
1820
76
16
113
65
349
154
59
1
172311
6
40
2
1
30
1
750
1
6
1
85
26
190
140
154
32
1
119456
93975
542
118
971
19
187
1387
296
217
47
530
971
8
102
756
46
46
184
322
184
184
460
368
6174235
16
6
12
1
1
1
19
17
35
1
100
74
176
322
100
74
251
332
201
4280345
3367318
44245
1486623
1092453
968
32526
23902
69543
2913
69053
504961
371073
353599
1522
64
1511
11048
8119
7737
784289
576339
125431
17159
12610
2744
2491806
266401
195766
12669778
54518
5829
4283
277202
159784
5368845
3945324
3496
117465
86320
13425
563
249385
1823639
1340111
68261
294
12
5456
39899
29320
1494
195059
36306
1449945
2832422
2081421
452991
4268
794
31723
61971
45539
9911
796800
481045
353499
481045
962091
706997
2445911
17433
10525
7734
10525
21049
15468
53514
108377
756266
39071
2077
567970
2371
16546
855
45
12426
307243
110764
230745
5889
6722
2423
5048
129
42867
299135
15454
822
224656
938
6545
338
18
4915
121527
43812
91269
2329
2659
959
1997
51
341521
37405
699743
120468
840641
13194
70901
19529
27679165
818
1159580
8454
208735
386398
9540433
154859
5203182
3823586
3388
113840
83656
5506105
38422302
603044
3240598
892592
1265102748
37387
52999715
1950779
13612786
703272
37390
10223455
1984997
105533
28855863
241686
1767364
1298757
618798
486804
3502
521391589
20390
63
42681
297834
15387
818
223679
43430
2309
631337
5288
38668
28415
13539
10651
77
11407519
446
1
110121
23966
5033186
1095389
2745010
2017185
439007
60058
44134
9605
15609544
1709631
31982424
5530366
1993744
4153408
105998
5627373
11723058
299180
932402
685181
38
89
13181038
22172111
17442644
120999
43621
90872
2319
123121
256489
6546
20400
14991
1
2
288388
485103
381627
64656
24936
47650
256055
332509
3770
5343487
158
223858
194883
75161
30530
753833
8907314
3435305
1395403
34454659
8907314
1873554
559245
18790957
13808634
194883
40991
12236
411127
302119
2955164
1139724
2177889
11703239
15197642
172311
244229191
7222
10231644
771613
5384432
278173
14789
4043808
2955164
621585
785147
41743
872848
6382738
4690389
11413711
119456
93975
676
100655102
3939
12
16882
117806
6086
324
88474
64656
13600
17178
913
19097
139648
102621
249720
2614
2056
15
2202232
86
1
397697
86553
54776
13874
407170
18177122
3955988
2503590
634124
18610095
9913478
7284972
1585469
1365413
254142
10149614
18610095
216897
159388
34688
29874
5560
222063
407170
6174235
2187494
788610
1642849
41927
2225864
7
4636965
17
2544611
118338
5577600
4280345
3367318
2474491
6174235
47860
17254
35944
917
48700
1
101452
1
55674
2589
122032
93650
73673
54139
135086
7
4
1
5
2
1
90
30
179
19
6
38
267251
267253
538
1077
9038
9038
9038
18075
56759
56759
114
229
1745
1745
1745
3489
628
209
628
209
133
44
133
44
1870770
1870758
1870770
32384
63263
32384
3768
3768
9240
17662
63263
63263
5015
32384
397316
397313
397316
12213
7612
4594
56
12213
12213
75213
45392
553
52142
18192
86
800
800
3485
6661
5277
1841
9
12213
12213
1891
12213
9
7
1
22
16
304
4
3
1
8
6
113
1
38093
193685
7
5
15
11
3
214
6
4
3
2
80
54
1825773
9283279
2
86
17
48
39
3
117
86
3
29
6
19
15
5
40
29
1
9837
50016
1
45
9
26
21
62
45
10
1
11
79
1
15
3
21
15
10
8
11
8
26
35
21
352467
1792146
1
1
1
1
1
1
1
1
1
1
1
16
1
1
1
1
1
14
1
1
1
1
1
1
1
1
1
10
10
1
1
31
10
10
1
1
1
1
1
28
119
6
139
2652
3
1197
463
31
25
2
76
56
1063
2
1197
463
5205
218
23
23
25
158
15466
20670
51
10
52
991
1
437
169
1
142
488920
488920
1
1
1
9
1
1
1
1
7
1
2145
1
9
8
1
9
119
2395
1
13
11
4
28
21
397
1
437
169
1
41
77
338948
266648
338948
87
99
22
1871
11
3348
23
18
54
40
9
750
6
3348
176
176
86
523
699
37
699
4
1222
699
268
162987
23433858
5
16
2
4
2
1
1
14
5
47
65
176
1
1
73
31
65
35
1
2
81
1
20
15
10
8
280
2
1222
381
242
46505
88890
16245738
12780408
39
102
754
644
31
754
754
341
133
1
39
16
302
167
135
12
411
302
117
341
73
133
1345
56
12
12
13
84
3995
5340
13
127
256
250
48
256
256
113
44
1
1
174
830
126256
5286
126256
1
1
1
7
1
1
1
1
5
1
554
1
5
4
1
5
63
619
1
1
13
20
103
65
52
19
140
103
40
113
24
44
1
1
70
575
87528
68858
1508
2883
87528
509
54
397
348
397
86
711
14
137
1016
823
497
6
1
509
8
159
90
73
217
159
61
34
388
711
6
75
554
571
199
1
34
34
34
34
34
101
135
169
67
135
135
236
135
101
135
337
270
438
4523930
10
10
10
31
10
10
4
8
4
1
1
28
34
1
9
13
34
1
1
14
19
5
1
12
26
14
1
1
16
1
1
169
10
54
74
54
35
28
21
129
236
74
91
54
184
244
147
1
304
176
68
1290807
3136256
2467271
10136
3379
20272
3700
1233
7399
2153
718
4306
714
238
1428
301500
243066
22032
740182
543937
10175513
30198723
30198885
33569
27063
2453
82412
60562
1132943
38090
1599
128687
103745
37830
276594
203260
3802402
193686
11022145
11022204
4241
178
14328
11551
4212
30796
22631
423360
21565
218044
175795
522354
383869
83546
7180878
60818
121635
1021217
1021222
24277
19573
58159
42740
9302
799520
1021222
2042442
1825775
195195
143443
93066
75031
2683363
9283283
22198
44395
372731
372733
203282
21733
15971
10362
8354
298766
1033602
372733
745465
558523
152579
1602259
1291851
117077
3933796
2890769
46489
12700
6413627
6413663
133365
107528
9745
327432
240615
189714
9840
408
621633
501204
182734
1336195
981911
50015
15791
2127834
2127846
819
34
51742
41718
15210
111219
81730
4163
294665
80499
142926
26599
1062393
866269
698443
2075351
1525080
331916
12917
25833
29822
8147
14465
2692
107521
197147
197148
87672
70687
210039
154348
33592
197148
394296
583823
352468
259013
100089
352468
704935
518025
336090
270979
1792147
4285
8571
326312
197002
144768
55942
361216
361218
197002
394004
289536
187848
151456
1001671
361218
722436
9916
9978
11218
69616
4087
3597
191
4044
52283
1104
1111
1249
7751
455
401
21
450
5821
70961
23645
70961
23645
37830
37830
714441
13638
28411
15591
725
1
645402
25900
4212
8630
4212
79546
25900
1518
3163
1736
81
8630
1
71859
7016
7064
7941
49258
2892
2547
135
2863
36994
584
588
661
4100
241
212
11
238
3079
15071
5022
15071
5022
76091
76091
1370040
27431
57146
31360
1458
1
1237649
1370040
5000
1666
1666
29997
5000
601
1251
687
32
1666
1
27098
29997
39498401
333891
335805
377585
2343279
89
16
192850
36779
197636
13139658
1280
835
278555
1435092
1710279
933582
360060
3697209
54436
77155368
2279
3232317
54436
77155368
451828
21420
528889
3507
133975
630385
2557849
986501
9894012
211392029
4058087
192383
4750210
31498
22973287
8860246
88862938
1055186
850763
77103
2590680
1903775
17178
22973287
8860246
35614219
117485
94724
8585
288447
211967
1913
24140
259803
2557849
986501
3965292
115289444
211390691
211392029
2998838
3016028
3391275
21046129
144
1732080
330330
1775065
11496
8384954
3233874
33206434
488916
692969920
20469
29031013
488916
178592
179616
201964
1253379
73604
64753
3443
72810
941311
1235922
1087304
57807
1222583
15806034
41
79
450377
363124
132389
968089
711405
6270
8384954
3233874
13308374
338946
266646
1918
285596319
9866
107321397
11163
34
338946
19885
19998
22487
139551
8195
7209
383
8107
104805
9106533
137608
121061
6436
136123
1759846
14
5
9
50145
40430
14740
107787
79208
120
698
335
193111
258575
704864
933582
360060
1481756
37738
29688
214
31798334
42079162
1099
11949179
1243
4
37738
42079162
77154880
77155368
326769
373238
81230
25412
3659329
6982227
961689
243578
7148551
2934871
3352232
729566
228238
62710780
64204617
763127
615285
1828248
1343497
292393
124477
25133037
64204617
425724
425724
84967
68506
203557
149585
32555
13859
1044112
1995733
566726
3659329
2798316
396345
43888
3898692
7148506
7148551
11996572
11437286
162987
1252666
83303
23433858
714443
681135
645404
245555
511545
280719
1
13055
10837308
4123238
8589614
4713692
23
219213
46505
88890
683182
502040
325719
262617
45432
600386
6315121
8625063
28
65
9657885
16245738
12780408
9391751
334
3629240
23433858
79546
75838
155384
71859
27340
56956
31255
1
1454
155384
307952
587969
1206627
459082
956369
524823
3
24407
12
5178
9897
76066
55897
36266
29240
4
89955
5058
1128
535
5823
136279
381087
728417
206848
1335608
66847
703126
960316
3
470113
7
1075310
1808803
1422972
1045679
37
404080
2609112
2609129
86799
28454
133882
1795140
543239
6449
209514
85104
2101300
2101300
574043
44895640
1042811
21566967
6526520
2517119
1022447
25245199
25245199
6896602
15
1042811
5607857
4521434
6526520
1372792
2517119
409773
13768281
10117694
3909766
1068088
1
86799
5127
55177
466773
376344
543239
1999
114265
209514
34108
1146012
842153
325432
88903
24485282
44895356
44895640
345970
4541
1586676
8367427
2165287
835099
1595771
8575054
1794316
11135448
8575054
126256
178948876
5286
7496814
126256
126366
127090
142902
886847
52080
45817
2436
51517
666039
5
345970
703
653923
2175704
1754200
2165287
455448
835099
575289
30585
639548
4676682
3436684
646866
719121
8362928
5944735
1328033
87528
68858
495
73750878
2548
27714108
1508
2883
9
87528
10518
10578
11895
73817
4335
3813
203
4288
55438
1
28797
59
49918
136075
54430
181096
146012
180229
19467
37910
69510
47885
2546
53233
389267
286055
53842
59856
696094
494814
110540
87409
7285
5731
135
3434091
41
6138701
8123425
212
2306801
126
240
1
7285
8123425
14894828
14894922
11660391
13318575
8499101
5128960
3638433
2898589
1834418
464624
62249
13635837
3031943
2444557
7263713
5337778
2062670
5892080
2055569
563490
1161688
1000459
186211
9641
7436742
194
13635837
90416
90416
306852
247405
735135
540218
208756
596317
208037
57029
117570
76515
101253
8473
14577
18846
976
393764
752646
20
213728
1380026
1380035
1370040
493911
1028925
564640
3
26259
1237649
1370040
115905
1219141
1665077
1630915
5
3397555
13
1864464
1290807
9
86708
4086769
3136256
2467271
1813087
1176315
948425
64
64
700629
34
4523930
10814
22528
12363
1
575
27098
29997