13950838
2005996
11197448
2047715
14703713
11208132
14603212
11500437
11338544
11390398
11517767
14558235
14252339
14468962
14221937
14480907
14828646
14718798
11423524
14748694
2074644
14748352
11421986
11531920
2094375
736991
14888866
66411476
206053
53975929
69302925
65791751
54246533
54896475
21593823
70876858
6302919326
2357597064
21602659181
21083609685
21404061982
6409772919
21421732325
21936145668
3653823321
36340692
16546851097
17059270074
1065317480
17813463
60240
13856762
20260695
19234204
15480415
14724809
6312949
19011206
20720834
1189940
60198
432835
601812
8784378
3375948
6711142
6312949
18715422
20720834
1189940
432835
3375948
18715422
7379800
3314753
26076931
145913504
7379800
469330
3314753
3707405
465745
26076931
52187551
5033407
145913504
159881193
17813463
13856762
15480415
19011206
110475991
106118383
119575810
148219563
110475991
469657
106118383
124814052
1019791
119575810
114503869
5033407
148219563
159881193
4436289
205910
1686014
2058533
30047494
11830010
25020225
21593823
69774127
70876858
1492288
13886063
915481
4493231
1925712
2908719
2003402
90813778917
954122778115
214501187611
711564168490
10991815674
4436289
1686014
11830010
69774127
1446104
13728693
897092
4302359
1763059
2908719
2003402
83969888153
928461983912
205907865802
350315794542
10828037622
27513091
12911897
91378883
543989194
11187297
107034813
715265
33543047
10962550
22677628
55324
27513091
1605363
12911897
12681393
1593108
91378883
194563648
17217074
543989194
546883228
11544584
108261738
729927
35031167
11973913
22677628
55324
66411476
53975929
54246533
70876858
5691806807
2322468868
19974643681
20526359454
19194929772
6237384346
20563537358
20891755903
3404617557
27983313
8146311388
16805086953
1042703864
411872393
413360515
419018039
552586561
5177808688
1588440908
5773719383
2062838014
411872393
1606478
413360515
426933966
3488256
419018039
426888985
17217074
546883228
552586561
3742015
3273571
2910844
4256097
4311677
3259509
3093192
3993621
4352757
850179
89629
27499
249967
3271293
90924
126421
1969169
710829
1409787
3931487
4352757
4352757
1560121
223559
576521
5324
1826972
249967
90924
710829
3931487
1560121
208529
514072
5324
1772922
836973
88237
25749
1550252
696318
5490677
30651569
12162338
1294376
18521
41508
13822465
1550252
25504411
696318
778804
104405
5490677
10962863
30651569
3470517
33585713
12162338
1387669
20771
41508
14243862
3742015
2910844
3259509
3993621
23207324
22291936
25177518
31135992
23207324
25522172
22291936
26219274
228604
25177518
24053450
31135992
33585713
3470517
931916
11189656
354175
432429
6735662
2490891
5255916
14657219
14888866
14888866
5929906
313480
2916999
192312
2908090
943878
864265
385424
2226524
18212
611025
420848
1327772
107148
6249267
641944581
61389334
2116997624
145000960
495907108
7430373
18009962
931916
354175
2490891
14657219
5929906
303778
2883941
188449
903782
806162
1985347
18212
611025
420848
1215623
6064385
618203013
56762923
2060061723
139191948
244143958
7319660
15628899
2862918
379437
100330
5779581
2712356
19240460
114274002
46228159
2350076
22484448
150253
7046274
5003987
71527
141989
4763814
11622
7558640
47280562
124294125
887156661
5779581
87239385
2712356
2663937
357122
19240460
40871343
114274002
11871113
114881942
46228159
2425133
22742183
153333
7358880
5364642
80217
141989
4763814
11622
8255973
48721981
129067537
1022314992
13950838
2005996
2001810
13478920
11208132
13706921
11338544
11390398
10931382
14085517
13171868
14048770
14111029
14336258
14596522
10805393
11528669
2073512
11421986
10770656
5763243
11187893
11531920
1844972
732257
14888866
86520664
86833270
88227172
116080022
11381815
396481
115946829
2885947
2969139
103167297
581399
107082469
638652
136991231
86520664
87300135
86833270
89684599
781952
88227172
89675150
114881942
11871113
116080022
11553967
411708
117764805
3106731
3136661
118884813
14256447
4192898
2070402
2060873
4419382
14370761
3208921
4129881
14633702
3336947
14275346
14238648
4312998
14211761
14243125
14316967
14516265
14609969
3167974
24405
4463937
2065896
14651868
68132876
5933092
14461054
1285253
2325652335
206693430
2753735393
239794875
2521942096
33360790
564455896
354529928
337488231
53573736
81017742
5213316
47801223
261160585
74566317
1328818016
2556183363
365453615
173758399
703996
5073843
334509
703638
2128714
1062819
732025
16342062
15781412
7310000
119804526
81756451
39374364
11605379
18430310
1217036
682208
5016342
327790
644206
2038287
1062819
732025
2435421405
42827958
240263906
66779198
1234339060
2342229981
337095890
161168025
3486804
25838544
172667
2646394
10498959
5474446
13355
19267176964
1866369019
3598163
26134724
176207
2890541
10964737
5474446
13355
22813688040
2165263462
3843637
2060873
13488737
2917512
14108255
12962201
4260483
7102532
14225012
2996554
19077
4142246
14277623
14165350
14651868
12990272
1618251
92436
3700206
13369754
3069942
12755685
13484159
13387110
1905591
13590207
13610120
109533538
155511901
572144
177194
65857736
3765103
543167474
554367377
628486
226683
84258862
180010258
129695381
594517367
180416756
596799854
3151
19532
5991
347032
186229
339897
393760
162167
49295
24776
23434
398034
339897
358002
144601
45981
22991
23434
386258
2805
19229
5610
330136
183336
6421671
12626
691694
442776
7298192
8096079
519905
6421671
14159
741547
442776
7520695
9045236
569132
1512664
3208574
3155186
3129050
1437536
217663
42444
3252346
3262160
214185
26975
1529225
213567
1539221
3291993
1456242
101478
1480488
203427
1516883
645775
322421
97590
221066
223719
103076
442671
222070
700629
194141
1538466
3133579
1328657
88520
6633
461565
56539
1706399
3271288
3297568
3261465
1542840
3297568
20791
21075
21332
21368
20078
20748
20774
21036
480325
2307
486992
487895
2369
494678
3084453
3129050
1391549
208541
39839
2965916
1529225
206957
1521777
99440
1462461
1352574
618343
322421
207597
100443
221231
222070
641451
194141
1520954
1328657
77979
6633
430535
3271288
3200011
3098497
3201826
203381
24009
3205897
1419863
200267
92627
217314
2981016
52942
1679893
3223643
3167250
1518875
3246346
11159879
732477
5427940
36273
22294
2205533
1150025
2806
1824721
692471
1222617
11413939
743191
5454506
11668172
12847125
14127174
12341049
248992
67073080
4694648
1777210
74123557
356085
75154213
11159879
755872
5490160
37016
25002
2303378
1150025
2806
1993063
692471
1310735
11761909
775700
5454506
11668172
33078477
35616106
30758943
258721
75293116
74936527
365648
5139070
2049274
76340023
75741
77432
76322
77647
72306
72289
75474
78988
73512
72227
79607
77183
78757
78512
79626
75693
77222
76888
70643
76212
71202
74097
74580
75530
77489
74483
79807
78328
76459
77811
77200
78942
73106
79188
39907
78328
79851
70342
79338
79851
77469
62417
79851
79851
76214
66409
1780
79202
76457
71944
78856
78441
78940
78768
77162
79734
75950
76986
79851
79293
79851
79851
79851
72977
2511
667547
665685
682909
3319
741276
727539
733242
2577
653362
3415
741685
3118
579752
56877
1526
67066
68449
67893
324
68449
3425
741685
72977
2569
689612
732433
734282
735657
732173
3552
738849
3520
2627
3554
735940
741685
639959
826480
90682
784933
819673
813214
144923
239752
821582
770229
635068
790851
804626
629151
2484
642677
745029
755779
252800
189323
829760
253337539
250785732
77208315
256807998
254315362
27902110
197338307
77665771
227993374
42775567
425443
193715152
28552696
199714077
12604220
12471739
74717886
254314663
75580261
36160208
36356666
257850910
242881
24021
226163
42589
70457
221609
208473
177009
166615
157803
198356
222104
53167
210833
219860
218127
240189
225176
181230
726
164989
172384
73906
222565
242580
177009
166615
198356
210833
51665
354
2493
2237
69068
218127
25103
22520
11500
14687
217276
7134
102839
39522
725
5154
78568
73906
219102
242580
333
2456
2113
65778
14468
206868
38933
5077
215837
214739
11289
89728
300731
38881
1682758
18902
138123
119942
13111
1674198
87208
1380039
1286973
1534491
1626780
20094
140204
126981
13767
321249
1700612
195376
140027
88838
91086
43948
5452
305281
5652
39471
610965
58926
1708214
1871738
22577
222793
40225
67101
216584
207678
178530
162531
219249
1281558
12529633
2283326
13375
1343216
1379024
1244701
1709360
1363525
12719158
2417516
14044
1510213
1727759
1622541
1380039
1286973
981206
1534491
1731619
410716
1626780
1363533
1479661
11939
1399880
5660
1263525
1340502
58926
1735213
1871738
629151
642677
745029
829760
125326
175808
1336
8654
54754
810040
7610
235026
24404
351768
138495
778426
96887
2482
41729
20075
91717
292914
53712
252800
40950
81130
25874
388240
55879
829507
816850
829760
2511180540
11560890242
8330331871
128681961
1827158336
5254195015
587795762
1083959865
1256
8525
53938
771236
7188
223831
136431
19776
804679
118138
766334
39809
48411
40197
79870
24960
377878
55011
2410577915
11249964193
4101171697
126764600
1680711784
4839489566
579037605
1002270687
334514
1053838
151449
6273625
71295
479437
408019
44616
921055
5974670
307969
301015
310523
622701
19901
2946100
1519
454533168
1259391481
116419641
3912007
4964187
5010587
5763578
6402398
6463586
75837
486691
431973
46847
977096
1093159
339575
150338
18651
1069781
6068945
754070
19351
322822
153739
570288
2277774
333977
201561
316339
632524
20630
3026887
1543
6368515
6402398
494138302
1367311232
118180531
85233
773237
807460
774258
136880
228331
625605
633101
817397
246641703
240738783
69407441
244581254
244816616
27486369
193631462
75576978
220251943
39858098
327603
95369442
196738337
11593993
12207000
67473460
243349756
69614828
35814952
231237889
186735146
238418799
236799944
250997989
5007726
4832379
4848438
6372780
4838154
43485997
7769837
45513
3939834380
10991269523
12376132203
18596011
3135490
13813471886
18116027
7200852
62376136
50177715
5147461
44143767
8226389
47789
4989396
5138982
5083469
5061276
40837
4905474
6165816
6262388
3912007
19366
4921773
4997620
4964187
4971854
3996111
5010587
5763578
5892379
1571889
201561
1462524
22914
6402398
6463586
661580
6469167
4382642112
11201684360
12811129380
24149788
3408696
14435882351
19668425
7309767
69287275
69554966
51021
35294
50096
39211
50683
48378
44725
50728
37184
35000
33149
48949
46407
44289
51224
49463
50683
46185
46206
44549
50456
40524
50477
38159
34659
34957
36212
39469
2522
45859
44734
46754
50958
37184
35000
46407
44289
23713
2500
767
10853
520
552
2059
49684
47618
5385
50690
4731
10587
49463
3085
46026
6236
1499
23053
8322
1083
16080
16504
39442
148
44751
46027
50958
50958
4362721
6630563
23345
2461
718
489
544
1945
47317
3039
43821
8198
1067
45341
46878
10392
47863
5726
14115
146
44056
48682
18847
63324
8171
353498
27758
30594
110406
9432
365481
80278
35542
509
1138
343450
379546
289903
270348
359007
341732
29517
31044
116877
9903
67483
371250
41911
314914
29417
81785
19133
38708
9234
1222
64282
8294
579
128339
307507
1154
348868
358846
40630
393190
397291
33173
49350
37035
48269
45497
43993
37590
34143
46057
1883028
2775390
2102250
9621
282164
290358
261475
359080
2003424
2817344
2225768
10102
317244
377176
348094
315150
289903
270348
206118
378132
359007
341732
399364
286431
276523
310829
2676
294753
265427
1259
281594
307717
19663
357506
364514
393190
40630
397291
169190
81113
26327
36931
127302
1963
1917
11502
171590
7007
24106
169065
5126
10750
78855
29161
169932
20786
172490
133393
8766
62102
4217
19267
61531
134911
135005
508
17043
5435
81556
37701
11738
37034
174252
171593
174305
78992
2989
170092
174305
1697536
3487120
25651182
42806389
1600624
24942408
8454754
2855554
5805619
86988
42092269
20234326
210844
7686538
1250750
2818073
12117350
732748
26092370
54931783
1845
1888
11331
163370
6618
161012
28727
4154
131328
169036
163716
79853
24817
125325
22136
10583
167292
8363
54515
500
16778
5243
79379
37008
11556
33379
76068
2799
167450
166521
1629530
3435162
24961303
40483922
1562424
24214924
7901651
2813006
2858210
85692
19446439
182969
7402260
1150503
2776084
11160946
677527
24871135
70273
221897
31812
1317878
104729
106179
375663
32094
193484
976245
137402
1304281
64698
1964
3898
130809
4180
618873
285887
319
207548
593059
1305401
1298270
1023890
8132576
88689220
1103854973
10386027
1488277
311143
558151
2904439
1400846797
111427
107810
397744
33699
205257
229634
991645
71333
149630
31578
4181
225249
1324863
161777
1071602
67815
2237
32295
119801
478481
1051824
3961
132875
4333
635846
291241
324
230274
1337813
138976
615856
1325997
1344931
1358957
829426
1042810
1052557
1344931
1357785
1348431
8599123
90857599
1148578482
11968320
1545433
338254
566594
3153326
1469631882
166728
162737
154001
129895
169119
165335
165494
125234
130672
171276
130893
169620
164010
126022
167689
167316
168336
164250
166677
127649
124615
132956
23913
131732
131726
168521
167605
168236
23857
124214
126173
126223
66465
129748
132993
129026
131328
132993
23612
21277
7936
8445
154897
157405
156315
126231
161169
166147
160075
169672
166790
171708
160547
171708
1051954
1017495
1023890
1018492
1338710
8741691
34140
7108765
9632374
7429992
7153495
9399477
32739
9365713
25643
7547096
1357394
9565903
9549725
137410
33786
7364998
34760
4747
1207765
2146
8777382
42166
33920
9358097
9467644
34523
41780
1048105
1079529
1047497
1067868
1069012
1063206
9154
1032882
1346007
1343521
1072397
829426
4864
1033900
1049833
1042810
1044421
839450
1052557
67268
4813
1344931
1357785
1358841
1348431
1346509
1083814
138976
1358957
9724160
44449
7563274
9778089
7572242
7573832
9681603
34377
9694879
27114
9801075
1378681
9799770
9796932
139489
36371
36721
7663405
4930
1391793
2333
45360
35045
46838
47019
9877155
9817590
9894225
42989
15433
49139
48136
52694
45622
48491
6810
11523
12058
49530
46622
45694
44156
52848
49519
51461
48080
16099
204
46403
48483
52843
42989
49530
46622
45694
15129
542
52176
5493
47729
100
2492
633
6302
11242
22616
11223
47892
16099
204
1449
3239
47729
22097
1570
52843
1417131
122772
1196830
105824
46988
2446
242029
12484
48372435
4277037
28245
245846
12718
25889
46182
219716
255123
237920
232935
792
57274
8480
1051
7331
13271
245846
113524
6390
269378
57276370
4962016
219716
247942
234588
249771
58810
255123
237920
232935
181393
217099
1735
262618
8480
1051
234779
198653
249084
249730
269378
215071
272227
61789
283493
300393
141393
139865
292991
303187
996412
1542980
27496858
52894387
52377201
6493284
7562228
5414022
3595534
53418111
129758
86793
3170
65965
299331
299491
35746
287166
639
19626
92371
1171
14963
3633
19686
59374
20253
9006
9470
29644
9454
141859
64493
20418
303095
298470
43268
138184
303187
11740409
6983550
23967892
3411616
1108586
7592928
381663
703829
1676477
53633283
107878
347541
335618
56654
278750
135527
137692
274470
892745
1381843
25541831
48467110
48416703
5613849
6975430
4980821
3335005
48495403
9915299
3241982
20789093
2963072
955556
6967192
354527
613660
1517503
100208
282705
17689
14688
18780
55969
29184
9120
138073
20101
51793277
287039
556744
709234
1456178
72666
74963
95986
288289
150323
4804
711197
367
400747941
4034332
553308
38620239
51148
313056
580842
720427
4545
336635
183805
1479156
80623
48658
6032
76367
100616
305828
82984
36654
47914
152692
4980
730698
264937
373
1537381
177745
709926
1545560
1391346
1234013
1545560
1560331
1547216
1561678
474513652
4651210
637067
44805178
55063
74811
56368
246708
136521
77130
259695
263950
273426
269812
77185
279024
40046
277016
276728
57598
238429
33880
367
79620
78301
1932
84759
39710
39432
63642
256383
207041
264345
262550
278292
280520
281218
275212
274437
272279
278334
277000
275247
281630
281630
276260
2278233
9947460
50396
10989982
14413
1378810
14949
3217963
3189356
78694
5729
49626
39921
11426140
11253565
11471353
1391346
1452397
9952
1234013
1422440
1543632
1241456
1526491
1502767
379460
48658
6037
353058
5531
1533997
1545560
1242268
1557636
1560331
1547216
1549606
1233970
1245490
159708
1561678
2697601
10920078
58102
12180049
16595
1764046
20570
3733313
3762455
6168
58460
58686
12317453
12349412
10405
9794
10058
9599
545
88
167
9679
5194
10420
1179
2295
120
9278
1324
147
2362
10883
11088
10922
10993
583
11094
9750
305
2363
4523
1375
680
691
10146
10028
4642
330
654
11039
5070
11102
11094
11102
537
78
156
9208
5113
10258
2253
10891
9599
3970
1263
631
644
9881
10606
10743
80415
17500
181354
347
18999
12168
200396
14495
226981
81685
9227
17826
8278
14767
69300
81567
76067
78236
74472
184207
5661
44235
395
20684
10220
189475
87482
4927
12357
651
21452
209617
207603
209768
15873
253582
82986
76598
82405
81567
76067
78236
74472
57994
69350
69410
87031
188760
180938
202867
859
147768
153096
191962
192460
207603
165750
1427
21452
209768
590
593
596
596
584
576
580
587
13520
64
13589
13659
13728
66
13798
16794
5697
5586
40246
4570
37140
18177
16979
5714
2597
18373
5979
672
8853
42119
2767
40847
38261
1115
2584
41886
6061
19528
5700
40942
85719
2758
41771
6075
6098
17613
88959
5331
81861
90037
41764
5741
90227
89125
88140
83147
36483
2141
41248
87150
88821
87226
45896
83264
182
40139
86625
86064
5805
11217
11822
1477
46856
88359
89826
41563
89914
88341
89121
39675
41331
42365
87868
89571
89000
90547
20163
612
63773
60561
31577
1009
149401
69015
305483
148991
77
50103
19015
317895
117337
143170
33572
315136
313411
2084393
9949
2096199
150232
20688
320395
939911
2059437
966853
844596
2017557
1062511
375
60122
1950
4220
130935
940482
1880465
49565
7103
7051
956829
32127
21137
697
69555
64246
17432
7700
10066
32077
1046
70882
153499
70309
55656
310304
151341
78
55591
19314
322910
1019
322960
122415
33550
39435
37339
148673
36559
320108
149135
327836
261223
324678
328064
381
61626
2118
4591
143340
987298
2100922
2117289
57158
7381
2108353
7460
996231
10216
2129281
152604
312186
21931
325450
324678
327781
325026
325523
261642
328064
986301
2113516
993407
857931
2129281
1079272
164
34567
34567
31129
31185
150
31828
155
120
154
31544
117
33716
33732
778
120
34214
33188
29061
125
34431
117
34548
34252
33142
33259
33270
33908
33577
34174
33556
33911
120
32981
34247
122
30451
33724
34204
3507
159
27020
148
34567
34567