2550006515
2550006515
61352399
61352399
1937624
80533995
2550006515
2550006515
80533995
61352399
61352399
1937624
2550006515
2550006515
61352399
61352399
1937624
80533995
2550006515
2550006515
80533995
61352399
61352399
1937624
2550006515
2550006515
61352399
61352399
1937624
80533995
2550006515
2550006515
80533995
61352399
61352399
1937624
2550006515
2550006515
61352399
61352399
475714552
475714552
11445551
11445551
1937624
80533995
2550006515
2550006515
80533995
61352399
61352399
1937624
15023959
475714552
475714552
15023959
11445551
11445551
361472
1223526511
1223526511
75473819
75473819
15261713
247411761
1223526511
1223526511
247411761
75473819
75473819
15261713
5350946
39920032
26462058
1223526511
1223526511
75473819
75473819
647154444
647154444
428983580
428983580
39920032
39920032
26462058
26462058
39920032
8072310
26462058
5350946
15261713
247411761
1223526511
1223526511
247411761
75473819
75473819
15261713
86745634
130862404
647154444
647154444
130862404
428983580
428983580
86745634
8072310
39920032
39920032
8072310
26462058
26462058
5350946
103351254
103351254
1223526511
1223526511
75473819
75473819
15261713
247411761
1223526511
1223526511
247411761
75473819
75473819
15261713
12499513834
12499513834
8285636058
8285636058
771038497
771038497
511103428
511103428
103351254
1675455161
2527551876
12499513834
12499513834
2527551876
8285636058
8285636058
1675455161
155913248
771038497
771038497
155913248
511103428
511103428
103351254
103351254
103351254
5350946
39920032
26462058
1223526511
1223526511
75473819
75473819
647154444
647154444
428983580
428983580
39920032
39920032
26462058
26462058
39920032
8072310
26462058
5350946
15261713
247411761
1223526511
1223526511
247411761
75473819
75473819
15261713
86745634
130862404
647154444
647154444
130862404
428983580
428983580
86745634
8072310
39920032
39920032
8072310
26462058
26462058
5350946
270335663
179199204
12499513834
12499513834
8285636058
8285636058
771038497
771038497
511103428
511103428
4382484641
4382484641
2905046808
2905046808
270335663
270335663
179199204
179199204
270335663
54665119
179199204
36236232
103351254
1675455161
2527551876
12499513834
12499513834
2527551876
8285636058
8285636058
1675455161
155913248
771038497
771038497
155913248
511103428
511103428
103351254
587435368
886191049
4382484641
4382484641
886191049
2905046808
2905046808
587435368
54665119
270335663
270335663
54665119
179199204
179199204
36236232
4278383711
1355955928
102936528
32623864
473654540
473654540
11395976
11395976
4278383711
4278383711
1355955928
473654540
473654540
1355955928
102936528
102936528
32623864
11395976
11395976
32623864
4278383711
94961917
1355955928
30096453
102936528
2284753
32623864
724111
473654540
473654540
10513116
10513116
11395976
11395976
252942
252942
724111
30096453
94961917
4278383711
4278383711
94961917
1355955928
473654540
473654540
1355955928
10513116
10513116
30096453
2284753
102936528
102936528
2284753
32623864
11395976
11395976
32623864
252942
252942
724111
4278383711
1355955928
102936528
32623864
473654540
473654540
11395976
11395976
4278383711
4278383711
1355955928
473654540
473654540
1355955928
102936528
102936528
32623864
11395976
11395976
32623864
4278383711
94961917
1355955928
30096453
102936528
2284753
32623864
724111
473654540
473654540
10513116
10513116
11395976
11395976
252942
252942
724111
30096453
94961917
4278383711
4278383711
94961917
1355955928
473654540
473654540
1355955928
10513116
10513116
30096453
2284753
102936528
102936528
2284753
32623864
11395976
11395976
32623864
252942
252942
724111
4278383711
1355955928
102936528
32623864
473654540
473654540
11395976
11395976
4278383711
4278383711
1355955928
473654540
473654540
1355955928
102936528
102936528
32623864
11395976
11395976
32623864
4278383711
94961917
1355955928
30096453
102936528
2284753
32623864
724111
473654540
473654540
10513116
10513116
11395976
11395976
252942
252942
724111
30096453
94961917
4278383711
4278383711
94961917
1355955928
473654540
473654540
1355955928
10513116
10513116
30096453
2284753
102936528
102936528
2284753
32623864
11395976
11395976
32623864
252942
252942
724111
135086
4278383711
1355955928
102936528
32623864
798150790
252959376
19203230
6086121
473654540
473654540
11395976
11395976
88362280
88362280
2125968
2125968
4278383711
4278383711
1355955928
473654540
473654540
1355955928
102936528
102936528
32623864
11395976
11395976
32623864
798150790
798150790
252959376
88362280
88362280
252959376
19203230
19203230
6086121
2125968
2125968
6086121
4278383711
94961917
1355955928
30096453
102936528
2284753
32623864
724111
798150790
17715552
252959376
5614622
19203230
426230
6086121
135086
473654540
473654540
10513116
10513116
11395976
11395976
252942
252942
88362280
88362280
1961267
1961267
2125968
2125968
47187
47187
724111
30096453
94961917
4278383711
4278383711
94961917
1355955928
473654540
473654540
1355955928
10513116
10513116
30096453
2284753
102936528
102936528
2284753
32623864
11395976
11395976
32623864
252942
252942
724111
5614622
17715552
798150790
798150790
17715552
252959376
88362280
88362280
252959376
1961267
1961267
5614622
426230
19203230
19203230
426230
6086121
2125968
2125968
6086121
47187
47187
135086
4278383711
1355955928
102936528
32623864
473654540
473654540
11395976
11395976
4278383711
4278383711
1355955928
473654540
473654540
1355955928
102936528
102936528
32623864
11395976
11395976
32623864
4278383711
94961917
1355955928
30096453
102936528
2284753
32623864
724111
473654540
473654540
10513116
10513116
11395976
11395976
252942
252942
724111
30096453
94961917
4278383711
4278383711
94961917
1355955928
473654540
473654540
1355955928
10513116
10513116
30096453
2284753
102936528
102936528
2284753
32623864
11395976
11395976
32623864
252942
252942
724111
225384648
7397501
225384648
225384648
7397501
7397501
2094785700
738839501
68754369
24249949
45533111
45533111
1494473
1494473
2094785700
2094785700
738839501
45533111
45533111
738839501
68754369
68754369
24249949
1494473
1494473
24249949
2094785700
225384648
738839501
79494089
68754369
7397501
24249949
2609129
45533111
45533111
4899052
4899052
1494473
1494473
160795
160795
2609129
79494089
225384648
2094785700
2094785700
225384648
738839501
45533111
45533111
738839501
4899052
4899052
79494089
7397501
68754369
68754369
7397501
24249949
1494473
1494473
24249949
160795
160795
2609129
4278383711
1355955928
102936528
32623864
473654540
473654540
11395976
11395976
4278383711
4278383711
1355955928
473654540
473654540
1355955928
102936528
102936528
32623864
11395976
11395976
32623864
4278383711
94961917
1355955928
30096453
102936528
2284753
32623864
724111
473654540
473654540
10513116
10513116
11395976
11395976
252942
252942
724111
30096453
94961917
4278383711
4278383711
94961917
1355955928
473654540
473654540
1355955928
10513116
10513116
30096453
2284753
102936528
102936528
2284753
32623864
11395976
11395976
32623864
252942
252942
724111
455892
225384648
455892
7397501
455892
455892
225384648
225384648
7397501
455892
455892
7397501
2094785700
738839501
68754369
24249949
45533111
45533111
1494473
1494473
2094785700
2094785700
738839501
45533111
45533111
738839501
68754369
68754369
24249949
1494473
1494473
24249949
455892
160795
2094785700
225384648
738839501
79494089
68754369
455892
7397501
24249949
160795
2609129
45533111
45533111
4899052
4899052
455892
455892
1494473
1494473
160795
160795
2609129
79494089
225384648
2094785700
2094785700
225384648
738839501
45533111
45533111
738839501
4899052
4899052
79494089
7397501
68754369
68754369
455892
455892
7397501
24249949
1494473
1494473
24249949
160795
160795
2609129
4278383711
1355955928
102936528
32623864
473654540
473654540
11395976
11395976
4278383711
4278383711
1355955928
473654540
473654540
1355955928
102936528
102936528
32623864
11395976
11395976
32623864
4278383711
94961917
1355955928
30096453
102936528
2284753
32623864
724111
473654540
473654540
10513116
10513116
11395976
11395976
252942
252942
724111
30096453
94961917
4278383711
4278383711
94961917
1355955928
473654540
473654540
1355955928
10513116
10513116
30096453
2284753
102936528
102936528
2284753
32623864
11395976
11395976
32623864
252942
252942
724111
225384648
7397501
225384648
225384648
7397501
7397501
2094785700
738839501
68754369
24249949
45533111
45533111
1494473
1494473
2094785700
2094785700
738839501
45533111
45533111
738839501
68754369
68754369
24249949
1494473
1494473
24249949
2094785700
225384648
738839501
79494089
68754369
7397501
24249949
2609129
45533111
45533111
4899052
4899052
1494473
1494473
160795
160795
2609129
79494089
225384648
2094785700
2094785700
225384648
738839501
45533111
45533111
738839501
4899052
4899052
79494089
7397501
68754369
68754369
7397501
24249949
1494473
1494473
24249949
160795
160795
2609129
4278383711
1355955928
102936528
32623864
798150790
252959376
19203230
6086121
473654540
473654540
11395976
11395976
88362280
88362280
2125968
2125968
4278383711
4278383711
1355955928
473654540
473654540
1355955928
102936528
102936528
32623864
11395976
11395976
32623864
798150790
798150790
252959376
88362280
88362280
252959376
19203230
19203230
6086121
2125968
2125968
6086121
4278383711
94961917
1355955928
30096453
102936528
2284753
32623864
724111
798150790
17715552
252959376
5614622
19203230
426230
6086121
135086
473654540
473654540
10513116
10513116
11395976
11395976
252942
252942
88362280
88362280
1961267
1961267
2125968
2125968
47187
47187
724111
30096453
94961917
4278383711
4278383711
94961917
1355955928
473654540
473654540
1355955928
10513116
10513116
30096453
2284753
102936528
102936528
2284753
32623864
11395976
11395976
32623864
252942
252942
724111
5614622
17715552
798150790
798150790
17715552
252959376
88362280
88362280
252959376
1961267
1961267
5614622
426230
19203230
19203230
426230
6086121
2125968
2125968
6086121
47187
47187
135086
14274143
14274143
455892
94648
225384641
455892
7397501
46792263
94648
1380035
455892
455892
94648
94648
225384641
225384641
7397501
455892
455892
7397501
46792263
46792263
1380035
14274143
14274143
94648
94648
1380035
2094785740
738839515
68754373
24249949
593279179
188029048
14274143
4523930
45533112
45533112
1494473
1494473
15802543
15802543
1350839
1350839
2094785740
2094785740
738839515
45533112
45533112
738839515
68754373
68754373
24249949
1494473
1494473
24249949
593279179
593279179
188029048
15802543
15802543
188029048
14274143
14274143
4523930
1350839
1350839
4523930
455892
160795
94648
29997
2094785700
225384648
738839501
79494089
68754369
455892
7397501
24249949
160795
2609129
593279177
46792263
188029048
14829957
14274143
94648
1380035
4523930
29997
2528140
45533083
45533083
4899049
4899049
455892
455892
1494472
1494472
160795
160795
15802537
15802537
1246355
1246355
94648
94648
1350839
1350839
29997
29997
79494089
225384648
2094785700
2094785700
225384648
738839501
45533111
45533111
738839501
4899052
4899052
79494089
7397501
68754369
68754369
455892
455892
7397501
24249949
1494473
1494473
24249949
160795
160795
2609129
46792263
593279177
593279177
46792263
188029048
15802543
15802543
188029048
1246355
1246355
14829957
14274143
14274143
94648
94648
1380035
1350839
1350839
4523930
29997
