1193874
15606201
5482459
6707438
5482459
5482459
31773743
15606201
11162116
31773743
31773743
15606201
11162116
15606201
1236817
3294469
15606201
5482459
5679658
6707438
5679658
16447376
17038973
5368533
5561635
10930168
807053
33486348
9883407
10238904
20122311
4936242
5113794
10050036
3581623
3710450
7292073
1022206
360503
373470
4416549
1534090
1589269
46818603
48502626
95321229
1866373
99853362
81617148
232328892
166169976
24092192
5893405
5899040
81617148
7544932
9883830
179553
114264
244851430
12919668
99718620
4536430
961720
3226148
15986894
2027331
3721662
2837203
79921137
16561930
82795838
1399366
6568338
32548825
7577190
162716975
498509927
1770515
3732293
147133886
26730742
2966368
1864084
7838468
2608743
73485638
76128847
5311319
13350600
641613
1352536
216639
1073538
921891
5994085
28135010
17680214
32456358
24743050
209116
62194447
696986675
2310604
6209687
1660740
67103143
361014
283856017
35996370
1040602
50376085
1419043334
25012
371434729
58195
756229562
26820532
371434729
34336532
44980716
817135
1114304125
3236
24978
241
808
72755393
9226261
932
20019
363716285
20739
6368430
148127744
1898
40758
40758
740515162
2268688681
16985441
36855
8483334
1963
18407
334428717
54
231
1501
7047
80461590
147706932
174586
174586
174586
3171944419
579
416
1642953
71102
71102
71102
12619
355451
6457980826
575
97068216
19398
396927695
26820532
123811527
1355427
651608
94821
1114304125
3236
1149
10767
21
70
19013398
195084
108
3168
34825430
1807
554760
23024
16
40758
10651
48242054
3515
35260646
5618333
4207
40
2
520
87397318
5
11
392
1
4882545
147706932
10
6262
29539
16436973
276311015
25
45
75518
71102
4
6194
3298
38744
365251
487745
2296485
21329268
77442933
87218841
1003147
5893405
334
27205705
297835
1666152
145
143181
20836
12007
9178149
4648
244851430
12919668
14892358
4585471
1080
2366
130277181
53652
83776
281033
4177906
42867
1224682
430558
110978
503621
5777557
7652360
1170
12645712
6962004
158
11637426
590528
68937
7212422
11526927
139
121900
2267638
1841
5059
65556
10600460
772
7747992
42523343
162716975
998157
1234543
65467
6935394
16795572
6985630
40934
9
6042
869581
2077319
19204235
46687269
30546
325737
102076
117821
18872
357846
42044
147846
1566453
134
1072865
4620426
5503
32456358
117
510691
21585808
29991
8712423
3611776
10200
117927697
24015744
60715155
24998493
39420
100097
91
179368
9091157
16594
24726960
58026497
16054
283856017
9407046
15
13164942
7276315
154675293
80258
1373
1680
24950341
24950341
207251
3909
50798118
7959
71022882
3909
825
24950341
1680
25847782
301907
4120
74851019
4268
4268
93057
77543341
8388
8388
1345
1345
1345
1345
1345
1345
1345
1345
1345
41536
1345
24431871
1393
1393
1393
25310666
2738
2738
2738
2738
2738
2738
49742537
152394355
2476
2476
44978791
2565
46596636
5040
91575427
1236
1236
22464540
90
384
11727
11727
11727
11727
11727
11727
11727
11727
11727
11727
11727
11727
213068645
12149
12149
12149
220732532
23877
23877
23877
23877
23877
23877
23877
433801177
20
39
6520352
118
207251
1303
26662777
1784
71022882
551
216
8316777
1
1020335
26299
359
355
1095
1084321
1421
46347450
8685815
74851019
1669
4268
2970
1135
386
1
723
26494794
50798098
213
55
165
34
117
1345
1
117
156
1
448
516598
2339324
6384858
151
364
121
4571173
127
344
2738
24
716
716
10801
3240558
236
2368559
4333118
7732
2476
283
14877790
839
31830839
197
29519
16932718
35
1
107
2541
5870730
8
18
3065
1022
3728
1
1
11727
3065
6780
1022
1814
421
1984
84
1104119
12929365
18560607
55681905
213068645
1
526
1312
3230
57684733
4963914
10145909
6240
23877
2603
1
2080
1
1
24535
244054
4078418
78523
154262
1432748
26
31773743
5202065
5858741
1322990
7120073
15606201
631
2200075
95391
860954
250508
1827486
127524
379
224203
358
2772593
241
78
241
241
927611
2571676
773771
616523
1728378
238263
1432746
1432746
4298245
312
312
10184149
1908576
16447376
1161046
631070
543819
249
586
6661684
17038973
7973
5000979
159
8751094
484354
1539840
5821829
636
11162112
113515
388095
514031
218640
847519
79
79
949185
299500
849449
209992
134323
467658
467658
467658
1402976
11
365815
3083575
3243055
304
952948
781719
659835
621084
1789510
1789510
5368533
198304
602484
23150
484479
484479
1453440
29196
23134
774297
35
1004446
2373
1089
712063
52
520455
1374685
254711
952137
2856415
505701
94566
3773506
618
1699
10930168
9149
4398
465870
1128207
2582862
20
5571935
3269169
9883407
368481
3347562
6994344
96
6486
5258627
785203
3720708
68117
139539
23
558
1290004
3805
1645413
548470
1045373
167954
3136118
684816
57799
245208
569810
311998
311998
204778
393581
32105
31404
120168
2
17
743865
69964
974645
3190249
585239
19
242613
384437
1154793
3637441
222
685
222
2841032
7921543
1613207
4078412
4078412
4078412
12235254
1679221
1611
2476445
14884502
27066705
14573
2648
7243959
6714698
16249318
1765345
46818603
5389172
5238506
2101169
6571153
710
710
230
12675345
1090745
2229410
2743
16167536
2128501
1395
1395
10389985
8303521
24910599
3533791
40312880
19485784
3882446
13768185
5391
5391
1810
95321229
1447735
12664097
38043627
180216120
63309924
38043627
2247504
180216120
63309924
9179004
2247504
1771566
7609995
4571479
2247504
38043627
180216120
63309924
180216120
2555609
4057987
5649356
5694830
1456129
1633396
7666827
37992292
4817881
8844400
9673752
20259176
139278
88634
132951
4406375
1728357
198384
533151
746001
2502504
12400938
1572589
2886871
3157577
28931
2200801
5531963
61994349
189929772
1373378
22829981
2895117
10062540
4051649
10184278
10096775
114130865
457918
2300994
11402375
1445959
6080252
2023586
1801275
5086511
57002364
497695
1049154
12921494
168046
832737
25050035
715105
1730092
4343204
4649575
1243499
21824158
108147712
13714436
25176201
50244262
396464
270313
47667172
19193035
162210
306372
48243857
324383
540648361
17581242
250189427
14084
3120152
1042548
821775
3486023
52814994
82554253
83971957
3547887
5633600
2608715
675453
748234
2267602
3556404
10643660
2206998
6688541
4102644
9397605
60903
801731
2053157
87003929
88102545
70311
88498047
1464702
275411
247312
1035654
17215905
40164
7679883
28398665
28757261
28886355
86065168
263674642
31694278
1072
4688655
1855999
14017094
52941777
53179439
158444959
635716
15829625
839307
26560333
17938579
11475039
11619936
806139
6029559
2156794
2166476
9997314
10123552
30297920
50166378
50391580
150138701
6361703
23411385
22210587
8903055
8943022
26645199
425328
66975712
450333
247662760
250790049
200146
251915872
750568284
4404
1138597028
64095
14199624
3490
20679
25638175
169
187
568
553
1675
42767935
15
400949381
66047
8439
62
1125502
4713199
4312
182784
7113
7113
130872564
122686
7236
744147
21558
13261
242016427
39688
39688
39688
3965
120874477
4493
3668690
543
2504
2536
137884011
12622
1594
106543804
6674
3894
62036
910852
63102
63102
1146453975
188007
188007
2701
113299315
16750
7182318
1163
1
80817
169
41
350
48
1
11176680
11
5867
12597907
17260
2205
1
37291
1571066
765
2024
1
1859
67058437
1474
6
4669
13808
13261
63246921
1
7109
3457
1
21579500
3
2249885
1
30
1
750997
4207
139
1559
1744
1700
325
238036
21034
4
40399723
29089
33846
10783975
24895806
3681
1578205
67918
273925
77251
13802310
1567
1229
122
17758
869571
675453
163105
1396925
68
3547885
192254
98
378
185483
2455906
42643
69840
30
2175637
1289
2768199
6125
62934
12490275
29354639
29297136
68906931
66145
71974
8194
4
345218
3054186
445
2007008
416
7421513
2426536
3785
7515226
14735075
25078
990811
346985
316241
540006
7497216
55123802
4095604
2
4688655
9
7412887
52941777
13897552
28381516
2319
13802287
25967594
55378
545
895
219339
4741768
12551
1898448
33310
494378
88
802
10
117862
412
165020
575
1891834
239
16797187
18194024
554174
343
71796
42
361637
6963274
53
7339
196647
2154191
1296119
13991082
52305
51497219
8877226
14248
83971924
27798682
579170
536423
14249
135120008
116130886
3172
9529
820152718
288119655
173134257
10228255
45142
288119655
7524
20804526
45142
288119655
18467655
25709879
2423
365
409
409
34891268
9517
1207
1207
92198291
633846
33
47575
6079
134
2426338
187
3395006
627
3106
56435923
7156758
723
723
131663
15529
15529
263303
15529
15529
536023
15529
15529
15529
15529
282132552
864358964
13175503
28588
28588
28588
28588
28588
519402699
2856
6580472
1523
14278
259414329
3237
42
179
433
7873545
1165
1165
311
5467
5467
5467
99320430
27090
27090
27090
27090
3435
62413573
114575376
228658613
1230178
4808
4808
2805
135425
135425
135425
135425
135425
135425
135425
135425
135425
2460458159
1946
219
81611614
75295224
45245725
5173558
15047
151227453
2508
20804526
1
96039847
58214
1014892
2423
365
252
89
505448
438
105
1
24094472
73552
23
12433
4102
12649
27158326
1589
1
80390
211361
16
1131668
55
551
14748579
8772
151325
6
84
1458
2457
1
3163
13
15529
3363
9946
4058
4058
1353
18379980
27013878
1339
13434129
144563287
864358964
4358107
28588
1
5121
3263
2490
135737155
1
31
1
404
46312767
67793570
2
4
8
19
4828581
304
1
34
64
1
1
540957
27090
2
9030
2360
299
3787361
114575376
3346
56545
1256
1256
1225
8
45142
20953
14761
709
24380
8
4857
22913
12750061
86703724
214332788
642999338
139159
378341
7767899
874949
17932914
16544983
9942062
1136811
60072016
33229939
382194
146417
590522
168638
4571479
127
9942062
3421
21103300
2637
88
12792
223007
1898276
1456129
356059
1006231
1292424
112
111065
146
2555608
5673914
1747041
71
419690
272
399860
9673752
5294395
16162
9314
93089
412
150559
64
21103275
135065
901
2779
26805959
7119435
4749420
16544958
49634950
5967630
3606
62999356
142593
51844
53
17665
8
46443
41618
64985
248667
217995
863959
442164
2199987
51617
3240776
701
1928
33251
949979
24977
333981
86085
390656
320
1445685
53820
2126425
744680
4038722
4481617
5935890
907
294
907
9809204
2951946
678698
388977
5400385
5400385
5400385
16201180
123
5297134
8630921
8263
39706705
31765590
9027082
61994349
189929772
774265
2950140
5882
957628
10062540
19
2661490
5339641
50783
5379743
20443737
1670
13028224
9942045
29826181
18704943
114130865
39890
31752
392
645
7
4687
11638
674528
470733
124104
1611364
10176528
14896609
34957639
79180
91393
9041
14639
277579
4144315
71810
32613
74949
1061007
64
1729
114683
68
22
1215088
134304
104
889
257294
118867
414
4078379
513
13105495
9420847
22107803
6117
36049223
108147712
832215
1194677
3584037
4269
25176201
6807110
735
154085
6
12425
91
91
776125
5015777
2772239
396140
38
16743981
23264
5286
141648
20023910
6758174
110520575
417187
2801633
19051828
7912
91475804
30161706
58930508
18628868
47096379
141289352
386395
19391180
4702603
2829431
30578
10264
30578
30578
97329466
83651247
180216049
424224
5545407
5903928
16805945
5903928
5903928
1948102
3547735
946
5903928
5545407
1972701
1948102
1972701
5640638
1185417
1170636
1981556
1948102
1972701
3547735
5545407
5640638
1981556
5903928
16805945
5903928
3547735
5545407
5844305
5918102
4723
5944669
1907620
1931708
1940380
5781245
17711785
3511906
3556252
2838
3572216
10643204
1784134
5315721
3856964
1204986
770811
780545
16636221
16846290
13444
16921915
50417834
1930618
1389
1479
76482844
1479
1479
488
889
4305
26868421
1389
8977644
488
1413
5035
496
8865695
8978
1389
496
26868421
4210
16145529
1464
1464
1464
1464
26597080
1482
1482
1482
26932926
1489
4437
4437
4437
102094
4437
4437
4437
478
478
9963
484
484
8791087
486
8241
486
486
486
8830553
1448
49986
1448
177154
1448
26310098
891
891
891
891
16184289
16256940
2666
2666
56510
2666
48436581
447
8119486
1332
1332
24191526
966
302
98422
4167
4167
4167
4167
4167
4167
4220
4220
4220
4220
4220
61183
4239
4239
4239
4239
4239
4239
4239
77010617
12629
435929
12629
12629
12629
12629
12629
12629
12629
12629
229448529
37
111
907
7610642
80
1
1
461
1125
13590328
363
1267841
138
247
1678
178
130
1
1
1
8956137
1
50894
128
1025
383
319
2503311
132
1
1482
745915
394
7038467
846238
27
1160
80
2733
1
1
1160
1160
1
125
4182
25
1
291269
4504508
12
99
1
1
37
311179
343618
57
314
927
46296
257
291335
8770029
891
78
233
7
464423
4229492
4248478
1
478
65
232
11065221
23
1449557
1
61
4945287
1
1
8719
49
1
1089
22
1089
1
1103
368
271
368
1
15989
1
43
261
1413
1
1413
1
164263
2713766
1127
1127
47228029
191
190357
1954
1
437
3300
2137
823
2274
4210
839795
1249711
8
441659
3621349
1672323
320965
28
2720
1841200
247
2986269
1449199
278589
551715
128515
984469
395139
25941
712965
29
240
927141
105
83
29
1967975
80
203
11183
1848468
550065
146144
509103
1527311
4092024
1273983
163903
28
87
267560
515531
1546596
185948
112
528213
5918102
411
4227
87
839008
107188
1971836
1967973
320551
259
4628677
14
1002
10911101
5903926
28
498524
162997
254
64002
87234
98898
28
504819
810836
989797
1685
66556
23308
148062
68377
28
75505
48522
21243
64016
1025621
36274
503610
1510831
3702824
228213
1927081
17
102050
309788
929367
28197
3556252
6
933539
3572216
1906468
156
12262
927139
1375338
2431415
5628618
1744318
318518
90802
466253
243053
463057
183
1086652
301
214
843
127524
2238
1473838
196131
4347596
144703
87064
316
908
6263
635294
80
686
939821
1080768
1467496
1467496
4402494
3513
54700
3459217
36094
1041514
596309
248
80
248
248
80
684286
172353
10377643
957
5640636
5640636
1867318
20
38905
869898
3284551
1745778
738
8530520
6109706
764232
13175853
36033
184532
40
274605
22015954
957
957
9076400
7800846
16805938
4214539
55092021
3032
640
1065
1065
1065
640
55092021
19353827
1065
1065
19353827
1065
78962
1065
640
11629927
19353827
3032
19353827
640
3032
19353827
1065
3032
1065
3032
10854
55092021
1065
55092021
3032
19353827
19353827
11629927
19354
640
3032
3032
55092021
19353827
3032
55092021
19353827
1065
3032
3032
19353827
23648
3032
640
55092021
11629927
11629927
19353827
3196
3196
3196
234188
3196
3196
3196
3196
3196
73541
3196
3196
3196
3196
3196
3196
3196
3196
3196
3196
3196
3196
3196
3196
3196
3196
69677
3196
3196
1043
1043
1043
1043
1043
1043
17687
1043
21478
1043
1043
36006
45482
1043
1043
1043
1043
1043
1043
127607
1043
1043
1043
1043
1043
1043
1043
1043
1043
1043
1043
1043
1043
1043
1043
32219
1043
1043
18951656
58061482
1920
1920
1920
1920
1920
1920
1920
40705
1920
1920
1920
1920
1920
34889776
959
78994
959
959
959
959
959
17425608
17702
696
696
12643617
217
199
70
7657789
298
9097
9097
9097
9097
9097
231405
214855
9097
9097
9097
9097
9097
9097
9097
9097
9097
9097
9097
9097
9097
314007
9097
9097
9097
9097
9097
9097
9097
9097
9097
9097
9097
9097
9097
9097
9097
9097
9097
9097
225888
9097
9097
9097
9097
9097
9097
9097
9097
9097
9097
9097
9097
9097
9097
9097
9097
9097
9097
9097
9097
9097
9097
165276063
80
11262037
241
1
278
653
15
15
5482087
5057797
154
58
92
1
78962
1
332
3039286
9789368
792
2733186
226
1011
10158384
302
679
1
529
3618
55092021
383
9817066
427
916009
283
480795
2
167
1011
1
1860039
6451273
176
317778
736087
1
523
1
6451273
1
1
1
13518188
382314
36660
763988
835
163
278
20400
2238
1250
58
3196
1969
1
278
278
285
577
147
1
1
1
3196
226
1
3196
835
697
58
1
2224
835
835
2227045
1608028
276
850
850
276
850
7574525
5464734
913506
841101
5057789
15173391
1824303
10094383
1102
35951436
6737534
19353820
165
26
48
41
1
42
212
1
9015
131
1043
226
129
98
668
113
53
1
9
33348
128
26
273
273
80
91
1043
1
273
185
91
9
273
121
1
1
348
91
4115
209854
400722
1234636
1814600
627913
667835
90
902409
737454
1650896
4952696
2946
9710732
3422719
6317216
58061482
1920
1
344
167
1920
219
502
47
628
75
167
167
15
1001194
11246
9117856
7970486
23833713
6451280
11540612
206
1
27
1
49
44
1
83
1971
3110962
4553889
3562183
331
953
232
1
2131760
1
1
6
1289720
14
2377
792
2892
1
1
35541
19034
138
198
107
2377
1
93
560
9097
1
2377
3032
1011
150
137117
1408
2377
1
792
308
1
394
9097
2377
584
992
315
1
5259
19
983
2377
48
40896
1
2377
792
1539
1
593
3032
1638
1
792
1408
1
3032
792
1
527
326
1539
1
14
2377
1
65
352532
856458
5824139
2419
2419
2419
10029230
3134943
14397351
43192118
3716789
604920
28054599
101358268
900190
7596868
9348
165276063
869349
2608044
18
2474662
189312
964142
2
1111374
186565
3163604
2608526
60910
134373
58773
1204606
448355
1111374
616587
20
231197
20
12105636
5937
1326251
667837
2151065
3163604
600576
902645
4035210
2232151
1204395
504052
2712712
277050
20
2112815
851833
56630
12105636
1530128
2157151
241
1706585
201279
532758
62
105647
518
71425
3
667837
4035210
667837
194317
408715
230
1417569
704273
522401
69827
869349
145
161744
177
62
49
2090135
230
1417569
12
95485
57
145
2970417
84008
146
8056
167875
4035210
869347
1417568
869347
472521
489359
2608046
3038
278
9073
230899
900728
353340
407191
1728380
1905348
2150683
187
187
187
61
61
61
187
187
187
61
187
61
187
719542
1994833
649302
1800633
600209
576801
1664387
478233
1340692
1200792
319032
284341
200729
184819
230041
182705
1111373
1111373
1111373
1111373
1111373
1111373
3334123
184537
10
42159
1274100
439
2608046
400863
586671
2218088
4988014
7497507
8932897
242
242
242
722
242
242
2781108
7899783
7859470
2475947
1480471
4231848
2304091
1138712
4252708
1417568
4252708
904
415
3615
11799
46112
142838
50022
88053
271293
301043
317762
391612
398731
137974
146747
148483
169598
188058
213203
657415
738774
61
20
61
61
61
61
736277
232320
658912
198291
523748
162044
451117
104134
267634
162889
45590
104194
97044
17333
26129
362759
362759
362759
362759
362759
362759
362759
362759
1088280
8
36034
21861
17322
192669
283761
36029
355824
1437687
579764
1747985
2391911
2515618
555
26
236
236
647
2667214
739196
2133786
606375
511830
481771
752091
164386
1388112
1388112
1388112
4164339
3486
12758130
52924
3411
15576
219997
361373
1373265
36
36
112
2471
875143
8833
667836
667836
667836
2003511
3
15
4701607
60786
299158
275905
990682
2506526
4322117
1482099
1751393
5237097
1417571
4054399
1256465
2535874
7666499
782736
24
260911
69647
24
52838
22021
108240
175076
18
433
683587
194874
93423
333549
1000648
2952
8
125757
132
260911
782736
2348205
73
217
278274
824079
1276337
425445
11
154
153330
149952
441998
242015
242015
149558
468422
926081
607
12
24904
65177
52130
1
24360
93213
7
74875
278386
283396
283409
4824
343978
729777
54270
72
117395
3217392
1945210
4035206
366965
417
1345064
2474657
453966
7423985
14
13502
14
28024
77464
77464
188194
626604
298206
2235242
788541
2365924
810948
895766
2821541
1257517
1279766
3922393
1369554
1573275
4920227
5577886
6575017
172
172
531
531
531
531
531
172
531
531
172
172
531
172
1479
531
172
531
2203771
6477659
6144693
6144693
2026049
1468578
4400935
3958532
1251355
1230470
2329899
688856
550490
428154
369895
3163599
3163599
3163599
3163599
3163599
3163599
9490813
25955
1302561
315887
72
816708
132922
29
55803
190061
600763
1346356
1250
417
15359004
6164573
7423985
7423985
7423985
7423985
7423985
22271942
197803
1479192
1669296
1920964
2104647
11545819
5245609
15858503
20995479
2054
2054
689
689
2054
689
689
2054
11304
689
2054
6537901
5619095
5619095
5208551
12604498
1369367
12105631
12105631
12105631
4035206
12105631
1982
36316908
292047
312648
41202
83616
437466
1467507
7272104
922191
1692906
1851653
3877809
26659
18176
3205252
16965
14541
1290584
18176
16965
14541
1148801
10907
3244029
21812
13330
161171
330825
36354455
120520
288743
302552
323894
86623
453202
1520292
7533675
1918255
3500064
4017290
18830
13809
1337006
15064
3360714
166968
37662092
180107
594599
636542
890668
2987799
14805779
1877552
3446705
3769908
7895099
54277
37007
6525793
2627590
34541
29604
22207
6604744
1717186
673549
74016547
254933
277603
827100
36584
73912
386694
388429
1281012
1297188
1303011
3882243
6347945
6428102
6456958
19238121
804996
815161
651
818821
1126573
1145920
44880
3414199
1015471
16066
12853
2831769
288783
31734430
32135147
32279405
96174559
252049
856851
3566983
1167096
13150
441709
32875889
33291019
33440466
99633871
476467
525590
1683952
787297
790831
2356234
2608101
2641034
7904128
12924220
13087416
39168219
9118149
9973172
97901
6951206
30532
5765395
5864404
64610319
65426167
65719872
195808430
122
2210825
317263
3353480
3368527
11109168
619
11249449
11299947
1853
3068
3082
9183
9183
166836470
6981071
7069224
1
9770
547
547
547
21
2755
418029
15339
15339
15408
279932846
45906
834043194
285105664
251
4558012
804
804
6827582
20433688
1245
112081177
18696
849015
50857174
31229
31229
1380614
31370
93464
93464
93464
1698086169
1
14082
82911
876376
49
19381
191
1950596
463359
129
188
1
1
9183
166836470
246030
3355235
1
3257
377
547
143
1
48
258017
279
1
10867
12798833
1329
4097
24385209
3999
12205
126136970
95035184
251
1191160
268
14
914253
742422
1
37360378
1186
49334
13290667
15386
10410
304049
408
10380
8142
4246
77742440
1624
31
47926
72547
922
9561
16228
10803
101056
6
2235
224926
400741
19
6
53430
18
269979
30
93
121
266513
394833
94
91
19238121
12686
28370
386896
11
27230
375524
1126573
299467
790241
1145920
441093
1383
111505
500323
1400
1
1598427
5062
3355206
1402284
2764416
8293259
1309
583990
2799322
19834570
1475849
153
472
2811889
22766496
1407
1407
8377855
14545011
4439
74641
294525
33871
158
115433
38046
13
10958625
487
11146818
3428
255115
2
137354
525590
28623
561317
105424
15
85610
148
7
4847337
4308072
3420176
46893
2485358
43
133
5689
3035383
1
1506689
1532563
5628265
946
13965724
3712167
957
14408629
32233587
21808714
854830
8895032
8964578
17057054
21745228
139
2532684
149
149
357311
209
209
3793784
700
700
700
700
700
700
700
700
700
700
700
700
12726486
3471
3471
3471
3471
3471
3471
3471
63065003
440
440
7997407
808
808
14681187
16057870
1851
231192
9
27796526
616
11192
616
616
616
8
1548
28132807
3156
158
17353
17353
17353
17353
17353
17353
17353
17353
17353
472916
17353
17353
17353
17353
17353
17353
17353
17353
315272418
916
58
41
216
13184248
3596
163297
29144720
17977
1317372
1088725
17977
326612483
284
5156470
304
304
5520208
7724034
1426
1426
7067
7067
7067
7067
7067
7067
7067
128398397
16282471
1645
1645
320931
1254
256731
3153
192583
57277536
14891748
35330
35330
35330
35330
35330
35330
35330
35330
35330
35330
35330
35330
35330
1561887
641884901
940358
1
16132
39
1
93377
11
18
56
991442
215
61
1
1
22
61
216
61
1
49
10
700
32
521855
184361
22203
2206707
1
3471
3471
213
1
315
1
2883550
16480977
44287332
63065003
8
6
169101
281848
38
485296
3795774
2645330
7997407
56
93
14681187
1
2209739
26828
1
43
3731
425
616
161
1
157
769232
55
25
2746
1
1512
1981
5784
5784
1
2624
491
291895
1
315
5784
622
2936
12239
1512
1
1633737
30186984
14414597
4614
1496
4614
4614
25687
27463672
27463672
82391141
47680393
105090764
315272418
916
3
4
56
4394748
139
7506
4353183
1150481
1923
344273
144852
1566
1550
108870785
284
1347557
101
5
480870
1034293
280639
1
1
1847
7067
2356
325
448
1
616
19958
42799449
1683035
225712
8793539
75
14
18648
328
4
728
14968520
25457
3891708
2736
17406
460
3924
3078
35330
3851
11777
9233
1
1605
1014
813
343970
41816627
3046
3046
30564231
29387024
3432104
336910784
36304
108434
1860
36
76322
349
7712
1
53976
81705
10767
18358
12221
6
25703
24405
23612
69598
38108
114324
246629
25
25
20251
247383
21
21
7
7
7
7
60176
21259
21020
127836
127836
127836
2560
66927
254458
45122
212
453358
102053
1467507
301506
332506
35
106
35
106
35
35
35
1106447
659587
40575
1900442
72615
5106827
138
446674
838271
2424034
7272104
11
15911
14533
19499
30668
32500
4
4
55960
12784
80333
240999
557083
52
287
437695
305036
922191
116562
195852
564302
1692906
2989
254808
3094
1583
89956
170262
6
62747
50482
337272
166735
73
890674
890003
229087
430194
430194
523
1897
1290584
126145
566014
1583
1783
1
26637
88701
282590
1831132
1125904
328142
1564
1
3
52188
5799
23115
454435
16176
188388
2628090
1027681
3356337
3480899
3843670
1662165
1713626
5498186
532
173
532
532
532
173
173
532
532
173
2962
1481
6151046
5752270
1843767
4149920
1362731
1252648
3359673
660667
1606434
1194818
3166870
3166870
3166870
3166870
3166870
3166870
3166870
3166870
9500625
72
1303908
5498086
22438826
2056
690
2056
25640608
5293622
12118147
12118147
12118147
12118147
36354455
5221
5085
45602
5
28215
12787
9356
9103
118437
34531
85747
506764
290638
268619
110
31358
1918255
474190
35014
331706
866
38802
1
181
501971
292755
132663
43634
783548
4028220
179
551
5010850
43585
3280780
3280780
9842354
15
1296
23096898
5243358
2130
12554026
12554026
156971
96435
1
155388
34
594599
63
10820
55450
212181
119266
32361
17
1832317
8
1031501
169
57
17726
1008875
939477
2211151
1289745
3869241
187703
3026631
680830
837
837
2301
4935258
4935258
14805779
194073
26027
490667
1013994
704583
156574
16
50
29820
1649
286984
82732
1
2150
15112
38208
38
686676
379529
1147390
149
1
1
161147
1726039
300
1525204
2936
160
448758
3362366
4821927
5138822
5732594
1083
1083
351
351
3524400
3388654
3081976
8067781
2123972
518508
395760
6447650
6447650
19342979
1083
962746
8219803
38849602
4186
16300465
36465819
15998910
4252599
1702275
24672173
74016547
1118658
1132784
904
1137869
3390213
1158895
1173529
1178797
3512155
2277554
2306313
2316666
6902368
10671
9701
534
9701205
541
14736
541
541
541
9823708
1
543
543
543
543
543
9867806
1618
1618
1618
1618
1618
29400541
10050147
1087
19751361
1101
1101
1101
48668
20000764
1106
20090547
3295
3295
3295
3295
3295
3295
59858585
187
3234
1
61794
341894
16925
33
9095
167
10
1
2567261
1703380
4662583
1
1
374
543
142
383
451167
47
144
144
404633
859594
2578785
1
141
50
1618
113
430
4446407
29400541
3350048
1
6583784
542
1101
367
10718
2678219
5226863
14
5250326
1098
366
287
209
150
56
3478197
2740469
2174856
7126
17629
27598
39424
118273
119644
16
16
5
16
136
163167
44545
49431
97447
97447
292342
40122
19610
1952
631440
21
372886
8507
1118658
124387
36131
31647
46966
64995
296
46
38380
20586
98678
98678
98678
296034
39
28094
196419
699181
248706
558123
537648
431323
349952
69579
16
66118
37840
52025
5
17
17
17
17
5
196445
194499
46659
51261
99121
297363
1
105691
802533
784689
379290
1137869
3780
50
50
16
16
16
579394
104435
295325
30078
65021
57588
532949
693035
437994
512721
235762
3390213
8366
33633
208804
13948
11803
1341
1
20409
386298
17
9116
102227
192319
97333
102686
318
7113
14944
392932
251021
88281
305947
917843
2348
121
88130
18529
198400
595200
33
129
43
492300
130856
253061
759184
34
34
308829
602716
6
507913
1136254
768771
2306313
129519
605422
5
30133
44
255642
8264
313555
401075
437979
33
101
33
33
316007
250785
176563
117323
601272
1196
37922
4232991
766533
3014057
2300788
612
612
612
612
612
612
612
612
612
612
612
44826
12224
612
612
612
612
612
612
612
612
612
612
612
612
612
612
612
612
612
612
612
612
612
612
612
612
612
612
612
612
612
612
612
612
11114
612
612
612
612
612
612
612
612
612
612
612
612
612
612
16671
612
612
612
612
612
612
612
612
612
612
612
612
612
612
612
612
612
612
612
612
612
612
612
612
612
612
612
612
612
612
612
612
612
612
612
612
612
612
612
612
18894
612
612
612
612
612
11113548
634
634
46438
38378
634
634
634
634
634
634
634
634
634
634
634
634
634
634
634
634
13817
634
11513292
1245
1245
1245
1245
1245
1245
1245
1245
1245
1245
1245
1245
1245
1245
1245
1245
1245
1245
1245
1245
1245
1245
1245
1245
1245
1245
1245
1245
1245
1245
1245
1245
1245
1245
1245
1245
1245
1245
1245
1245
1245
1245
1245
32430
1245
1245
1245
55057
1245
22626839
97
100
160
53
195
1
53
25
11
1
9
3905
214
53
25
57
204
1
1
33
612
19
70
62
53
53
24
612
1
9
204
612
1
1
195
19
204
43
612
204
34
32
1
160
1
3705
160
354
38
93
1
3
97
8
75
53
17
1
15
1
10290
53
160
53
612
1
28
1
1
189
53
1
97
43
149
9
1
56
1
1
34
11
95
1
42
4
86
53
71
612
9
422
204
612
1
160
22
44
160
104
1
1
432
204
53
1
28
4
57590
70790
303876
234990
1064110
391668
508123
508150
650816
53
163
53
163
163
53
163
514
163
1257
53
163
905
53
674389
455716
883493
160995
968111
968111
2904339
246
19389
1927032
1680763
7804477
211
629
211
6881464
5274774
1289631
3676067
3704515
11113548
68
55
12136
5106
24
248
1
634
55
55
1
21
166
27
69
26
68
207
166
8
441
55
9317
4276
1719676
168
168
55
3008805
258915
529205
7864897
2079331
454485
3837762
3837762
288
96
415
613
58
1245
325
325
16
1245
415
118
5
1
138
157
108
1245
1
57
79
57
1
78
136
415
34
11
1
5
325
5
1
49
325
1
79
1
108
279
57
1
1
32430
21
36
29
12125
1
809264
4913
1314776
1474062
107
107
331
107
7294
1077408
1035911
3029865
2991017
822106
2338820
313659
120984
1971045
5913144
3933830
11876313
1280
3517
4183807
12219889
7542277
7542277
15
87323
16019
140718
40875
1
1429
28
570
17684
6641
22111
8153
8163
10523
35040
35802
52041
53133
20195
74465
27097
88236
89324
92642
31609
31616
99564
36226
118313
122704
42617
45164
135492
137062
50291
52191
169066
58592
58595
180661
60406
193814
202160
202310
210175
216030
73529
75046
19
19
19
6
19
6
6
6
19
19
48
19
19
19
6
6
6
19
6
19
19
19
59
19
19
19
145
6
6
6
6
19
19
19
104
6
6
335
19
6
6
6
6
6
6
52
156
6
6
19
6
6
77765
226579
75293
221245
219053
219014
72276
216828
72223
71493
70392
69168
203880
67591
202771
200375
194982
64994
186922
62306
60289
167183
52549
51031
146287
48037
134669
44157
43420
118431
39477
116235
101877
23289
20571
57733
19240
56628
18875
18565
17765
50127
42118
32064
7150
6983
18356
18355
111634
111634
111634
111634
111634
111634
111634
111634
111634
111634
111634
111634
111634
111634
111634
111634
111634
111634
111634
111634
111634
334903
28
294
44
988
3
45964
22465
31782
3
11370
40250
1
12797
24578
2236
21768
201457
92419
119034
44
227
87323
261971
261971
58445
58445
120283
165564
67785
222208
311025
39403
407414
407418
193811
202764
722477
723368
736077
740869
774146
790982
281361
899944
24
72
24
185
72
72
72
72
72
72
399
24
72
24
903847
884416
883750
793510
227477
631403
608241
198281
186603
183794
183791
487955
157508
148709
148258
444776
423892
395900
129629
89119
78714
147723
48321
427172
427172
427172
427172
427172
427172
427172
427172
9745
427172
142391
427172
1281517
147512
271393
54321
90464
49171
30155
1074
493
9584
11571
51217
27621
38530
42372
141997
47337
143388
57513
179865
198298
73270
239203
6
19
19
19
19
6
6
19
19
74879
176636
143818
139513
44981
109620
94887
15978
13521
33371
10313
29809
5526
15813
1536
115650
115650
115650
115650
115650
115650
115650
115650
346949
1
358
4
887
29856
6969
8011
5522
16831
43603
46
46
33314
102393
814180
23380
47779
61023
434057
519053
184832
75
8
75
906911
217570
7004
239770
200103
52411
52407
442537
442537
442537
442537
1327612
10
96634
11524
145870
533364
93317
177788
3124
177788
567
260
621
15005
37939
118525
151608
165499
165558
169976
58261
181147
202077
114741
389657
439447
12
38
38
12
12
38
38
12
38
38
38
12
38
12
38
12
841
38
140825
124237
119452
349378
344898
328150
108642
108638
284394
94798
269692
246244
70552
66742
63659
164316
44349
36168
74871
60802
18278
13951
10860
29577
227284
227284
227284
227284
681852
545
10586
452
38
119
37739
14335
5
33078
33078
120715
96727
1103443
533364
1600091
22574
33937
101812
7
106270
119978
453615
289753
900770
376862
1139328
1369472
584671
602514
148
148
148
148
50
50
148
406
148
50
50
148
50
574601
482440
1409091
1285443
563971
149907
60006
869709
869709
869709
289903
869709
869709
2609129
785049
788573
49544
147615
112248
116695
118168
122276
123820
370570
130901
132554
133149
396710
17547
35451
183161
185474
186306
555088
614424
622182
497
624975
1862076
3044723
3083170
3097010
9227358
386108
390983
312
392738
1170140
708795
717745
2148079
2349507
1414546
1438838
1644083
1651463
4920436
1365038
23064
540349
547172
549628
21527
1637584
480986
487060
489246
7706
7193
10655
6165
6088
1358228
1375378
1381552
26140
4116253
27677
4080886
138511
140260
68332
204505
353129
359194
15221078
15413277
12301
15482469
46129091
550
627335
12585
82
85
1548281
86
1567831
91
92
92
1678423
93
276
276
276
276
267
222183
128
2348505
130
2359040
7028624
428
428
7779947
434
434
7878180
1
436
436
7913546
22791
1298
1298
23577941
2122
38552830
2149
2149
2149
107184
2158
2158
2158
2158
6431
6431
6431
6431
6431
6431
6431
116838467
269
4888969
272
4950697
1
816
494
8482
29749880
17911236
18218826
20817675
1151
3429
62303446
292041
6842
383
383
383
383
26955
1141
1141
15
272579
20735383
96847
7
17198127
959
17493460
18
666
51672913
1929
48
246
10608
10608
10608
10608
10608
10608
192732028
10742
10742
637534
10742
10742
10742
292753
10742
10742
474893
10742
195165687
155757
10790
182958
10790
10790
10790
10790
10790
10790
10790
196041808
32149
32149
32149
32149
32149
32149
1109720
32149
32149
3932889
32149
32149
642463
32149
32149
32149
584094850
48
915379
384724
3289
82
1
9862
86
409726
20
1
1
55610
1
92
170
72
5
70
58064
13
314478
613742
1
35
616495
255373
2342874
5
1
13573
134
1
1366036
1
1
25
324498
1477
90
1
128419
1
12850938
1
132
304
1
188
52
719
1
1
3945
6431
2144
408
1
1141
116838467
23
172299
24
2349727
1
1
214
2827
163
267
5440349
86
23
196394
16970
2281
264
383
100
33
514
380
298
10488173
1
3018
1
5
1498145
17
4571621
17493460
1
4501275
291
34
1
64
1
1
1
1
56
2772
2820
16789065
64243984
8371
10742
5292
936
102
3581
180694
1972
195
104584
1
14444447
2856
17001064
6132144
100001907
40704
140
2198
9
3597
281
1
1
7610
1933
6908288
8963244
930
2869
34998987
3533270
17077383
51232228
1
22
5759
2801
3570
2801
6963
4974
20591
390866
5788
1
95659
1460
2801
8402
8548
8548
26741257
58122009
16694602
88335898
35452
68693
72292
60101
30384
38577
1
2055
118168
779
15
32358
123820
5
32281
28535
49
4392
1
2
1
22987
34796
442
6743
34558
103673
244388
132237
4586
7783
18203
5182
24836
48471
3
21
48688
4
20168
185029
7244
1072
35
25
2
107883
12
192211
1
1295
35883
9
3
25627
9
64
1141949
10142
120698
35
105
129492
620692
14
45
67471
172
58
1014907
127830
116270
435960
805735
174
189377
1
45
15
74685
269783
1032336
11047
585508
1636979
44
1118185
318
1192379
522
5659873
3075785
9227358
6085
13607
33634
34059
185571
1
5
13061
17
66
307135
32450
239248
10
31
13
21
429653
136361
123805
33630
15510
4413
1365038
1340
15682
3
180116
540349
35646
3
22226
47879
143636
379030
549628
31243
427955
211566
715084
828307
545861
238
663
160329
53482
239974
2
127856
671
1
7460
1
73
118316
354950
766669
24089
361045
1381552
1075713
3
451
313
355490
2158161
12086
2428
12218
4
53444
92284
5
1609289
2518198
223
223
380621
672590
17615
1325922
1325922
1325922
3977773
6
223
132394
79658
1300572
2029
861
289
289
3290084
874523
5073691
202391
1140755
226
226
628
226
859876
280105
146849
1342665
1342665
1342665
4028001
44185
484288
2829283
9513438
3394425
7897685
7593677
5137757
15413277
1072
3215
3164962
13441
11010
531053
185976
403170
545584
707875
2772954
227
73
227
73
2764057
2185136
169498
279041
1348692
4046083
201383
876
10919705
5135506
5160821
5160821
5125446
1708476
35595
2095516
8262892
675
675
675
675
2111900
4590206
4584495
1318462
289432
4018348
4018348
4018348
4018348
12055062
32275
32968
1587
5122801
6976358
876
876
29545180
8304325
7560111
7137275
6868332
525
525
10
33
4037
599630
79
83
83
83
83
1505305
89
89
89
89
89
89
89
89
4083
89
89
89
1611490
255
212370
12
24
24
124
124
124
124
124
124
2254843
416
416
416
20674
416
416
416
7312
416
416
416
416
8069
416
416
416
416
416
416
416
416
416
416
416
416
416
7564006
2063
2063
102450
2063
2063
2063
2063
2063
2063
2063
2063
2063
2063
2063
2063
2063
2063
2063
2063
2063
2063
2063
2063
2063
2063
2063
2063
2063
37482775
262
262
262
5863
262
262
262
262
262
4753268
480
8143
480
480
480
480
480
8726
8725787
9544017
272240
958
17414093
1100
1100
1100
1100
19987479
909
909
137410
5
93687
16520903
8648
366
366
366
6652
366
366
366
366
366
366
366
5
87445
6652089
92569
7
74947
920
920
920
920
920
56220
6
16720776
31495
74947
214
62463
16577111
1876
94
46
212370
239
4347281
10314
10314
10314
10314
10314
262356
10314
10314
10314
10314
10314
755797
624618
10314
10314
174877
10314
10314
10314
10314
10314
337286
10314
10314
612109
10314
10314
10314
10314
356008
10314
10314
10314
10314
10314
10314
10314
10314
10314
10314
10314
10314
1261704
10314
10314
10314
281078
10314
10314
10314
10314
10314
10314
10314
10314
10314
10314
206107
10314
10314
10314
10314
10314
10314
10314
10314
10314
10314
10314
455955
10314
10314
10314
10314
10314
10314
187382612
525
46
293662
558903
1
1
1055
367733
79
7
83
28
1
2331
9588
393386
23
30
1
55
1
1
23
76
23
19
1
2
53392
140378
421136
973478
67
55499
1
1
3
7
1
32
12
1
11
33
301937
81926
589265
128
751614
36
17
5403
5
1
13
1
474
1
1
13
1
2109
36
24
129
36
1
29
1
6
2
416
1
1
19
310165
109575
13196
41198
1311560
2521334
1
1
1
539
80
1265
2063
688
2063
2063
539
95
688
131
127
1
180
1
1
51
50
688
292
1
187
366
1
180
1713842
9795493
26322240
5826
12494253
37482775
5
68
23
1
23
1
4
9
23
100505
167517
23
288436
656865
491321
65891
2567058
2256023
1572255
4753268
314
2714
22
4
208
33
56
4326
8725787
4199
1
255
158
1
8
82
1
3511481
5223391
63005
238
1
1313361
5031
15945
1
5444
4306
165
96
32
26
2217
122
96
1
252
366
96
32
317064
376
3364696
1
968
1
5
1
212
16
93
1
1
457194
2497488
1456562
4369693
660049
7432
1
16720776
8231
1444047
2826
93
468
33
15
1
1
55499
62
1136089
8038
1632
799
10314
1
1
1
5081
1103
7
1
1847
197515
83104
898
134
2101
9
898
1
1177
1145
1
3438
898
3438
898
10314
1
2234
1596
898
1
3438
1
1312
6606
1124
98
3438
1560
898
125393
292
54
703
173488
1
2695
1857
169
1
1893
269
187
1
1
30688
1
469
2695
898
331
2695
3438
370
1745
296
237
100414
7274
898
508
1
1847
898
971014
12207342
13868412
17941677
6603148
8567336
2742
2742
2742
889
2742
889
2742
15267
889
889
2742
2742
33453076
9713551
8922480
8578823
18646036
5355771
3377205
1001919
16323073
16323073
16323073
16323073
48969293
5887598
28338910
98352871
10598
96013899
62460846
62460846
187382612
23192
34038
44140
31384
19281
65659
646
2051
12376
29042
1
1998
113456
184
757
2
14
10356
10356
31068
7
17918
39627
118882
13
47
142
2375
3139
4217
2
1
1
2
1
21972
2163
11086
11086
33259
76881
27743
78402
5024
42423
4383
1
281
3676
3577
7473
4975
3
20
1
10463
9935
9611
28331
23846
6470
17698
15512
46537
100394
10
10
3
59359
13568
1238
8243
23986
100701
34298
9
9
9
3
3
3
3
24
33693
24495
19187
8654
7043
8556
52037
52037
52037
156113
2412
1042
21
366347
3254
27244
2
103581
38721
18368
206235
34
11
86
34
11
11
184546
41542
199123
199123
597370
3544
201711
1
72611
114201
122732
187836
105549
111633
135351
418574
442090
525157
14
43
14
43
14
14
43
14
14
450395
358723
268494
71386
16516
12321
257867
257867
773602
37529
29559
102
605134
65599
382525
136123
2078808
167
167
167
460
56
167
167
1815735
181825
341230
986738
986738
986738
986738
986738
2960215
4
763
6477
12778
5916
7937
12484
13230
5
2
2
2
22779
51876
38802
5204
32701
32701
32701
32701
98102
226768
21
21
117
202734
178170
124169
375391
140872
31305
47448
3
10
31156
5962
298610
341606
450639
79724
229707
229707
689122
753742
186324
20
20
13
21210
13758
277320
7
130338
412519
330
1217
10789
4976
118336
4218
57379
103723
340973
397
16541
25
1
1259
430
645
340
1304744
3021
10023
7639
34225
36618
15247
69308
25040
2
2
8
2
25542
21244
20549
45764
45764
137292
67872
75882
229405
30
30
30
30
362562
362289
93253
265728
175117
175117
175117
1
76
213
772
525351
51349
2
122209
230404
155879
645
726
1
7253
1
1
71
10843
36107
23129
197240
6
32219
115033
115033
115033
345098
60
1
745389
304944
75
458316
133575
52128
587
637
145
100
1320529
114044
342133
692356
223
1
3877
37
1
32
21244
11731
2361
17145
4
9409
1
4383
5
89723
1644287
548094
1008386
184984
3025165
11419
6585
12847
10524
76686
507597
177762
194320
672260
307880
964079
1027438
1069802
1095263
1146155
385362
418332
1366245
1416950
521486
1564622
1582813
676608
697556
2238116
2448304
2650473
2650806
217
217
217
217
217
217
70
217
217
217
217
70
70
70
217
217
70
217
1206
70
70
70
217
217
603
217
2641968
2503872
825585
2341545
767131
750532
729432
704656
2088618
677516
1968918
616199
1689285
554719
1613044
509909
1472577
1470745
1367603
370057
268934
242959
653922
486368
162011
424660
140993
422974
103669
266716
79127
92852
17126
1289120
1289120
1289120
1289120
1289120
1289120
1289120
1289120
1289120
1289120
1289120
1289120
1289120
1289120
1289120
1289120
1289120
1289120
1289120
1289120
3867367
6
29
217
10354
29
10576
530775
128719
41
42423
77447
509
9075489
192488
464975
2716454
1264473
1643438
1883160
2060278
2238075
7767452
9134048
1972
837
837
281
281
281
837
837
281
281
837
837
10437380
3259057
9478346
2664098
7582731
7290847
2425348
2289699
2203419
2154845
4908670
3198765
850250
474463
340347
4932867
4932867
4932867
4932867
4932867
4932867
4932867
4932867
14798606
256
256
6049
256
256
256
256
256
256
5118
256
256
256
256
256
256
256
256
256
256
256
4653
256
72743
256
256
256
256
256
256
256
256
256
4653079
259
259
259
259
259
259
259
259
259
259
5340
15392
259
259
259
259
259
259
4397
259
259
259
259
259
259
259
259
11937
259
259
6125
7068
259
259
259
259
259
259
259
259
4712
259
11465
259
259
259
4711835
1
1
1
3760
261
261
261
261
12936
261
261
261
261
4417
261
261
261
261
261
73992
261
261
261
261
261
261
261
261
261
261
261
261
261
261
261
261
261
261
261
261
261
261
5680
261
261
261
261
261
261
4732987
776
776
776
776
776
18332
19744
776
776
776
776
776
776
776
776
776
776
776
17861
776
13631
776
776
26792
776
776
776
105293
16452
776
776
776
776
776
776
776
94951
776
776
776
776
776
776
776
776
776
13160
776
776
776
776
776
776
776
776
776
15511
776
776
776
776
776
776
776
776
776
776
776
776
776
14101651
1
67
536
3
11
1
22
1
90
179
1
1
1
67
73
20
1
7
1
67
1
1551
25
3025
1
1
67
67
111
1
1
56
67
29639
163986
68
68
205025
437947
405334
405334
40
42
8118
438451
18
951193
1771696
88
1551026
1551026
202
74
1
259
86
24
18
128
259
8
23
5
2241
23
1
68
68
23
23
1466
17
2
86
16
1
13
1
6
2063
56
259
2042
4363
23
37
80
48
5
23
1
1
1
1
2525
1
2
42
963204
348729
130496
135210
156114
69
630942
410452
1231359
148047
817008
2414320
2236357
665415
1
1
1
983
14
12
7
1
1
1
3
16
3
53
1
46
87
1
1
1
8
16
1
1
20
23
13
20
6
87
15
23
12
1
94
1
7
10
23
5
1
1
1484
180
261
68
23
184
47
10095
166785
216397
22
22
69
69
69
69
844972
194078
184172
101214
85303
412295
1236887
708
2902582
1095201
4732987
1
203
68
1
259
350
1
12
1
1
31
139
68
476
24
14
5
478
1
86
884
68
776
168
11699
259
120
1
9172
19
1
1
49
497
27
53
93
9437
24814
259
1
203
1
1
131
51
19
203
433
35
54
1
140
403
28
138
1
2309
1
35
1
259
68
203
2
12
13
1
9
42
1
1
203
1566848
156149
819403
433896
206
206
645607
512359
1403225
403053
1228408
51613
44452
2882692
76806
2132671
3221488
7132762
4700548
4700548
14101651
40342
343
2901
3287
7176
11234
36267
13216
16048
48145
48703
75336
82046
7
2
7
7
7
7
2
7
7
55
66420
20064
19802
18133
45256
42859
11387
20122
18938
5481
5368
4638
527
39667
39667
39667
39667
39667
39667
119002
1
4
7
16332
3961
7983
4
11922
636
794
2383
42908
2
93087
8019
10091
38909
128963
173384
197319
257037
318835
61
26
26
9
26
9
9
9
9
9
99264
98429
26163
151789
50596
151789
151789
3463
151789
25
455366
94262
50633
14708
171
12882
6055
19118
8076
30040
34128
12771
13232
14152
42564
15278
17389
20824
65202
23608
26457
2
7
7
56
2
7
2
121
7
19
7
25725
74664
20847
61746
15623
29583
8380
4393
3582
40168
40168
40168
40168
40168
40168
40168
40168
40168
40168
120505
66
16
2211
11436
1322
31421
10755
3656
1
14488
79955
84643
193554
79679
284612
101239
26
9
26
101550
99516
236273
227192
227179
75568
218857
65120
175576
142453
28323
41156
153705
153705
153705
461116
1
6
1
6
32
96
1497
25896
94686
1
402
988
329
960
13938
15887
5564
26914
28508
35344
12062
15403
16322
21177
26594
82958
7
7
2
2
7
2
7
7
7
7
7
52
2
7
7
7
2
2
2
2
82692
80841
79966
79173
25550
23573
65372
20674
18993
18730
18024
38245
11583
11170
9905
21064
20867
5071
4718
8352
8348
40349
40349
40349
40349
40349
40349
121046
69
125
1
2795
5872
17616
1
43023
284056
6025
27571
166655
26
9
326683
319419
153638
107180
34724
154395
154395
154395
154395
463186
153337
51112
165794
33221
153337
51112
76
1652
1539
1
1065
23811
26329
15281
62691
24976
80190
87568
89905
42463
47785
63100
244825
247199
20
20
7
7
20
20
7
20
7
20
20
7
20
7
7
7
7
235851
233497
63181
167235
50141
137324
137153
42512
35301
98634
23457
20919
39444
34688
8659
1590
120216
120216
120216
120216
120216
120216
120216
120216
120216
360649
16499
239
966
46
986
922
49497
2718
7582
1
9432
5051
4350
12244
1
26468
21283
23442
216945
16
47
47
47
16
34629
94036
282110
282110
846329
7516
45429
178292
178331
89453
153258
602620
602620
208710
315266
26
26
26
26
78
78
78
78
883897
850152
846485
248439
729826
716209
698036
226174
213524
205479
7281
95970
54477
75025
460011
460011
460011
460011
460011
460011
460011
1380035
194
71
1
1
1
58
39
41
65
19
65
1
22
249
22
83
1
79
14
1
1
83
11
112
23
65
6
22
1
973
1
341
1
17
10
521
123
12
27
4
5
10
14
4
1
1
3231
3
11
65
1
22
10
1
22
1
13
22
4
249
45
65
8
1
65
3
1590
4769
2006
87
174
10
15
22
3
10
23
153
22
83
51
1
1
4
1
2152
22
13
1
97
249
8
249
1
28
83
5
249
24
2
153
25
22
8
22
22
43
1
1
1
1
28
22
22
10
31
1
1
1
65
249
71
83
1
22
8
283
20
28
1
22
4
83
22
83
22
45
1
249
249
1
163
1
65
1
1
65
4
1
11
54
3753
83
39
65
1
31
22
11
1
7
1
2943
6
22
79
8
1
1
8
2
23
11
1
1407
83
17
249
83
65
14
65
13
1
1
83
1
65
32
16
1
1
16
1261
11
1
1508
83
25
1
65
159
16
27
9
43
1
2
144
83
15
1
1
17
249
38
7
1
30
1
1
2941
1091
27
1
13
1
7
15
39
6
1
1980
22
2
1
10
3027
7960
54
83
3
65
54
31
1
27
22
65
1
1
1
1
18
7
1
1
81
1119
1
65
6
65
65
19
1
17
22
1
1
8
1
249
13
1
1960
65
4188
3
22
10
42
1
65
2246
19
6
16
22
249
6
22
22
83
65
1
11
6
35
1
108
1
14
1
77
22
1
214
65
139
11
39
17
65
1
22
1
45
60
129
4
4
1
9
1
23
1
11
46
16
44
1
1
90
1
6
9
14
22
1
22
5
54
39
1
4
1
1
1
741
1
56
1
17
11
1
22
1
2
83
35
1
22
2
22
65
29
22
1
173
1419
249
4
4
172
8
65
1
1
83
4
249
1
14
6484
1
2243
4
1
65
1
9
18
65
1
22
42
7
3
1
6
1
1
2424
14
176
1
83
1
36
22
1
1
12
1
45
2
65
1
22
65
88
1
40
11
502658
161801
924792
173523
982
3661
2
1680
7005
9650
23443
28816
123697
50094
152739
262872
95656
294719
334821
125291
129818
139198
433161
149888
159418
159434
187025
206839
206850
215628
675714
761917
264924
794782
21
66
66
21
66
21
21
66
66
66
66
66
21
21
66
209
66
512
66
21
66
369
66
66
21
1458
21
21
66
66
21
274520
807649
806137
234512
215413
625173
207116
605781
598013
199335
590178
185506
176037
164369
467615
450166
425791
359639
96744
85810
71177
65535
62712
148717
129303
33860
81535
26095
24189
394084
394084
394084
394084
394084
394084
394084
394084
1182253
100
676
39
101736
16558
1378
172059
14260
41
7892
426282
18
767909
924792
924792
924792
2774375
24640
142143
207941
784426
786516
1722521
684179
2374508
2732842
1033481
3176925
86
256
256
86
256
703
86
86
3090362
2801199
836495
2443201
2318039
762751
2288251
2147173
638878
524963
1496396
1110058
1046825
817034
214116
178581
170569
1507976
1507976
1507976
1507976
1507976
1507976
1507976
4523930