15274084
72588700
2960715915
20978916
20978916
20978916
162305316
162305316
20978916
162305316
162305316
72588700
120879911611
29362087
72588700
120879911611
29362087
561589163
227162490
561589163
227162490
72588700
2960715915
561589163
26654049928
561589163
26654049928
4414375
4414375
1785612
4414375
1785612
34152219
13814552
34152219
13814552
4414375
34152219
34152219
15274084
623609281
6178358
15274084
623609281
6178358
118169358
5614085711
47799436
118169358
5614085711
47799436
15274084
118169358
137505998
118169358
137505998
15478252
76279180
76279180
686708597
686708597
631945039
10746667
4094973
4094973
631945039
10746667
5689128949
55261776
5689128949
55261776
15478252
139344035
139344035
393518
393518
7638887
3542673
7638887
3542673
3260151
21126
21126
190188
190188
3260151
11628448
29349735
11628448
29349735
79851
718864
718864
828369
261020957
239686
239408
239686
239408
235723
235450
236338
12743536
1821581
1828451
12957781
1854353
1852202
235723
235450
12743536
1821581
12957781
1854353
1852202
828369
82782063757
814673
816799
81413400264
6302793
44042433
6319241
4401329407088
44782859
6408753
4475321389497
814673
256705410
6302793
44042433
13877875956
44782859
6408753
14111180840
50435
50376
50435
50376
6672636
49601
49731
49543
49672
2681504
384748
383294
384292
2726591
390195
389739
49601
49543
2681504
383294
2726591
390195
389739
174305
55280341
171423
171871
54366373
1326230
9267382
1329696
2939126918
9423187
1348527
2988537387
171423
1326230
9267382
1348527
9423187
52759
52754
52759
52754
6383130
52022
5922055
267509
242998248
271299
271273
261917426
271299
271273
303187
52881892
342672
317920
298952
49062057
1537278
2013151494
1559056
2169889858
281287
11541981
1559056
12440599
11102
11102
10947
10947
84281
212501
256824
85475
215510
260461
85475
215510
596
588
13795
13983
90691
323481
34600
2127675
328064
2157822
34600