231635
231635
127986485
127986485
82417
136984
92559936
92559936
99939
1599561
93412178
35559
945951
67555766
501
9559
1946320
1276
1276
787933
787933
231635
231635
127986485
127986485
82417
136984
92559936
92559936
454
754
569834
569834
99939
1599561
93412178
35559
945951
67555766
247
7523
1407581
231635
231635
127986485
127986485
82417
136984
92559936
92559936
99939
1599561
93412178
35559
945951
67555766
501
9559
1946320
1276
1276
787933
787933
231635
231635
127986485
127986485
82417
136984
92559936
92559936
454
754
569834
569834
99939
1599561
93412178
35559
945951
67555766
247
7523
1407581
231635
127986485
127986485
82417
136984
92559936
92559936
2931433
93412178
1043025
1733596
67555766
20732
1946320
1276
787933
787933
231635
127986485
127986485
82417
136984
92559936
92559936
454
754
569834
569834
2931433
93412178
1043025
1733596
67555766
16385
17606
1407581
231635
127986485
127986485
82417
136984
92559936
92559936
3782792
93412178
1345945
2237074
67555766
3398545
95348
3398545
2457830
33925
56387
2457830
6547234
2329554
4734965
3871915
46047
1946320
1276
787933
787933
231635
127986485
127986485
82417
136984
92559936
92559936
454
754
569834
569834
3782792
93412178
1345945
2237074
67555766
16383
27231
1407580
28593
864
28593
3398545
95348
3398545
2457830
33925
56387
2457830
20678
307
511
20678
6547234
2329553
4734965
3871914
128581
261349
213712
26760461263
3167461844
26944740585
789531071
59708329
12734140338
45129576
45440350
631297
1052607
21475204
4048627
4140288
707535482
62835094
712407751
93552327971
10116014528
94196553024
789531071
59708329
44517486512
3216319
238431
336685382
357287176
359747546
631297
1052607
170017437
2361
4139
1956709
335811
348604
440889
738490
5212164
3392962
11854442
43664944
7918322
13285114
19230483
12447900
26760461263
3167461844
26944740585
789531071
59708329
12734140338
45129576
45440350
631297
1052607
21475204
447227944
710189363
447227944
419993007
645856862
76803519
650304396
133842897
212539944
17176054
1450256
307335207
133842897
125692237
8565826
14347759
7330929
16573322
73835466
8565826
8485002
3392962
11854442
43664944
1262062
1270753
2615364
4380736
17125714
22464534
21048842
16676
27296
600560
2615364
2604009
7918322
13285114
19230483
12447900
62824129
28748256
281375946
1698237
574468
7606043
143695731
93014307
72285706
4761897
3082378
2395458
4048627
4140288
707535482
62835094
712407751
93552327971
10116014528
94196553024
789531071
59708329
44517486512
3216319
238431
336685382
357287176
359747546
631297
1052607
170017437
2361
4139
1956709
33683179
2280337
34213415
1649499
1607118
5222347
5074246
767967871
801500893
767967871
473992977
5222347
3000816
3340769205
312729616
3363774589
240134515
245774769
17176054
1450256
1589726854
240134515
145346705
70428
6597
16169330
1649499
950420
1163804
1949372
2871642
1249958
12861479
61891435
103668153
106232789
62551963
475794122
61891435
61307451
62824129
28748256
281375946
1163804
1152823
1698237
574468
7606043
19198735
19330942
20459421
34269530
157283028
16676
27296
9135843
20459421
20266373
143695731
93014307
72285706
76
123
164751
440889
436729
4761897
3082378
2395458
4274837
7554381
499649
1023083
5463335
229633
26760461263
3167461844
26944740585
789531071
59708329
12734140338
45129576
45440350
631297
1052607
21475204
4048627
4140288
707535482
62835094
712407751
93552327971
10116014528
94196553024
789531071
59708329
44517486512
3216319
238431
336685382
357287176
359747546
631297
1052607
170017437
2361
4139
1956708
299865458
12124674132
11494775527
177334950
12124674132
11494775527
17917274993
2120751370
27548796659
18040657892
26313178499
78290743
3622057476
3433885082
477474913
35954186
1315112600
8526052372
6297141577
46299714
3622057476
3433885082
4372320
221672441
2585710
221672441
31687958
54658267
31906169
51832619
1229291
67800724
259599291
259599291
395407
723632
2360489
15078922
12646748
726980
67800724
32692311
91955181
115565184
259599291
259599291
921897
14350
5899153
499369
3397292
6020578
5386
1646676
4274837
7554381
499649
80262688
80274241
169435047
705725425
54183268
202181265
402532104
713355118
710846132
301942
40668468
23726572
1015197
124492309
73225160
299865458
20547557909
13264110181
177334950
20547557909
13264110181
600369
124492309
73225160
82571456162
8182815898
40556072582
83140064147
78290743
6419912668
4129016370
477474913
35954186
1315112600
39292166915
19896674767
46299714
6419912668
4129016370
986171
1765198
122933
5498371
123454735
337133109
421865177
170716668
420381408
178563
40668468
23726572
17833
5201996
4372320
797682179
2585710
797682179
12611
5201996
378566007
101455731
381172908
1229291
258529756
3101350543
3101350543
395407
723632
2360489
180143108
91220442
726980
258529756
390564690
1098559436
1380620673
3101350543
3101350543
1764
268802
2840
14350
1241
2373
9713
1041934
1682049
2845337
3560459
1440815
6020578
3185
1646676
1023083
5463335
229633
8301030
28430821
35730345
80262688
80274241
7554381
499649
5463335
1807878
229633
335811
348604
440889
5212164
3392962
11854442
43664944
7918322
13285114
19230483
12447900
26760461263
3167461844
26944740585
789531071
59708329
12734140338
45129576
45440350
631297
1052607
21475204
447227944
423993649
447227944
250742093
645856862
76803519
650304396
133842897
126889518
17176054
1450256
307335207
133842897
75040142
8565826
7330929
16573322
73835466
5065673
8565826
3392962
11854442
43664944
1262062
1270753
2615364
17125714
22464534
21048842
16676
27297
600560
1554632
2615364
7918322
13285114
19230483
12447900
62824129
28748256
281375946
1698237
574468
7606043
143695731
93014307
72285706
4761897
3082378
2395458
4048627
4140288
707535482
62835094
712407751
93552327971
10116014528
94196553024
789531071
59708329
44517486512
3216319
238431
336685382
357287176
359747546
631297
1052607
170017437
2361
4139
1956708
33683179
2280337
34213415
1649499
959473
5222347
3029400
767967871
478507996
767967871
282980881
5222347
1791532
3340769205
312729616
3363774589
240134515
146731205
17176054
1450256
1589726854
240134515
86774152
70428
6597
16169330
1649499
567415
1163804
2871642
1249958
12861479
61891435
106232789
62551963
475794122
36601463
61891435
62824129
28748256
281375946
688252
1163804
1698237
574468
7606043
19198735
19330942
20459421
157283028
16676
27296
9135843
12099327
20459421
143695731
93014307
72285706
76
123
164751
260734
440889
4761897
3082378
2395458
2632410
8726257
32335626
6977890
10118922
14769246
9560139
1223885472
12124674132
11494775527
723783496
12124674132
11494775527
17917274993
2120751370
18040657892
26313178499
27548796659
365616714
3622057476
3433885082
477474913
35954186
8526052372
6297141577
1315112600
216219041
3622057476
3433885082
23879399
221672441
14121840
221672441
31687958
31906169
51832619
54658267
7218959
67800724
259599291
395407
723632
15078922
12646748
2360489
4648341
67800724
32692311
91955181
115565184
259599291
228286666
328406188
311344897
13889423
228286666
328406188
184123681
311344897
473641301
56061841
476902915
707888395
739969453
71760390
98761069
93630254
12480658
993614
225385307
170918747
34689340
3801298
71760390
98761069
55783934
93630254
5913319
6420067
5604374
12208235
54678096
240492
5913319
3796710
6420067
2632410
8726257
32335626
915728
922034
1591580
1665043
1867579
2017441
7461267
7461267
13520214
17083509
16138632
12460
22076
435755
380889
70070
75820
1867579
1195165
2017441
944752
2657349
3321514
7461267
4436534
1795337
755870
6977890
10118922
14769246
9560139
1628799
80184803
32916657
359130719
4358876
1189496
24194455
197126024
127599758
99163654
33113283
21374505
14472811
1379097
85760
5899153
3397292
6020578
167550
6922537
7554381
499649
80274241
169435047
705725425
54183268
402532104
713355118
710846132
1814565
40668468
23726572
6023727
124492309
73225160
1310989985
20547557909
13264110181
775295513
20547557909
13264110181
3562322
124492309
73225160
82571456162
8182815898
83140064147
395616919
6419912668
4129016370
477474913
35954186
39292166915
1315112600
19896674767
233960614
6419912668
4129016370
986171
1765198
122933
123454735
337133109
421865177
5498371
170716668
420381408
1073101
40668468
23726572
444291
16762953
61078311
1226675650
36120596
1226675650
262745
16762953
378566007
381172908
19975386
403424562
3101350543
395407
723632
180143108
2360489
91220442
11813078
403424562
390564690
1098559436
1380620673
3101350543
1764
391840
15367
85760
1241
2373
1041933
1682049
2845337
3560459
9713
1440815
6020578
99086
6922537
5463335
1807877
229633
8301030
28434716
35735488
80274241
36269031
60089500
38543744
2163894
39083990
38946525
467841
1603791
865071
941976
159354853
1322667
4503938
323931
2634002
228286666
637545957
398742504
13889423
228286666
637545957
235809028
398742504
159354853
53119
1322667
4503938
123451
1557700
2634002
3120382972
264986800
3141870720
71760390
204151452
127679716
12480658
993614
1484854625
34689340
751897181
3801298
71760390
204151452
75507450
127679716
109167
60089500
47319
3099
11986879
18471175
23113557
157765
9353390
23032263
15705
467841
1603791
329681
557067
941976
3103829
146511
1597276
7370664
2588169
40911741
68938004
135588911
71621787
607273961
40768675
240492
68938004
80184803
32916657
359130719
3103829
55836
944599
1345
1597276
4358876
1189496
24194455
19789853
20188302
23528835
215765477
12460
22076
9541033
70070
4831366
13914523
75820
23528835
27172154
76428380
96051792
197126024
127599758
99163654
51635941
8203603
215765477
306
217091
15163
84627
2356264
76
138
282907
435945
456712
545512
447
220753
922437
461660
716386
479
1211378
1032484
341660
10190
2239503
12320944
16058648
2311135
6874652
23742796
33113283
21434242
16630606
7598685
180976
36244344
53811509
12375236
73653445
15936164
12107118
20506008
836677
1076602
229653
231397
297752
231397
13689380
15933250
10629068
6761748
1859040
644635
1079764
500524
458230
125983
117085901
26926688
117085901
53811509
12375236
73653445
85456089
34674741
26343302
34674741
99463470
13689380
15933250
10629068
6761748
1859040
66352064
15936164
12107118
20506008
42210278
11605077
1820485
1820485
499691
836677
1076602
229653
1079634
503486
503486
1808387
644635
1079764
500524
458230
125983
838277
231397
297752
231397
767442
210996
167002656
18076937
214892228
1287309
114211
1656457
53859541
18377351
69304268
423653
122273
545141
5067099
6520137
1533842
85133
86907
25771
1682165
2214992
1682165
30416
39138
30416
13689380
15933250
10629068
6761748
1859040
325519
378875
252748
160787
44206
644635
1079764
500524
458230
125983
22488
37668
17461
15985
4395
328202
66179
66179
549739
3917019
921808
266048
921808
1576903
2800996
248507
2800996
363373133
39332747
363373133
167002656
18076937
214892228
1287309
114211
1656457
453391379
117190413
39986403
117190413
237004787
13689380
15933250
10629068
6761748
1859040
352034059
53859541
18377351
69304268
100580021
27652955
325519
378875
252748
160787
44206
3041355
423653
122273
545141
669205
183988
87963
87963
56073
11025260
11025260
3337415
5067099
6520137
1533842
85133
86907
25771
15674119
3660143
3660143
26254150
644635
1079764
500524
458230
125983
12170112
1682165
2214992
1682165
11141728
3063249
22488
37668
17461
15985
4395
254832
30416
39138
30416
233299
64143
53811509
12375236
73653445
15936164
12107118
20506008
836677
1076602
229653
231397
297752
231397
13689380
15933250
10629068
6761748
1859040
644635
1079764
500524
458230
125983
117085901
26926688
117085901
53811509
12375236
73653445
85456089
34674741
1034549630
122452914
26343302
34674741
99463470
13689380
15933250
10629068
6761748
1859040
66352064
15936164
22423793
526696775
1491942
12107118
20506008
42210278
11605077
1820485
1820485
499691
836677
1076602
229653
1079634
503486
1838358
503486
1808387
644635
1079764
500524
458230
125983
838277
231397
16318
31209
952433
297752
231397
767442
210996
167002656
18076937
214892228
1287309
114211
1656457
53859541
18377351
69304268
423653
122273
545141
5067099
6520137
1533842
85133
86907
25771
1682165
2214992
1682165
30416
39138
30416
13689380
15933250
10629068
6761748
1859040
325519
378875
252748
160787
44206
644635
1079764
500524
458230
125983
22488
37668
17461
15985
4395
328202
66179
612638
66179
549739
3917019
921808
51934522
3620026
266048
921808
1576903
2800996
248507
2800996
363373133
39332747
363373133
167002656
18076937
214892228
1287309
114211
1656457
453391379
117190413
5546569776
523540232
39986403
117190413
237004787
13689380
15933250
10629068
6761748
1859040
352034059
53859541
22423793
2621320391
1491942
18377351
69304268
100580021
27652955
325519
378875
252748
160787
44206
3041355
423653
88467
24544362
5794
122273
545141
669205
183988
87963
87963
56073
11025260
11025260
3337415
5067099
6520137
1533842
85133
86907
25771
15674119
3660143
29258051
3660143
26254150
644635
1079764
500524
458230
125983
12170112
1682165
16318
31209
13827415
2214992
1682165
11141728
3063249
22488
37668
17461
15985
4395
254832
30416
57
109
289534
39138
30416
233299
64143
53811509
12375236
73653445
15936164
12107118
20506008
836677
1076602
229653
231397
297752
231397
13689380
15933250
10629068
6761748
1859040
644635
1079764
500524
458230
125983
117085901
26926688
117085901
53811509
12375236
73653445
85456089
34674741
26343302
34674741
99463470
13689380
15933250
10629068
6761748
1859040
66352064
15936164
12107118
20506008
42210278
11605077
1820485
1820485
499691
836677
1076602
229653
1079634
503486
503486
1808387
644635
1079764
500524
458230
125983
838277
231397
297752
231397
767442
210996
167002656
18076937
214892228
1287309
114211
1656457
53859541
18377351
69304268
423653
122273
545141
6074574
7816515
1838811
85133
109546
25771
2035746
2619516
2035746
30416
39138
30416
13689380
15933250
10629068
6761748
1859040
325519
378875
252748
160787
44206
644635
1079764
500524
458230
125983
22488
37668
17461
15985
4395
328202
66179
66179
549739
3917019
921808
266048
921808
1576903
2800996
248507
2800996
363373133
39332747
363373133
167002656
18076937
214892228
1287309
114211
1656457
453391379
117190413
39986403
117190413
237004787
13689380
15933250
10629068
6761748
1859040
352034059
53859541
18377351
69304268
100580021
27652955
325519
378875
252748
160787
44206
3041355
423653
122273
545141
669205
183988
150049
150049
56073
13217378
13217378
4000982
6074574
7816515
1838811
85133
109546
25771
15674119
4429484
4429484
26254150
644635
1079764
500524
458230
125983
12170112
2035746
2619516
2035746
11141728
3063249
22488
37668
17461
15985
4395
254832
30416
39138
30416
233299
64143
270172
270172
452538
53811509
12375236
73653445
15936164
12107118
20506008
836677
1076602
229653
231397
297752
231397
9503186
2004510
12228313
2525061
1892273
3249146
104480
29738
43529
198623
137064
32052
29738
29738
49655
70779
45815
35173
29738
13689380
15933250
10629068
6761748
1859040
644635
1079764
500524
458230
125983
2001690
2329794
1554205
988717
271832
101816
170541
79054
72374
19898
117085901
26926688
117085901
53811509
12375236
73653445
1034549630
122452914
85456089
34674741
26343302
34674741
99463470
13689380
15933250
10629068
6761748
1859040
22423793
526696775
1491942
66352064
15936164
12107118
20506008
42210278
11605077
1820485
1820485
499691
836677
1076602
229653
1838358
1079634
503486
503486
1808387
644635
1079764
500524
458230
125983
16318
31209
952433
838277
231397
297752
231397
767442
210996
20677530
17882262
4361519
20677530
28396688
9503186
17882262
2004510
12228313
16793282
23575971
2790534
3597332
5494160
5023388
4117307
5494160
4186982
7977043
2001690
2329794
1554205
988717
271832
452821
11512816
33603
2793135
2525061
5023388
1892273
3249146
1776870
503976
4772871
227335
274362
31159
68505
306822
227335
68815
459556
104480
274362
29738
43529
198623
137064
32052
289823
29002
29002
59476
73146
59476
83966
77472
59476
48578
122519
101816
170541
79054
72374
19898
348
696
14501
22518
29738
73146
29738
49655
70779
45815
35173
29738
24289
24289
72455
167002656
18076937
214892228
1287309
114211
1656457
53859541
18377351
69304268
423653
122273
545141
6074574
7816515
1838811
85133
109546
25771
2035746
2619516
2035746
30416
39138
30416
41272236
3721940
53107435
436727
22750
561963
13590623
3841068
17487861
152639
24395
196410
846796
387493
3792622
2871424
3694832
869198
37556
10044
169489
128321
165119
38845
1983787
1284106
997938
997938
1284106
997938
123417
79888
62085
62085
79888
62085
13689380
15933250
10629068
6761748
1859040
325519
378875
252748
160787
44206
644635
1079764
500524
458230
125983
22488
37668
17461
15985
4395
2001690
2329794
1554205
988717
271832
46944
54639
36449
23187
6376
101816
170541
79054
72374
19898
4533
7592
3765
3449
950
328202
66179
612638
66179
549739
3917019
921808
51934522
3620026
266048
921808
1576903
2800996
248507
2800996
363373133
39332747
363373133
167002656
18076937
214892228
1287309
114211
1656457
453391379
117190413
5546569776
523540232
39986403
117190413
237004787
13689380
15933250
10629068
6761748
1859040
352034059
53859541
22423793
2621320391
1491942
18377351
69304268
100580021
27652955
325519
378875
252748
160787
44206
3041355
423653
88467
24544362
5794
122273
545141
669205
183988
185237
185237
56073
13217378
13217378
4000982
6074574
7816515
1838811
85133
109546
25771
15674119
4429484
29258051
4429484
26254150
644635
1079764
500524
458230
125983
12170112
2035746
16318
31209
13827415
2619516
2035746
11141728
3063249
22488
37668
17461
15985
4395
254832
30416
57
109
289534
39138
30416
233300
64143
87852
332120
402640
3701812
155738
53081
332120
67349
88910
269021
950255
49501
950255
218427
38354642
89802294
8098393
89802294
36950660
38354642
41272236
3721940
53107435
21851945
269021
436727
22750
561963
129173
12013721
29571190
35400627
234159107
18137240
8357597
29571190
11078298
13998976
2001690
2329794
1554205
988717
271832
12013721
13590623
27486686
452821
110664080
33603
3841068
17487861
6551503
5940881
1633355
46944
54639
36449
23187
6376
87852
152639
312628
2124
1749484
139
24395
196410
39829
37731
10373
279209
63505
21854
286599
279209
84519
480053
6247795
1431895
843128
6413155
6247795
1891246
10742034
2871424
846796
387493
3792622
6413155
3694832
869198
6352642
128321
37556
10044
169489
286599
165119
38845
283894
2171367
2171367
3637039
101816
170541
79054
72374
19898
348
1685949
696
1026192
1983787
1284106
997938
2171367
1284106
997938
1543485
424359
2150878
4849
8122
3765
3449
950
1
104888
3
63842
123417
79888
62085
135086
79888
62085
96024
18585
133812
12375236
73653445
53811509
12107118
20506008
15936164
396244
21682126
51226583
1076602
836677
229653
297752
231397
1966745
17302676
40879617
9512388
13689380
4036864
1109874
10629068
644635
273570
500524
75213
26926688
117085901
12375236
73653445
53811509
59381176
85456089
26343302
34674741
670031
36663503
9512388
13689380
4036864
1109874
10629068
25200166
6928404
66352064
12107118
20506008
15936164
396244
26515077
21682126
1820485
499691
1076602
836677
229653
1079634
503486
3170620
29258051
644635
273570
500524
75213
458174
838277
125968
297752
231397
1966745
21159447
17302676
18076937
214892228
167002656
114211
1656458
1287310
18377351
69304268
53859541
21682126
396244
51226583
122273
545140
423653
91984
1601
217324
6520137
5067099
1533842
86907
85134
25772
2214992
1682165
17302676
40879617
39138
30417
362303
855983
9512388
13689380
4036864
1109874
10629068
226194
325519
95992
26391
252748
644635
273570
500524
75213
22488
9544
17461
2625
328202
66180
612638
941434
3917019
266048
921808
155541
2707
248507
2800996
39332747
363373133
18076937
214892228
167002656
114211
1656458
1287310
141495395
453391379
39986403
117190413
36663503
670031
9512388
13689380
4036864
1109874
10629068
60047774
16509226
352034059
18377351
69304268
53859541
26515077
21682126
396244
226194
325519
95992
26391
252748
399525
109843
3041355
122273
545140
423653
112487
91984
1601
87963
56074
11025260
3337415
6520137
5067099
1533842
86907
85135
25772
15674119
3660143
29258051
644635
273570
500524
75213
6651778
12170112
1828805
2214992
1682165
21159447
17302676
22488
9544
17461
2625
139283
254832
38294
39138
30417
443060
362303
164018195
172884118
172915202
1016306
1676109
1676411
164018195
172915202
164018195
172884118
172915202
1016306
1676411
1016306
1676109
1676411
20237596
17325347
7331972
40441983
31429329
218661228
6770379
5796101
7114665
12258550
9364778
62926556
292777
12738909
30097178
270437
231521
532983
414206
125382
2735869
200006
194499
142580
97546
1026688
1101661
20617718
48711794
50267224
50289187
50848840
72371710
23756394
21341710
5867580
21579216
56192747
208630908
2178036
2178036
190607794
924314
1691128
1029344
254126
122380
60068382
15953291
68385581
475774562
20237596
17325347
7331972
40441983
31429329
218661228
32877684
32892050
33258095
47335303
20095554
15480462
20376376
136918899
38914
495073
38914
21540925
21540925
50267224
50289187
50848840
72371710
23756394
21341710
5867580
21579216
56192747
16600379
13958718
3837738
14114060
37811561
6770379
5796101
7114665
12258550
9364778
62926556
13846
292777
23013
15578415
12738909
15578415
802702
901251
272814
5952847
270437
231521
532983
414206
125382
2735869
87981642
532694
338201
1800068
13916
1800068
325239
34863638
208630908
2217760
190607794
941172
1721971
1048118
122380
258761
80381123
226064
413608
251752
7800
62153
200006
194499
142580
97546
1026688
4951
1101661
192340
25213412
20617718
85097767
72851950
12556854
172329065
133924860
884338999
592205
506985
78032
1183439
919705
7972685
164018195
177356658
177388547
31209821
26718637
13210366
56367296
43805624
289213302
12738909
292777
30097178
216480
185327
103579
385300
299434
3249986
53245191
67359303
67371414
110622
2415
261359
2572706
2202486
5070337
3940393
1192781
45244592
74508
63787
86907
86907
34545
1823678
1016306
3337915
3338516
1682450
1307509
958489
820560
16022979
20617718
48711794
86907
68477
50197
42974
1199130
335959
1110029
1110029
1110029
2144553
50267224
50289187
50848840
72371710
23756394
21341710
5867580
21579216
56192747
916965
917365
927575
1320191
439780
389311
107035
393644
1033322
208630908
2178036
2178036
190607794
924314
1691128
1029344
254126
122380
7464502
52232
52232
6819662
22166
40555
24685
6326
2615
108745423
1142698
86907
1521902
335959
198261
243
1110029
176439109
7466
1110029
1048628
1054989
1217036
4493961
642547
225374
651526
7071491
53245191
153
4047787
4591766
67371414
10708686255
153
187058
4084
187058
1757760
169787
2001143
17347387
164018195
1261579
2414828
177388547
28195909545
252583618
27321862
291400731
1924191144
85097767
72851950
12556854
172329065
133924860
884338999
592205
506985
78032
1183439
919705
7972685
164018195
325756
1141252
177356658
177388547
16674545492
101225256
101712482
114134009
396780866
92635680
28743807
95314573
629285462
38914
38914
21540925
495073
21540925
50267224
50289187
50848840
72371710
23756394
21341710
5867580
21579216
56192747
47839266
43164713
11867484
48436157
308079035
31209821
26718637
13210366
56367296
43805624
289213302
13846
23013
15578415
12738909
292777
15578415
930551
930958
941318
1339751
439780
395079
108621
399476
1040245
495584
447716
123093
516485
3489319
216480
185327
103579
385300
299434
3249986
53245191
54
1045191
2170078
67359303
67371414
6332921299
90
135280
110622
2415
135280
86907
86907
75163
3968056
1016306
789788
317704
3338516
647415748
7636200
8573713
2595316
98445556
2572706
2202486
5070337
3940393
1192781
45244592
74508
63787
86907
86907
34545
1823678
1016306
373256
82037
3337915
3338516
313820919
1757011123
18677144
2844948
34863638
13916
325239
34863638
208630908
2217760
190607794
941172
1721971
1048118
122380
258761
1605227222
7926200
14501799
8826857
7800
2179189
1682450
1307509
958489
820560
16022979
4951
192340
25213412
20617718
7464502
79348
6819662
33673
61609
37500
2615
9259
108745423
536063
980781
596976
72
71391
86907
68477
50197
42974
1199130
335959
198261
198261
243
627134
1110029
1110029
1110029
176439109
7466
1110029
1110029
12375236
73653445
53811509
12107118
20506008
15936164
396244
21682126
51226583
1076602
836677
229653
297752
231397
1966745
17302676
40879617
9512388
13689380
4036864
1109874
10629068
644635
273570
500524
75213
26926688
117085901
12375236
73653445
53811509
59381176
85456089
26343302
34674741
1034549630
122452914
670031
36663503
9512388
13689380
4036864
1109874
10629068
25200166
6928404
66352064
12107118
20506008
15936164
22423793
526696775
1491942
396244
26515077
21682126
1820485
499691
1076602
836677
229653
1079634
503486
1838358
3170620
29258051
644635
273570
500524
75213
458174
838277
125968
297752
231397
16318
31209
952433
1966745
21159447
17302676
18076937
214892228
167002656
114211
1656458
1287310
18377351
69304268
53859541
21682126
396244
51226583
122273
545140
423653
91984
1601
217324
6520137
5067099
1533842
86907
85134
25772
2214992
1682165
17302676
40879617
39138
30417
362303
855983
9512388
13689380
4036864
1109874
10629068
226194
325519
95992
26391
252748
644635
273570
500524
75213
22488
9544
17461
2625
328202
66180
612638
941434
3917019
266048
921808
155541
51934522
2707
3620026
248507
2800996
39332747
363373133
18076937
214892228
167002656
114211
1656458
1287310
141495395
453391379
39986403
117190413
36663503
5546569776
670031
523540232
9512388
13689380
4036864
1109874
10629068
60047774
16509226
352034059
18377351
69304268
53859541
26515077
21682126
22423793
2621320391
396244
1491942
226194
325519
95992
26391
252748
399525
109843
3041355
122273
545140
423653
112487
91984
88467
24544362
1601
5794
87963
56074
11025260
3337415
6520137
5067099
1533842
86907
85135
25772
15674119
3660143
29258051
644635
273570
500524
75213
6651778
12170112
1828805
2214992
1682165
16318
31209
13827415
21159447
17302676
22488
9544
17461
2625
139283
254832
38294
39138
30417
58
110
289534
443060
362303
591507
292452
426861
164018195
172884118
172915202
591507
426861
426861
2323026
1016306
667187
1676109
1676411
1676411
426861
292452
426861
426861
292452
426861
164018195
172915202
164018195
172884118
172915202
1676411
1016306
667187
1676411
426861
426861
426861
426861
426861
426861
1676411
1016306
667187
1676109
1676411
20237596
17325347
7331972
40441983
31429329
218661228
6770379
5796101
7114665
12258550
9364778
62926556
292777
12738909
30097178
270437
231521
532983
414206
125382
2735869
200006
194499
142580
97546
1026688
1101661
20617718
48711794
50267224
50289187
50848840
72371710
23756394
21341710
5867580
21579216
56192747
2178036
2178036
2335993
924314
1691128
1029344
254126
122380
2134192
60068382
15953291
68385581
475774562
6936167
425049502
402967417
20237596
17325347
7331972
40441983
31429329
218661228
4101922
425049502
402967417
32877684
32892050
33258095
47335303
20095554
15480462
20376376
136918899
1138300021
38914
594495666
68541591
1077889477
495073
38914
21540925
21540925
2017306
124904116
118415123
50267224
50289187
50848840
72371710
23756394
21341710
5867580
21579216
56192747
16600379
13958718
3837738
14114060
37811561
6770379
5796101
7114665
12258550
9364778
62926556
36646993
13846
10543395
292383707
800932
257955254
292777
23013
15578415
12738909
15578415
1192998
124904116
118415123
802702
901251
272814
5952847
94669
7422720
270437
231521
532983
414206
125382
2735869
55985
7422720
532694
985110
338201
1800068
931559
931559
931559
1800068
13916
931559
931559
1682990
1800068
325239
34863638
29380
2189663
931559
2217760
2335993
941172
1721971
1048118
122380
258761
2134192
226064
413608
251752
7800
62153
900009
200006
194499
142580
97546
1026688
931559
931559
931559
75265
4951
117314
352219
414699
931559
9567
18441
515678
417792
1101661
192340
25213412
20617718
17374
2189663
931559
591507
292452
426861
205245
97013
148115
85097767
72851950
12556854
172329065
133924860
884338999
592205
506985
78032
1183439
919705
7972685
164018195
177356658
177388547
31209821
26718637
13210366
56367296
43805624
289213302
12738909
292777
30097178
216480
185327
103579
385300
299434
3249986
53245191
67359303
67371414
110622
2415
261359
2572706
2202486
5070337
3940393
1192781
45244592
591507
426861
426861
74508
63787
86907
86907
34545
1823678
5644122
1016306
667187
3337915
3338516
3338516
1682450
1307509
958489
820560
16022979
20617718
48711794
205245
148115
148115
86907
68477
50197
42974
1199130
2108921
335959
219586
1110029
1110029
1110029
2144553
1110029
50267224
50289187
50848840
72371710
23756394
21341710
5867580
21579216
56192747
916965
917365
927575
1320191
439780
389311
107035
393644
1033322
426861
292452
426861
426861
292452
426861
2178036
2178036
2335993
924314
1691128
1029344
254126
122380
2134192
52232
52232
83578
148115
97013
148115
22166
40555
24685
6326
2615
76358
148115
97013
148115
1217597
1142697
86906
1521901
335958
2562
219585
198259
51825
10933
241
572627
7465
188618
1110028
510
49887
2609129
1048628
1054989
1217036
4493961
642547
225374
651526
7071491
53245191
8849052
153
34285452
153
11299692
4047787
4591766
187058
67609206
4084
4440289
187058
67371414
8133
2419233
1562447
1757760
169787
2001143
17347387
164018195
1261579
2414828
177388547
29682
6957362
3669845
252583618
27321862
291400731
1924191144
6936167
876076807
509267881
85097767
72851950
12556854
172329065
133924860
884338999
4101922
876076807
509267881
592205
506985
78032
1183439
919705
7972685
164018195
325756
1141252
104904344
177356658
177388547
17553
6957362
3669845
101225256
101712482
114134009
396780866
92635680
28743807
95314573
629285462
1701075987
38914
38914
21540925
4864868002
495073
390730377
21540925
2017306
270974439
158468559
50267224
50289187
50848840
72371710
23756394
21341710
5867580
21579216
56192747
47839266
43164713
11867484
48436157
308079035
31209821
26718637
13210366
56367296
43805624
289213302
36646993
13846
23013
15578415
12738909
10543395
2299146717
1164236489
292777
800932
15578415
1192998
270974439
158468559
930551
930958
941318
1339751
439780
395079
108621
399476
1040245
495584
447716
123093
516485
3489319
216480
185327
103579
385300
299434
3249986
53245191
235491
54
10515189
90
37299
1045191
2170078
135280
110622
64134
31952251
39982848
16179905
2415
2897
135280
39842222
67359303
67371414
4810
2419233
1562447
86907
86907
75163
3968056
4073078
1016306
667187
789788
317704
3338516
511
158093
7636200
8573713
2595316
98445556
94669
40549826
2572706
2202486
5070337
3940393
1192781
45244592
55985
40549826
426861
426861
426861
426861
426861
426861
74508
63787
86907
86907
34545
1823678
4073078
1016306
667187
373256
82037
1974337
3337915
3338516
511
158093
19672857
18677144
2844948
34863638
34863638
30137476
13205203
3832578
13916
325239
34863638
29380
12829231
34863638
2335993
2217760
2134192
941172
1721971
1048118
122380
258761
17973367
7926200
14501799
8826857
7800
2179189
1682450
1307509
958489
820560
16022979
34863638
30137476
13205203
75265
4951
192340
4390508
12349387
15520160
9567
18441
16476627
25213412
20617718
8343395
34863638
17374
12829231
34863638
83578
79348
148115
148115
148115
76358
33673
61609
37500
2615
9259
148115
148115
148115
1217598
536063
980781
596976
72
71391
86907
68477
50197
42974
1199130
1521902
335959
2563
2563
219586
198261
198261
51826
950
243
403960
572628
7466
107
125969
188147
904598
1110029
102
627134
229
1110029
1110029
1110029
572518
1110029
1110029
511
49888
2609129
12375236
73653445
53811509
12107118
20506008
15936164
396244
21682126
51226583
1076602
836677
229653
297752
231397
1966745
17302676
40879617
9512388
13689380
4036864
1109874
10629068
644635
273570
500524
75213
26926688
117085901
12375236
73653445
53811509
59381176
85456089
26343302
34674741
670031
36663503
9512388
13689380
4036864
1109874
10629068
25200166
6928404
66352064
12107118
20506008
15936164
396244
26515077
21682126
1820485
499691
1076602
836677
229653
1079634
503486
3170620
29258051
644635
273570
500524
75213
458174
838277
125968
297752
231397
1966745
21159447
17302676
18076937
214892228
167002656
114211
1656458
1287310
21682126
396244
18377351
69304268
53859541
51226583
91984
1601
122273
545140
423653
217324
7816515
6074574
1838811
109547
85134
25772
17302676
2619516
2035746
40879617
362303
39138
30417
855983
9512388
13689380
4036864
1109874
10629068
226194
325519
95992
26391
252748
644635
273570
500524
75213
22488
9544
17461
2625
328202
66180
612638
941434
3917019
266048
921808
155541
2707
248507
2800996
39332747
363373133
18076937
214892228
167002656
114211
1656458
1287310
141495395
453391379
39986403
117190413
36663503
670031
9512388
13689380
4036864
1109874
10629068
60047774
16509226
352034059
18377351
69304268
53859541
26515077
21682126
396244
226194
325519
95992
26391
252748
399525
109843
3041355
122273
545140
423653
112487
91984
1601
150049
56074
13217378
4000982
7816515
6074574
1838811
109547
85135
25772
15674119
4429484
29258051
644635
273570
500524
75213
6651778
12170112
1828805
2619516
2035746
21159447
17302676
22488
9544
17461
2625
139283
254832
38294
39138
30417
443060
362303
172884118
172915202
1676109
1676411
172915202
172884118
172915202
946095
1676411
946095
349217
559504
1676109
1676411
226415
946095
20237596
17325347
7331972
40441983
31429329
218661228
6770379
5796101
7114665
12258550
9364778
62926556
292777
12738909
30097178
270437
231521
532983
414206
125382
2735869
200006
194499
142580
97546
1026688
1101661
20617718
48711794
50267224
50289187
50848840
72371710
23756394
21341710
5867580
21579216
56192747
208630908
2178036
2178036
190607794
924314
1691128
1029344
254126
122380
60068382
15953291
68385581
475774562
20237596
17325347
7331972
40441983
31429329
218661228
32877684
32892050
33258095
47335303
20095554
15480462
20376376
136918899
495073
38914
21540925
21540925
50267224
50289187
50848840
72371710
23756394
21341710
5867580
21579216
56192747
16600379
13958718
3837738
14114060
37811561
6770379
5796101
7114665
12258550
9364778
62926556
292777
13846
23013
15578415
12738909
15578415
802702
901251
272814
5952847
270437
231521
532983
414206
125382
2735869
87981642
532694
338201
1800068
1800068
636415
34863638
208630908
2217760
190607794
941172
1721971
1048118
122380
258761
80381123
226064
413608
251752
7800
62153
200006
194499
142580
97546
1026688
1101661
226441
376364
25213412
20617718
85097767
72851950
12556854
172329065
133924860
884338999
177356658
177388547
673821
576856
78032
1371045
1065502
7972685
12738909
292777
31209821
26718637
13210366
56367296
43805624
289213302
30097178
67359303
67371414
110622
2415
280807
240398
103579
508192
394939
3249986
261359
3469397
2970140
6837551
5313776
1608513
45244592
4072345
4073078
74508
63787
146840
114117
34545
1823678
20617718
2271874
1765578
1294283
1108032
16022979
48711794
2608660
2609129
1542992
88112
68477
50197
42974
1199130
3645500
50267224
50289187
50848840
72371710
23756394
21341710
5867580
21579216
56192747
916965
917365
927575
1320191
439780
389311
107035
393644
1033322
208630908
2178036
2178036
190607794
924314
1691128
1029344
254126
122380
7464502
52232
52232
6819662
22166
40555
24685
6326
2615
213032331
1263166
26
7453
160832
1345870
2609129
414721054
17548
148992
2609129
1048628
1054989
1217036
4493961
890
63581
876963
4047787
4591766
67371414
10708686255
153
833480
225374
859330
7071491
187058
4084
187058
1261579
2414828
177388547
28195909545
2000009
169787
2318375
17347387
252583618
27321862
291400731
1924191144
85097767
72851950
12556854
172329065
133924860
884338999
325756
1141252
177356658
177388547
16674545492
673821
576856
78032
1371045
1065502
7972685
101225256
101712482
114134009
396780866
38914
92635680
28743807
95314573
629285462
21540925
495073
21540925
50267224
50289187
50848840
72371710
23756394
21341710
5867580
21579216
56192747
47839266
43164713
11867484
48436157
308079035
13846
23013
31209821
26718637
13210366
56367296
43805624
289213302
15578415
12738909
292777
15578415
930551
930958
941318
1339751
439780
395079
108621
399476
1040245
495584
447716
123093
516485
3489319
213
29221
634220
1045191
2170078
67359303
67371414
6332921299
54
90
280808
240399
103579
508192
394939
3249986
135280
110622
2415
135280
2282971
789788
317704
4073078
647415748
148993
148993
75163
3968056
10297718
11561992
3499887
98445556
3469397
2970140
6837551
5313776
1608513
45244592
816765
1357530
549354
2282971
373256
82037
4072345
4073078
382869838
74508
63787
146840
114117
34545
1823678
1757011123
18677144
636415
3841638
34863638
208630908
2217760
190607794
941172
1721971
1048118
122380
258761
1605227222
7926200
14501799
8826857
7800
2179189
226441
376364
2271874
1765578
1294283
1108032
25213412
20617718
16022979
7464502
79348
6819662
33673
61609
37500
2615
9259
109825288
536063
980781
596976
72
71391
7
3426
116315
478871
795924
291209
1345871
627134
1233080
2608660
2609129
245258578
6245
10379
88112
68477
50197
42974
1886925
1542992
1199130
572518
12375236
73653445
53811509
12107118
20506008
15936164
396244
21682126
51226583
1076602
836677
229653
297752
231397
1966745
17302676
40879617
2004510
12228313
9503186
1892273
3249146
2525061
8798
503868
1190448
137064
104480
32052
29738
43529
198623
35173
29738
35173
29738
49655
70779
45815
1284107
3033854
9512388
13689380
4036864
1109874
10629068
644635
273570
500524
75213
1390922
2001690
590279
162288
1554205
101816
43208
79054
11879
26926688
117085901
12375236
73653445
53811509
1034549630
122452914
59381176
85456089
26343302
34674741
670031
36663503
9512388
13689380
4036864
1109874
10629068
22423793
526696775
1491942
25200166
6928404
66352064
12107118
20506008
15936164
396244
26515077
21682126
1820485
499691
1076602
836677
229653
1838358
1079634
503486
3170620
29258051
644635
273570
500524
75213
16318
31209
952433
458174
838277
125968
297752
231397
1966745
21159447
17302676
4361519
20677530
17882262
16953246
2004510
12228313
9503186
17882262
10025840
23575971
2790534
2499691
3597332
4117307
5494160
5023388
4762413
14877
852018
1390922
2001690
590279
162288
1554205
452821
11512816
33603
1060818
300881
2793135
1892273
3249146
2525061
5023388
2849475
8798
616180
503868
227335
68815
274362
31159
68505
306822
137064
104480
32052
173028
274362
29738
43529
198623
29002
29002
59476
73146
59476
59476
83966
77472
2171367
101816
43208
79054
11879
349
697
14501
14501
22518
14501
35173
29738
43257
73146
35173
29738
49655
70779
45815
1570335
1284107
18076937
214892228
167002656
114211
1656457
1287309
21682126
396244
18377351
69304268
53859541
51226583
91984
1601
122273
545140
423653
217324
7816515
6074574
1838811
109546
85133
25771
17302676
2619516
2035746
40879617
362303
39137
30416
855983
3721940
53107435
41272236
22750
561963
436727
503868
8798
3841068
17487861
13590623
1190448
2091
32
24395
196410
152639
4941
846796
387493
3792622
3694832
2871424
869198
37555
10044
169489
165119
128321
38844
1983787
1284106
997939
1284106
1284106
997939
3033854
123416
79887
62085
79887
79887
62085
188744
9512388
13689380
4036864
1109874
10629068
226194
325519
95992
26391
252748
644635
273570
500524
75213
22488
9543
17461
2625
1390922
2001690
590279
162288
1554205
32620
46944
13843
3807
36449
101816
43208
79054
11879
4533
2059
3765
567
328202
66178
612638
941434
3917019
266048
921808
155541
51934522
2707
3620026
248507
2800996
39332747
363373133
18076937
214892228
167002656
114211
1656457
1287309
141495395
453391379
39986403
117190413
36663503
5546569776
670031
523540232
9512388
13689380
4036864
1109874
10629068
60047774
16509226
352034059
18377351
69304268
53859541
26515077
21682126
22423793
2621320391
396244
1491942
226194
325519
95992
26391
252748
399525
109843
3041355
122273
545140
423653
112487
91984
88467
24544362
1601
5794
185237
56072
13217378
4000982
7816515
6074574
1838811
109546
85133
25770
15674119
4429484
29258051
644635
273570
500524
75213
6651778
12170112
1828805
2619516
2035746
16318
31209
13827415
21159447
17302676
22488
9543
17461
2623
139282
254831
38293
39136
30415
57
109
289533
443060
362302
87852
40208
53081
332120
402640
3536
3701812
55
155738
269021
130404
49500
950255
38354642
22060095
8098393
89802294
38354642
13045937
3721940
53107435
41272236
269021
77118
22750
561963
436727
12013721
6613909
8357597
29571190
35400627
852018
234159107
14877
18137240
1390922
2001690
590279
162288
1554205
12013721
3911345
3546794
975137
3841068
17487861
13590623
27486686
616180
503868
452821
110664080
8798
33603
32620
46944
13843
3806
36449
87852
23778
22526
6193
24395
196410
152639
312628
2557
2091
2124
1749484
32
139
279209
84518
63504
21853
286599
6247795
1891246
1431895
843128
6413155
3694832
2871424
869198
846796
387493
3792622
6413155
165119
128321
38843
37555
10043
169489
286599
2171367
101816
43208
79054
11879
921484
348
1685949
696
1026192
253348
1983787
1570334
1284106
997938
2171367
4849
2057
3764
565
57327
0
104887
2
63841
11094
123416
97694
79887
62084
135086
113272
78717
30173
81918
47396
7221
426861
292452
591507
58497
11325
81060
172884118
172915202
426861
591507
1676109
1676411
1676411
2323026
9609622
9611350
62670
86842
99312
99312
99312
137618
426861
292452
426861
292452
58497
11325
58497
11325
172915202
172884118
172915202
946095
1676411
946095
426861
426861
349216
559503
1676109
1676411
226414
946095
9611350
9609622
9611350
99311
60748
38682
618
99311
99311
4070346
2282977
30173
2946342
1050410
7221
62670
62670
99312
99312
60749
38683
619
99312
99312
99312
99312
20237596
17325347
7331972
40441983
31429329
218661228
6770379
5796101
7114665
12258550
9364778
62926556
292777
12738909
30097178
270437
231521
532983
414206
125382
2735869
200006
194499
142580
97546
1026688
1101661
20617718
48711794
739441
5143367
2664847
3311855
2835269
1182839
6618276
5143367
671483
1616078
837311
1168363
968868
1126476
2014298
1616078
7217
375484
887125
22158
53259
29738
34773
29769
68532
53259
29738
29738
41983
97697
22158
29738
29738
29738
29738
29738
29738
29738
29738
41983
38736
38736
2675370
6320877
50267224
50289187
50848840
72371710
23756394
21341710
5867580
21579216
56192747
2178036
2178036
2335993
924314
1691128
1029344
254126
122380
2134192
3566132
3567690
3607394
5134302
1685361
1514055
416266
1530905
3986509
288192
288192
242389
242389
288192
288192
288192
102864
188202
119513
28281
9005
263295
60068382
15953291
68385581
475774562
42905228
425049502
402967417
20237596
17325347
7331972
40441983
31429329
218661228
25589826
425049502
402967417
594495666
68541591
32877684
32892050
33258095
47335303
1077889477
1138300021
20095554
15480462
20376376
136918899
12608036
124904116
118415123
495073
38914
21540925
21540925
50267224
50289187
50848840
72371710
23756394
21341710
5867580
21579216
56192747
10543395
292383707
800932
16600379
13958718
3837738
14114060
37811561
257955254
36646993
6770379
5796101
7114665
12258550
9364778
62926556
7456162
124904116
118415123
292777
13846
23013
15578415
12738909
15578415
802702
901251
272814
5952847
790320
7422720
270437
231521
532983
414206
125382
2735869
467381
7422720
931559
931559
532694
1682990
1800068
338201
1800068
239826
2189663
1800068
985110
1051326
34863638
2217760
2335993
941172
1721971
1048118
122380
258761
2134192
117314
352219
414699
931559
9568
18441
515678
226064
413608
251752
7800
62153
417792
75265
200006
194499
142580
97546
1026688
141828
2189663
1101661
900009
374069
621735
25213412
20617718
7562057
3089822
11191208
9830110
2573684
11191208
11135306
10735741
10177999
317940
7562057
739441
5143367
3311855
2835269
1182839
6618276
5143367
2664847
10735741
6019083
10177999
14693620
1548953
1386908
1387514
1402955
1996786
27513035
29510386
2534841
2696145
3406087
3359146
2451045
3406087
3389073
3043520
2885403
12204
42336
3622392
4811204
634926
12204
634926
3566132
3567690
3607394
5134302
1685361
1514055
416266
1530905
3986509
226410
9303966
13885
655455
588832
161890
595385
1550397
6630757
1072034
93789
2534841
671483
1616078
1168363
968868
1126476
2014298
1616078
837311
3043520
1706375
2885403
7217
10131
1664815
3532324
459179
375484
4342
7217
459179
130456
30080
115884
103213
115884
35079
146292
29738
41983
165199
113272
78717
47396
6522
130456
22158
53259
34773
29769
68532
53259
29738
29738
86514
146292
29738
41983
97695
81918
47396
47396
14500
14500
14500
14500
14500
27682
29737
32613
22157
29737
29737
36572
29737
27682
29737
41982
38735
47395
4523930
288192
288192
288192
288192
288192
288192
122302
223765
136200
9005
33626
263295
14501
14501
14501
14501
14501
271
543
14501
14501
14501
14501
14501
14501
14501
368
14501
27684
2456
2456
32614
22158
29738
29738
29738
29738
29738
29738
36573
36573
29738
27684
29738
41983
38736
38736
38736
47396
47396
47396
1609648
3271711
2675370
426861
292452
591507
148115
97013
205245
58497
11325
81060
19499
3775
27020
85097767
72851950
12556854
172329065
133924860
884338999
177356658
177388547
673821
576857
78032
1371045
1065502
7972685
12738909
292777
31209821
26718637
13210366
56367296
43805624
289213302
30097178
67359303
67371414
110622
2415
280807
240398
103579
508582
395243
3249986
261359
3869610
3312762
7626298
5926748
1794063
45244592
426861
591507
4072345
4073078
74507
63786
146840
114116
34545
1823678
4073078
5644122
20617718
2635655
2048289
1501529
1285454
16022979
48711794
148115
205245
2608660
2609129
1542991
88112
68476
50197
42973
1199130
3645500
2609129
3615507
17744436
6181663
21813786
18674719
2791102
44336811
34456180
239181
83324
20881275
20885030
290609
248789
23684
601461
467423
6051987
375484
7217
8358356
7155564
3170501
15116652
11747847
887125
155242
14833053
14835720
4157
65
211717
181251
48495
390445
303433
9822
2430444
846698
1364280
460633
6164933
3047452
2608915
6005974
4667519
1412887
62670
86842
290732
87848
111788
22178
816127
1379786
1380035
396594
339523
792746
616080
137352
1380035
1912334
4133118
2675369
2079153
1082645
2675369
2675369
2079153
1524154
1304823
6320876
29997
41567
1697895
1025445
750414
290731
1877799
1878174
1025445
1912850
1399811
922240
733508
4676918
1878174
3503518
50267224
50289187
50848840
72371710
23756394
21341710
5867580
21579216
56192747
916965
917365
927575
1320191
439780
389311
107035
393644
1033322
426861
292452
426861
292452
2178036
2178036
2335993
924314
1691128
1029344
254126
122380
2134192
148115
52232
97013
52232
83578
148115
22166
40555
24685
6326
97013
2615
76358
3566132
3567690
3607394
5134302
1685361
1514055
416266
1530905
3986509
74219
74251
75077
106856
35076
31510
9085
31861
82968
58497
11325
58497
11325
242389
242389
288192
102864
188202
119513
28281
9005
263295
288192
19498
3774
3774
29997
19499
3775
3775
3775
3500
3775
197
27406
29997
38150530
1048628
1054989
1217036
4493961
2477
153
833480
225374
859990
16261168
73214
92732
876963
4047787
4591766
2990602
1562447
7071491
187058
67609206
4084
4440289
187058
67371414
2000009
169787
2318375
220028
1261579
2414828
6957362
3669845
17347387
177388547
252583618
27321862
291400731
44962293
876076807
509267881
1924191144
85097767
72851950
12556854
172329065
133924860
26589878
876076807
509267881
884338999
673821
576856
78032
1371045
1065502
130120
325756
1141252
6957362
3669845
7972685
104904344
177356658
177388547
101225256
101712482
114134009
396780866
38914
92635680
28743807
95314573
13448435
270974439
158468559
629285462
21540925
4864868002
495073
390730377
21540925
50267224
50289187
50848840
72371710
23756394
21341710
5867580
21579216
56192747
47839266
43164713
11867484
48436157
308079035
13846
23013
31209821
26718637
13210366
56367296
43805624
7953159
270974439
158468559
289213302
15578415
12738909
10543395
2299146717
36646993
1164236489
292777
800932
15578415
930551
930958
941318
1339751
439780
395079
108621
399476
1040245
11700591
495584
447716
123092
516485
3489319
592
54
90
280807
240398
103579
508582
395243
37299
43297
42618
634220
1045191
2170078
2990602
1562447
3249986
135280
110622
64134
31952251
39982848
235491
16179905
2415
2897
135280
39842222
67359303
67371414
221148
248299
75161
32838
2295522
3968056
789787
317702
4073078
11485614
12895729
3903617
3234221
98445556
101051093
3869610
3312762
7626298
5926748
1794063
1912659
45244592
101051093
426861
426861
74507
63785
146839
114116
34543
19420
816763
1357530
549353
2295522
1823678
373255
82035
2408743
4072345
4073078
19672857
18677144
1051326
4456775
1102442
34863638
2335993
2217760
2134192
941172
1721971
1048118
122380
258761
17973367
7926200
14501799
8826857
7800
2179189
374069
621735
2635655
2048289
1501529
1285454
651964
4390508
12349387
15520160
9567
18441
16476627
25213412
20617718
16022979
75265
8343395
34863638
83578
79348
148115
76358
33673
61609
37500
2615
9258
148115
403958
666406
1229688
536062
980780
596975
70
71390
6
6243
10377
88111
68475
50196
42973
105
125967
11097
3425
3976
22193
116313
478870
795923
291207
1345870
188146
904597
1161499
101
627133
228
1233079
1886924
1542991
1199129
949
572517
2608659
2609129
60748
57487
115349
862573
283063
16126
134653
51534
1017044
999440
348176
20885030
7562057
64746765
29626455
16552953
6073026
74971563
74146739
25830640
317940
7562057
21813786
18674719
29626455
9789114
16552953
2791102
44336811
34456180
17744436
6181663
1560
60748
14844
54514
290609
248789
283063
6145
79631
134653
23684
601461
467423
239181
83323
12351024
20881275
20885030
2534841
42336
6852573
24808923
9799304
5363725
6898543
25561582
7749577
30658603
25288780
634926
236251351
12204
15375871
634926
3566132
3567690
3607394
5134302
1685361
1514055
416266
1530905
3986509
93789
2534841
10131
3238540
8358356
7155564
9799304
3172009
5363725
2927601
804899
3170501
15116652
11747847
3288763
3561628
23804759
18288867
6051987
459179
375484
226410
111652879
1072034
56538521
4342
7217
13885
459179
93933
93974
95020
135239
44393
39880
10964
40324
105006
454
32767
91
70506
152978
49507
211716
181250
174642
27546
47269
79931
44780
12311
48495
390445
303433
53064
57466
679927
469136
155242
125318
5084
4157
11465
4297124
3976
7027001
8804540
17495
3145347
39
65
93
5084
8773573
14833053
14835720
9045319
10155833
6508114
4522776
3538007
3074234
2306936
1002271
360046
10424626
3047452
2608915
6005974
4667519
2430444
4706673
2078622
846698
1412887
1364280
460633
86164
6164933
6521
10424626
62670
62670
396593
339522
792746
616079
301161
581417
235275
87846
137351
89334
111786
12459
18389
22176
1958
491026
816127
38
309696
1379786
1380035
288192
122302
223765
136200
9005
33625
263295
288192
502647
1602465
2013906
1919864
270
3512588
541
2138018
1609647
367
416269
4133118
3271710
2675369
2079152
1524154
1304823
2455
2455
1082644
76807
4523930
12730
23291
14176
196
3499
27405
29997
