1
853
2915961
2915961
1
469
2019145
2019145
1
6347
33777877
1
6347
23389335
1
6347
943463
1
12
78864
78864
1
853
2915961
2915961
1
466
2019145
2019145
1
8
54611
54611
1
6347
33777877
1
6347
23389335
1
6347
943463
1
851
2915961
2915961
1
467
2019143
2019143
1
6346
33777877
1
6346
23389335
1
6346
943462
1
11
78863
78863
1
851
2915961
2915961
1
465
2019143
2019143
1
7
54610
54610
1
6346
33777877
1
6346
23389335
1
6346
943462
851
8064043
8064043
245
467
5583910
5583910
17548
93412178
17548
17548
64682832
13093
1946327
11
78863
78863
851
8064043
8064043
243
465
5583910
5583910
5
7
54610
54610
17548
93412177
17548
17548
64682832
3724
7148
1347723
850
8064043
8064043
244
466
5583910
5583910
628259
93412177
178573
343019
64682832
334127
5230
334127
231364
1488
2857
231364
6547234
1860926
4533602
3574660
13090
1946320
8
78857
78857
848
8064043
8064043
241
463
5583910
5583910
2
4
54604
54604
628254
93412178
178568
343014
64682832
3720
7146
1347720
5394
84
5394
334119
5228
334119
231359
1485
2854
231359
3735
23
46
3735
6547234
1860922
4533602
3574656
102714
250235
197305
290858
6052
301938
74
74
125008
1118
1160
74
74
484
1886923
1886924
102812337
2137114
106729010
13594135913
282575333
14112009360
104100
934
5842404427
792
14
44186056
51897298
53874344
176
404
22304102
10
12
811576
255578
265314
348407
609713
10424328
276
2078
15142
1084
5008
11004
4018
290853
6050
301934
72
72
125004
1116
1158
72
72
482
3542
2842
3542
1557
10392
220
10786
1130
910
72
40
4468
1130
836
1672
2926
1006
9742
71100
1672
1599
404
5322
38822
76
76
556
973
9462
23506
18848
16
28
76
556
836
3784
12836
17038
10292
27752713
3793900
202616125
1923674
359364
5477039
183626008
66978712
35868607
6085137
2219591
1443106
1888349
1960287
284325867
5910156
295157362
37594364417
781457543
39026535113
104096
936
16157075558
796
12
122195828
143521144
148988633
174
402
61681638
8
10
811563
13894129
288811
14423431
222112
177912
670886
537345
67537316
54093912
67537316
29534177
670886
293405
1342501011
27905978
1393644065
21460263
17188565
3728
38
576971857
21460263
9384607
44
6
5971334
222112
97149
859726
1504521
3523322
899404
25722958
31804495
55657866
130340838
33272335
951588244
31804495
30388064
71163450
13293776
519547853
859726
821438
1923662
359352
14044212
7712072
8005866
10513596
18398793
314566056
14
26
3314447
10513596
10045367
284372063
171746677
125683118
8
6
109844
348407
332909
9423736
5691471
4164982
22244
1143378
18354
18354
943463
18354
145429
3025
150969
36
36
62503
558
579
36
36
241
943462
943462
51406168
1068557
53364505
6797067956
141287666
7056004680
52049
466
2921202213
395
6
22093028
25948649
26937172
87
201
11152051
4
5
405788
3
257
257
3
257
257
128359
2671
13
133250
392128
3
257
257
36
36
13
55168
60701
3
257
257
3
257
3
257
591
13
613
1800
3
257
23996
23996
36
36
13
256
281
3
257
694
6781
9205
23996
23996
160316
660
943462
13
486701
943462
3
264
22241
1143377
18353
29027194
80274241
1277981
51474529
1069978
736
14220177
53435469
53226727
3
257
257
3
678
310
3
82458
37739
3
82458
37739
3
678
310
5999249949
124703774
85813
6227793511
3
26123
11956
45939
411
13
2578320879
964028695
3
26123
11956
192
396
7
13
3265827
22122407
29174681
8271521
29060712
3
257
257
3
628
3
31045
3
31045
3
628
27494064
393
28541460
3
10210
1121449489
3101350543
92
212
13
11816230
4418063
3
10210
32314872
316771716
430097767
1121449489
3101350543
5
58832
142
660
5
8
13
242050
462696
845820
943462
316252
943462
3
264
18353
943462
18353
943462
8199205
11132495
29027194
80274241
3161991
49113
2189515
489463
19625
127784
132652
174203
5212164
136
1036
7569
539
2502
5499
2006
145426
3022
150967
35
35
62500
555
576
35
35
238
1769
809
1769
442
5193
107
5391
562
257
35
19
2231
562
237
833
500
4869
35548
454
833
199
2658
19408
35
35
275
4728
11751
9421
7
13
35
237
275
1889
6415
8517
5144
13876356
1896950
101308062
961837
179682
2738519
91813004
33489356
17934303
3042568
1109795
721553
944174
980143
142162933
2955078
147578681
18797182208
390728771
19513267556
52042
463
8078537779
393
3
61097914
71760572
74494316
85
198
30840819
1
2
405781
6947064
144405
7211715
111050
50826
335443
153527
33768658
15455403
33768658
8438336
335443
83822
671250505
13952989
696822032
10730131
4911018
1858
16
288485928
10730131
2681316
19
0
2985667
111050
27750
429863
1761661
449702
12861479
15902247
65170419
16636167
475794122
8682304
15902247
35581725
6646888
259773926
234696
429863
961831
179676
7022106
3856036
4002933
5256798
157283028
4
10
1657223
2870105
5256798
142186031
85873338
62841559
0
0
54918
95111
174203
4711868
2845735
2082491
136
1323
9660
739
3432
7544
2752
237
43856
20072
237
43856
20072
128357
2668
133247
392126
517759
237
13893
6358
35
35
55164
60699
136
237
13893
6358
237
16511
237
16511
588
610
1797
2372
237
5430
23994
35
35
252
278
136
237
5430
691
6777
9202
23994
217
1623
743
85
217
1623
405
743
4850
100
5035
14818
19566
169
525
240
35
18
2084
2293
136
29
169
525
237
240
758
1063
638
6214
45371
169
758
580
1063
255
3393
24772
40
42
125
165
269
377
1669
1669
6486
16120
12925
9
17
35
103
80
105
269
237
377
48
471
640
1669
911
258
35
2591
8801
11684
7056
271
17710916
2421149
129303296
1193175
571548
8711097
125951775
45941682
24602804
21157413
7717296
4132785
287551
1594
1968046
1053926
2043020
19297
2682968
3161991
49111
80274241
20799045
142351983
2959008
76232180
147774932
147197660
7490
2275537
1041478
22669
6886407
3151804
2755749
837137963
383145374
1504583
837137963
383145374
12376
6886407
3151804
16590829329
344866283
17222862878
873034
265209157
121382217
45934
409
7130304959
245232
2666005865
476658
265209157
121382217
189
394
3
17507599
61179163
80682111
2104
22874758
80366932
4089
2275537
1041478
45860
6376159
2266907
315179311
1237685
315179311
25038
6376159
76034392
78930949
745532
103655009
3101350543
90
210
32677595
1123
12218083
407045
103655009
89366261
876027091
1189428465
3101350543
2
58829
140
1594
2
5
242046
462690
845815
1115447
29
316248
2043020
10535
2682968
2189506
489459
19622
2313124
22674769
30786738
80274241
9744891
29934493
11333062
235575
11764799
11718841
33990
181162
74979
82915
72751851
82609
440291
6371
201514
5814856
30992099
14184614
82
5814856
30992099
7744511
14184614
72751851
1
82609
440291
1990
110022
201514
626968976
13032528
650853582
1880418
10022278
4587045
1735
15
269454884
9267
100748608
26
1880418
10022278
2504433
4587045
88
29934493
31
0
2701921
4870654
6423341
167
1821127
6398249
0
33990
181162
23418
45270
82915
2659693
47810
1367374
5603758
1430481
40911741
20296637
83179461
21233367
607273961
11081551
288
20296637
45414296
8483673
331559248
2659693
14932
746558
19
1367374
3059538
571540
22336979
5289823
5491341
7211430
215765477
6
14
2273427
78
850029
3937294
102
7211430
6217341
60946481
82750271
195054974
117803568
86207896
33399326
181261
215765477
6
156317
7445
84626
2356264
1
2
211848
381891
404964
503631
13
142788
922437
378358
661387
17
1211378
988576
220994
8859
1044390
10237806
13900413
1094578
4900940
22353736
32765388
19788675
14481226
5610428
30448
36244344
606
278
1120
282
278
370
278
278
278
278
278
278
76
133
76
133
133
76
133
76
133
133
2620
278
2620
1052
278
1434
2452
854
278
854
532
84
133
78
133
133
1846
346
278
472
203
133
308
308
278
278
282
278
228
278
278
399
76
133
76
133
133
174
278
278
278
157
133
160022
160022
160024
160022
11256
160022
160022
160022
160022
105112
16818
143626
160022
160022
160022
76600
104670
17088
160022
160022
160022
27968
38216
27968
530036
111783
398382
40299
5845
12612
5845
9480
5845
906
64756
113323
48672
40855
5845
3340
5845
3340
5845
1337
593200
69976
69976
1038100
2258626
160022
42048
160022
623738
160022
28120
160022
160024
160022
160024
160024
160022
160024
160022
11238
160022
66193460
160024
160022
160024
13958444
2258626
2011254
2258626
724916
37299
49751468
160022
160022
160024
5030929
1234327
226810
47855
170476
17269
913
2223086
105102
16804
143622
224819
11571
160022
160022
42740
160024
160024
160022
160022
160024
160022
76590
104656
17080
5936410
160022
160022
10388718
1165132
2038981
875722
734905
37807
4461847
160022
160022
160022
3952595
918666
40660
71155
30568
25676
1344
445858
27962
38210
27962
374167
19250
602
276
1118
278
276
366
276
276
276
276
276
276
74
129
74
129
129
74
129
74
129
129
2618
276
2618
1050
276
1434
2450
852
85864
1792
276
852
532
80
129
76
129
129
1844
346
74
35552
74
276
468
199
129
306
306
276
276
278
276
226
276
460
276
395
74
129
74
129
129
172
276
74
74
194
276
276
154
129
607349
160022
1134125
160024
11252
160022
196454
160024
366842
105110
16816
143624
160022
160022
160024
76598
104668
17084
160024
160022
160024
27966
38212
27966
530034
111779
398378
40292
5841
12610
5841
9478
5841
903
64754
113319
48670
40855
5841
3338
5841
3338
5841
1333
593198
69972
1225278
69972
1038096
2258626
160022
37573762
1886924
42046
160022
623735
160024
28118
160024
2663214
160024
2663214
1064072
160022
1454060
160022
11236
160022
136725716
861438
4012850909
83413369
160024
861438
28831826
4128200
2011250
3102784
724913
37296
102764006
344183
30732
1661329532
282
160024
470328
10391621
1234324
226808
47852
170472
17265
910
2223084
105100
294
15555624
10
16802
143620
224815
11567
160022
160022
42738
304862
304862
160024
160024
166452
160022
76586
104654
17078
12261935
160022
21159443
160022
21458387
1165129
2038977
875720
734902
37803
9216156
160022
76
170
8760058
160022
160022
7734072
918662
40658
71151
30566
25676
1340
445856
27960
8
8
507270
38208
27960
374164
19246
602
276
1118
278
276
366
276
276
276
276
276
276
74
129
74
129
129
74
129
74
129
129
2618
276
2618
1050
276
1434
2450
852
276
852
532
80
129
76
129
129
1844
346
276
468
199
129
306
306
276
276
278
276
226
276
276
395
74
129
74
129
129
172
276
276
276
154
129
1130985
297984
2111930
297984
11252
297984
365826
297984
683121
105110
16816
143624
297984
297984
297984
76598
104668
17084
297984
297984
297984
27966
38212
27966
530034
111779
398378
40292
5841
12610
5841
9478
5841
903
64754
113319
48670
40855
5841
3338
5841
3338
5841
1333
593198
69972
69972
1038096
2526332
263042
42046
263042
623735
297984
28118
297984
4959350
297984
4959350
1981480
297984
2707704
297984
11236
297984
152931274
1604143
297984
1604143
32249148
4617499
2011250
3470544
724913
37296
114944216
640926
297984
875829
11623299
1234324
226808
47852
170472
17265
910
2223084
105100
16802
143620
224815
11567
191678
191678
42738
567705
567705
297984
297984
309955
297984
76586
104654
17078
13715294
297984
297984
24001765
1165129
2038977
875720
734902
37803
10308511
297984
297984
297984
8650761
918662
40658
71151
30566
25676
1340
445856
27960
38208
27960
374164
19246
270172
270172
472801
600
276
1116
276
276
364
276
276
276
276
276
276
434
276
806
276
276
276
276
274
680
680
276
276
276
276
680
546
546
276
276
74
126
74
126
126
72
126
72
126
126
72
126
72
126
126
72
126
72
126
126
2616
276
2616
1048
276
1430
85860
1790
2448
850
276
850
525
78
133
76
129
126
72
35550
72
1842
342
276
466
196
133
304
304
276
276
276
276
458
224
276
276
392
76
133
74
129
126
72
72
192
170
276
276
276
147
129
1888
898
276
1888
836
758
898
276
1034
836
3630
82
218
630
478
276
630
133
836
76
126
76
126
126
72
1506
18
166
276
478
276
346
133
126
836
380
676
276
680
964
380
276
1183
276
676
274
680
680
276
276
836
76
76
276
478
276
680
546
276
133
836
72
126
72
126
126
10
18
74
76
276
478
276
680
546
546
276
276
133
126
836
19805679
1236416
36983867
315232
11250
430764
6406311
1793850
11962738
105108
16814
143622
2886210
4233609
885572
76596
104664
17082
1335094
1824408
1335094
27964
38210
27964
14285580
891812
26675985
365748
13044
499786
4736169
1326192
8844021
131196
20982
179276
959212
179196
2731031
2886210
5305578
1109796
42874
8014
312960
222464
303994
49602
3265186
1972010
1443106
1735128
2371056
1735128
244242
147514
107948
107948
147514
107948
530029
111776
398373
40292
5838
12606
5838
9478
5838
899
64754
113319
48670
40845
5838
3336
5838
3336
5838
1330
85762
18091
64462
6524
5838
3336
5838
3336
2758
154
11320
19810
8508
7143
5838
3336
5838
3336
5838
325
593196
69978
1225276
69978
1038094
2957761
263046
103909635
2159923
42052
263046
623713
788945
28124
788945
86847512
3094534
86847512
34699440
1236404
47416978
315218
11240
430748
315886767
28091549
11097474704
230678333
4489705
28091549
66612138
9537662
2011240
7168574
724894
37285
237422705
11223822
30738
4594380126
278
1793836
15337415
24008473
1234306
226802
47848
170464
17251
917
2223073
105106
294
43018828
10
16804
143624
224812
11571
191678
191678
42738
9941590
9941590
2216418
3972107
5427906
885557
76588
104660
17078
28329588
3341510
58516102
3341510
49576779
1165121
2038963
875713
734886
37814
21292716
1335081
74
166
24225801
1824396
1335081
17868556
918645
40660
71155
30564
25669
1347
445850
27960
6
8
507267
38206
27960
374167
19243
86858
328320
435468
7406519
153968
52484
328320
69580
91847
249284
915367
32628
915367
199678
17058684
62641988
2232047
62641988
13663127
17058684
25028257
891802
34201253
7459790
249284
365729
13040
499771
109028
5493522
20768009
27545656
468501231
9738529
3319227
20768009
4400029
5808648
1543220
325437
1159895
117302
6055
5493522
8297742
20703508
1302
193960590
16
1326178
11338911
2402326
2093563
107667
36212
7672
27218
2789
164
86858
131190
327301
26
3066315
6
20976
179270
37996
33117
1708
556776
78516
20048
573198
556776
124132
1003096
12458845
1756843
448472
12826310
12458845
2777624
22446042
4977862
959201
179194
7002904
12826310
6802276
1109784
12255083
222460
42868
8012
312954
573198
303988
49598
547670
4342734
4342734
7599784
203648
356384
153060
128460
6632
10
3264029
16
1797901
3925891
2371044
1735115
4342734
2371044
1735115
2739128
140840
4149327
9720
17010
7310
6160
339
2
203064
2
111852
244240
147510
107946
270172
147510
107946
170408
8764
258142
138
559
301
138
184
139
138
943463
1297402
138
138
138
138
138
191
2252680
14493633
37
37
37
37
37
37
37
37
37
138
1309
138
716
525
151
1225
138
426
138
947046
37
40
37
37
38
57
37
922
138
235
172
138
943463
943463
153
138
139
138
138
113
138
883
10579721
37
37
37
37
44
86
37
138
138
484
7325879
5776313
80010
80010
80010
5627
80010
80010
80010
80010
80010
943463
22386
1297402
8408
71812
52555
13398
215
33611
80010
80010
80010
52334
38299
8543
80010
80010
2252680
14493633
19106
13983
334495
839296
31937
265018
11512
1669
199191
1669
6305
1669
258
4739
32377
11672
24335
1669
1669
1669
1669
381
296600
34987
612640
178211
1129313
21023
80010
24528
388
14059
80010
80010
80010
80010
80010
80010
5618
80010
80010
3988127
33096730
80010
80010
947045
40987
574644
1129313
207119
10656
1129313
1437408
352665
24875734
80010
80010
80010
943463
943463
22379
13672
113404
4933
260
85237
64233
3305
1111543
8401
71810
52550
16984
13392
213
80010
21369
80010
80010
80010
80010
80010
52327
38294
8539
2968205
80010
10579721
582566
209973
437861
10801
1129313
2230923
262476
80010
80010
7325879
5776313
20329
7335
15283
383
106904
222929
5499
19104
13980
424221
334490
109497
943463
943462
25753
25742
25753
109497
943462
109497
943463
943462
36052
36052
36052
36044
36052
139
138
138
481
259
4478
138
138
138
162
139
1482
138
943463
1137946
138
138
138
138
138
676
138
138
138
138
243
227
2684271
17270486
37
37
37
37
37
37
37
37
37
9430
37
37
9430
37
37
37
37
9
940
138
1124
19625
250
200
138
615
451
7843
132
133
157
1075
356
138
374
6490
1
138
247
943463
943463
38
38
38
199
37
37
37
37
150
57
50
37
59
810
139
138
138
206
151
2595
1
138
136
943463
943463
943463
151
173
138
2955
138
138
139
138
138
1182
37355
134
138
1052
1
1052
6347
12606704
9430
37
9430
37
37
37
8
37
33818
51
102
58
31
37
138
138
138
138
422
1
576
6347
8729454
6883004
80010
80010
80010
80010
80010
79934403
80010
76634
6242
80010
80010
1401099
5317462
45798687
45816995
80010
80010
80010
80010
80010
26419859
943463
19634
1137946
42904
34124
10942
80010
68414
1197925
2019549
17394146
17401099
17439
277
43751
80010
80010
80010
80010
80010
12020504
52231
41542
80010
80010
20131
1401099
122096
1051600
1052019
80010
80010
80010
80010
4269512
2684271
17270486
80010
59534
39224
31199
1042471
109497
943463
943462
943463
1292496
167603
168829
200058
1129313
69390
60853
3131
72107
1053044
3105
3128
3707
25939
1669
1669
1046
1669
19497
89297340
111381
111381
80726054
40146
83715
46113
2067
8
3195023
3988
3988
2888316
1669
2998
1669
1332
5
109098668
1129313
80010
1401099
109497
18353
1
943462
166521043
6346
943462
230310
231996
274906
1129313
80010
27368
80010
1610026
2827367
1
943462
943462
24361527
4299809678
7
31928
503
31928
80010
15605
80010
4117739
7444443
114162
530137
64143763
11321374245
80010
80010
80010
350510781
80010
80010
80010
80010
80010
140044633
80010
76629
6238
80010
80010
1645220
7444443
20072
219481
64130951
64143763
6181240391
3472573
3497965
4145016
29028972
80010
80010
80010
115850563
1
246
943463
35949
943463
1129313
1129313
1129313
5283000
1129313
1094949
56300
1129313
3970740
1437653
1260743
309321
1493954
21818379
80010
80010
80010
80010
80010
46287448
1
135
943463
943463
19628
943463
55838
56245
66648
466722
23119
20274
1048
24025
350792
95350
83619
4301
99084
1129313
42901
34121
10936
80010
68410
1197919
2827367
1
217986
608569
24356662
24361527
2347608752
5
22109
17433
276
22109
80010
80010
50372
2124575
170934
557900
142418
1472826
259953876
80010
80010
80010
52709677
80010
80010
80010
80010
80010
21059858
52227
41541
80010
80010
20128
1401099
170934
230974
25039
1472534
1472826
141929609
752028280
3536887
80010
18721729
1
6347
12606704
89297507
1129313
80726180
722367
1129313
829753
7
37144
679843962
1274771
2658349
1464279
30
312762
80010
80010
80010
80010
7480163
1
6347
8729454
6883004
3195191
71715
2888525
25852
53903
29694
4
1336
50878276
455274
949406
522955
3
23409
80010
59531
39222
31196
1042464
109497
18354
18354
1
458667
943462
943463
943462
90917143
6347
943463
943463
137
558
300
137
182
138
137
943462
1297401
137
137
137
137
137
190
2252678
14493633
36
36
36
36
36
36
36
36
36
137
1308
137
715
524
150
1224
137
425
42931
895
137
947045
36
39
36
36
37
56
36
921
137
233
171
36
17775
36
137
943462
943462
152
137
138
137
137
112
137
229
882
10579721
36
36
36
36
43
85
36
137
137
36
36
96
483
7325879
5776313
80010
567062
303674
5625
80010
80010
80010
183421
98226
943462
22385
1297401
8407
71811
52554
13397
213
33610
80010
80010
80010
52333
38298
8541
80010
80010
2252678
14493633
19105
13982
334494
839295
31936
265017
11511
1668
199189
1668
6304
1668
257
4738
32376
11671
24334
1668
1668
1668
1668
380
296599
34985
612639
178210
1129313
21022
80010
24526
18786881
387
943462
14058
80010
80010
1331607
80010
727030
532036
5617
80010
80010
8237664
68362858
80010
430719
947043
2006425454
40986
41706684
574643
2064100
207118
10655
1551392
2969034
352664
51382003
80010
235164
172091
943462
943462
15365
830664766
22378
139
13671
113403
4932
259
85235
64232
3304
1111542
8400
71809
52549
16983
13391
145
7777812
212
4
80010
21368
152431
80010
83224
80010
80010
52326
38292
8538
6130967
80010
10579721
582565
209972
437860
10800
2209735
4608078
262475
80010
80010
37
84
4380029
7325879
5776313
20328
7334
15282
382
106903
222928
5498
19103
13979
3
3
253635
424220
334489
12215
12215
12215
109497
943462
943462
12215
12215
12215
51500
25752
25752
25741
25752
25752
12215
12215
12215
12215
12215
12215
109497
943462
109497
943462
943462
36051
36051
26958
36051
12215
12215
12215
12215
12215
12215
36051
36051
26958
36043
36051
138
137
137
480
258
4477
137
137
137
160
138
1481
137
943462
1137945
137
137
137
137
137
675
137
137
137
137
242
226
2684271
17270486
36
36
36
36
36
36
36
36
36
36
36
104
36
36
36
36
8
104
939
137
1123
19624
3
257
257
249
199
137
614
450
7842
3
257
257
131
132
156
1074
355
137
373
6489
13
1
37656
785
110808
137
246
943462
943462
3
257
257
37
37
37
198
36
36
36
36
149
56
49
36
58
808
138
137
137
205
150
2594
13
1
36
15591
36
17154
137
135
943462
943462
943462
3
257
257
150
172
137
2954
3
257
137
137
138
137
137
1181
3
257
133
412
137
1051
272
272
272
13
1
272
272
796
1051
6346
12606704
3
257
272
36
104
36
36
36
7
36
104
50
101
57
30
36
373
137
137
137
137
421
272
272
272
13
1
36
79
106
272
36
36
114
125
575
6346
8729454
6883004
3
257
272
372678
23725
260875
129324
8233
90527
94567
80010
80010
486742
260661
79934403
80010
76633
6241
80010
80010
1401099
5317462
45798687
45816995
80010
80010
80010
160877
86153
26419859
943462
19632
1137944
42903
34123
10941
80010
68413
1197924
2019549
17394146
17401099
17438
276
43750
80010
80010
80010
80010
80010
12020504
609818
26958
426873
52230
41541
80010
80010
20129
1401099
3124625
122096
30059
1051599
1052019
1052019
80010
80010
80010
80010
4269512
2684271
17270486
211615
26958
148130
80010
59533
39223
31198
1042470
2001570
109497
26958
943462
943462
943462
1292494
943462
167602
168828
200057
1129313
69389
60852
3130
72106
1053043
3104
3127
3706
25938
1668
1668
1045
1668
19496
260868
23723
260868
260868
23723
260868
111380
111380
1203335
40145
83714
46112
2066
7
1203335
3987
3987
76410
90519
8233
90519
1668
2997
1668
1331
4
69075
90519
8233
90519
1203334
1129311
80008
1401097
109495
659
26957
18352
277
11
0
486700
6345
160315
943461
1
255
2609129
230309
231994
274905
1129313
80010
27367
80010
1610026
2827367
336
1
6508483
6
706166
943462
943462
31927
24457067
502
943462
31927
24361527
3
257
257
80010
15604
80010
4117739
7444443
114161
530136
64143763
3
257
257
955344
80010
1142994
350510781
3
17508
8013
251477
200014
80010
624051
456677
140044633
3
17508
8013
80010
76628
6236
80010
80010
1645220
7444443
20071
219480
35021192
64130951
64143763
3
257
257
7172763
7225213
8561727
59960713
359576
80010
377781
115850563
24248
1
244
943462
1759825511
35948
36580720
943462
3
5621
2572
1305375
1314921
1558154
10912287
1129313
1094948
56299
1129313
8201751
2969540
2604125
309320
3085834
45066892
94652
80010
80010
206261
150940
46287448
13
1
134
943462
943462
13476
728571821
272411454
19627
123
943462
3
5621
2572
55836
56244
66647
466721
23118
20273
1047
24024
350791
95349
83617
4300
99083
1129313
42900
34120
10935
80010
68409
1197918
2827367
13
1
1494748
4
106
217985
608568
22108
17432
189
10125282
13353062
3785821
275
4
22108
13300899
24356662
24361527
3
257
257
80010
80010
50371
2124575
2187237
170934
42083
557899
142417
1472826
3
401
150938
171883
80010
52709677
3
9953
80010
80010
93844
80010
80010
21059858
3
9953
426867
26958
426867
426867
26958
426867
52226
41539
80010
80010
20127
1401099
2187237
170934
42083
230973
25038
943462
1472532
1472826
3
401
8294711
7305607
80010
18721729
1463118
360217
3714
173
1
6346
12606704
3
3434
34863638
1203335
1129313
1203335
722366
1129313
829752
6
37143
7498533
2633101
5490945
3024538
29
312761
80010
80010
80010
80010
7480163
1463118
360217
3714
13
1
6346
943462
3560969
4834917
44
99
5219204
8729454
6883004
1951449
12606704
3
3434
34863638
76414
71714
148123
26958
148123
69080
25851
53902
29693
3
1335
148123
26958
148123
1203335
455273
949405
522954
2
23408
80010
59530
39221
31195
1042463
1401099
109497
660
660
26958
18353
18353
278
13
1
309117
486701
6346
5
90705
75183
736992
943462
4
458666
8
943462
943462
943462
403880
943462
943462
3
257
2609129
137
558
300
137
182
138
137
986007
3587944
137
137
137
137
137
190
6229745
40081910
36
36
36
36
36
36
36
36
36
137
1308
137
715
524
150
1224
137
425
137
2619039
36
39
36
36
37
56
36
921
137
233
171
137
1813545
1429947
152
137
138
137
137
112
137
882
29258051
36
36
36
36
43
85
36
137
137
483
20259602
15974301
148992
1055965
565492
5625
148992
148992
986006
22385
148992
341560
182913
3587943
13397
213
8407
71811
52554
33610
148992
148992
148992
52333
38298
8541
6229745
148992
148992
40081910
334494
19105
13982
839295
31936
265017
11511
1668
199189
1668
6304
1668
257
4738
32376
11671
24334
1668
1668
1668
1668
380
296599
34985
612639
178210
1263166
21022
131520
24526
387
14058
148992
148992
2479675
148992
1353852
990740
5617
148992
148992
9214042
76465637
148992
802071
2619033
40986
574643
2308749
207118
10655
1735272
3320942
352664
57472108
148992
437914
320463
1813541
1429943
22378
13671
113403
4932
259
85235
64232
3304
1111542
8400
71809
52549
16983
13391
212
95838
21368
283852
148992
154977
148992
148992
52326
38292
8538
6857647
148992
29258051
582565
209972
437860
10800
2471646
5154255
262475
148992
148992
20259602
15974301
20328
7334
15282
382
106903
222928
5498
19103
13979
424220
334489
1120967
1121415
25741
25752
1569979
1569665
1569979
18597
36051
18597
12215
12215
36043
36051
12215
18597
138
137
137
480
258
4477
137
137
137
160
138
1481
137
986007
3146969
137
137
137
137
137
675
137
137
137
137
242
226
7423310
47761254
36
36
36
36
36
36
36
36
36
9429
36
36
9429
36
36
36
36
8
939
137
1123
19624
249
199
137
614
450
7842
131
132
156
1074
355
137
373
6489
137
246
2297146
2297146
37
37
37
198
36
36
36
36
149
56
49
36
58
808
138
137
137
205
150
2594
137
71
135
1590649
1254199
1590649
150
172
137
2954
137
137
138
137
137
1181
37353
133
137
1051
1051
17548
34863638
9429
36
9429
36
36
36
7
36
33817
50
101
57
30
36
137
137
137
137
421
575
17548
17548
24141165
19034838
176100
148992
148992
906395
485394
148853984
126655534
126706165
96351
76633
6241
148992
148992
1748712
986006
19632
148992
148992
148992
299581
160432
49199108
3146968
48103231
48122461
17438
276
42903
34123
10941
93487
68413
1197924
43750
148992
148992
148992
148992
148992
22384605
2908180
2909342
52230
41541
123356
90272
20129
1443106
7423310
148992
148992
148992
148992
7950694
47761254
1862921
1863666
986006
81352
59533
39223
31198
1042470
3574373
167602
168828
200057
1263166
69389
60852
3130
72106
1053043
3104
3127
3706
25938
1668
1668
1045
1668
19496
193618801
111380
111380
175034126
40145
83714
46112
2066
7
6927604
3987
3987
6262587
1668
2997
1668
1331
4
236552997
1263166
26
7453
160832
1345870
2609129
460511268
17548
148992
2609129
230309
231994
274905
1263166
26
1624
160832
1239994
1469956
67371414
11891054571
6
148992
27367
148992
2998193
31927
502
31927
114161
530136
177388547
31309078545
148992
15604
148992
7668062
1779011
148992
2128447
652721787
468293
372459
148992
1162089
850409
260791360
20071
219480
177353115
177388547
17094120973
96344
76628
6236
148992
148992
3063731
8022922
8081589
9576515
67067619
244
669590
148992
703492
215737121
2297145
35948
2297145
1460096
1470773
1742835
12205677
1248593
1094948
56299
1263166
9173872
3321508
2912781
309320
3451585
50408492
71
134
176258
148992
148992
384092
281076
86196567
1590649
1254198
19627
1590649
55836
56244
66647
466721
23118
20273
1047
24024
350791
95349
83617
4300
99083
1263166
7
650
125742
217985
608568
67357957
67371414
6492274279
3
4
42900
34120
10935
93479
68409
1197918
22108
17432
275
22108
1345870
557899
142417
4073078
718898267
148992
148992
50371
3956387
281072
320075
148992
98156052
148992
148992
174754
148992
148992
39217704
597176
1147117
325228
1345870
230973
25038
4072264
4073078
392504053
52226
41539
123353
90270
20127
1580754
1630583999
8171512
17548
148992
34863638
193619164
1263166
175034398
722366
1263166
829752
6
37143
1474070476
2945192
6141766
3383025
29
312761
17548
17548
148992
148992
148992
148992
24141165
19034838
13929572
6927967
71714
6263040
25851
53902
29693
3
1335
110316734
455273
949405
522954
2
23408
6
2978
111369
382538
734819
208335
1345870
458666
1080186
2608608
2609129
251429898
4988
9581
81348
59530
39221
31195
1806680
1424532
1042463
403880
136
555
297
136
179
136
136
986006
3587944
136
136
136
136
136
187
6229745
40081910
136
400
214
136
136
136
136
60376
151486
136
136
136
136
338
338
136
136
136
136
338
271
271
986006
2974663
35
35
35
35
35
35
35
35
35
35
35
35
35
35
35
35
35
35
136
1305
136
712
521
42928
892
147
1221
136
422
136
2619039
35
36
35
35
35
35
17772
35
53
35
918
136
230
168
136
1813544
1429946
149
136
136
136
136
226
109
136
879
29258051
35
35
35
35
35
35
93
39
82
35
136
136
480
20259602
15974301
136
941
446
237
136
514
376
446
237
1812
37
35
106
136
312
237
237
136
110570
35
35
35
35
35
35
750
8
35
35
80
136
170
136
237
237
136
76565
60370
187
136
335
136
338
479
136
136
136
237
335
136
338
338
35
35
136
237
136
136
338
271
2171369
35
35
35
35
4
8
35
35
35
35
136
136
237
237
136
136
338
271
271
1503555
1185524
618208
18491933
9902839
5624
215382
157616
986005
22384
896925
5981369
3203155
3587943
13396
212
8406
71810
52553
33609
2116804
1443105
442786
52331
38297
8540
6229745
912204
667547
40081910
334493
19104
13981
839293
445906
13337992
7142790
6521
249893
182874
60375
950
663096
4422010
2368084
151485
956
17
10490
89637
65597
2397
479606
89597
1365515
2652789
1443105
554898
21435
4006
156480
151997
111231
24800
1632593
986005
721553
986005
1185528
867564
2974662
122120
73756
53973
73756
73756
53973
185064
31934
265014
11509
1667
199186
1667
6301
1667
256
4736
32374
11668
24332
1667
1667
1667
1667
379
5167
42880
1862
1667
32228
1667
1667
787
43
1667
5658
2039
4252
1667
1667
1667
1667
92
296598
34984
612638
178203
1478880
21019
131515
24522
51954817
383
1079961
14055
394472
1547267
43423756
618202
23708489
17349720
5615
215374
157609
19032039
157943383
2244852
14045774
2619033
5548737352
40980
115339166
574640
4768831
207112
10647
3584287
6859563
352659
118711352
896918
7668707
5611911
1813537
1429938
15362
2297190063
22374
136
13664
113397
4924
253
85230
64228
3302
1111536
8398
71804
52546
16980
13389
143
21509414
209
1
95834
21365
4970795
1108209
2713953
1986053
442778
52323
38290
8536
14164794
1670755
29258051
582560
209967
437856
10794
5105301
10646358
262470
912198
667540
34
81
12112900
20259602
15974301
20322
7324
15274
376
106900
222925
5495
19100
13977
0
1
253633
424218
334487
43423
19874
26236
164160
217734
1747
3703259
27
76978
124636
57044
16308
457683
8529342
3903750
1116023
31320994
8529342
2131368
445901
17100626
12514128
124636
31145
6515
249885
182864
2746761
1257151
1659613
10384004
13772828
110567
234250615
1730
4869264
92978
771610
33511
1722
579947
2746761
686378
598161
30752
663089
5669455
4148871
10351754
76561
60367
648
96980295
944
5
2180
18096
785
40
13601
43423
10850
9456
486
10482
89628
65589
163650
1210
954
10
1533157
14
0
278388
62064
39256
10020
286599
6229422
1388812
878421
224236
6413155
3401138
2488931
554892
479600
89592
3501452
6413155
151994
111228
24797
21432
4003
156477
286599
2171367
101816
36696
76525
1886
782608
2
1632014
6
898950
40234
1962945
1503553
1185522
867557
2171367
4849
1747
3644
89
48687
0
101531
0
55925
2503
122119
93539
73754
53972
135086
592
441
73
441
441
73
12214
12214
12214
12214
3485
12214
1120964
1121412
12214
12214
25738
25749
25749
51498
131977
132030
12214
12214
12214
12214
12214
17448
12214
12214
12214
12214
12214
3484
12214
3484
1569977
1569663
1569977
18595
36048
18595
12214
12214
12214
12214
36041
36048
12214
18595
184842
184806
184842
12212
7114
4530
72
12212
12212
31310
12696
73
21680
5072
73
12214
12214
12214
12214
7115
4531
73
12214
12214
12214
12214
136
136
136
477
255
4474
136
136
136
157
136
1479
136
986006
3146969
136
136
136
136
136
672
136
136
136
136
239
223
7423310
47761254
69
206
136
136
136
136
385
206
69
136
136
136
136
136
136
136
136
60917
152841
69
136
136
136
136
136
136
136
136
338
338
69
136
136
136
136
136
136
136
136
338
271
271
986006
6197533
35
35
35
35
35
35
35
35
35
35
35
103
35
35
35
35
7
103
35
35
35
35
35
35
35
35
35
35
35
35
35
103
35
35
35
35
35
35
4
103
936
136
1120
19622
237
9311
4261
246
196
136
611
447
7840
237
9311
4261
37652
782
128
129
153
1071
110805
146306
352
136
370
6485
237
2989
1368
136
244
2297145
2297145
35
35
35
195
35
35
35
35
146
35
15588
35
53
46
35
55
805
17152
136
136
136
136
202
147
2591
237
2989
1368
136
70
134
1590648
1254198
1590648
147
168
136
2950
237
5293
136
136
136
136
136
1178
237
5293
269
269
130
793
1048
136
1048
237
1826
1048
409
234481
34863638
35
103
35
35
35
6
35
103
35
76
103
269
35
35
111
47
98
54
29
35
122
136
136
136
136
136
418
237
1826
572
370
66648
128023
24141165
19034838
169
123
904
756
136
904
888
429
237
24
169
69
361
199
158
136
493
361
137
429
237
237
1828
38
35
35
35
107
5381
7105
169
157
314
299
136
314
309
237
237
136
439
439
998
111557
1747
111557
35
35
35
35
35
35
35
35
35
35
757
8
35
35
35
35
80
832
136
10
169
69
136
136
136
136
171
136
136
237
237
237
136
439
439
691
77248
60909
498
955
77248
389
69
304
267
304
136
546
136
338
778
589
439
439
150
389
69
136
136
136
166
136
136
136
298
546
136
338
425
439
439
439
33
33
33
33
33
101
134
168
67
134
134
236
134
101
134
337
269
438
4523930
35
35
35
103
35
35
35
35
35
3
35
103
35
35
35
35
35
6
13
35
35
35
35
35
35
35
8
35
103
65
65
169
69
136
136
136
136
136
136
237
237
136
103
136
338
271
271
271
439
439
439
1285839
3132575
2469974
260873
23722
372676
90525
8231
129322
38306
3483
54723
18338
1667
26198
3083847
1950810
530646
15872686
8500174
148853984
126655534
126706165
96349
76632
6240
239082
174960
1748710
986005
19631
1160709
756195
786689
5246228
2809471
49199108
3146968
48103231
48122461
17437
275
42902
34122
10940
93486
68412
1197923
43748
950764
756195
2386928
1443105
499290
22384605
426872
609817
2908180
2909342
52228
41540
123355
90271
20128
1443105
2909342
5818682
7423310
1086975
795445
524064
416820
7950694
47761254
148129
211612
1862919
1863664
986005
81351
59532
39222
31197
1042469
3574373
1863664
3727327
506071
279550
2489872
1575068
428441
12815471
6862968
137315
37606
14911924
14917885
198641
157990
12857
492924
360720
279550
60916
956
987096
756195
669021
4461522
2389243
152840
100419
10592713
10596947
3840
62
165425
131572
42165
360478
263796
9634
279550
279550
779601
145638
2219654
950764
756195
4312126
2309239
901988
62682
89545
207504
56823
103207
19281
753474
1379761
1380036
309866
246454
731886
535590
119408
1380036
1971480
2640816
986005
721553
279550
986005
1972010
1443105
950764
756195
6197533
30008
42868
1632592
986005
721552
279549
1805576
1805937
986005
1972010
1443104
950762
756194
5002051
1805937
3611874
167600
168825
200054
1401053
69386
60848
3128
72104
1053041
3102
3125
3703
25936
1667
1667
1044
1667
19494
260866
23721
260866
23721
111378
111378
2135572
40143
83712
46110
2063
6
1930587
90517
3984
8231
3984
76407
90517
1667
2995
1667
1330
8231
3
69073
13157
13253
15704
109986
5447
4776
1667
5660
82666
1667
1667
1667
2897
1667
1667
119
1667
2177
38299
3482
38299
3482
16015
16015
288192
5772
12037
6630
1667
3
260529
288192
18331
1666
1666
29997
18332
1667
1667
1667
557
1667
2
27118
29997
34890974
230304
231988
274901
1925230
23
3
162958
27363
171209
11492796
2610
1621
181586
1239987
1469947
793077
362979
2998193
31924
67635627
499
1405912
31924
67371414
365989
15602
437877
6873
114156
530130
2088169
955723
7668062
177388547
31153818
1328108
37273099
585127
177749387
81353204
652721787
8200698
6522469
530638
20350355
14892259
319467
177749387
81353204
260791360
96340
76624
6233
239072
174951
3753
20067
219475
2088169
955723
3063731
96850543
177353115
177388547
16571726
16692904
19780744
138531334
241
11725788
1968948
12319477
187855
57066462
26118456
215737121
2297140
4866769171
35943
101163393
2297140
3015898
3037952
3599909
25211403
1248589
1094944
56292
1297486
18949067
6860732
6016488
309315
7129413
104121120
68
131
3086609
2454950
786682
6726184
4922178
102565
57066462
26118456
86196567
1590644
1254192
13474
2014853663
69296
753349501
19624
120
1590644
55830
56238
66641
466715
23113
20269
1042
24019
350786
8013114
95346
83613
4298
99080
1447016
3
0
1
42895
34117
10932
93476
68405
104
1425
648
125738
217980
608561
793077
362979
1197911
22105
17430
187
28001305
36927679
963
10469628
272
1
22105
36783423
67357957
67371414
198395
225925
50368
29295
2101020
3956387
557897
142415
4073078
4922100
5605114
1249626
726803
98156052
101051093
1295657
1030507
3060278
2239492
499281
396820
39217704
101051093
426861
426861
52224
41536
123351
90267
20124
15994
597173
1147114
325226
2101020
1580752
230970
25035
2223817
4072264
4073078
17984992
16878645
234479
1990857
250754
34863638
2135572
2004203
1930587
722358
1506373
829744
3
37137
16258682
6083433
12686107
6987797
26
312757
66646
128021
1086967
795435
524058
416812
136906
1004605
9847803
13370885
41
96
14433626
24141165
19034838
13929572
496
5396702
34863638
76407
71707
148115
69073
25844
53895
29687
0
1328
148115
309115
590899
1216769
455272
949404
522953
1
23406
4
4987
9580
81346
59528
39219
31193
4
90703
10245
2977
1952
22193
111367
382537
734817
208333
1345870
75182
736991
1000651
3
458665
7
1080185
1806679
1424531
1042462
37
403879
2608607
2609129
46127
13440
62415
754589
245852
3557
112523
32168
902807
887038
242900
20885030
1537615
25153326
8195201
3750819
1072303
30093981
29568337
8096795
21
1537615
6621174
5266185
8195201
2047871
3750819
428432
16430702
12023882
4577018
1253340
0
46127
2362
25840
198632
157983
245852
1111
61435
112523
12852
492914
360711
137308
37599
11402802
20880858
20885030
519962
6077
1662287
9971899
2771304
1268383
1674442
10476787
1984179
13895890
10293791
111555
236343677
1745
4912772
111555
236756
238487
282603
1979167
98017
85956
4419
101856
1487555
7
519962
940
688190
2624928
2087750
2771304
692511
1268383
603505
31027
669014
5720112
4185942
715141
792767
10444248
7127888
1593423
77246
60907
654
97846827
3365
36584720
496
953
5
77246
6236
6281
7443
52132
2581
2264
116
2682
39182
0
32766
59
48000
134010
43368
165417
131565
174642
22576
43640
79931
38031
1955
42159
360469
263789
45066
49958
658175
449185
100414
81059
4867
3838
135
3420556
41
6166109
8131767
212
2305495
31
60
0
4867
8100001
14832756
14835720
8892063
10125968
6072946
3867015
2772827
2257523
1427880
364497
61813
10424626
2340680
1861672
5528572
4045774
1567444
4205183
1545044
429218
901981
779593
145632
9568
5691634
148
10424626
62670
62670
309864
246452
731884
535588
207501
556691
204536
56820
119406
78257
103204
8482
15071
19279
1266
392247
753471
19
213621
1379759
1380035
288192
103870
216607
119312
0
5340
260529
288192
130358
1277857
1735015
1630523
5
3400217
12
1872917
1285838
7
83827
4089695
3132574
2469973
1807511
1190845
947145
64
64
700279
3800
4523930
10811
22545
12418
0
555
27117
29997
