36800
36800
1004194800
1004194800
36800
36800
1004194800
1004194800
49477
49477
93412177
49477
49477
93412177
17549
17549
1946323
18577
18577
4914049
4914049
216314
216314
1004194800
1004194800
216314
216314
1004194800
1004194800
18577
18577
4914049
4914049
310046
310046
93412178
310046
310046
93412178
17549
17549
1946323
320503
320503
1004194800
1004194800
320503
320503
1004194800
1004194800
459300
459300
93412178
459300
459300
93412178
20644
20644
1946321
27883
27883
4914050
4914050
2038261
2038261
1004194800
1004194800
2038261
2038261
1004194800
1004194800
27883
27883
4914050
4914050
2923495
2923495
93412178
2923495
2923495
93412178
20644
20644
1946321
320503
1004194800
1004194800
320503
320503
1004194800
1004194800
459300
93412178
459300
459300
93412178
20644
1946321
27883
4914050
4914050
2038261
1004194800
1004194800
2038261
2038261
1004194800
1004194800
27883
27883
4914050
4914050
2923495
93412178
2923495
2923495
93412178
20644
20644
1946321
19219200
1004194800
1004194800
19219200
19219200
1004194800
1004194800
27566260
93412178
27566260
27566260
93412178
22678178
708746
22678178
22678178
708746
708746
22678178
6547234
6547234
6547234
6547234
186808
1946320
103400
4914050
4914050
19219200
1004194800
1004194800
19219200
19219200
1004194800
1004194800
103400
103400
4914050
4914050
27566260
93412178
27566260
27566260
93412178
186808
186808
1946320
116513
3290
116513
22678178
708746
22678178
22678178
708746
708746
22678178
116513
3290
3290
116513
6547234
6547234
6547234
6547234
361379
361379
361379
115944415696
113633706956
115944415696
13030901237
7404302226
115944415696
295360539
295360539
9037552
17201295
295360539
59908776
61002163
10974402665
7438385479
10974402665
1451066332029
1290853042135
1451066332029
113883878505
64710079509
1451066332029
452258200
265840293
10974402665
5561350562
5561350562
78983908
150331142
5561350562
298373
575073
61002163
3376626
3505260
4603236
4603236
9903111
27205076
49455598
49455598
9033037
16091940
20775734
14805223
115944415696
113633706956
115944415696
13030901237
7404302226
115944415696
295360539
295360539
9037552
17201295
295360539
14484823308
9155608687
14484823308
9155608687
3348144596
3152116021
3348144596
4436544839
2717073636
280753205
158863481
3348144596
4436544839
2717073636
106749201
106749201
83683215
119730763
119730763
106749201
106749201
83683215
119730763
119730763
10853318
10853318
34542516
34542516
27246542
38692766
35925933
346042
528041
10853318
34542516
34542516
27246542
38692766
35925933
35925933
534614619
415473736
534614619
14451491
7196039
14451491
273021995
176727290
137342947
9047609
5856522
4551374
59908776
61002163
10974402665
7438385479
10974402665
1451066332029
1290853042135
1451066332029
113883878505
64710079509
1451066332029
452258200
265840293
10974402665
5561350562
5561350562
78983908
150331142
5561350562
298372
575073
61002163
519398582
232358537
524929835
157744129
86557635
498671499
286385898
91016583427
57530023266
91016583427
57530023266
498671499
286385898
51817820282
38226153610
51817820282
27877395870
17072956570
2453649474
1388391263
51817820282
27877395870
17072956570
9971534
5721644
524929835
157744129
86557635
13883121
13883121
24436810
15657508
24436810
904008831
904008831
904008831
904008831
904008831
904008831
904008831
904008831
904008831
904008831
13883121
13883121
24436810
15657508
24436810
298837753
298837753
298837753
298837753
298837753
2094936
3923142
298837753
298837753
298837753
298837753
298837753
298837753
10076
17416
3505260
4603236
4603236
9903111
9903111
9903111
22719431
34166404
1341409
22719431
34166404
1341409
61023376682
59807214187
61023376682
6858369072
3897001171
61023376682
155452915
155452915
4756606
9053313
155452915
31530935
32106402
5776001403
3914939726
5776001403
763719122121
679396337966
763719122121
59938883424
34057936584
763719122121
238030632
139915944
5776001403
2927026612
2927026612
41570477
79121654
2927026612
157038
302670
32106402
9856633545
48380188930
31275440033
9856633545
48380188930
31275440033
46529024093
44568892387
10197766396
46529024093
81756334516
3013436503
15100496098
9565428675
4133034189
2073137399
1591055165
46529024093
81756334516
3013436503
15100496098
9565428675
41815487
279568139
41815487
279568139
131129174
36739161
131129174
273575318
13328241
90681017
131129174
131129174
2937328
6013951
2857191
131129174
273575318
13328241
90681017
131129174
131129174
131129174
131129174
131129174
6145810
505648
26415321
2080284
15230383
26990788
674758
7404442
22719431
34166405
1341407
80274241
80274241
1410070241
5756269490
2942091512
543895423
3263620926
5783682388
5783682388
121467045
468554891
265739112
397967573
1498089094
870652197
89828416249
304000912420
196521810206
89828416249
304000912420
196521810206
397967573
1498089094
870652197
674076224290
538170238492
81493315554
674076224290
27473548181
94885214245
60105161004
36120752888
18118234760
12685164061
674076224290
674076224290
27473548181
94885214245
60105161004
79832017
129271032
69957972
52374235
3263620926
5783682388
5783682388
5783682388
5783682388
121467045
468554891
265739112
2084179
22344093
381201457
2196630298
381201457
2196630298
2084179
22344093
3101350543
285654692
3101350543
121507604
722419669
3101350543
3101350543
25670855
52559075
22768722
3101350543
3101350543
121507604
722419669
3101350543
3101350543
3101350543
3101350543
3101350543
475840
6145810
505648
505648
78519
171256
130278
15230383
15230383
26990788
26990788
26990788
26990788
674758
7404442
22719431
34166405
1341407
59346338
80274241
80274241
80274241
80274241
34166405
1341407
34166405
34166405
1341407
1777172
1844874
2422756
5212164
14318461
26029262
26029262
4754230
8469442
10934597
7792223
61023376682
59807214187
61023376682
6858369072
3897001171
61023376682
155452915
155452915
4756606
9053313
155452915
7623591214
4818741414
7623591214
4818741414
1762181366
1659008432
1762181366
2335023599
1430038755
147764845
83612358
1762181366
2335023599
1430038755
56183790
44043797
63016191
63016191
56183790
56183790
44043797
63016191
63016191
5712272
5712272
18180271
14340285
20364614
18908385
182127
277916
5712272
18180271
18180271
14340285
20364614
18908385
18908385
281376115
218670387
281376115
7606048
3787389
7606048
143695787
93014363
72285762
4761899
3082380
2395460
31530935
32106402
5776001403
3914939726
5776001403
763719122121
679396337966
763719122121
59938883424
34057936584
763719122121
238030632
139915944
5776001403
2927026612
2927026612
41570478
79121654
2927026612
157038
302670
32106402
273367675
122293967
276278861
83023226
45556650
262458684
150729420
47903464962
30278959614
47903464962
30278959614
262458684
150729420
27272536991
20119028216
27272536991
14672313616
8985766616
1291394460
730732244
27272536991
14672313616
8985766616
5248176
3011392
276278861
83023226
45556650
7306906
12861479
8240794
12861479
475794122
475794122
475794122
475794122
475794122
475794122
475794122
475794122
475794122
7306906
7306906
12861479
8240794
12861479
157283028
157283028
157283028
157283028
1102598
2064812
157283028
157283028
157283028
157283028
157283028
157283028
5302
9166
1844874
2422756
2422756
5212164
5212164
5212164
14788450
31259204
31259204
6039338
11051183
14472351
10161550
134265589679
207696345389
134265589679
134265589679
207696345389
134265589679
46529024093
44568892387
46529024093
81756334516
89778607584
41064423722
64826490399
41064423722
4133034189
2073137399
46529024093
81756334516
15052838077
41064423722
64826490399
41064423722
569777811
1200187146
569777811
1200187146
131129174
131129174
273575318
312276589
181616139
389293973
131129174
2937328
6013951
131129174
273575318
27018483
181616139
389293973
131129174
131129174
131129174
131129174
1959389072
5811506109
3658383865
1492668963
1959389072
5811506109
3658383865
3658383865
1378687651
1240073979
1378687651
2618686419
2925985555
599298071
1831516672
1141683970
108097089
58750031
1378687651
2618686419
397180995
416217334
599298071
1831516672
1141683970
1141683970
45472346
51312728
41168521
64938777
64938777
2661435
45472346
51312728
51312728
41168521
64938777
64938777
4647525
4689512
10487726
12163281
14716797
16838736
5708229
5708229
15276371
22420652
20816917
152522
232836
4689512
10487726
784512
822113
14716797
16838736
16838736
5708229
5708229
5708229
5708229
5708229
5708229
3694680
15276371
22420652
20816917
20816917
12160768
359130935
237543856
359130935
10939576
3400529
24194470
197126101
127599835
99163731
33113296
21434255
16501662
24298430
4696902
26415321
26990788
26990788
6337336
31787303
34166405
1341407
80274241
5574935018
5756269490
2942091512
5783682388
5783682388
5783682388
1140819078
2011508032
1140819078
3737713380
6431302500
3737713380
843668920520
1305077138000
843668920520
843668920520
1305077138000
843668920520
3737713380
6431302500
3737713380
674076224290
538170238492
674076224290
258031697596
407342605852
258031697596
36120752888
18118234760
674076224290
104479744928
674076224290
258031697596
407342605852
258031697596
315628467
129271032
69957972
5783682388
5783682388
5783682388
431373747
5783682388
5783682388
1140819078
2011508032
1140819078
19574625
95923284
3580245934
9430142695
3580245934
9430142695
19574625
95923284
3101350543
3101350543
1141200010
3101350543
3101350543
25670855
52559075
3101350543
187531697
3101350543
1141200010
3101350543
3101350543
3101350543
3101350543
3101350543
475839
24298430
4696902
4696902
78519
171255
26990788
26990788
26990788
26990788
690963
26990788
26990788
6337336
31787303
34166405
34166405
1341407
59346338
80274241
80274241
80274241
205921060
296919144
218939654
90863749
221850840
221850840
16845557
61463340
31676289
33902439
916152335
57508035
195736115
100049331
107576931
12977848268
36517078556
22987757132
9886566988
12977848268
36517078556
22987757132
22987757132
916152335
39154523
57508035
195736115
100049331
107576931
107576931
25473402919
15862606010
25473402919
3969400230
11508486260
7173865508
944717144
513447329
25473402919
2756780408
25473402919
2756780408
3969400230
11508486260
7173865508
7173865508
8314565
296919144
3431568
1706292
221850840
221850840
221850840
11646754
221850840
221850840
11646754
16845557
61463340
31676289
33902439
33902439
7101048
3666390
3666390
18498323
7399044
40911741
496605015
607273961
516859972
607273961
496605015
17627794
496605015
607273961
516859972
607273961
7101048
3666390
3666390
94641
3666390
18498323
7399044
40911741
142221404
145132590
162354429
215765477
806844
1617248
145132590
5445200
145132590
162354429
5445200
162354429
215765477
215765477
215765477
215765477
215765477
215765477
215765477
76155770
215765477
21803
764063
84627
84627
2356264
5223
9099
922437
922437
922437
922437
29590
922437
922437
1211378
1211378
29590
1211378
1427660
1427660
22174
7605524
30872984
35216382
7894053
20479482
36244344
36244344
36244344
35905154
22360178
588885
36244344
25966331
10822910
30416167
8210737
3213134
9608837
283088
283087
283088
283087
283087
283087
2431745
2431745
2431745
2431745
2431745
158864
158864
158864
158864
158864
100385761
44983971
100385761
100385761
44983971
100385761
195940475
31226626
13353382
31226626
132793163
10412301
10412301
10412301
10412301
10412301
195940475
31226626
13353382
31226626
132793163
132793163
418384
418384
418384
418384
418384
418384
2102868
284822
284822
2102868
364740
364740
364740
364740
364740
2102868
284822
284822
284822
2102868
2102868
196850653
79947987
231124535
1397083
421432
1639726
61846460
23730217
72615021
439995
295075
513410
1009923
1184524
1009923
283087
283087
283087
342742
409525
342742
283087
283087
283087
32563452
32563452
32563452
32563452
32563452
2407375
2407375
2407375
2407375
2407375
818145
818145
818145
818145
818145
28560
28560
28560
28560
28560
1164016
283087
283087
1164016
24644129
1684463
485019
1684463
5829138
5423440
1641234
5423440
766074716
312227759
766074716
766074716
312227759
766074716
5423440
1641234
5423440
3013866463
240694133
92684052
240694133
1160549086
90998564
90998564
90998564
90998564
90998564
3013866463
240694133
92684052
240694133
1160549086
1160549086
2475360
2475360
2475360
2475360
2475360
24644129
1684463
485019
1684463
5829138
5829138
283088
283088
283088
3902596
3902596
3902596
3902596
3902596
3902596
283088
283088
283088
15954202
1274138
1274138
15954202
2286287
2286287
2286287
2286287
2286287
15954202
1274138
1274138
1274138
15954202
15954202
79778
79778
79778
79778
79778
1164016
283087
283087
283087
1164016
1164016
171514880
71488346
200907285
54234214
21223648
63469057
790465
934597
790465
316042
374246
316042
2923459
2923459
2923459
2923459
2923459
158857
158857
158857
158857
158857
663076010
297131707
663076010
663076010
297131707
663076010
365751493
206260596
682728539
642412990
88202825
206260596
247877819
19436080
19436080
19436080
19436080
19436080
365751493
206260596
43259633
682728539
21988736
88202825
206260596
247877819
247877819
2474602
2474602
2474602
2474602
2474602
2474602
2102863
802006
2102863
802006
2102863
364738
364738
364738
364738
364738
2102863
802006
159994
186215
2102863
802006
802006
2102863
2102863
1300253586
528078806
1526642155
9228127
2775443
10830850
408513157
156744716
479642512
2860631
787242
3358420
6670827
7824113
6670827
283088
283088
283088
2172049
2548580
2172049
283088
283088
283088
60784436
60784436
60784436
60784436
60784436
2475259
2475259
2475259
2475259
2475259
818141
818141
818141
818141
818141
28557
28557
28557
28557
28557
1164014
283087
1164014
283087
1164014
46001864
11126349
98328534
45873265
3074943
11126349
10880938
35823341
10840811
35823341
5060137625
2062351623
5060137625
5060137625
2062351623
5060137625
35823341
10840811
35823341
5625821593
1589852029
10501417026
7706133239
612204071
1589852029
2166334237
169862100
169862100
169862100
169862100
169862100
5625821593
1589852029
378068619
10501417026
192171099
612204071
1589852029
2166334237
2166334237
4039142
4039142
4039142
4039142
4039142
46001864
11126349
1515441
98328534
712444
3074943
11126349
10880938
10880938
284342
284342
284342
25777738
25777738
25777738
25777738
25777738
25777738
284342
284342
284342
29780846
8416040
55590296
8416040
29780846
2286284
2286284
2286284
2286284
2286284
29780846
8416040
239334
522235
55590296
8416040
8416040
29780846
29780846
79769
79769
79769
79769
79769
1164014
283087
828
1852
1164014
283087
283087
1164014
1164014
171514880
71488346
200907285
54234214
21223648
63469057
790465
934597
790465
316042
374246
316042
2923459
2923459
2923459
2923459
2923459
158857
158857
158857
158857
158857
663076010
297131707
663076010
663076010
297131707
663076010
365751493
206260596
88202825
206260596
247877819
19436080
19436080
19436080
19436080
19436080
365751493
206260596
88202825
206260596
247877819
247877819
2474602
2474602
2474602
2474602
2474602
2474602
2102863
802006
802006
2102863
364738
364738
364738
364738
364738
2102863
802006
802006
802006
2102863
2102863
1300253586
528078806
1526642155
9228127
2775443
10830850
408513157
156744716
479642512
2860631
787242
3358420
6670827
7824113
6670827
283088
283088
283088
2172049
2548580
2172049
283088
283088
283088
60784436
60784436
60784436
60784436
60784436
2475259
2475259
2475259
2475259
2475259
818141
818141
818141
818141
818141
28557
28557
28557
28557
28557
1164014
283087
283087
1164014
46001864
11126349
3074943
11126349
10880938
35823341
10840811
35823341
5060137625
2062351623
5060137625
5060137625
2062351623
5060137625
35823341
10840811
35823341
5625821593
1589852029
612204071
1589852029
2166334237
169862100
169862100
169862100
169862100
169862100
5625821593
1589852029
612204071
1589852029
2166334237
2166334237
4039142
4039142
4039142
4039142
4039142
46001864
11126349
3074943
11126349
10880938
10880938
284342
284342
284342
25777738
25777738
25777738
25777738
25777738
25777738
284342
284342
284342
29780846
8416040
8416040
29780846
2286284
2286284
2286284
2286284
2286284
29780846
8416040
8416040
8416040
29780846
29780846
79769
79769
79769
79769
79769
1164014
283087
283087
283087
1164014
1164014
270172
270172
270172
1132903722
472200507
1327048778
358232145
140188128
419230863
5184247
6173276
5184247
1695188
2018091
1695188
39273103
12743666
46233117
12465910
3798703
14698080
420931
420931
646739
646739
420931
420931
420931
420931
646739
592155
592155
420931
420931
5268914
5268914
5268914
5268914
5268914
158850
158850
158850
158850
158850
412426
412426
412426
412426
412426
69243
69243
69243
69243
69243
4379802383
1962637981
4379802383
4379802383
1962637981
4379802383
682728539
642412990
682728539
1362408888
582604318
1362408888
462700125
36280281
36280281
36280281
36280281
36280281
43259633
682728539
21988736
682728539
1362408888
582604318
1362408888
462700125
462700125
16345439
16345439
16345439
16345439
16345439
16345439
2102862
2102862
5243960
5243960
2102862
364735
364735
364735
364735
364735
159991
186209
2102862
2102862
5243960
5243960
5243960
2102862
2102862
143665126
84715757
52967339
143665126
47118333
143665126
84715757
52967339
143665126
47118333
20447264
17551046
20357249
45356191
26553105
15788800
45356191
12539351
14066821
2841984
2841984
2841984
2841984
2841984
891151
20447264
477929
20357249
45356191
26553105
15788800
45356191
12539351
12539351
14066821
800038
1070034
800038
1223618
1223618
800038
800038
1070034
800038
1070034
800038
1223618
1223618
800038
800038
1070034
137745
137745
420931
564864
420931
646739
592155
420931
137745
564864
154596
154596
154596
154596
154596
4965
11577
137745
137745
420931
564864
420931
646739
592155
592155
420931
420931
137745
137745
564864
15361174796
6260727698
19766131776
108749731
32909698
139934708
4826349939
1858481813
6210349804
33776510
9334675
43462233
78254066
100694133
78254066
1720819
1720819
1720819
25548764
32875105
25548764
566171
566171
566171
550691268
168963453
708607012
3576316
1457883
4601857
176614050
50365571
227259740
2167888
400976
2508860
7205987
5600105
7205987
5600105
7205987
5600105
535315
183369
544543
544543
544543
544543
4125599
3028404
2324959
2324959
3028404
2324959
256665
256665
256665
256665
256665
256665
113463022
113463022
113463022
113463022
113463022
2698031
2698031
2698031
2698031
2698031
818136
818136
818136
818136
818136
28548
28548
28548
28548
28548
8888026
8888026
8888026
8888026
8888026
208447
208447
208447
208447
208447
69229
69229
69229
69229
69229
9224
9224
9224
9224
9224
1164012
566169
1164012
566169
1164012
85869192
73492646
98328534
45873265
20310859
73492646
20310859
236623182
71606592
236623182
33423623356
13622408917
33423623356
33423623356
13622408917
33423623356
236623182
71606592
236623182
10501417026
10501417026
10501417026
7706133240
4043779006
10501417026
4043779006
317072400
317072400
317072400
317072400
317072400
10501417026
10501417026
378068619
10501417026
192171099
4043779006
10501417026
4043779006
4043779006
7539648
7539648
7539648
7539648
7539648
85869192
73492646
1515440
98328534
712443
20310859
73492646
20310859
20310859
1720818
1720818
1720818
170269166
170269166
170269166
170269166
170269166
170269166
1720818
1720818
1720818
55590296
55590296
55590296
55590296
55590296
2286283
2286283
2286283
2286283
2286283
55590296
55590296
239332
522234
55590296
55590296
55590296
55590296
55590296
79759
79759
79759
79759
79759
1164012
566169
821
1847
1164012
566169
566169
1164012
1164012
663639
2508858
3327625
7008706
1176453
400976
2508858
303737
400976
2245872
7781529
1457881
7781529
1166166
532318455
1198221996
367639253
1198221996
296071938
532318455
1198221996
367639253
1198221996
296071938
2245872
7781529
1457881
7781529
1166166
166848629
384285811
437096282
443337510
242527844
109587964
384285811
88390036
109587964
24837588
24837588
24837588
24837588
24837588
166848629
384285811
437096282
7540370
443337510
3409314
109587964
384285811
88390036
109587964
109587964
582502
582502
582502
582502
582502
663639
2508858
3327625
36118
7008706
16741
400976
2508858
303737
400976
400976
544538
535307
183363
544538
544538
544538
544538
12184994
12184994
12184994
12184994
12184994
12184994
12184994
12184994
12184994
12184994
12184994
12184994
12184994
12184994
12184994
544538
535307
183363
544538
544538
544538
544538
544538
4125597
4125597
4125597
193452
193452
193452
193452
193452
4959
4125597
11572
4125597
4125597
4125597
4125597
4125597
4125597
4125597
4125597
4125597
4125597
9221
9221
9221
9221
9221
13
256663
28
256663
256663
256663
256663
256663
256663
256663
256663
168001
256663
5696268
16008509
13666490
1691123
5057282
4321440
270342
159809968
195431629
148993
148993
148993
148993
148993
1062157
17302686
21159457
1279866
1279866
1279866
1279866
1279866
83611
83611
83611
83611
23675774
52834611
23675774
52834611
52834611
69891138
103126566
7028096
16435066
709616
270231336
5480158
5480158
5480158
5480158
5480158
69891138
69891138
103126566
7028096
16435066
16435066
709616
270231336
270231336
220202
220202
220202
220202
220202
1106772
149906
2759980
29258051
191968
191968
191968
191968
1106772
1106772
1106772
149906
149906
2759980
29258051
29258051
42077888
121644492
103605607
221806
863013
735307
12489587
38218432
32550768
159809968
2886360
195431629
155302
270215
231576
930910
15843
930910
623433
531538
531538
148993
148993
148993
215539
180390
17302686
21159457
148993
148993
612642
612642
17138659
17138659
17138659
17138659
17138659
1267039
1267039
1267039
1267039
1267039
430602
430602
430602
430602
15028
15028
15028
15028
612640
148993
612640
3067967
12970594
255273
886559
930908
15841
863807
2854442
164330399
403197219
164330399
403197219
403197219
863807
2854442
2854442
610815308
1586245507
48781080
126681123
270231336
4880700
47893981
47893981
47893981
47893981
47893981
610815308
610815308
1586245507
48781080
126681123
126681123
270231336
270231336
4880700
1302821
1302821
1302821
1302821
1302821
3067967
3067967
12970594
255273
886559
886559
930908
930908
15841
148993
148993
2053997
2053997
2053997
2053997
2053997
148993
148993
148993
8396948
670599
29258051
1203309
1203309
1203309
1203309
8396948
8396948
8396948
670599
670599
29258051
29258051
41985
41985
41985
41985
612640
612640
612640
148993
148993
612640
612640
54909423
60823442
60832988
1389380
1389160
1389380
63533613
70945508
63533613
70945508
70945508
1563996
1563996
1563996
1563996
1563996
8679970
8024675
3662138
12341557
10517160
458860756
2669724
2464425
1107747
3821336
3249177
141760707
253594
89969515
110023731
148993
148993
148993
148993
148993
2851982
148993
148993
148993
148993
977390
1179899
20617730
25213425
4205933
4205933
4205933
4205933
4205933
4205933
4205933
4205933
4205933
228049
112042
112042
228049
112042
112042
112042
112042
92784
37733195
15216653
38060017
1660547822
37733195
37733195
15216653
38060017
38060017
1660547822
45504805
45786662
51572650
69597628
11769018
4604204
11875888
518141645
20743
541850
20743
152134330
152134330
28971980
28971980
28971980
28971980
28971980
28971980
28971980
28971980
28971980
45504805
45786662
45786662
51572650
69597628
11769018
11769018
4604204
11875888
11875888
518141645
20743
541850
20743
152134330
152134330
152134330
192306
192306
192306
7709708
192306
192306
192306
192306
192306
7709708
1350635
926564
148993
2533617
17549
2533617
17549
34863638
600219
485883
600219
485883
485883
485883
276825
485883
1350635
926564
926564
926564
80863
926564
148993
148993
148993
148993
2533617
17549
2533617
17549
34863638
34863638
66117840
61070569
27039801
94847312
80795301
6297956217
410339
378057
169134
599429
511585
39370592
160115475
177356722
177388547
20720531
19139261
8182991
29751936
25345008
1975136442
89969515
1894316
110023731
159172
157367
150348
193406
179465
12708175
60811175
67359327
67371414
534873
10344
534873
388956
360760
543025
462812
462812
46442107
148993
148993
148993
148993
148993
1871950
3638072
4072347
4073077
182704
165021
149818
149562
16022991
20617730
25213425
148993
148993
148993
148993
1206252
2326838
2609129
2609129
1576486
1946797
90607029
90607029
90607029
90607029
90607029
90607029
90607029
90607029
90607029
1677325
1677325
1677325
1677325
1677325
1677325
1677325
1677325
1677325
1350021
1266821
1266821
1350021
1266821
1266821
1266821
1266821
731682
148121
51763
51763
148121
51763
51763
51763
51763
15842
1345965
1263167
148993
2609129
2326838
1637849
17549
2609129
2609129
17549
2609129
1787129
1799660
2118967
9481698
615536
207960
633767
27651092
60717006
10341
13613645
15537927
67371414
67371414
10341
534871
10341
534871
1902187
489567
1963444
85664532
160115475
44177673
50710103
177388547
177388547
306669096
105616767
314084377
13703412617
306669096
306669096
105616767
314084377
314084377
13703412617
1902187
1902187
489567
1963444
1963444
85664532
160115475
44177673
50710103
177388547
177388547
177388547
397690353
400153650
450720436
1385691039
96076958
31957167
98501716
4297602065
49573
49573
152134330
3203200
152134330
253201331
253201331
253201331
253201331
253201331
253201331
253201331
253201331
253201331
397690353
400153650
400153650
450720436
1385691039
96076958
96076958
31957167
98501716
98501716
4297602065
49573
49573
152134330
152134330
3203200
152134330
4687286
4687286
4687286
4687286
4687286
4687286
4687286
4687286
4687286
1787129
1799660
1799660
2118967
9481698
615536
615536
207960
633767
633767
27651092
60717006
10341
13613645
15537927
67371414
67371414
67371414
10341
534871
534871
10341
534871
148993
148993
148993
4073077
3647284
2282141
1114764
4073077
4073077
1792885
1792885
1792885
101051092
1792885
1792885
1792885
1792885
1792885
101051092
148993
148993
148993
148993
148993
4073077
3647284
2282141
1114764
4073077
4073077
4073077
11101029
10005730
579945
34863638
65390
65390
34863638
1387345
1304505
1387345
1304505
1304505
1304505
1283587
1304505
11101029
10005730
10005730
10005730
95679
10005730
579945
579945
579945
579945
34863638
65390
65390
34863638
34863638
148121
148121
148121
148121
148121
148121
44261
148121
1345965
1263167
1263167
1263167
340
667710
148993
148993
148993
148993
2609129
2326838
1637850
1637850
17549
1919308
2609129
2609129
2609129
2609129
17549
2609129
2609129
37625445
105740676
90270989
11170341
33404767
28544323
270341
159809968
195431629
491893
416034
416034
196971
166338
1062153
17302686
21159457
1538663
1538663
1538663
1538663
1538663
83608
83608
83608
83608
156385109
348987373
156385109
348987373
348987373
130462010
192500785
46422539
108558208
359330810
338112100
709614
270231336
10229516
10229516
10229516
10229516
10229516
130462010
130462010
192500785
46422539
108558208
108558208
22768228
359330810
11573019
709614
270231336
270231336
1302422
1302422
1302422
1302422
1302422
1106770
422108
1106770
2759979
29258051
191967
191967
191967
191967
1106770
1106770
1106770
422108
422108
84206
98007
1106770
2759979
29258051
29258051
277936213
803495871
684343992
1460759
5700447
4856909
82497219
252443427
215006925
159809968
2886359
195431629
414338
1767589
1505595
930908
15842
930908
4117954
3510962
3510962
148993
148993
148993
1341357
1143184
17302686
21159457
148993
148993
612641
612641
31991808
31991808
31991808
31991808
31991808
1302768
1302768
1302768
1302768
1302768
430600
430600
430600
430600
15026
15026
15026
15026
612639
148993
612639
5726809
24211507
1618391
5855973
930907
51751860
15840
24143824
5705690
18854390
1085448223
2663230329
1085448223
2663230329
2663230329
5705690
18854390
18854390
1140175914
2960958733
322212669
836764225
270231336
5527061593
4880700
4055859600
89401105
89401105
89401105
89401105
89401105
1140175914
1140175914
2960958733
322212669
836764225
836764225
270231336
270231336
198983484
5527061593
4880700
101142684
2125864
2125864
2125864
2125864
2125864
5726809
5726809
24211507
1618391
5855973
5855973
930907
930907
797600
51751860
15840
374970
149652
149652
13567230
13567230
13567230
13567230
13567230
149652
149652
149652
15674129
4429494
29258051
1203307
1203307
1203307
1203307
15674129
15674129
15674129
4429494
4429494
125964
274860
29258051
29258051
29258051
41979
41979
41979
41979
612639
612639
612639
148993
148993
433
973
612639
612639
612639
419762
126480
419762
54909423
60823442
60832988
426870
426870
426870
1389379
1389379
1389379
1389159
1389379
1389379
419759
150465
419759
419759
150465
419759
64037244
70945508
64037244
70945508
70945508
1563995
1563995
1563995
1563995
426866
426866
426866
426866
426866
426866
1563995
1563995
1563995
1563995
1563995
57333633
53005222
24189445
81519433
69468787
458860756
17634275
16278219
7316982
25240996
21461727
141760707
253593
89969515
110023731
306815
287736
425546
365762
365762
2851981
168324
161403
149518
149277
977387
1179896
20617730
25213425
7850988
7850988
7850988
7850988
7850988
7850988
7850988
7850988
7850988
112038
112038
228044
112038
112038
112038
112038
92782
228044
249238300
100510251
251397056
1660547822
43515618
235395711
138139797
249238300
249238300
100510251
251397056
251397056
1660547822
43515618
235395711
138139797
84941359
85467487
96267879
129914130
77737659
30412055
78443560
518141645
64518252
53361
242784945
213782782
482951118
541848
53361
152134330
152134330
12939164
71973080
41057985
54080430
54080430
54080430
54080430
54080430
54080430
54080430
54080430
54080430
84941359
85467487
85467487
96267879
129914130
77737659
77737659
30412055
78443560
78443560
518141645
5450889
53361
10787650
242784945
5281753
482951118
541848
53361
152134330
152134330
152134330
12939164
71973080
41057985
1014882
1014882
1014882
7709708
231795
2321645
1014882
1014882
1014882
1014882
1014882
7709708
231795
2321645
926561
1548518
345528
2533616
926561
926561
481009
297510
96069
926561
926561
2160975
2533616
96069
34863638
71906
779616
926561
485881
600216
485881
485881
485881
276824
485881
600216
926561
926561
926561
80861
926561
1548518
345528
345528
345528
345528
2533616
926561
926561
481009
67822
96069
926561
926561
926561
926561
73493
86675
926561
2160975
2533616
96069
34863638
34863638
71906
779616
926561
419758
126477
419758
145653
43969
145653
436726818
403388183
178605449
626493011
533675547
6297956217
2700920
2494129
827927
3959400
3379168
39370592
160115475
177356722
177388547
136864900
126420174
54050943
196519858
167410866
1975136442
89969515
1894315
110023731
871637
804721
243065
1268831
1081541
12708175
60717006
67359327
67371414
534871
10342
534871
2563804
2368895
3586834
3057005
3057005
46442107
426866
426866
426866
148993
148993
148993
148993
148993
1871949
4073077
3647284
2814830
4072347
4073077
4073077
1166835
995451
835915
772868
16022991
20617730
25213425
148120
148120
148120
148993
148993
148993
148993
1206251
2609129
2326838
1788199
2609129
2609129
1576485
1946795
2609129
169131243
169131243
169131243
169131243
169131243
169131243
169131243
169131243
169131243
3130973
3130973
3130973
3130973
3130973
3130973
3130973
3130973
3130973
419756
150462
419756
419756
150462
419756
1304245
1304245
2155653
1304245
1304245
1304245
1304245
731678
2155653
51760
51760
148118
145652
51760
145652
51760
51760
51760
51760
15840
148118
145652
51760
145652
1345963
1263166
148992
2609129
2326837
22193
1788198
1637848
399690
62075
17548
1345963
17548
443349
2609129
18766
385388
2609129
3335937
3359328
3955361
17698973
4065788
949343
4186210
27651092
60811175
3983122
10340
38016395
10340
14496084
13613645
15537927
534869
67371414
10340
15002089
534869
67371414
512361
2300009
1120917
12564480
3233733
12969100
85664532
160115475
44177673
50710103
177388547
1751130
7333418
3831029
2025635098
697628273
2074615102
13703412617
396761138
1479128393
868012823
2025635098
2025635098
697628273
2074615102
2074615102
13703412617
396761138
1479128393
868012823
12564480
12564480
3233733
12969100
12969100
85664532
160115475
44177673
50710103
177388547
177388547
177388547
1751130
7333418
3831029
742347082
746945185
841335472
2586594551
634615164
211086025
650631371
4297602065
506026101
339710
339710
152134330
4847757474
3203200
2836888760
152134330
117925562
452248792
257991245
472637237
472637237
472637237
472637237
472637237
472637237
472637237
472637237
472637237
742347082
746945185
746945185
841335472
2586594551
634615164
634615164
211086025
650631371
650631371
4297602065
43448584
339710
339710
152134330
152134330
94278936
4847757474
4847757474
3203200
46160013
152134330
117925562
452248792
257991245
8749504
8749504
8749504
8749504
8749504
8749504
8749504
8749504
8749504
3335937
3359328
3359328
3955361
17698973
4065788
4065788
949343
4186210
4186210
27651092
60811175
226630
10340
38016395
10340
560445
13613645
15537927
534869
534869
413277
67371414
67371414
67371414
10340
187485
534869
67371414
67371414
67371414
512361
2300009
1120917
148993
148993
148993
4073078
4073078
3676465
2919688
2282139
1114763
4073078
18767
657922
11842510
11842510
11842510
101051093
2109910
23538550
11842510
11842510
11842510
11842510
11842510
101051093
2109910
23538550
426861
426861
426861
426861
426861
426861
148993
148993
148993
148993
148993
4073078
4073078
3676465
2919688
2282139
1114763
4073078
4073078
4073078
18767
657922
19672881
18677156
3830703
34863638
31468818
24991168
8293030
2265893
610576
610576
34863638
650733
8121035
34863638
2335996
2217761
2335996
2217761
2217761
2217761
1467600
2217761
19672881
18677156
18677156
18677156
95676
18677156
3830703
3830703
3830703
3830703
34863638
31468818
24991168
8293030
129458
610576
610576
34863638
34863638
34863638
73490
162230
34863638
34863638
34863638
34863638
34863638
650733
8121035
34863638
148117
148117
148117
148117
148117
148117
148117
148117
148117
44260
148117
148117
148117
148117
1345965
1263167
1263167
1263167
339
667709
148993
148993
148993
148993
2609129
2609129
2326838
22194
22194
1788199
1637849
1637849
399691
2739
17549
1345965
1345965
17549
1765
443350
831204
2413058
2609129
264
1919307
564
2609129
2609129
2609129
1813129
2609129
2609129
18767
385389
2609129
37625445
105740676
90270989
11170341
33404767
28544323
270341
159809968
195431629
491893
416034
416034
196971
166338
1062153
17302686
21159457
1538663
1538663
1538663
1538663
1538663
83608
83608
83608
83608
156385109
348987373
156385109
348987373
348987373
130462010
192500785
46422539
108558208
709614
270231336
10229516
10229516
10229516
10229516
10229516
130462010
130462010
192500785
46422539
108558208
108558208
709614
270231336
270231336
1302422
1302422
1302422
1302422
1302422
1106770
422108
2759979
29258051
191967
191967
191967
191967
1106770
1106770
1106770
422108
422108
2759979
29258051
29258051
277936213
803495871
684343992
1460759
5700447
4856909
159809968
2886359
82497219
252443427
215006925
195431629
930908
15842
414338
1767589
1505595
930908
4117954
3510962
3510962
148993
148993
148993
17302686
1341357
1143184
21159457
612641
148993
148993
612641
31991808
31991808
31991808
31991808
31991808
1302768
1302768
1302768
1302768
1302768
430600
430600
430600
430600
15026
15026
15026
15026
612639
148993
612639
5726809
24211507
1618391
5855973
930907
15840
5705690
18854390
1085448223
2663230329
1085448223
2663230329
2663230329
5705690
18854390
18854390
1140175914
2960958733
322212669
836764225
270231336
4880700
89401105
89401105
89401105
89401105
89401105
1140175914
1140175914
2960958733
322212669
836764225
836764225
270231336
270231336
4880700
2125864
2125864
2125864
2125864
2125864
5726809
5726809
24211507
1618391
5855973
5855973
930907
930907
15840
149652
149652
13567230
13567230
13567230
13567230
13567230
149652
149652
149652
15674129
4429494
29258051
1203307
1203307
1203307
1203307
15674129
15674129
15674129
4429494
4429494
29258051
29258051
41979
41979
41979
41979
612639
612639
612639
148993
148993
612639
612639
60823442
60832988
1389159
1389379
70945508
70945508
70945508
1345871
1563995
1345871
1345871
1345871
1563995
1563995
1345871
1345871
57333633
53005222
24189445
81519433
69468787
458860756
17634275
16278219
7316982
25240996
21461727
141760707
253593
89969515
110023731
306815
287736
425546
365762
365762
2851981
168324
161403
149518
149277
977387
1179896
20617730
25213425
7850988
7850988
7850988
7850988
7850988
7850988
7850988
7850988
7850988
228044
112038
112038
228044
112038
112038
112038
112038
92782
249238300
100510251
251397056
1660547822
249238300
249238300
100510251
251397056
251397056
1660547822
84941359
85467487
96267879
129914130
77737659
30412055
78443560
518141645
541848
53361
152134330
152134330
54080430
54080430
54080430
54080430
54080430
54080430
54080430
54080430
54080430
84941359
85467487
85467487
96267879
129914130
77737659
77737659
30412055
78443560
78443560
518141645
541848
53361
53361
152134330
152134330
152134330
1014882
1014882
1014882
7709708
1014882
1014882
1014882
1014882
1014882
7709708
1548518
926561
345528
2533616
2533616
96069
34863638
600216
485881
600216
485881
485881
485881
276824
485881
1548518
926561
926561
926561
80861
926561
345528
345528
345528
345528
2533616
2533616
96069
96069
34863638
34863638
436726818
403388183
178605449
626493011
533675547
6297956217
177356722
177388547
2700920
2494129
827927
3959400
3379168
39370592
89969515
1894315
136864900
126420174
54050943
196519858
167410866
1975136442
110023731
67359327
67371414
534871
10342
871637
804721
243065
1268831
1081541
12708175
534871
2563804
2368895
3586834
3057005
3057005
46442107
4072347
4073077
148993
148993
148993
148993
148993
1871949
20617730
1166835
995451
835915
772868
16022991
25213425
2609129
2609129
1576485
148993
148993
148993
148993
1206251
1946795
169131243
169131243
169131243
169131243
169131243
169131243
169131243
169131243
169131243
3130973
3130973
3130973
3130973
3130973
3130973
3130973
3130973
3130973
2155653
1304245
1304245
2155653
1304245
1304245
1304245
1304245
731678
148118
51760
51760
148118
51760
51760
51760
51760
15840
1345963
1263166
26
7453
160832
1345870
2609129
2609129
17548
148992
2609129
3335937
3359328
3955361
17698973
6598
587154
4254326
13613645
15537927
67371414
67371414
10340
4065788
949343
4186210
27651092
534869
10340
534869
44177673
50710103
177388547
177388547
12564480
3233733
12969100
85664532
2025635098
697628273
2074615102
13703412617
2025635098
2025635098
697628273
2074615102
2074615102
13703412617
44177673
50710103
177388547
177388547
177388547
12564480
12564480
3233733
12969100
12969100
85664532
742347082
746945185
841335472
2586594551
339710
634615164
211086025
650631371
4297602065
152134330
3203200
152134330
472637237
472637237
472637237
472637237
472637237
472637237
472637237
472637237
472637237
742347082
746945185
746945185
841335472
2586594551
339710
339710
634615164
634615164
211086025
650631371
650631371
4297602065
152134330
152134330
3203200
152134330
8749504
8749504
8749504
8749504
8749504
8749504
8749504
8749504
8749504
3335937
3359328
3359328
3955361
17698973
6598
587154
4254326
13613645
15537927
67371414
67371414
67371414
10340
10340
4065788
4065788
949343
4186210
4186210
27651092
534869
534869
10340
534869
2282970
2282139
1114763
4073078
4073078
148993
148993
148993
4073078
11842510
11842510
11842510
101051093
11842510
11842510
11842510
11842510
11842510
101051093
2282970
2282970
2282970
2282970
2282139
1114763
4073078
4073078
4073078
148993
148993
148993
148993
148993
4073078
19672881
18677156
610576
3830703
34863638
2335996
2217761
2335996
2217761
2217761
2217761
1467600
2217761
19672881
18677156
18677156
18677156
95676
18677156
610576
610576
3830703
3830703
3830703
3830703
34863638
34863638
34863638
148117
148117
148117
148117
148117
148117
44260
148117
1345965
1263167
1263167
1263167
339
667709
27
7454
160834
1345871
1345871
1345871
1345871
1919307
2609129
2609129
2609129
2609129
17549
17549
148993
148993
148993
148993
2609129
2609129
2609129
1813129
248526582
698446725
596265116
73783225
220647823
188543234
270339
159809968
195431629
3249092
2728551
2728551
1062153
892204
1062153
17302686
21159457
6707193
24333219
20670054
1999317
7735831
6561005
95701
3575694
4372715
221543
221543
221543
221543
340389
340389
221543
221543
221543
221543
340389
311661
311661
1593900
1964210
2773113
2773113
2773113
2773113
2773113
83603
83603
83603
83603
217066
217066
217066
217066
217066
36440
36440
36440
36440
1032967358
2305159149
1032967358
2305159149
2305159149
359330810
338112100
243526381
359330810
306633851
717057309
709612
270231336
19094884
19094884
19094884
19094884
19094884
22768228
359330810
11573019
243526381
243526381
359330810
306633851
717057309
717057309
709612
270231336
270231336
8602862
8602862
8602862
8602862
8602862
1106769
1106769
2759979
2759979
29258051
191965
191965
191965
191965
84205
98004
1106769
1106769
1106769
1106769
2759979
2759979
2759979
29258051
29258051
27877547
75613224
44587240
24799122
27877547
75613224
75613224
44587240
24799122
10761718
9237392
6599658
10714341
8309895
23871679
13975318
7403590
95700
6046332
1495781
1495781
1495781
1495781
1495781
469026
10761718
251541
6599658
6599658
10714341
8309895
23871679
23871679
13975318
7403590
95700
6046332
6046332
421073
421073
563175
421073
644009
644009
421073
421073
421073
563175
563175
421073
644009
644009
72497
72497
221543
297297
221543
221543
340389
311661
2171368
81364
81364
81364
81364
2611
6091
72497
72497
72497
72497
221543
221543
297297
297297
221543
221543
340389
311661
311661
2171368
2171368
3295119841
10403227250
8084828840
17320894
73649846
57236700
159809968
2886358
978148322
3268605160
2540184178
195431629
930906
15840
4912986
22874859
17777111
930906
52996912
41186350
41186350
905694
905694
905694
17302686
17302686
13446717
21159457
612639
297984
297984
612639
88928133
372951058
289837509
767306
2422030
1882271
3575692
95701
26508195
119610389
92954763
4372714
14060
221
211040
1320452
1140993
14060
3792624
2947424
3792624
3792624
2947424
2947424
281745
96509
286602
286602
286602
286602
2171367
1593896
1223662
1593896
1593896
1223662
1964207
135087
135087
135087
135087
135087
135087
135087
59717380
59717380
59717380
59717380
59717380
1420016
1420016
1420016
1420016
1420016
430598
430598
430598
430598
15021
15021
15021
15021
4677908
4677908
4677908
4677908
4677908
109708
109708
109708
109708
109708
36434
36434
36434
36434
4851
4851
4851
4851
612638
297984
612638
10689926
45194312
10689926
38680340
930906
51751860
15840
24143824
37687680
124538517
7169688904
17591380714
7169688904
17591380714
17591380714
37687680
124538517
124538517
2128304740
5527061593
2128304740
5527061593
270231336
5527061593
4880700
4055859600
166880211
166880211
166880211
166880211
166880211
2128304740
2128304740
5527061593
2128304740
5527061593
5527061593
270231336
270231336
198983484
5527061593
4880700
101142684
3968236
3968236
3968236
3968236
3968236
10689926
10689926
45194312
10689926
38680340
38680340
930906
930906
797600
51751860
15840
374970
905694
905694
89615351
89615351
89615351
89615351
89615351
905694
905694
905694
29258051
29258051
29258051
1203307
1203307
1203307
1203307
29258051
29258051
29258051
29258051
29258051
125964
274860
29258051
29258051
29258051
41978
41978
41978
41978
612638
612638
612638
297984
297984
432
972
612638
612638
612638
349284
159862
211040
1320452
1751382
14060
3688793
220
619186
1182038
613772
767306
4095542
280167608
155827336
193494344
630643156
280167608
155827336
193494344
630643156
630643156
1182038
613772
767306
4095542
4095542
87815068
46521072
57677876
202255690
230050675
6046332
233335532
95700
127646234
13072415
13072415
13072415
13072415
13072415
87815068
46521072
57677876
57677876
57677876
202255690
202255690
230050675
6046332
6046332
3968616
233335532
95700
1794376
306580
306580
306580
306580
306580
349284
159862
211040
211040
211040
1320452
1320452
1751382
14060
14060
19009
3688793
220
8811
286599
286599
281741
96506
286599
6413155
6413155
6413155
6413155
6413155
6413155
6413155
6413155
6413155
6413155
6413155
6413155
286599
286599
286599
281741
96506
286599
286599
2171367
101816
101816
101816
101816
2171367
2610
2171367
6090
2171367
2171367
2171367
2171367
2171367
2171367
2171367
4849
4849
4849
4849
135086
6
135086
14
135086
88421
135086
135086
135086
135086
135086
531585
531585
23322
531585
531585
23322
419758
126478
419758
61633
18037
61633
60823442
60832988
426865
426865
1389157
1389377
1389377
1389377
7113743
7114867
62680
62680
459926
459926
459926
459926
419754
150461
419754
150461
61632
18741
61632
18741
70945508
70945508
70945508
1555883
1563993
1555883
426861
426861
1555883
1555883
1563993
1563993
1555883
1555883
8013263
8013263
8013263
459925
459925
459925
8183
459925
459925
4169267
4169267
212385
4169267
4169267
212385
62672
62672
459926
459926
459926
459926
8185
459926
459926
459926
459926
378704672
350114310
159778049
538458644
458860756
458860756
116479319
107522188
48330714
166723835
141760707
141760707
253592
89969515
110023731
1922663
1755515
2799988
2345620
2345620
2851981
899131
752156
615342
561275
977386
1179896
20617730
25213425
6945632
14525751
10027125
11794138
10850274
4055501
17172084
14525751
2237347
4754583
3317299
3752815
3450161
1261938
5601146
4754583
59402
1856849
2270741
144993
265969
221543
221543
221543
326522
265969
265969
221543
492028
501684
144993
221543
221543
221543
221543
221543
221543
221543
221543
340389
311661
311661
2675373
3271713
14655015
14655015
14655015
14655015
14655015
14655015
14655015
14655015
14655015
112034
112034
228041
112034
112034
112034
112034
92779
228041
557602
557602
557602
557602
557602
557602
557602
557602
557602
73397
73397
73375
73375
187733
73397
73397
73375
73375
73375
73375
29566
187733
1646288638
663898304
1660547822
1660547822
593034704
1010554735
593034704
1646288638
1646288638
663898304
1660547822
1660547822
1660547822
593034704
1010554735
593034704
242784945
213782782
158555444
159537538
179698045
242503684
482951118
542389317
513478966
200880124
518141645
518141645
176262098
308980721
176262098
541847
3203200
152134330
152134330
100949015
100949015
100949015
100949015
100949015
100949015
100949015
100949015
100949015
10787650
242784945
5281753
158555444
159537538
159537538
179698045
242503684
482951118
51558222
513478966
513478966
200880124
518141645
518141645
518141645
176262098
308980721
176262098
541847
3203200
3203200
152134330
152134330
152134330
6703582
6703582
6703582
7709708
3153661
9966832
6703582
6703582
6703582
6703582
6703582
7709708
3153661
9966832
926561
926561
926561
2160974
2533615
2112231
2533615
972644
3346898
2533615
2160974
5757251
34863638
485878
600214
485878
485878
485878
276822
485878
600214
926561
926561
926561
926561
73490
86672
926561
926561
926561
926561
80859
926561
2160974
281308
2112231
2112231
2112231
2112231
2533615
972644
3346898
2533615
2160974
5757251
5757251
34863638
34863638
6854338
36984614
51600312
50988905
16854967
51600312
51378709
29060412
14610854
4608605
6854338
36984614
51600312
50988905
50988905
16854967
51600312
51600312
51378709
29060412
14610854
14610854
7850541
5693864
4139589
4165094
4815019
6958021
17492583
20128288
2164357
11685771
16175801
15994903
5244438
16175801
16110235
8994144
4607968
59401
206820
7358786
24392297
3139845
59401
3139845
3836652
3836652
3836652
3836652
3836652
3836652
3836652
3836652
3836652
270056
7850541
161745
4139589
4165094
4165094
4815019
6958021
17492583
1190313
1247363
2164357
11685771
16175801
15994903
15994903
5244438
16175801
16175801
16110235
8994144
4607968
4607968
59401
206820
7358786
24392297
3139845
3139845
59401
59401
3139845
612243
348123
529845
529845
529845
529845
709677
326351
798007
811973
897343
897343
376351
52730
612243
348123
529845
529845
529845
529845
529845
529845
529845
709677
709677
326351
798007
811973
897343
897343
376351
72496
72496
72496
72496
72496
186832
221542
256252
144992
221542
221542
297296
221542
186832
221542
340388
311660
376350
4523930
95660
95660
95660
209996
95660
95660
95660
95660
95660
80537
95660
209996
72497
72497
72497
72497
72497
1621
3676
72497
72497
72497
72497
72497
72497
72497
2161
72497
186833
16291
16291
256253
144993
221543
221543
221543
221543
221543
221543
297297
297297
221543
186833
221543
340389
311661
311661
311661
376351
376351
376351
4523930
4523930
4523930
419754
126473
419754
145649
43965
145649
61630
18033
61630
29445
8595
29445
4507812653
3859125962
2117806004
8103952605
6297956217
6297956217
177356722
177388547
27960772
23937140
9816717
50660468
39370592
39370592
89969515
1894315
1412261403
1209033087
640798644
2541524832
1975136442
1975136442
110023731
67359327
67371414
534869
10340
9047933
7745910
2881942
16352360
12708175
12708175
534869
26354115
22561685
46259736
35950579
35950579
46442107
426862
426862
4072347
4073078
455405
455405
455405
455405
455405
1871947
4073078
4073078
20617730
14963660
11628952
8524779
7298039
16022991
25213425
148116
148116
2609129
2609129
1576483
148992
148992
148992
148992
1206249
1946794
2609129
2609129
107825973
107825973
148818054
127402725
53766594
269426130
209383501
594991
594991
20881283
20885030
863056
726858
410588
1587496
1217262
34522460
1856848
59401
47719223
40852295
16729524
86189466
66981818
2270739
455125
14833058
14835720
7030
111
628409
591106
105520
660226
660226
7030
2494778
2494778
6042976
2669100
6164936
3512157
3006747
6164936
4791057
4791057
62674
62674
391371
367074
189028
48255
1380036
1380036
1380036
665535
529337
1340500
1010174
298857
1380036
1380036
4133120
2675371
2079154
1082648
2675371
2675371
2079154
1524155
1304825
3271711
30001
30001
2285629
1380407
1010173
391369
2527807
2528312
1380407
1380407
1010173
665534
529336
1750718
2528312
2528312
315708148
315708148
315708148
315708148
315708148
315708148
315708148
315708148
315708148
5844418
5844418
5844418
5844418
5844418
5844418
5844418
5844418
5844418
419753
150457
419753
150457
1481401
1481401
4139776
1481401
1481401
1481401
1481401
731677
4139776
145648
51756
51756
51756
148115
145648
51756
51756
51756
51756
51756
15838
148115
11998753
11998753
11998753
11998753
11998753
11998753
11998753
11998753
11998753
316052
316052
316052
316052
316052
316052
316052
316052
316052
61626
18737
61626
18737
103128
103128
288192
103128
103128
103128
103128
29563
288192
288192
29441
8593
8593
29997
29442
8594
8594
8594
8594
8594
1691
29997
29997
67371414
6227015
6270677
7383260
33037717
65970
10340
26855667
6270677
27651092
57312556
4812104
5724357
27362792
13613645
15537927
9873951
4812104
27651092
534869
67371414
10340
15002089
534869
67371414
82991904
21359712
85664532
16446624
44177673
50710104
31482396
16446624
85664532
177388547
13379886006
4608029736
13703412618
3726382536
6349904136
3726382536
13703412618
13379886006
13379886006
4608029736
13703412618
13703412618
3726382536
6349904136
3726382536
13703412618
82991904
82991904
21359712
85664532
85664532
16446624
44177673
50710104
31482396
16446624
85664532
177388547
177388547
177388547
1385699167
1394282197
1570475442
4828256213
3203200
4191810540
1394282197
4297602065
1107557452
1941505882
1107557452
4297602065
152134330
4847757474
3203200
2836888760
152134330
882246380
882246380
882246380
882246380
882246380
882246380
882246380
882246380
882246380
1385699167
1394282197
1394282197
1570475442
4828256213
3203200
3203200
4191810540
4191810540
1394282197
4297602065
4297602065
1107557452
1941505882
1107557452
4297602065
152134330
152134330
94278936
4847757474
357858756
4847757474
3203200
46160013
152134330
16332227
16332227
16332227
16332227
16332227
16332227
16332227
16332227
16332227
67371414
6227015
6270677
6270677
7383260
33037717
65970
10340
10340
26855667
26855667
6270677
27651092
27651092
1177082
4812104
5724357
27362792
13613645
15537927
9873951
4812104
27651092
534869
534869
413277
67371414
67371414
1652089
67371414
10340
187485
534869
67371414
67371414
67371414
455405
455405
455405
64727
4046039
4073078
2282139
1114762
4073078
78223095
78223095
78223095
19816290
101051093
101051093
78223095
78223095
78223095
78223095
78223095
19816290
101051093
101051093
426861
426861
455405
455405
455405
455405
455405
64727
4046039
4046039
4046039
4046039
4073078
2282139
1114762
4073078
4073078
4073078
34863638
34863638
5757252
25302865
6111690
34863638
4139776
4139776
4139776
4139776
4139776
4139776
2044673
4139776
34863638
34863638
34863638
34863638
95675
34863638
5757252
5757252
25302865
25302865
25302865
25302865
6111690
34863638
34863638
34863638
73490
162230
34863638
34863638
34863638
34863638
685629
34863638
34863638
148115
148115
148115
148115
148115
148115
148115
44260
148115
148115
1345963
1345963
1345963
1263166
1263166
1263166
338
667708
26
17548
17548
148992
148992
148992
148992
1763
443349
18766
7453
22193
22193
160832
1345870
1345870
1345870
1345870
831203
2413057
2609129
263
1919306
563
2609129
2609129
2609129
2609129
2738
1813128
2609129
2609129
131068
913193
1065110
1979255
617954
289124
319724
410588
2074706
2040110
2040110
20885030
45399132
441715032
182603500
91808508
116988084
455587244
450559292
450559292
30524711
45399132
441715032
441715032
182603500
91808508
91808508
116988084
455587244
455587244
450559292
450559292
131068
131068
913193
1065110
1979255
1979255
617954
289124
319724
319724
410588
2074706
2074706
2040110
2040110
20885030
20885030
20885030
14335440
206820
36178041
141638046
56515449
28954548
36400947
145742439
42080976
173537424
144254811
3139845
235420417
59400
85886952
3139845
33530516
33530516
33530516
33530516
33530516
33530516
33530516
33530516
33530516
8261808
14335440
206820
36178041
141638046
141638046
56515449
28954548
28954548
36400947
36400947
36400947
145742439
145742439
42080976
42080976
173537424
144254811
144254811
3139845
3139845
1984308
235420417
8261808
235420417
59400
59400
897188
3139845
883209
883209
883209
883209
883209
883209
883209
883209
883209
32767
32767
383
273055
323694
104754
628409
628409
174642
72281
79931
79931
105520
105520
105520
660226
660226
125039
125039
875691
648694
648694
523656
7030
7030
28968
11393106
11589
14743581
14835720
41565
9310949
110
110
6213
7030
14835720
14835720
14835720
10424626
10424626
10424626
10424626
10424626
10424626
10218396
5807564
2016229
10424626
10424626
10424626
10424626
10424626
10424626
10424626
10424626
10424626
10424626
10218396
5807564
2016229
10424626
52728
10424626
62670
62670
1177151
1177151
1340498
1340498
1174367
803950
511924
367073
298856
189026
189026
48253
48253
48253
8183
1380035
1380035
144
1174367
1380035
1380035
288192
288192
288192
288192
82615
288192
288192
288192
3769832
4523930
4523930
4523930
1620
4523930
3675
4523930
4523930
2160
3233227
4523930
4523930
4523930
4523930
4523930
4523930
16290
16290
4523930
553369
4523930
29997
29997
29997
1690
29997
29997
29997
