1671
5638
232092314
232092314
1671
3811
149402694
149402694
1671
6521
52622360
1671
5845
33874117
1671
3811
1469815
1671
3811
1469815
1469815
1671
5638
232092314
232092314
1671
3811
149402694
149402694
1671
3811
1283989
1283989
1671
6521
52622360
1671
5846
33874117
1671
3811
1252896
2472
5636
232092314
232092314
1671
3809
149402694
149402694
4182
9533
52622360
2338
5844
33874117
1671
3809
1469814
1671
3809
1469814
1469814
2472
5636
232092314
232092314
1671
3809
149402694
149402694
1671
3809
1283988
1283988
4182
9533
52622360
2338
5844
33874117
1671
3809
1252895
9649
411996884
411996884
6521
6521
265211041
265211041
16321
93412178
9124
10005
60131379
6521
1946327
6521
1994634
1994634
9649
411996884
411996884
6521
6521
265211041
265211041
6521
6521
1283988
1283988
16321
93412177
9124
10005
60131379
6521
6521
1252895
3860996
411996884
411996884
2158453
2366904
265211041
265211041
6530350
93412178
3650732
4003297
60131379
9237593
317462
9237593
5946433
177475
194615
5946433
6547234
3660171
4214599
4013649
41615
1946320
20775
1994630
1994630
3860994
411996884
411996884
2158450
2366901
265211041
265211041
11614
12736
1283985
1283985
6530350
93412178
3650728
4003293
60131379
23264
25511
1252887
49040
1381
49040
9237593
317458
9237593
5946433
177471
194611
5946433
31568
772
847
31568
6547234
3660166
4214591
4013644
202025
232627
221535
777007336
267665504
780158218
18152834
6072975
456815907
3620930
3663877
36405
89019
2145356
3424218
3485060
652533103
171163520
658301477
96920888894
33387559432
97313917740
2264314313
757519408
56981448948
9302349
2200498
385463589
451660877
457017896
1685608
4206513
267603468
16245
39668
2040651
259769
268653
368509
737014
3434712
145641
406147
775642
116440
256403
439279
234734
1379298587
475144358
1384891851
32223863
10780394
810913240
6427667
6503903
36404
89019
3808313
154872287
177809369
154872287
109002294
45549393
12833306
45963632
47206952
52198948
738657
229370
26913667
47206952
31999467
3925982
7851921
3176274
6182698
11807445
3925982
4813455
1851653
3790173
7238306
262709
267139
1282107
2564199
2539444
3903181
3573313
36269
36270
156421
1282107
1571928
1480404
2392763
2459762
2190544
10784981
5944297
20596682
227103
131047
556761
12741591
6808635
4752491
422240
225629
157491
6078475
6186478
1158339112
303839605
1168578796
172048369331
59267668938
172746051459
4019480110
1344704742
101150180167
16512993
3906197
684252721
801762328
811271799
2992195
7467160
475034236
16244
39667
3622446
41335944
8769704
41928948
7500791
8014655
24744139
25894878
4709525436
5407021215
4709525436
3314660643
24744139
15874310
5681655172
1600776992
5733325701
1435520506
1587322562
92137257
28610806
3357106705
1435520506
973074715
402763
95273
24551187
7500791
4913215
1105098
2210184
3457146
1551289
8475460
119385565
238769790
164177473
129638332
313538908
119385565
146372798
100645547
75574461
192208433
1105098
1354907
2119330
904345
5195702
32769361
33321920
38987713
77974989
103646402
89019
183510
19511405
38987713
47800927
71347109
63538247
60422105
776
1343
157307
368509
451811
2364354
2105578
2002313
2527121
6157259
343594
1326069
3963556
200305
1179105730
406181403
1183887182
27546858
9215716
693216434
5494748
5559920
36404
90845
3255570
5196238
5288566
990216547
259740003
998970032
147077086882
50665496730
147673506687
3436088512
1149532872
86469135943
14116279
3339247
584939556
685393695
693522951
2557905
6383368
406087264
16244
39667
3096681
1675933
398351889
238174060
1027395
398351889
238174060
973853983
311547687
63261765
980020575
2525684988
506038
122577533
71950740
15535660
4607879
3364909
573843841
1343600995
310216
122577533
71950740
13973
7251447
8566
7251447
4732562
309709
4797870
12364954
4335
2345891
14006364
24863289
36269
57552
31045
2809357
6577845
2657
2345891
6795838
7793388
8080832
14006364
24863289
138040
2911
4137164
89420
567845
4233573
2191
561888
2527120
6157259
343593
45221299
80274241
27799588
786416047
189715532
16795359
106753147
795170065
1121285674
63174
17097648
9034317
236901
58336724
31158326
50963611
12113518702
7242656585
31242170
12113518702
7242656585
145227
58336724
31158326
121474778128
38861253229
2582003029
122243974895
15388177
3727471310
2187956584
1937858233
574769111
137337416
71579060595
65030725190
9433398
3727471310
2187956584
652651
7058312
1669635
478404
58393584
465605984
487462285
422910716
687380601
38728
17097648
9034317
2191
1691124
424927
220509933
260493
220509933
2191
1691124
590321535
12640670
598467830
131844
71336414
1747099682
3101350543
1469814
4043913
307625
350428437
318369858
80824
71336414
847686580
972117153
1007971811
1747099682
3101350543
41234
104905
2911
2911
8124
24367
31045
325370
335604
2478937
2595303
2228052
4233573
2191
561888
1326067
3963556
200304
10736177
22454948
24430737
45221299
80274241
10930011
343593
7035877
5735354
200304
394198
407680
559211
5212164
221010
616327
1177035
176698
389091
666604
356208
2093080454
721029789
2101568212
48899593
16359208
1230557812
9753960
9869649
36402
90842
5779100
235018118
134913284
235018118
82705751
69121035
19474494
69749640
71636374
39606077
1120909
348069
40841389
71636374
24279672
5957664
4819984
9382221
17917754
3652220
5957664
2809876
5751573
10984102
398660
405382
1945592
3853598
5923063
5422489
36268
36268
237368
1192704
1945592
2246508
3631009
3732680
3324143
16366168
9020449
31255388
344628
198864
844883
19335317
10332078
7211888
640748
342392
238993
9224063
9387957
1757775276
461075466
1773313958
261082757832
89938466240
262141487855
6099546054
2040584423
153495020591
25058405
5927639
1038350948
1216671338
1231101925
4540645
11331387
720862679
16240
39663
5497049
62727141
13307993
63627022
11382423
6081138
37549139
19647800
7146687259
4102590292
7146687259
2515006699
37549139
12044671
8621890502
2429173107
8700300336
2178397007
1204384794
139817944
43416791
5094396885
2178397007
738322769
611192
144576
37256335
11382423
3727914
1676982
5246206
2354075
12861479
181167150
249138703
196725684
475794122
111060711
181167150
152729242
114683962
291675580
1028039
1676982
3216076
1372340
7884459
49727384
50565889
59163710
157283028
105947
278475
29608484
36269068
59163710
108268972
96419052
91690319
773
1339
238714
342813
559211
3587899
3195207
3038503
202542
656660
1502294
242400
533767
914467
488657
1995767474
6691678259
4000945456
1223463278
6691678259
4000945456
1728729397
553041478
1739675975
4483450251
5316737199
602610807
2059107625
1208658018
27578008
8179642
1018654474
2385082957
282798643
369417882
2059107625
1208658018
16640447
121812791
10201076
121812791
8400971
8516903
21949554
26029063
5163129
39407239
24863289
36268
57549
4987010
11676611
633447
3165147
39407239
12063580
13834373
14344627
24863289
51618886
184983722
107577467
24259962
51618886
184983722
65948103
107577467
55799179
15818914
56426118
145420007
172447539
15461943
56806220
32165274
813007
227827
33039898
77359792
6981752
5720884
15461943
56806220
19718245
32165274
4335874
5031071
4417220
9996195
22869104
128212
4335874
3084192
5031071
2575079
6127957
14019423
325753
332556
857057
1016349
1430523
1659888
1729775
1729775
5286479
8125431
7438730
36268
36268
194726
455933
110841
128212
1430523
1017559
1659888
678699
960125
997976
1729775
1060402
898094
36268
3081826
4981125
5120601
4560157
155967
17437173
8266689
39892429
381289
198864
2687532
26524755
14173848
9893480
3965287
1770745
1064559
3433243
606750
7344054
4553534
7515195
771529
9438833
10930011
343588
80274241
691413298
1396000388
336772066
856049217
1411540016
1990441628
75231202
287213311
151762162
282112151
979964195
523410327
60689473964
203487850498
121665112889
37204405685
203487850498
121665112889
172942921
979964195
523410327
215635016664
68984254318
217000450380
18324846645
62615590346
36754191180
3439974115
1020296961
127063018036
11542310750
115438790885
11233661855
62615590346
36754191180
16232313
12529509
2963840
468255819
826516876
865314921
40206791
750726700
1220198380
46118906
287213311
151762162
2428673
28408205
506020862
3704216209
310205447
3704216209
1488846
28408205
1047904726
1062365558
157006063
1198338324
3101350543
2392840
7178521
622060340
25853913
565151802
96249265
1198338324
1504764303
1725646277
1789293396
3101350543
41230
1862635
314526
606750
8120
24362
2490766
2691201
4400467
4607032
98203
3955109
7515195
472969
9438833
7035877
5735354
200299
19058242
39860729
43368034
80274241
42918970
106156979
46938144
9550914
47859951
67488303
2120579
8277617
3942996
4304823
321118554
7188028
26403207
6744078
14414436
1821360153
5625186788
3271332944
856007037
1821360153
5625186788
2005421864
3271332944
321118554
2598949
7188028
26403207
3809188
8836467
14414436
6960173804
1973190230
7038375649
545571001
1727425518
978116753
101411459
28418348
4121269105
284957353
3744239117
201860047
545571001
1727425518
599613905
978116753
912475
106156979
305605
72289
26063804
27982488
29339537
1161514
25301273
41351037
755243
2120579
8277617
2227082
2638981
4304823
2078715
422214
1093119
5804287
2279247
40911741
152990312
265442377
180287034
607273961
93787493
2519555
152990312
162723867
105100823
372276530
2078715
238474
670113
12758
1093119
3558196
1328718
25080082
40633218
41481870
50475694
215765477
95713
203781
24289404
721639
22067313
30943062
724451
50475694
84658378
119762286
124483749
148526555
132270488
125783473
112024778
1000276
215765477
3130
169767
21384
41253
999128
439
1319
194501
222701
224782
233155
4325
163083
380333
294666
319817
4342
521700
425603
254721
6120
1915793
10456765
12935490
2189508
6537091
17770308
22203804
16524609
13534568
7168445
5525
36244344
36490
36490
36490
36490
36490
36490
36490
36490
36490
36490
36490
36490
70612
91023
46382
52412
47804
36271
47803
36271
47803
47803
36490
36491
36490
36491
36491
36491
263850
36491
36491
36491
359885
175651
351300
175651
306329
268163
263850
36491
36490
36491
351300
351300
36490
36490
36490
36490
36490
36490
92986
36490
36490
185972
36271
47803
36271
47803
47803
89019
36490
36490
36490
107084
92265
38528
36491
55197
36490
36490
36490
36491
36491
36491
36490
36490
36490
36490
36490
36490
36490
36490
36490
36490
36490
36490
36490
36490
36490
263850
527697
263850
527697
527697
138012
269969
90652
155449
136082
89019
163224
81350
93985
82277
5135
6767
5135
6767
6767
175651
36490
36490
351300
263850
36490
36490
36490
351300
36491
36490
36491
429569
107930
429569
250423
89019
263338
36491
36490
36490
12893368
188256
87221
188256
6888803
531835
1040348
349335
599027
527697
8469000
109746
50848
115406
3966541
3472340
175651
351300
175651
351300
351300
263850
36490
36490
36490
351300
351300
36490
36490
36490
36490
36490
36490
36491
36491
36490
36490
36490
36490
263850
36491
36491
527697
175651
351300
175651
351300
351300
263850
36490
36490
36490
527697
527697
25263
33295
16597
19180
16790
159526
36490
36490
36490
279681
175733
43509
36491
62331
36491
36491
36491
36490
36490
36490
36490
36490
36490
70611
91021
46381
52411
47803
36270
47802
36270
47802
47802
485096
121881
485096
282793
89019
297378
1011795
212590
11665006
2796764
89019
212590
540592
263850
527697
178641
306327
268162
664597
123932
189478
6830358
68018
57420
130324
527697
527697
36491
36491
36491
36491
36491
36491
92986
36491
154571
36491
185971
36270
47802
36270
47802
47802
89019
36490
22197
36270
90508
36490
36490
107083
92263
1170165
294007
1676426
36491
36491
36491
512818
156567
734684
36491
36491
36491
36491
36491
36490
36490
36490
36490
36491
36491
36491
36490
36490
36490
890644
1742232
585019
1003169
878182
138010
269968
90651
155448
136081
89019
163223
81349
93984
82275
5134
6766
5134
6766
6766
242865
36490
403716
36490
485727
814168
81639
13624134
1855379
36491
81639
527697
121007
37932
121007
19799027
4974563
19799027
11542117
2899990
12137377
89019
36490
89019
126207422
8676809
1455047764
348857614
2649102
8676809
67431417
5205897
10183503
3419490
5863614
5133052
82899259
5058266
13314215
851992518
3149464
1544330
5319135
38826701
33989188
263850
527697
263850
527697
527697
534786
47594
89019
7977511
37544
36490
50048
527697
527697
36490
36490
36490
182616
182616
141526
106458
111949
89019
36490
36490
36490
1779890
89019
10861369
89019
3559761
263850
527697
263850
527697
480893
1169119
73580
22194
63002
6359795
77375
73580
2049694
1766012
25262
33294
16596
19178
16788
159525
36490
75
220
236394
36490
36490
279680
175731
67498
56610
89019
56611
56611
56610
56610
56610
56610
56610
56610
56610
70611
91021
46381
52411
47803
36270
47802
36270
47802
47802
752578
189087
752578
438726
110231
461352
673572
329813
100694
329813
359883
175650
351299
175650
306327
268162
442435
192269
89019
202185
351299
351299
56610
56610
56611
56611
56610
56611
92986
56611
56611
185971
36270
47802
36270
47802
47802
89019
56610
56611
56610
107083
92263
1815394
456123
2600806
56611
56610
56611
795586
242899
1139788
56611
56610
56611
56611
56611
56611
56610
56610
56610
56611
56611
56611
36880
38784
36880
592920
1159839
389459
667830
584623
138010
269968
90651
155448
136081
89019
163223
81349
93984
82275
5134
6766
5134
6766
6766
175650
56610
56610
351299
542008
89019
56610
89019
351299
187731
58846
187731
30716192
7717532
30716192
17906429
4499042
18829915
109440
56611
115084
84018817
13461194
4109814
13461194
44890449
3465670
6779363
2276423
3903526
3417176
55187702
7847389
2395873
8252102
25847715
22627285
175650
351299
175650
351299
351299
356017
73836
56610
77644
351299
351299
56611
56611
56610
283310
283310
219564
165159
173677
127998
56610
56610
56610
1184908
129035
129035
2369804
175650
351299
175650
351299
351299
778306
89019
89019
89019
1364522
1175669
25262
33294
16596
19178
16788
159525
36877
38779
36877
279680
175731
89018
89018
178037
2050055
515082
2936991
898425
274296
1287119
89019
89019
89019
89019
89019
89019
128292
89019
183797
89019
89019
89019
89019
89019
112267
112267
89019
89019
89019
89019
112267
102779
102779
89019
89019
70609
91019
46380
52409
47800
36269
47800
36269
47800
47800
36270
47802
36269
47802
47802
17422
22961
11445
13223
11576
34686621
8715114
34686621
20221046
5080596
21263903
20707046
4964655
6593299
15201212
4641056
15201212
3522736
271965
532004
178640
306325
268159
189476
12124858
68017
4330804
8861757
2705568
9318783
2028375
1775655
319931
319931
247945
186508
196127
144543
154570
92984
145715
145715
185968
36270
47802
36270
47802
47800
22196
36269
90507
89019
89019
89327
89019
107081
92260
2170694
1641562
443413
2170694
1712192
1265436
1641562
258494
1330698
1049623
874187
140660
367915
973030
490034
243643
973030
159444
497073
53743
69278
36270
47802
47800
36270
511874
36270
241665
567241
490034
142035
596495
91808
80370
304720
89019
138976
89019
112267
159150
89019
89019
277950
89019
138976
89019
112267
112267
89019
89019
196070
36270
36270
89019
98035
89019
112267
102779
89019
47802
196070
36269
47800
36269
47800
47800
439
1309
36270
36270
89019
98035
89019
112267
102779
102779
89019
89019
47800
47800
196070
83672175
21022877
119872117
511388
168913
732636
36668849
11195304
52533265
227353
168913
325716
771749
1105639
598102
79664
83772
61741
351498
503570
351498
36879
38783
36879
5236217
1069616
7501615
168913
63754
230124
2347175
587725
3362657
127581
30210
134161
178536
131047
277619
175533
251476
168913
52832
14092
115780
89019
89019
70402
297543
178536
131047
168913
230124
168913
89019
82814
78752
78752
82814
78752
5803829
11353145
3812241
6537089
5722617
138008
269965
90651
155447
136079
89019
163220
81347
93981
82273
5133
6765
5133
6765
6765
755753
1478364
496415
851235
745177
26898
34674
17669
19965
17478
17421
22960
11444
13221
11574
4851
6393
3188
3683
3223
242863
63258
403716
63258
485723
5305477
3846791
24184776
3293561
955577
3846791
2150882
8652620
1787269
8652620
1415720247
355703833
1415720247
825313727
207362476
867877524
5044164
1041913
5304306
822422643
620431242
2582916830
619271907
189422817
620431242
439412540
33923901
66360153
22282891
38209873
33449211
540207748
361688986
23634627
1512407956
5590747
110426655
380342325
253011733
221488382
806674
1577974
529863
908590
795387
3484899
2242540
89019
14161218
37542
557067
2358194
1238468
1084164
90044
90044
89019
13057888
13057888
10119795
7612277
8004864
5899474
79661
83770
61738
11598543
5947298
19280476
5947298
23196956
477017
954030
313328
549326
480884
7618495
3467060
22195
63002
11289541
3645866
3467060
13356701
11508107
25260
33291
16597
19170
16788
159524
36879
76
222
236393
38781
36879
279677
175733
89019
218841
281258
1723853
89019
51817
218841
48744
68292
219828
490250
89019
490250
188869
49918433
88595995
18097748
88595995
52066211
49918433
51648262
10550333
54311911
31918095
219828
285798
63752
300537
115786
14901490
39713837
45892373
109042800
17545482
9944229
39713837
15115550
19888346
4417444
8641172
2901595
4975547
4355632
14901490
23151731
30144374
419340
63849209
117283
5797126
24345732
9266270
11451619
10024833
103599
202656
89019
116694
102158
89019
127576
184744
3129
1009389
742
30209
134156
29884
39325
34424
132726
86179
24170
188863
132726
89019
377724
2969996
2171065
1410211
4226142
2969996
2301212
8452236
1731400
1330926
822102
2590747
4226142
1820693
1341523
5181466
89019
52831
14091
115778
188863
89019
70399
231555
1430887
1430887
2861759
89019
134199
66882
77272
67645
438
939877
1309
837845
984980
877175
834155
1430887
877175
834155
1647788
1326261
1754341
4860
6405
3196
3695
3234
4
88732
6
79099
89019
82812
78751
89019
82812
78751
102513
27753
109142
36489
36489
36489
36489
36489
36489
110843
4056019
8879651
36489
36489
36489
36489
36489
110843
1469815
2370360
69063
70611
39767
36271
46381
36270
36270
36270
36270
36489
36489
36489
36489
36489
273064
400392
36489
36489
110843
61743928
266550
266550
232428
203470
266550
266550
266550
400392
36489
36489
36489
110843
39745862
37850816
36489
36489
36489
36489
36489
141107
36489
716856
16482087
36270
36270
36270
36270
81250
92687
70006
36489
36489
439454
10609865
10103997
36489
55195
38526
36489
36489
36489
36489
36489
36489
4056019
270931
8879651
36489
36489
36489
236500
3983
248339
36489
36489
36489
36489
36489
36489
36489
36489
1469815
2370358
36489
36489
270931
394376
400392
400392
400392
400392
400392
204840
209433
117947
103252
137565
123846
71311
81349
62427
5134
5134
5134
5134
266550
36489
612640
266550
400392
36489
36489
385779
6494
36489
36489
163784
651870
95480
399615
380017
36489
36489
36489
5226896
19565638
87220
285678
61743928
1469815
789366
807058
454513
400392
530115
3009622
2634646
12851676
50846
175129
166540
39745862
37850816
1206857
266550
266550
266550
266550
266550
266550
266550
400392
36489
36489
36489
248336
236496
3983
36489
36489
36489
36489
36489
36489
36489
36489
36489
36489
400392
36489
16482087
266550
266550
266550
266550
400392
400392
400392
36489
36489
10609865
10103997
25262
14552
16596
12738
212209
242081
133337
36489
36489
394371
375568
1607147
993584
2451680
262416
236073
262416
4267229
6509595
4267229
4610974
6509595
696750
696750
696750
493533
696750
36489
36489
36489
36489
36489
2703104
36489
36489
36489
36489
36489
1644661
110843
2328845
5098424
36489
36489
36489
36489
36489
110844
36489
36489
36489
36489
110843
110843
1469815
2824497
266550
266550
266550
266550
213704
210225
184033
210345
245192
93471
36270
36270
93471
36270
36270
36270
36270
36270
36489
36489
36489
45736110
36489
36489
36489
36489
36489
26662499
266550
266550
266550
400392
36489
36489
36489
20146519
1671
110843
3811
35451476
35451476
266550
266550
266550
266550
266550
266550
266550
266550
266550
266550
266550
266550
266550
400392
36489
36489
36489
36489
36489
11744692
1671
110843
3811
22820859
21732782
22820859
36489
36489
36489
1644661
36489
36489
36489
36489
36489
1014331
420869
161274
36489
854200
1671
854200
3811
19639911
93471
36270
93471
36270
36270
36270
36270
36270
290032
92863
105934
94436
15445
69042
36489
36489
36489
36489
497969
1671
523649
3811
12642623
12039834
36489
36489
36489
38535
36489
110326106
36489
36489
36489
36489
36489
1014442
9395141
5323989
14332147
36489
36489
36489
36489
36489
48598077
2328843
270931
5098424
36489
36489
36489
36489
36489
447413
3568234
2022028
5443288
139328
2663
146304
36489
36489
36489
36489
36489
2645679
36489
36489
36489
36489
36489
256328
963506
569850
993586
36489
36489
36489
36489
1644661
1469815
2824497
34709
33007
31399
30802
256328
963506
499378
982667
270931
564854
713692
713958
714367
729959
417897
411093
400392
411329
479473
266550
266550
266550
266550
266550
266550
266550
266550
266550
420869
266550
266550
420869
245327
266550
249480
214761
81435
89874
15247
15247
61867
8780
10016
8929
7687
5134
420869
266549
36489
1644661
963506
603255
1671
993584
1469814
3809
1469814
266550
266550
266550
400392
36489
36489
36489
4771808
9474222
1671
1404036
1469814
14452784
37952683
2086
227276
4339
227276
36489
36489
36489
10819397
24945573
1469814
1488631
38054098
99929198
426047
100510
455109
1866700622
236261
231777
58594
278995
265312
1088218983
36489
36489
36489
36489
36489
6307317
24945573
1201257
1469814
26955051
38054098
61259493
3017516
3318579
3783034
14408317
194772
55193
200457
822271936
1671
3811
35451476
1295661
35451476
4171595
4173148
4175543
4266677
2442647
2402879
2103499
2404259
2802564
1766884
1910823
1672749
2178253
9464093
108009
105959
36489
122886
116859
479354814
1671
3811
22820859
21732782
794280
22820859
400392
400392
400392
400392
294513
289867
266550
290033
338082
266550
266550
266550
266550
372582
36489
36489
36489
36489
36489
2781791
9474222
1167
993586
993586
10237413
14452784
22796125
1280
146304
139328
2661
146304
36489
36489
36489
1644661
963506
782424
343996
1469814
2294507
36489
36489
36489
44764489
36489
36489
36489
36489
36489
26096079
36489
36489
36489
36489
36489
1452164
963506
458144
184546
993584
1469814
1469814
614586
400392
36489
21976247
1671
3811
19639911
420869
266550
420869
266550
266550
266550
266550
266550
423063
400392
400392
400392
15444
400392
36489
36489
36489
36489
12811358
1671
3811
12642623
12039834
89880
89110
61875
51315
58535
52183
10035
44919
383509
266550
266550
266550
60
118413
34704
33003
31394
30798
1082341
963506
603256
603256
1671
691848
993586
993584
993586
1312814
3811
1469815
1312814
36489
62329
43507
36489
36489
36489
110842
4056019
8879651
36489
36489
36489
36489
36489
110842
1469814
2370358
69062
70610
39766
36270
46380
36269
36269
36269
36269
184955
736132
107822
451270
429138
410175
1535395
98494
322605
17701603
4244080
110842
61743928
400392
400392
232427
203469
271088
400392
400392
1008523
57418
197766
188067
287533
10365043
68017
110842
39745862
37850816
36489
36489
36489
36489
36489
141106
36489
234562
716855
16482087
36269
36269
36269
36269
81249
92686
70004
36489
36489
22196
36269
137347
439453
10609865
10103997
446155
2543971
1775722
36489
36489
36489
237590
1114880
778200
4056019
270930
8879651
36489
36489
36489
236499
3982
248338
36489
36489
36489
36489
36489
36489
36489
36489
1469814
2370357
36489
36489
270930
394375
1321922
1351549
761157
666322
887764
204839
209431
117946
103251
137564
123845
71310
81348
62426
5133
5133
5133
5133
368547
36489
612639
400392
1235497
36489
81638
385778
20674572
6493
2815530
37930
183629
7548881
30044949
4400724
18418424
17515119
36489
112570
107049
51163749
191519292
4020002
13167026
61743928
2208029547
1469814
529390127
7726757
7899930
4449031
3894716
5189063
29459853
25789377
125799315
2343516
8071768
7675900
39745862
37850816
20204272
1292895464
1206856
4779300
400392
400392
400392
400392
400392
400392
400392
811535
36489
50046
47592
248335
236495
132982
12105843
3982
37543
36489
36489
277119
214766
169882
161550
125200
36489
36489
36489
2700977
126215
16482087
400392
400392
400392
364879
1555210
1774135
1339966
77373
73579
22193
63001
9650965
10609865
10103997
25261
14551
16595
12737
212208
242080
133336
36489
36489
74
219
358728
394370
375566
175053
73034
175053
4220333
2391556
6438056
236072
236072
236072
403513
262415
262415
236072
262415
262415
175047
73032
175047
175047
73032
175047
11205648
17094048
11205648
12108313
17094048
696749
696749
696749
696749
236072
236072
236072
236072
236072
236072
696749
696749
696749
493532
696749
36489
36489
36489
43516
36489
2703104
36489
36489
36489
36489
36489
1644661
110842
2328843
5098424
36489
36489
36489
36489
36489
110843
36489
36489
36489
36489
110842
110842
1469814
2824497
364963
365100
365309
373282
213703
210224
184032
210344
245191
36269
36269
93470
36269
36269
36269
36269
36269
93470
481119
113503
513938
45736110
12858
3583583
1816918
266800
261738
66168
315058
299607
26662499
7882
3583583
1816918
400392
400392
400392
1130679
219948
62327
226369
20146519
1002225
1671
15525986
2863957
40013190
110842
3809
35451476
35451476
4157
1064833
540003
400392
400392
400392
400392
400392
400392
400392
400392
400392
400392
400392
400392
400392
742686
121970
119656
36489
138770
131965
11744692
31045
1671
131235
9091126
36270
21286012
110842
3809
22820859
21732782
22820859
2548
1064833
540003
36489
36489
36489
1644661
2191
197819
36489
36489
36489
36489
36489
1014330
2191
197819
161273
420869
36489
854198
279501
279501
139303
31045
1671
279501
279501
720320
854198
3809
19639911
2191
155320
279501
36269
93470
36269
36269
36269
36269
36269
93470
92862
105933
94434
15444
69041
290031
36489
36489
36489
36489
497968
279501
279501
139303
31045
1671
120817
155439
161256
279501
14572
36269
163661
378254
523648
3809
12642623
12039834
2191
155320
279501
175052
73034
175052
60746
25345
60746
725776
574632
273795
1776098
1239738
110326106
36489
36489
36489
36489
36489
1014440
24671427
13980674
37635893
331796
262699
150348
782300
546055
48598077
2328842
270930
5098424
36489
36489
36489
36489
36489
447412
9370102
5309800
14293951
139327
2662
146303
36489
36489
36489
36489
36489
2645679
426875
426875
426875
36489
36489
36489
36489
36489
256327
1644661
963506
718427
569849
1469814
1469814
36489
36489
36489
36489
1644661
1469814
2824497
148130
148130
148130
34708
33006
31398
30801
256327
1511039
963506
718427
499377
982666
270930
564853
982666
6986015
6988615
6992627
7145245
4090610
4024013
3522651
4026322
4693349
400392
400392
400392
400392
400392
400392
400392
400392
400392
175047
73031
175047
175047
73031
175047
400392
400392
420869
245326
279859
249479
214760
81434
420869
15246
15246
89873
60740
25342
60740
8779
10015
8928
7686
5133
61866
60740
25342
60740
420867
400390
36486
1644659
963504
2908
718425
603253
139301
31043
1668
325367
3807
104903
1469813
2189
155318
2609129
400392
400392
400392
852046
52601
36489
54590
4771808
24879092
528818
1671
2907386
2085
613160
2076996
2368678
227275
25036727
4338
1745793
227275
37952683
2191
155320
155320
108621
36489
117325
10819397
65506507
3312415
3909112
99929198
2191
508365
226094
19636702
4632580
20976175
1866700622
391028
108973519
55250847
10889362
10682729
2700627
12859003
12228352
1088218983
239712
108973519
55250847
60234
59091
36489
71924
68396
6307317
65506507
1777024
2288952
61259493
70783353
99929198
2191
508365
226094
29537118
32484095
37030432
141036581
8977126
2543880
9239170
822271936
40905409
1671
3809
35451476
1936651430
1295660
357238971
35451476
126418
32380618
16421001
40833887
40849085
40872532
41764598
23909982
23520717
20590213
23534217
27433047
17295242
18704193
16373792
21321954
92639781
4978187
4883723
1482990
5663879
5386102
479354814
824976
1671
3809
22820859
21732782
9221479
1133992004
1030249933
794279
2389668
22820859
77498
32380618
16421001
755532
756202
756636
773150
442396
435417
400392
435667
507843
400392
400392
400392
400392
559666
36489
36489
36489
36489
36489
2781791
24879092
31045
1166
1553013
1279
104905
1469814
1469814
146303
139327
79373
14451401
15252353
12154120
2660
18775
146303
22796125
26883215
37952683
2191
155320
155320
36489
36489
36489
1644661
2567459
1504116
1121527
782423
343995
2294507
2191
242468
203057
210489
162696
44764489
3827
6015515
112603
110467
129035
122707
94846
26096079
2346
6015515
426869
426869
426869
426869
426869
426869
36489
36489
36489
36489
36489
1452163
2567459
1504116
1121527
458143
184545
1469814
1625280
2294507
2191
242468
3289419
3087024
98188
21976247
12874535
9599747
1861391
414828
1671
3809
19639911
2191
2075413
34863638
420869
400392
420869
400392
400392
400392
400392
400392
2264339
1777494
2027710
1807584
15443
1321528
60192
57240
54449
53416
12811358
12874535
9599747
1861391
31045
1671
3809
8489433
10922218
11331052
14569
36767
11500005
12642623
12039834
10313258
19639911
2191
2075413
34863638
89878
89109
148122
148122
148122
61873
51314
58534
52182
10034
44918
148122
148122
148122
383508
305182
348142
310349
59
118412
34703
33002
31393
30797
1082340
1644661
963506
2911
2911
718427
603255
603255
139303
591
1671
269138
325370
3809
255
97453
246459
878844
1036164
50
691847
136
1102109
1469814
1312813
645985
1469814
1469814
2191
155320
2609129
56609
96698
67496
56609
56609
56609
110842
7200012
15762645
56609
56609
56609
56609
56609
110842
1921993
4207723
69062
70610
39766
36270
46380
36269
36269
36269
36269
286939
1142035
167275
700100
665765
273062
1022143
152803
500490
110842
109604258
266549
266549
232427
203469
266549
266549
266549
671394
89079
306815
291767
110842
70554561
67190585
56609
56609
56609
56609
56609
141106
56609
716855
29258051
36269
36269
36269
36269
81249
92686
70004
56609
56609
439453
18834021
17936032
692165
3946714
2754854
56609
56609
56609
7200012
270930
368598
1729625
1207299
15762645
236499
3982
56609
56609
56609
248338
56609
56609
56609
56609
56609
56609
1921992
56609
56609
4207722
270930
38783
36879
394375
880030
899753
506717
443584
591002
204839
209431
117946
103251
137564
123845
71310
81348
62426
5133
5133
5133
5133
266549
56609
612639
266549
822495
56609
126653
385778
6493
58844
284882
11711326
46611706
6827280
28574326
27172940
56609
174640
166075
34060735
127498241
6236628
20427311
109604258
1968676
5143857
5259142
2961809
2592790
3454464
19612016
17168507
83747132
3635728
12522534
11908384
70554561
67190585
1206856
266549
266549
266549
266549
266549
266549
266549
540255
56609
77642
73834
248335
236495
3982
56609
56609
429922
333187
263555
250629
194236
56609
56609
56609
1798094
195811
29258051
266549
266549
266549
266549
1035334
1181077
892042
120037
114150
18834021
17936032
25261
14551
16595
12737
212208
242080
133336
38778
36876
394370
375566
1616675
4352081
236072
262415
11555457
8185135
11555457
236072
696749
236072
236072
236072
493532
696749
236072
236072
56609
56609
56609
67511
56609
4288268
56609
56609
56609
56609
56609
1888962
110842
4134028
9050429
56609
56609
56609
56609
56609
110843
56609
56609
56609
56609
110842
110842
2290229
5013885
266549
266549
266549
266549
213703
210224
184032
210344
245191
93470
36269
36269
93470
36269
36269
36269
36269
36269
746408
176088
797323
72556844
413914
406060
102653
488782
464810
42298017
266549
266549
266549
752716
341228
96695
351189
31960913
110842
6521
62931415
62931415
266549
266549
266549
266549
266549
266549
266549
266549
266549
266549
266549
266549
266549
494421
189225
185634
56609
215289
204730
18632057
110842
6521
6521
40510273
38578781
40510273
56609
56609
56609
1739954
56609
56609
56609
56609
56609
1014330
421330
161273
56609
854198
854198
6521
34863638
93470
36269
93470
36269
36269
36269
36269
36269
290031
92862
105933
94434
15444
69041
56609
56609
56609
56609
497968
523648
6521
6521
22442455
21372420
1125968
891484
424766
2755437
1923328
175023937
9450838
25441601
56609
56609
56609
56609
56609
1014440
4134027
270930
514748
407551
233251
1213660
847149
77097136
9050429
3589388
9662611
139327
2662
56609
56609
56609
56609
56609
447412
146303
56609
56609
56609
56609
56609
4197168
569849
993584
50122
49172
56609
54620
42331
256327
2290229
56609
56609
56609
56609
2060519
5013885
499377
982666
270930
34708
33006
31398
30801
256327
564853
4650730
4652461
4655132
4756733
2723201
2678866
2345099
2680404
3124456
266549
266549
266549
266549
266549
266549
266549
266549
266549
487483
266549
266549
487483
245326
266549
249479
214760
81434
89873
15246
15246
61866
8779
10015
8928
7686
5133
487481
266547
12
655
39668
280159
993582
2609129
6519
56607
2609129
266549
266549
266549
567224
15
657
56535
1404035
1601210
25655749
67371414
2085
81605
56609
84691
7570109
227275
4338
227275
2239170
2642532
67551440
177388547
168514
56609
182018
17164147
30464361
7186981
32542419
2961377893
16893747
16573176
4189750
19949445
18971053
1726376260
1201255
1547315
47849052
67551440
108744318
93448
91675
56609
111582
106110
10006077
19663453
21625314
24651903
93890886
6521
13927106
3946574
14333640
1304471593
62931415
1295660
62931415
27183939
27194057
27209666
27803532
15917355
15658213
13707318
15667201
18262731
11513790
12451757
10900362
14194453
61672164
6521
6521
7723155
7576603
2300710
8786936
8355994
760459783
40510273
38578781
794279
40510273
502973
503418
503707
514701
294512
289866
266549
290032
338081
266549
266549
266549
266549
372581
15
657
39671
993584
993584
18172866
25655749
40466366
1166
1279
56609
56609
56609
56609
56609
4413100
146303
139327
2660
146303
280162
782423
343995
1551071
4073078
56609
56609
56609
2490998
315023
326552
252407
71015442
174693
171378
200186
190368
147144
41399435
280162
280162
280162
280162
458143
184545
1098678
1551071
2496917
50121
49169
56609
54618
42330
1452163
3810060
2055094
6521
152328
34863638
487483
266549
487483
266549
266549
266549
266549
266549
2622732
1183314
1349887
1203345
15443
879767
6521
6521
93382
88802
84472
82869
22442455
21372420
20324240
89878
89109
61873
51314
58534
52182
10034
44918
383508
266549
266549
266549
59
118412
15
657
39671
280162
280162
232369
280162
691847
993584
993584
993584
1312813
3647
3998
34703
33002
31393
30797
1509162
1312813
1082340
645985
781635
4456874
3110951
416244
1953199
1363356
110841
7200012
15762645
110841
110841
110841
110841
110841
110841
1921992
4207723
110841
278911
194683
110841
125024
110841
23895
270930
564853
110841
110841
110841
110841
170365
170365
110841
110841
110841
110841
170365
155967
155967
270930
564853
69059
70607
39764
36268
46378
36268
36268
36268
36268
36268
36268
36268
36268
36268
17421
10032
11444
8783
13225153
52636818
7709786
32267894
30685362
31422865
7533846
2672884
10005307
7042785
23067782
110841
109604258
403659
412706
232425
203466
271085
287530
18399427
68015
1539034
1347282
6571979
4105689
14141218
13447683
110841
70554561
67190585
485495
376256
297622
283026
219343
234559
141103
221121
716852
29258051
36268
36268
36268
36268
22195
36268
137344
81246
92683
70002
135554
128906
439451
18834021
17936032
672878
3294020
2491065
1299130
392263
2019329
1920294
2491065
796404
1326576
213452
120978
558310
369728
1476570
743624
377155
38976
2488455
52563
53741
36268
36268
36268
36268
776767
36268
69658
60979
366725
215538
905180
860786
743624
231207
23895
1601872
1525497
110841
110841
210895
110841
170365
241510
110841
110841
110841
148769
210895
110841
170365
170365
36268
36268
110841
148769
110841
110841
170365
155967
2171369
36268
36268
36268
36268
438
1308
36268
36268
36268
36268
110841
110841
148769
148769
110841
110841
170365
155967
155967
1397757
1331113
31902138
181905490
126972214
256326
1111772
776030
7200012
270929
16988832
79719033
55644841
15762645
236498
3981
256326
494273
345008
248337
1677804
1171127
907617
83771
79663
61740
1921990
764166
533397
4207722
270929
38782
36878
394374
1623139
11383674
7945941
63753
349213
256326
270929
23894
891871
5102819
3561829
564852
3876
64
30209
203590
193604
4070
270929
198864
421286
381613
266371
256326
52831
14091
175696
123475
117420
70401
451521
270929
198864
270929
349213
256326
564852
92990
82813
78751
82813
82813
78751
86959
8614226
8807289
4960032
4342049
5785061
204837
209428
117944
103249
137562
123842
71308
81346
62423
5132
5132
5132
5132
1121712
1146852
645876
565405
753309
26306
26896
15147
13260
17666
17419
10029
11441
8780
4850
2794
3187
2445
368544
63252
612638
1631987
8051042
1450085
5837492
385775
36700308
6489
4997967
2712174
13130318
539779238
2148350187
314671783
1317000901
1252410498
1581099
8049265
7654501
333405317
1248023290
287448417
941502093
109604258
3919566642
1968672
939742806
50350925
51479393
28991832
25379669
33814204
191973258
168054840
819763240
167572036
577168058
548861686
70554561
67190585
35865458
2295073425
1206853
8483937
1197292
1224125
689395
603501
804066
939690
822612
5288322
845347
3578551
3403046
248331
236491
132978
21489595
3978
37539
136642
105896
19815297
15356751
12147351
11551602
8952430
83765
79657
61734
17600746
9025003
29258051
723872
416802
475475
364872
10134429
11561038
8731804
5532588
5261250
22190
62999
17131836
18834021
17936032
25252
14540
16587
12728
212206
242078
133333
38775
36874
72
216
358725
394367
375564
89258
36981
51812
332091
426809
6317
2615941
98
109231
333588
143304
109350
743953
75751036
39505362
27463265
134444091
75751036
24217931
16010090
82418122
78376045
333588
87850
63747
456064
433697
22612956
11468959
15090330
60265599
69641505
2488452
165472041
38972
26625203
6556510
6703455
3775208
3304846
4403160
22612956
7030804
8688943
7606366
8797117
36944558
35132666
45743975
1601869
1525493
636347
96890937
23890
177977
153766
157212
88537
77506
103264
89258
22670
29833
26116
30204
203581
193597
280349
4066
3872
3125
1531745
60
739
201412
120758
86176
24167
286599
4506958
3492081
3294584
2139990
6413155
2762895
2627393
2035757
2019675
1247536
3931449
6413155
123471
117416
70397
52828
14088
175693
286599
2171367
101816
58625
66877
51320
1250263
435
1426260
1306
1271427
1006303
1494704
1397754
1331110
1265828
2171367
4849
2792
3185
2444
77781
1
88731
3
79098
21055
92989
86957
82811
78750
135086
121697
73745
893
121697
73745
893
175052
73033
175052
25705
10726
25705
4245353
11428466
236071
236071
236071
262412
262412
403510
499831
1345542
62681
62681
236071
236071
236071
236071
175046
73031
175046
73031
25701
10724
25701
10724
30344369
21493980
30344369
236071
696747
236071
236071
236071
236071
236071
493530
696747
236071
236071
3572626
2530616
3572626
236068
121694
73743
890
236068
236068
558375
287388
893
359437
167536
893
62678
62678
236071
236071
121697
73745
893
236071
236071
236071
236071
1271512
1006719
479672
3111610
2171941
4288268
581285
460232
263401
1370540
956653
1888960
110841
4134028
9050429
110841
110841
110841
110841
110841
110841
110841
110841
110841
110841
110841
110841
2290228
5013885
72533
133395
110841
110841
110841
110841
191108
133395
72533
110841
110841
110841
110841
110841
110841
110841
14998
270930
564853
72533
110841
110841
110841
110841
110841
110841
110841
110841
170365
170365
72533
110841
76646
110841
110841
110841
110841
110841
110841
170365
155967
155967
297184
650607
364961
365097
365307
373280
213700
210221
184029
210342
245188
36268
36268
93469
36268
36268
36268
36268
36268
93469
36268
36268
36268
36268
36268
36268
36268
36268
36268
36268
36268
36268
36268
93469
36268
36268
28392
32388
28872
24854
5152
93469
34402238
8115983
36748909
72556844
15312940
60198506
30521346
19077463
18715454
4731324
22528146
21423286
42298017
9387276
60198506
30521346
27560834
5083932
1543071
1697026
1934535
7368000
71029106
84230463
15727348
4456715
16186432
31960913
4950634
17887509
9071192
110841
643746
62931415
62931415
2133234
2134028
2135253
2181856
1249099
1228763
1075669
1229469
1433151
131232
16138044
36268
903534
977140
855395
1113896
4839666
37785701
1698751
8721464
8555968
2598104
9922751
9436104
18632057
3034882
17887509
9071192
110841
359881
394636
40510273
38578781
40510273
355744
368763
285034
1739952
149896
3323055
197274
193531
226062
214975
166164
1014329
148769
3323055
279499
279499
161271
720318
854195
172019
854195
148769
1146487
854195
421327
1245972
34863638
36268
93469
36268
36268
36268
36268
36268
93469
120814
155436
161254
279499
14571
36268
163658
92859
105931
94431
15443
69038
378251
110841
110841
110841
110841
110841
497965
148769
1146487
523646
290029
696551
763819
22442455
21372420
294557
1168383
2257035
2095156
389879
2257035
2257035
1525364
737196
128212
294557
621550
1315770
1161850
1139803
227285
1383628
1315770
1200686
1525364
451922
737196
1338429
137271
67641
74452
84959
401123
3449368
4090462
128212
660478
1009307
973110
227537
1009307
1009307
473448
238840
24462
43917
441325
1715515
1302786
24462
1302786
134773
134823
134900
137844
78915
77630
67958
77675
90543
36268
783707
36268
39606
42869
37327
48919
263477
1809645
110841
128212
128212
351208
588389
539629
529389
132646
618734
588389
536697
473448
148769
238840
14997
23365
257276
1104313
838633
798647
13677
14997
838633
295442
76283
178399
171105
178399
110841
342812
110841
170365
392577
263689
223966
188396
11845
295442
72533
110841
110841
110841
110841
110841
110841
110841
210154
342812
110841
170365
240661
188396
188396
188396
36264
36264
36264
36264
36264
93466
110838
128210
72529
110838
110838
148766
110838
93466
110838
170362
155964
188394
4523930
36268
36268
36268
93469
36268
36268
36268
36268
36268
30111
36268
93469
36268
36268
36268
36268
36268
273
815
36268
36268
36268
2283
36268
36268
36268
544
36268
93469
3593
3593
128212
72533
110841
110841
110841
110841
110841
110841
148769
148769
110841
93469
110841
170365
155967
155967
2283
188396
188396
188396
2442490
2912149
2773301
175050
73031
175050
60743
25342
60743
25703
10723
25703
12304
5133
12304
51896280
41088856
19577633
126999097
88646893
175023937
24817687
66809066
287065
227284
256326
710341
495826
1014438
4134027
270929
23724935
18784206
10750631
55938048
39045428
77097136
9050429
9425651
25373798
139326
2661
168512
136000
256326
349213
256326
447410
146301
536645
424888
1274395
889543
687568
4197168
426874
426874
569847
1534025
50121
49171
57435
54619
42330
256326
1534025
2358860
2290226
594474
414950
259493
205453
2060517
5013885
148129
148129
499376
982664
270929
34707
33005
31397
30800
256326
564852
982664
1511036
1485587
1175195
3160573
2502383
940478
7800001
5444494
76645
76645
2921936
7865836
168512
136000
39570
300706
256326
664045
270929
14997
1467951
1162249
548874
3488025
2434683
564852
76645
1902715
5587511
3450
57
155994
136000
26870
181079
172198
3622
116310
76728
270929
198864
684804
258114
204362
616524
430341
257778
62680
62680
76645
58547
47862
12766
270929
499376
952227
168512
136000
343086
256326
71832
952227
1380036
556141
297181
206401
76645
297181
383051
266041
168512
136000
650605
30006
30006
451519
270927
198862
76643
499373
952225
270927
349211
256323
168509
135998
564849
952225
1464231
45523926
45540870
45567010
46561535
26656200
26222225
22955134
26237276
30583912
842310
843056
843540
861951
493208
485428
424947
485706
566172
175044
73028
175044
73028
426060
426060
2511866
245323
279857
249476
214758
81431
1729094
60738
15243
25340
15243
89870
60738
8777
10012
8925
7683
25340
5132
61864
2876102
2877173
2878824
2941656
1684080
1656663
1450255
1657614
1932225
74121
74623
75397
77484
43401
42967
37614
43413
50895
25699
10721
25699
10721
49304
49304
288192
28389
32385
28870
24852
5150
198382
288192
12299
5129
5129
29997
12301
5132
5132
5132
5132
5132
571
20650
29997
23314212
844497
945446
1101183
5552310
16389
2080
3761223
903071
3903475
15250132
623810
358692
3718323
3686964
4204741
2552422
1121682
7570109
227270
44443754
4335
3099031
227270
67371414
7766896
1385175
8389315
1817184
5880009
6939230
8539725
3798034
17164147
177388547
1404113274
331250524
1499891698
465652597
1830581834
928126376
2961377893
778638843
763863596
193107081
919477062
874382640
285458531
1830581834
928126376
1726376260
4307065
4225335
807507
5142893
4890667
1113986
3154470
4063215
8539725
3798034
10006077
108744318
125650524
177388547
192476755
211680539
241306460
919055911
643742
641905288
181899020
660642601
150544305
543942893
275846712
1304471593
62931415
3437831868
1295657
634150008
62931415
266091429
266190470
266343260
272156349
155807880
153271256
134174815
153359232
178765711
112703348
121884687
106698776
138943157
603681244
359878
394633
355963012
349208351
106040553
404993052
385130754
92288020
543942893
275846712
760459783
40510273
38578781
16369438
2012997171
69333855
1828840232
794275
4242001
40510273
4923379
4927742
4930571
5038183
2882848
2837371
2483856
2839000
3309327
12453556
494489
544383
476557
634056
3647031
8719
1163
1275
2085754
2046175
526457
2392943
2275585
110434
382413
209104
2393562
1977959
2462055
2552422
1121682
4413100
146299
139323
79369
25653293
27075097
342880
21575293
2657
18769
146299
40466366
47721533
67371414
90377
93685
72605
21757
1274666
2490995
782420
343992
4073078
14519549
15050933
11633558
4558224
71015442
101051093
8051690
7898903
9226658
8774150
6781944
2794323
41399435
101051093
426861
426861
50118
49167
57431
54615
42326
13338
712589
781407
632803
1274666
1452160
458140
184542
2496914
2885103
4073078
20392379
20116401
1245969
7020894
1444717
34863638
2511866
2490362
1729094
1433939
1635792
1458213
475977
1255281
14037509
11582931
13213444
11779010
15439
8611655
696546
763815
4304011
4092927
3893376
3819496
885653
15069953
19388492
20114229
14566
36765
20414146
22442455
21372420
20324240
164505
18307500
34863638
89870
89101
148115
61864
51304
58526
52172
10030
44912
148115
269135
329266
383506
305180
348139
310346
56
118410
13
3644
3996
34701
32999
31390
30795
251
97451
4796
759
3544
6838
50776
298582
341508
232367
557083
246456
878842
1036162
47
691845
133
1102107
1509161
1312810
1082338
589
645983
1841112
2609129
36916
123749
173992
452160
214658
40796
88935
67863
490514
490514
364602
20885030
10393402
85512947
46384952
22417475
15912754
92119999
92119999
72872859
3993744
10393402
47420463
46520625
46384952
13742561
22417475
9276560
56472228
53702629
49005526
38766531
14479
36916
66388
101880
250741
245983
214658
23042
54520
88935
39562
300699
285952
260941
193959
12803128
14793598
20885030
3113921
43913
8437300
39717097
14397146
7262914
9286865
41194466
10597501
50034547
41194466
1302782
166950557
24458
17122752
1302782
16811077
16817334
16826987
17194245
9843602
9683344
8476872
9688902
11294028
1165131
3113921
23360
4940399
22024772
21606835
14397146
4452377
7262914
5347334
4656117
5413907
25253401
24014885
6101992
6177960
32865157
26517742
21905081
838628
798643
376266
97756671
1651490
87587430
13673
14993
88989
838628
433248
436181
440706
452904
253685
251151
219859
253757
297489
3786
13653
84
62370
80309
23741
155988
153028
79389
16777
20163
32892
26534
18900
26864
181070
172190
31452
31844
249349
190136
157129
128070
3617
3444
5551
2540268
2206
3003712
3319248
7940
2115273
49
53
739
3617
6774620
9633339
14835720
6983593
7281307
6331933
5378069
4757864
4361579
3555952
1819452
423864
10424626
3872691
3799204
4463652
4244738
3836753
4075998
3135220
2531064
2542643
2179902
1060675
225485
6390597
11841
10424626
62670
62670
223224
203851
343083
313967
188426
231944
122490
58543
71828
44824
47859
11745
12366
12763
975
529423
846001
34
286783
977527
1380035
288192
165939
189298
168748
30107
145264
198382
288192
1163086
2417363
2581662
2573590
270
2971540
812
2642330
2442488
541
1014239
3114139
2912148
2773300
2624144
2399386
2289067
3590
3590
2115203
2280
4523930
17272
19703
17564
569
15120
20649
29997
