15720827
15720827
907721801
907721801
14595578
15007069
879804399
879804399
21996420
23902045
93412178
20421983
22816844
90539243
147718
161260
1946320
84578
84578
4462569
4462569
15720827
15720827
907721801
907721801
14595578
15007069
879804399
879804399
78524
80738
4325321
4325321
21996420
23902045
93412178
20421983
22816844
90539243
137145
153939
1886460
15720827
15720827
907721801
907721801
14595578
15007069
879804399
879804399
21996420
23902045
93412178
20421983
22816844
90539243
147718
161260
1946320
84578
84578
4462569
4462569
15720827
15720827
907721801
907721801
14595578
15007069
879804399
879804399
78524
80738
4325321
4325321
21996420
23902045
93412178
20421983
22816844
90539243
137145
153939
1886460
15720827
907721801
907721801
14595578
15007069
879804399
879804399
24895667
93412178
23113711
23765353
90539243
168322
1946320
84578
4462569
4462569
15720827
907721801
907721801
14595578
15007069
879804399
879804399
78524
80738
4325321
4325321
24895667
93412178
23113711
23765353
90539243
156274
160680
1886460
15720827
907721801
907721801
14595578
15007069
879804399
879804399
24923987
93412178
23140004
23792387
90539243
20565407
641063
20565407
19932909
595177
611957
19932909
6547234
6078603
6345871
6249976
171171
1946320
84578
4462569
4462569
15720827
907721801
907721801
14595578
15007069
879804399
879804399
78524
80738
4325321
4325321
24923987
93412178
23140004
23792387
90539243
158919
163400
1886460
107401
3033
107401
20565407
641063
20565407
19932909
595177
611957
19932909
104098
2816
2896
104098
6547234
6078602
6345870
6249976
335512
350264
344971
582361148538
525134364997
582421418332
52369007690
30172159319
548291657564
1457592038
1457742887
45688843
73721068
1373384431
28477359
28999062
5214606258
3192976316
5215145928
689489879901
553429995345
689561236675
52369007690
30172159319
649153107265
213336068
120485421
4909539580
2641500008
2641773382
45688843
73721068
2486966071
157118
275401
27299723
1617021
1678621
2204427
2369760
5212164
201162172
257172917
281464056
71289971
88818237
87181562
84029913
582361148538
525134364997
582421418332
52369007690
30172159319
548291657564
1457592038
1457742887
45688843
73721068
1373384431
39105933247
26610883135
39105933247
25402694992
16667973862
15036684727
16669698866
11972281961
7882561818
1139274888
732851833
15699770084
11972281961
7524677502
243368155
261620767
213853262
269404425
294850886
243368155
249742653
201162172
257172917
281464056
46309395
46314188
77252441
83046374
75844071
93042559
88026495
1109643
1816253
43658833
77252441
79318573
71289971
88818237
87181562
84029913
414994047
404066043
454192102
11217955
7015913
12277541
155773328
150142059
147838881
5162134
4975521
4899196
28477359
28999062
5214606258
3192976316
5215145928
689489879901
553429995345
689561236675
52369007690
30172159319
649153107265
213336068
120485421
4909539580
2641500008
2641773382
45688843
73721068
2486966071
157118
275401
27299723
246819677
100049830
249467128
67938150
40120227
214776771
132710993
39105933247
26610883135
39105933247
25402694992
214776771
126685645
24621798394
16402067990
24624346556
11972281961
7882561818
1139274888
732851833
23181365528
11972281961
7524677502
4671438
3333779
234848412
67938150
38298687
6634680
7132281
11751497
7464099
12861479
429804934
462040304
434731751
429878326
475794122
429804934
441062736
414994047
404066043
454192102
6634680
6808461
11217955
7015913
12277541
141940328
141955018
142080405
152736435
157283028
1109643
1816253
133636487
142080405
145801891
155773328
150142059
147838881
5090
8229
1580255
2204427
2262168
5162134
4975521
4899196
31374303
31374303
1251725
28722529
30409371
1176565
582361148538
525134364997
582421418332
52369007690
30172159319
548291657564
1457592038
1457742887
45688843
73721068
1373384431
28477359
28999062
5214606258
3192976316
5215145928
689489879901
553429995345
689561236675
52369007690
30172159319
649153107265
213336068
120485421
4909539580
2641500008
2641773382
45688843
73721068
2486966071
157118
275401
27299723
625532428407
1067286690945
695740542037
597131985652
1067286690945
695740542037
438955829211
395821031697
550322856378
439001257684
522957525601
189175507843
332208300398
210419834807
33651340094
18358547923
88614981803
413275885247
478756872216
180586555557
332208300398
210419834807
2573204822
5633167862
2456376097
5633167862
1171204680
1625585660
1171325891
1485176528
827211283
1809201521
1297803240
1297803240
26309735
48148533
155986636
1102686464
1359648603
789654211
1809201521
1171762571
1204681487
1217796203
1297803240
1297803240
20493703
3910215
24332306
18152465
23667389
24871501
4376614
29138497
31374303
31374303
1251725
80274241
80274241
4613976428
5196859692
2404548374
4503129859
4969262794
5222081082
5220033915
836585286
1646797308
934934020
2773989980
5263534233
3061550939
625532428407
1067286690945
695740542037
597131985652
1067286690945
695740542037
2648045200
5263534233
3061550939
608559772130
438431119130
608622753276
608622753276
189175507843
332208300398
210419834807
33651340094
18358547923
88614981803
572957600323
557181628436
180586555557
332208300398
210419834807
243207058
117084319
62121252
356373982
4586461364
4916068335
4984987994
4780707960
4983033773
798602615
1646797308
934934020
14099186
87215360
2573204822
8518646356
2456376097
8518646356
13459054
87215360
2798818927
2410334249
2799108583
827211283
2801580989
3101350543
3101350543
26309735
48148533
155986636
2635081466
2562526409
789654211
2801580989
2800152114
2878818197
2910158335
3101350543
3101350543
366584
18863607
3553597
3910215
82603
157924
574705
21844199
22339687
23414037
23742284
22769348
24871501
4177907
29138497
28722529
30409371
1176565
53715132
74514293
75325490
80274241
80274241
31374303
1251725
30409371
28722529
1176565
1617021
1678621
2204427
5212164
201162172
257172917
281464056
71289971
88818237
87181562
84029913
582361148538
525134364997
582421418332
52369007690
30172159319
548291657564
1457592038
1457742887
45688843
73721068
1373384431
39105933247
24754309893
39105933247
23630413946
16667973862
15036684727
16669698866
11972281961
7332615645
1139274888
732851833
15699770084
11972281961
6999700001
243368155
213853262
269404425
294850886
232318747
243368155
201162172
257172917
281464056
46309395
46314188
77252441
75844071
93042559
88026495
1109643
1816253
43658833
73784719
77252441
71289971
88818237
87181562
84029913
414994047
404066043
454192102
11217955
7015913
12277541
155773328
150142059
147838881
5162134
4975521
4899196
28477359
28999062
5214606258
3192976316
5215145928
689489879901
553429995345
689561236675
52369007690
30172159319
649153107265
213336068
120485421
4909539580
2641500008
2641773382
45688843
73721068
2486966071
157118
275401
27299723
246819677
100049830
249467128
67938150
37321141
214776771
123452087
39105933247
24754309893
39105933247
23630413946
214776771
117847111
24621798394
16402067990
24624346556
11972281961
7332615645
1139274888
732851833
23181365528
11972281961
6999700001
4671438
3333779
234848412
67938150
35626686
6634680
11751497
7464099
12861479
429804934
434731751
429878326
475794122
410290917
429804934
414994047
404066043
454192102
6333452
6634680
11217955
7015913
12277541
141940328
141955018
142080405
157283028
1109643
1816253
133636487
135629666
142080405
155773328
150142059
147838881
5090
8229
1580255
2104342
2204427
5162134
4975521
4899196
161223290
199713725
218577585
55877812
71961542
70924297
68377648
625532428407
1067286690945
695740542037
597131985652
1067286690945
695740542037
438955829211
395821031697
439001257684
522957525601
550322856378
189175507843
332208300398
210419834807
33651340094
18358547923
413275885247
478756872216
88614981803
180586555557
332208300398
210419834807
2924013331
5633167862
2791257187
5633167862
1171204680
1171325891
1485176528
1625585660
931963792
1809201521
1297803240
26309735
48148533
1102686464
1359648603
155986636
889650743
1809201521
1171762571
1204681487
1217796203
1297803240
10602981573
29825618066
18776204653
7507524118
10602981573
29825618066
17923726826
18776204653
12591933360
11354563994
12593236526
15524435865
16592189408
3242727367
9398517644
5858952941
827832806
502098870
11855275770
14212302135
2285185250
2096820280
3242727367
9398517644
5592944577
5858952941
179263098
191601064
171522450
209212393
228973445
14564039
179263098
182901987
191601064
161223290
199713725
218577585
36117172
36120910
48184169
53653922
56938151
62440601
40003057
40003057
59429247
75372065
71611671
829082
1468888
34004233
44111616
4526746
4530744
56938151
59605670
62440601
36134376
37149518
37553944
40003057
38204129
36638560
36022416
55877812
71961542
70924297
68377648
64472824
529672535
439438012
579702489
16532812
6474519
39054264
213694426
205969286
202809718
35896448
34598777
33288391
20493703
3910215
24332306
23667389
24871501
5196090
29138497
31374303
1251725
80274241
4613976428
5196859692
2404548374
4969262794
5222081082
5220033915
836585286
1646797308
934934020
2773989980
5263534233
3061550939
625532428407
1067286690945
695740542037
597131985652
1067286690945
695740542037
2648045200
5263534233
3061550939
608559772130
438431119130
608622753276
189175507843
332208300398
210419834807
33651340094
18358547923
572957600323
88614981803
557181628436
180586555557
332208300398
210419834807
243207058
117084319
62121252
4586461364
4916068335
4984987994
356373982
4780707960
4983033773
798602615
1646797308
934934020
16007109
87215360
2924013331
8518646356
2791257187
8518646356
15280354
87215360
2798818927
2799108583
931963792
2801580989
3101350543
26309735
48148533
2635081466
155986636
2562526409
889650743
2801580989
2800152114
2878818197
2910158335
3101350543
366584
18863607
3553597
3910215
82603
157924
21844199
22339687
23414037
23742284
574705
22769348
24871501
4960177
29138497
30409371
28722529
1176565
53715132
74514293
75325490
80274241
188860085
271510352
199978386
74324575
202708266
202628800
13883128
50484339
25987984
27818661
832063797
47297844
160317327
74153747
88264993
10602981573
29825618066
18776204653
7507524118
10602981573
29825618066
17923726826
18776204653
832063797
29301030
47297844
160317327
69054473
84257583
88264993
22997530126
12942339956
22999910189
3242727367
9398517644
5858952941
827832806
502098870
21652120758
2285185250
21055945320
2096820280
3242727367
9398517644
5592944577
5858952941
6977463
271510352
3138693
1566186
187092869
190829609
193504899
9619045
185575254
193429041
8663516
13883128
50484339
24200888
26555638
27818661
6656914
3104856
3436490
17319136
6888120
40911741
449172315
554864511
467509904
607273961
428778979
14564039
449172315
529672535
439438012
579702489
6656914
2891347
3280466
79956
3436490
16532812
6474519
39054264
128719774
131367325
146936111
215765477
829082
1468888
123669230
4526746
120264088
140264913
4530744
146936111
194810663
200283577
202463956
213694426
205969286
202809718
197528861
68607148
215765477
18970
703289
76909
84627
2356264
5076
8412
851378
868382
870689
880556
25305
844472
922437
1128076
1156379
25327
1211378
1383752
1306993
20843
7105213
28811647
33087745
7293455
19064446
34855283
35896448
34598777
33765859
20848709
546983
36244344
11921807795
5077316696
12107537318
3699063991
1635389747
3756691609
40494757
41125623
37429455
12870591
13071101
12870591
143378484
153248608
139817062
143447163
138207713
1141232
1226824
1112884
1148359
1106415
12683388937
5401662526
12683388937
11921807795
5077316696
12107537318
3219013371
3935365181
1739860647
3935365181
1958534448
143378484
153248608
139817062
143447163
138207713
3140975005
3699063991
1635389747
3756691609
1833270872
1766310119
43081616
43081616
39820499
40494757
41125623
37429455
9685035
13630727
13630727
10411413
1141232
1226824
1112884
1148359
1106415
9444466
12870591
13071101
12870591
9841879
9482402
13506249451
5077316696
13716662948
95763893
26798062
97255796
4255740624
1635389747
4322040693
29855396
8252092
30320512
76073354
77258499
70314886
776482
788579
717705
24908154
25296198
24908154
241936
245705
241936
143378484
153248608
139817062
143447163
138207713
3409389
3644090
3324702
3411022
3286434
1141232
1226824
1112884
1148359
1106415
39812
42798
38823
40061
38597
581034
257392
257392
624611
38869637
31762599
8779247
31762599
9882664
101881420
28509958
101881420
14369046860
5401662526
14369046860
13506249451
5077316696
13716662948
95763893
26798062
97255796
4748685947
4527603068
1739860647
4527603068
1958534448
143378484
153248608
139817062
143447163
138207713
4630731912
4255740624
1635389747
4322040693
1833270872
1766310119
3409389
3644090
3324702
3411022
3286434
37904143
29855396
8252092
30320512
9250590
8912710
826085
826085
763553
80933023
80933023
74806696
76073354
77258499
70314886
776482
788579
717705
27748725
26499321
26499321
29829879
1141232
1226824
1112884
1148359
1106415
27059466
24908154
25296198
24908154
27922025
26902165
39812
42798
38823
40061
38597
566601
241936
245705
241936
584662
563307
11921807795
5077316696
12107537318
3699063991
1635389747
3756691609
40494757
41125623
37429455
12870591
13071101
12870591
143378484
153248608
139817062
143447163
138207713
1141232
1226824
1112884
1148359
1106415
12683388937
5401662526
12683388937
11921807795
5077316696
12107537318
3219013371
3935365181
3771967901
3379807523
1739860647
3935365181
1958534448
143378484
153248608
139817062
143447163
138207713
3140975005
3699063991
201178243
3550931453
101974247
1635389747
3756691609
1833270872
1766310119
43081616
43081616
39820499
40494757
41125623
37429455
9685035
13630727
10211830
13630727
10411413
1141232
1226824
1112884
1148359
1106415
9444466
12870591
146869
280875
9613419
13071101
12870591
9841879
9482402
13506249451
5077316696
13716662948
95763893
26798062
97255796
4255740624
1635389747
4322040693
29855396
8252092
30320512
76073354
77258499
70314886
776482
788579
717705
24908154
25296198
24908154
241936
245705
241936
143378484
153248608
139817062
143447163
138207713
3409389
3644090
3324702
3411022
3286434
1141232
1226824
1112884
1148359
1106415
39812
42798
38823
40061
38597
581034
257392
612638
257392
624611
38869637
31762599
51772155
21879444
8779247
31762599
9882664
101881420
28509958
101881420
14369046860
5401662526
14369046860
13506249451
5077316696
13716662948
95763893
26798062
97255796
4748685947
4527603068
5529229168
3663379795
1739860647
4527603068
1958534448
143378484
153248608
139817062
143447163
138207713
4630731912
4255740624
201178243
5205217615
101974247
1635389747
4322040693
1833270872
1766310119
3409389
3644090
3324702
3411022
3286434
37904143
29855396
793699
48738319
396087
8252092
30320512
9250590
8912710
826085
826085
763553
80933023
80933023
74806696
76073354
77258499
70314886
776482
788579
717705
27748725
26499321
29258051
26499321
29829879
1141232
1226824
1112884
1148359
1106415
27059466
24908154
146869
280875
27543535
25296198
24908154
27922025
26902165
39812
42798
38823
40061
38597
566601
241936
518
988
576737
245705
241936
584662
563307
11921807795
5077316696
12107537318
3699063991
1635389747
3756691609
40494757
41125623
37429455
12870591
13071101
12870591
143378484
153248608
139817062
143447163
138207713
1141232
1226824
1112884
1148359
1106415
12683388937
5401662526
12683388937
11921807795
5077316696
12107537318
3219013371
3935365181
1739860647
3935365181
1958534448
143378484
153248608
139817062
143447163
138207713
3140975005
3699063991
1635389747
3756691609
1833270872
1766310119
43081616
43081616
39820499
40494757
41125623
37429455
9685035
13630727
13630727
10411413
1141232
1226824
1112884
1148359
1106415
9444466
12870591
13071101
12870591
9841879
9482402
13506249451
5077316696
13716662948
95763893
26798062
97255796
4255740624
1635389747
4322040693
29855396
8252092
30320512
76073354
77258499
70314886
776482
788579
717705
24908154
25296198
24908154
253683
257635
253683
143378484
153248608
139817062
143447163
138207713
3409389
3644090
3324702
3411022
3286434
1141232
1226824
1112884
1148359
1106415
39812
42798
38823
40061
38597
581034
269889
269889
624611
38869637
31762599
8779247
31762599
9882664
101881420
28509958
101881420
14369046860
5401662526
14369046860
13506249451
5077316696
13716662948
95763893
26798062
97255796
4748685947
4527603068
1739860647
4527603068
1958534448
143378484
153248608
139817062
143447163
138207713
4630731912
4255740624
1635389747
4322040693
1833270872
1766310119
3409389
3644090
3324702
3411022
3286434
37904143
29855396
8252092
30320512
9250590
8912710
826085
826085
763553
80933023
80933023
74806696
76073354
77258499
70314886
776482
788579
717705
27748725
26499321
26499321
29829879
1141232
1226824
1112884
1148359
1106415
27059466
24908154
25296198
24908154
27922025
26902165
39812
42798
38823
40061
38597
566601
253683
257635
253683
584662
563307
270172
270172
290434
11921807795
5077316696
12107537318
3699063991
1635389747
3756691609
40494757
41125623
37429455
12870591
13071101
12870591
412935445
151687552
419368556
130534477
49063861
132568070
1729270
1566878
2227842
1881134
1369437
1598370
433559
433559
609568
581215
560203
440314
433559
143378484
153248608
139817062
143447163
138207713
1141232
1226824
1112884
1148359
1106415
11842334
12657556
11548179
11848007
11415255
101816
109452
99286
102451
98709
12683388937
5401662526
12683388937
11921807795
5077316696
12107537318
3771967901
3379807523
3219013371
3935365181
1739860647
3935365181
1958534448
143378484
153248608
139817062
143447163
138207713
201178243
3550931453
101974247
3140975005
3699063991
1635389747
3756691609
1833270872
1766310119
43081616
43081616
39820499
40494757
41125623
37429455
10211830
9685035
13630727
13630727
10411413
1141232
1226824
1112884
1148359
1106415
146869
280875
9613419
9444466
12870591
13071101
12870591
9841879
9482402
439314318
253300017
161377557
439314318
151537206
412935445
253300017
151687552
419368556
144657109
109828377
99035890
99454807
138873195
79510202
52198126
138873195
56112986
45243745
11842334
12657556
11548179
11848007
11415255
4062552
103392459
2296823
96984419
130534477
79510202
49063861
132568070
52524122
50605663
43189587
1434570
1737900
1666972
2333801
1970604
1434570
1700476
1868242
1729270
1737900
1566878
2227842
1881134
1369437
1598370
1783420
260986
260986
461256
560992
461256
638560
586848
461256
280559
603066
101816
109452
99286
102451
98709
3132
6264
245692
254503
433559
560992
433559
609568
581215
560203
440314
433559
262615
253023
575685
13506249451
5077316696
13716662948
95763893
26798062
97255796
4255740624
1635389747
4322040693
29855396
8252092
30320512
76073354
77258499
70314886
776482
788579
717705
24908154
25296198
24908154
256535
260531
256535
535002200
151687552
543336984
3514114
607028
3568860
172076129
49063861
174756898
1137945
181870
1155673
5593640
5446343
6121984
6010803
6104445
5555808
245801
82915
273586
268618
272803
248284
2150524
2072782
2040986
2040986
2072782
2040986
133790
128953
126975
126975
128953
126975
143378484
153248608
139817062
143447163
138207713
3409389
3644090
3324702
3411022
3286434
1141232
1226824
1112884
1148359
1106415
39812
42798
38823
40061
38597
11842334
12657556
11548179
11848007
11415255
277731
296850
270832
277864
267715
101816
109452
99286
102451
98709
4849
5212
4728
4879
4701
581034
272923
612638
272923
624611
38869637
31762599
51772155
21879444
8779247
31762599
9882664
101881420
28509958
101881420
14369046860
5401662526
14369046860
13506249451
5077316696
13716662948
95763893
26798062
97255796
4748685947
4527603068
5529229168
3663379795
1739860647
4527603068
1958534448
143378484
153248608
139817062
143447163
138207713
4630731912
4255740624
201178243
5205217615
101974247
1635389747
4322040693
1833270872
1766310119
3409389
3644090
3324702
3411022
3286434
37904143
29855396
793699
48738319
396087
8252092
30320512
9250590
8912710
826085
826085
763553
80933023
80933023
74806696
76073354
77258499
70314886
776482
788579
717705
27748725
26499321
29258051
26499321
29829879
1141232
1226824
1112884
1148359
1106415
27059466
24908154
146869
280875
27543535
25296198
24908154
27922025
26902165
39812
42798
38823
40061
38597
566601
256535
518
988
576737
260531
256535
584662
563307
320236
1210639
1605730
3690239
567692
193488
1210639
157560
208000
1080592
3738600
645806
3738600
602073
253300017
569178861
161377557
569178861
151537206
253300017
535002200
151687552
543336984
144657109
1080592
3514114
607028
3568860
574738
79510202
183068583
208422900
233427040
115507356
52198126
183068583
45243745
56112986
11842334
12657556
11548179
11848007
11415255
79510202
172076129
203245821
4062552
219748269
2296823
49063861
174756898
43189587
52524122
50605663
277731
296850
270832
277864
267715
320236
1137945
1565845
19061
3473992
9537
181870
1155673
150407
194697
187586
285777
257492
88211
286599
285777
264145
308093
6394781
5859681
5794263
6413155
6394781
5910720
6894141
6010803
5593640
5446343
6121984
6413155
6104445
5555808
6581133
268618
245801
82915
273586
286599
272803
248284
294105
2171367
2171367
2334219
101816
109452
99286
102451
98709
3132
2117431
6264
2044125
2150524
2072782
2040986
2171367
2072782
2040986
2184927
2105122
2228241
4849
5212
4728
4879
4701
8
131731
15
127170
133790
128953
126975
135086
128953
126975
135930
85817
138624
5077316696
12107537318
11921807795
1635389747
3756691609
3699063991
4231319
233201711
272118460
41125623
40494757
37429455
13071101
12870591
14366474
27929676
32590586
142556845
143378484
133439221
128565314
139817062
1141232
1068241
1112884
1029223
5401662526
12683388937
5077316696
12107537318
11921807795
1821892509
3219013371
1739860647
3935365181
4432566
244293115
142556845
143378484
133439221
128565314
139817062
1705368253
1643079180
3140975005
1635389747
3756691609
3699063991
4231319
236779767
233201711
43081616
39820499
41125623
40494757
37429455
9685035
13630727
15049764
29258051
1141232
1068241
1112884
1029223
9155236
9444466
8820839
13071101
12870591
14366474
28358206
27929676
5077316696
13716662948
13506249451
26798062
97255796
95763893
1635389747
4322040693
4255740624
233201711
4231319
272118460
8252092
30320512
29855396
806422
13732
940998
77258499
76073354
70314886
788579
776482
717705
25296198
24908154
27929676
32590586
245705
241936
584823
682418
142556845
143378484
133439221
128565314
139817062
3389851
3409389
3173044
3057148
3324702
1141232
1068241
1112884
1029223
39812
37266
38823
35905
581034
257392
612638
9193175
38869637
8779247
31762599
844777
14385
28509958
101881420
5401662526
14369046860
5077316696
13716662948
13506249451
26798062
97255796
95763893
1821892509
4748685947
1739860647
4527603068
244293115
4432566
142556845
143378484
133439221
128565314
139817062
1705368253
1643079180
4630731912
1635389747
4322040693
4255740624
236779767
233201711
4231319
3389851
3409389
3173044
3057148
3324702
8605200
8290893
37904143
8252092
30320512
29855396
818795
806422
13732
826085
763553
80933023
74806696
77258499
76073354
70314886
788579
776482
717705
27748725
26499321
29258051
1141232
1068241
1112884
1029223
25973977
27059466
25025270
25296198
24908154
28358206
27929676
39812
37266
38823
35905
543872
566602
524008
245705
241936
593796
584823
177388547
177385003
177388547
4073078
4072996
4073078
177388547
177388547
177388547
177385003
177388547
4073078
4073078
4073078
4072996
4073078
8123412407
8076171743
3281538160
8421277293
8292094968
9155349065
2549150570
2534326311
1074427395
2623722011
2583474137
2852428441
2777011
131386957
153312839
27884078
27721922
29080398
28634305
26466795
31615298
8954897
8817529
8689657
8639124
9696106
9847162
33280758
38834657
753651609
753655929
753766016
757999692
709487799
705453746
679686842
705556792
739171510
69256094
3926218
3926218
68591331
3675106
3828694
3696143
3540872
1908859
8715019411
3491167239
8821805165
9740205096
8123412407
8076171743
3281538160
8421277293
8292094968
9155349065
1189579880
1196957010
1346312985
2098371713
2747858222
1143063264
2748509945
3034645413
2620137
2909090
2620137
137635906
137635906
753651609
753655929
753766016
757999692
709487799
705453746
679686842
705556792
739171510
1119870774
1120402261
1079479241
1260205754
2046249629
2549150570
2534326311
1074427395
2623722011
2583474137
2852428441
2432596
2777011
2501178
133402851
131386957
133402851
30101887
30463503
28157530
33634926
27884078
27721922
29080398
28634305
26466795
31615298
152713350
6174528
9380805
10315507
4329132
10315507
4892113
34863638
69256094
3926218
68591331
3675106
3828694
3696143
1908859
3540872
151247513
5816809
6021157
5850105
100602
5604349
8954897
8817529
8689657
8639124
9696106
4019266
9847162
4670001
33791390
33280758
10016655155
9958404579
3281538160
10695174489
10531110600
11622295145
62218468
61856644
15218378
66986530
65958957
73339277
177388547
177385003
177388547
3183086574
3164575742
1074427395
3363500847
3311904772
3656692835
131386957
2777011
153312839
20480213
20361113
4966216
21732158
21398787
23960034
67371414
67370068
67371414
476497
9287
556016
63142591
62775394
65706561
64841455
59933200
94711303
395316
393017
374769
369020
375223
3817539
4073078
4072996
4073078
21363688
21035969
20730906
20610348
32770231
33280758
38834657
142094
140046
138015
137213
2452463
2106118
2442563
2442563
2442563
2807108
753651609
753655929
753766016
757999692
709487799
705453746
679686842
705556792
739171510
13951668
13951748
13953786
14032160
13134104
13059425
12582426
13061332
13683611
69256094
3926218
3926218
68591331
3675106
3828694
3696143
3540872
1908859
2477879
140474
140474
2454095
131489
136984
132242
126687
41673
23412054
1249781
142094
2488326
2106118
1478361
14281
2442563
45309543
16429
2442563
5505816
5544509
6529675
28960683
22109143
5283464
22765770
25490634
67371414
8457
12607184
14404849
67371414
1249739729
8457
499160
9729
499160
67167123
16190549
70172505
78024289
177388547
36520900
42417098
177388547
3290557546
10813347400
3491167239
11203852132
12364743015
10016655155
9958404579
3281538160
10695174489
10531110600
11622295145
62218468
61856644
15218378
66986530
65958957
73339277
177388547
33510819
39931466
177385003
177388547
3141159550
1189579880
1196957010
1346312985
4148403601
3436258951
1143063264
3523473710
3890287299
2620137
2620137
137635906
2909090
137635906
753651609
753655929
753766016
757999692
709487799
705453746
679686842
705556792
739171510
1119870774
1120402261
1079479241
1260205754
4045360160
3183086574
3164575742
1074427395
3363500847
3311904772
3656692835
2432596
2501178
133402851
131386957
2777011
133402851
13951668
13951748
13953786
14032160
13134104
13059425
12582426
13061332
13683611
5183176
5189894
5000332
6112051
28241320
20480213
20361113
4966216
21732158
21398787
23960034
67371414
7852
11568091
13560729
67370068
67371414
1192999007
8073
483808
476497
9287
483808
387934
392594
399193
4061408
4073078
2123513
1034126
4073078
75555596
68014595
68831658
63761813
100761588
63142591
62775394
65706561
64841455
59933200
94711303
395316
393017
374769
369020
375223
3817539
4073078
1999076
948893
4072996
4073078
72125219
583248805
33065138
22379775
34863638
4329132
4892113
34863638
69256094
3926218
68591331
3675106
3828694
3696143
1908859
3540872
577650423
30950364
32243823
31127529
100602
29819893
21363688
21035969
20730906
20610348
32770231
4019266
4670001
33791390
33280758
2477879
140474
2454095
131489
136984
132242
41673
126687
23412054
1182377
1231790
1189145
353
572889
142094
140046
138015
137213
2452463
2106118
1478361
1478361
14281
1777493
2442563
2442563
2442563
45309543
16429
2442563
2442563
5077316696
12107537318
11921807795
1635389747
3756691609
3699063991
4231319
233201711
272118460
41125623
40494757
37429455
13071101
12870591
14366474
27929676
32590586
142556845
143378484
133439221
128565314
139817062
1141232
1068241
1112884
1029223
5401662526
12683388937
5077316696
12107537318
11921807795
1821892509
3219013371
1739860647
3935365181
3771967901
3379807523
4432566
244293115
142556845
143378484
133439221
128565314
139817062
1705368253
1643079180
3140975005
1635389747
3756691609
3699063991
201178243
3550931453
101974247
4231319
236779767
233201711
43081616
39820499
41125623
40494757
37429455
9685035
13630727
10211830
15049764
29258051
1141232
1068241
1112884
1029223
9155236
9444466
8820839
13071101
12870591
146869
280875
9613419
14366474
28358206
27929676
5077316696
13716662948
13506249451
26798062
97255796
95763893
1635389747
4322040693
4255740624
233201711
4231319
272118460
8252092
30320512
29855396
806422
13732
940998
77258499
76073354
70314886
788579
776482
717705
25296198
24908154
27929676
32590586
245705
241936
584823
682418
142556845
143378484
133439221
128565314
139817062
3389851
3409389
3173044
3057148
3324702
1141232
1068241
1112884
1029223
39812
37266
38823
35905
581034
257392
612638
9193175
38869637
8779247
31762599
844777
51772155
14385
21879444
28509958
101881420
5401662526
14369046860
5077316696
13716662948
13506249451
26798062
97255796
95763893
1821892509
4748685947
1739860647
4527603068
244293115
5529229168
4432566
3663379795
142556845
143378484
133439221
128565314
139817062
1705368253
1643079180
4630731912
1635389747
4322040693
4255740624
236779767
233201711
201178243
5205217615
4231319
101974247
3389851
3409389
3173044
3057148
3324702
8605200
8290893
37904143
8252092
30320512
29855396
818795
806422
793699
48738319
13732
396087
826085
763553
80933023
74806696
77258499
76073354
70314886
788579
776482
717705
27748725
26499321
29258051
1141232
1068241
1112884
1029223
25973977
27059466
25025270
25296198
24908154
146869
280875
27543535
28358206
27929676
39812
37266
38823
35905
543872
566602
524008
245705
241936
518
988
576737
593796
584823
445155
426861
426861
177388547
177385003
177388547
445155
426861
426861
4247638
4073078
4073078
4072996
4073078
4073078
426861
426861
426861
426861
426861
426861
177388547
177388547
177388547
177385003
177388547
4073078
4073078
4073078
4073078
426861
426861
426861
426861
426861
426861
4073078
4073078
4073078
4072996
4073078
8123412407
8076171743
3281538160
8421277293
8292094968
9155349065
2549150570
2534326311
1074427395
2623722011
2583474137
2852428441
2777011
131386957
153312839
27884078
27721922
29080398
28634305
26466795
31615298
8954897
8817529
8689657
8639124
9696106
9847162
33280758
38834657
753651609
753655929
753766016
757999692
709487799
705453746
679686842
705556792
739171510
3926218
3926218
3939355
3675106
3828694
3696143
3540872
1908859
3901543
8715019411
3491167239
8821805165
9740205096
3049729713
5742350449
3371376488
8123412407
8076171743
3281538160
8421277293
8292094968
9155349065
2911265790
5742350449
3371376488
1189579880
1196957010
1346312985
2098371713
2747858222
1143063264
2748509945
3034645413
3565734529
2620137
2443281828
2203188270
3215564259
2909090
2620137
137635906
137635906
899048526
1755896248
1002262068
753651609
753655929
753766016
757999692
709487799
705453746
679686842
705556792
739171510
1119870774
1120402261
1079479241
1260205754
2046249629
2549150570
2534326311
1074427395
2623722011
2583474137
2852428441
328750182
2432596
94591564
2300106077
54743695
2943783026
2777011
2501178
133402851
131386957
133402851
858229897
1755896248
1002262068
30101887
30463503
28157530
33634926
14915235
38490492
27884078
27721922
29080398
28634305
26466795
31615298
14238053
38490492
6174528
8686487
9380805
10315507
6510377
6510377
6510377
10315507
4329132
6510377
6510377
9128425
10315507
4892113
34863638
4637335
12210491
6510377
3926218
3939355
3675106
3828694
3696143
1908859
3540872
3901543
5816809
6021157
5850105
100602
5604349
8603109
8954897
8817529
8689657
8639124
9696106
6510377
6510377
6510377
632125
4019266
5915923
6043235
6109024
6510377
86107
165973
6128870
8395237
9847162
4670001
33791390
33280758
4426790
12210491
6510377
445155
426861
426861
154462
148115
148115
10016655155
9958404579
3281538160
10695174489
10531110600
11622295145
62218468
61856644
15218378
66986530
65958957
73339277
177388547
177385003
177388547
3183086574
3164575742
1074427395
3363500847
3311904772
3656692835
131386957
2777011
153312839
20480213
20361113
4966216
21732158
21398787
23960034
67371414
67370068
67371414
476497
9287
556016
63142591
62775394
65706561
64841455
59933200
94711303
445155
426861
426861
395316
393017
374769
369020
375223
3817539
4247638
4073078
4073078
4072996
4073078
4073078
21363688
21035969
20730906
20610348
32770231
33280758
38834657
154462
148115
148115
142094
140046
138015
137213
2452463
2594968
2106118
1615596
2442563
2442563
2442563
2807108
2442563
753651609
753655929
753766016
757999692
709487799
705453746
679686842
705556792
739171510
13951668
13951748
13953786
14032160
13134104
13059425
12582426
13061332
13683611
426861
426861
426861
426861
426861
426861
3926218
3926218
3939355
3675106
3828694
3696143
3540872
1908859
3901543
140474
140474
140944
148115
148115
148115
131489
136984
132242
126687
41673
139591
148115
148115
148115
1331700
1249780
142093
2488325
2106117
19730
1615595
1478360
366161
98394
14280
1260036
16428
415045
2442562
15455
353288
2609129
5505816
5544509
6529675
28960683
22109143
5283464
22765770
25490634
67371414
32958717
8457
64134882
8457
51601497
12607184
14404849
499160
67397835
9729
13904259
499160
67371414
4032241
9113544
4484244
67167123
16190549
70172505
78024289
177388547
36520900
42417098
177388547
13354097
28757405
15083837
10813347400
3491167239
11203852132
12364743015
3049729713
5742350449
3371376488
10016655155
9958404579
3281538160
10695174489
10531110600
11622295145
2911265790
5742350449
3371376488
62218468
61856644
15218378
66986530
65958957
73339277
177388547
33510819
39931466
169334746
177385003
177388547
12747794
28757405
15083837
1189579880
1196957010
1346312985
4148403601
3436258951
1143063264
3523473710
3890287299
4849658643
2620137
2620137
137635906
4849658643
2909090
2565093608
137635906
899048526
1755896248
1002262068
753651609
753655929
753766016
757999692
709487799
705453746
679686842
705556792
739171510
1119870774
1120402261
1079479241
1260205754
4045360160
3183086574
3164575742
1074427395
3363500847
3311904772
3656692835
328750182
2432596
2501178
133402851
131386957
94591564
4565469765
4439762867
2777011
54743695
133402851
858229897
1755896248
1002262068
13951668
13951748
13953786
14032160
13134104
13059425
12582426
13061332
13683611
5183176
5189894
5000332
6112051
28241320
20480213
20361113
4966216
21732158
21398787
23960034
67371414
1520363
7852
59194325
8073
1001986
11568091
13560729
483808
476497
422918
63448337
64337836
61701333
9287
198043
483808
64312614
67370068
67371414
3849169
9113544
4484244
387934
392594
399193
4061408
4073078
4073078
4073078
2123513
1034126
4073078
49356
1068296
68014595
68831658
63761813
100761588
14915235
101051093
63142591
62775394
65706561
64841455
59933200
94711303
14238053
101051093
426861
426861
426861
426861
426861
426861
395316
393017
374769
369020
375223
3817539
4073078
4073078
4073078
1999076
948893
3888151
4072996
4073078
47115
1068296
33175773
33065138
22379775
34863638
34863638
34863638
34863638
20165569
4329132
4892113
34863638
4637335
34863638
34863638
3939355
3926218
3901543
3675106
3828694
3696143
1908859
3540872
32857331
30950364
32243823
31127529
100602
29819893
21363688
21035969
20730906
20610348
32770231
34863638
34863638
34863638
632125
4019266
4670001
31477734
32362054
32714362
86107
165973
32820636
33791390
33280758
31916944
34863638
4426790
34863638
34863638
140944
140474
148115
148115
148115
139591
131489
136984
132242
41673
126687
148115
148115
148115
1331701
1182377
1231790
1189145
353
572889
142094
140046
138015
137213
2452463
2488326
2106118
19731
19731
1615596
1478361
1478361
366162
2600
14281
1242279
1260037
16429
1862
408085
762545
2245451
2442563
305
1777493
575
2442563
2442563
2442563
1675947
2442563
2442563
15456
353289
2609129
5077316696
12107537318
11921807795
1635389747
3756691609
3699063991
4231319
233201711
272118460
41125623
40494757
37429455
13071101
12870591
14366474
27929676
32590586
142556845
143378484
133439221
128565314
139817062
1141232
1068241
1112884
1029223
5401662526
12683388937
5077316696
12107537318
11921807795
1821892509
3219013371
1739860647
3935365181
4432566
244293115
142556845
143378484
133439221
128565314
139817062
1705368253
1643079180
3140975005
1635389747
3756691609
3699063991
4231319
236779767
233201711
43081616
39820499
41125623
40494757
37429455
9685035
13630727
15049764
29258051
1141232
1068241
1112884
1029223
9155236
9444466
8820839
13071101
12870591
14366474
28358206
27929676
5077316696
13716662948
13506249451
26798062
97255796
95763893
233201711
4231319
1635389747
4322040693
4255740624
272118460
806422
13732
8252092
30320512
29855396
940998
77258499
76073354
70314886
788579
776482
717705
27929676
25296198
24908154
32590586
584823
257635
253683
682418
142556845
143378484
133439221
128565314
139817062
3389851
3409389
3173044
3057148
3324702
1141232
1068241
1112884
1029223
39812
37266
38823
35905
581034
269889
612638
9193175
38869637
8779247
31762599
844777
14385
28509958
101881420
5401662526
14369046860
5077316696
13716662948
13506249451
26798062
97255796
95763893
1821892509
4748685947
1739860647
4527603068
244293115
4432566
142556845
143378484
133439221
128565314
139817062
1705368253
1643079180
4630731912
1635389747
4322040693
4255740624
236779767
233201711
4231319
3389851
3409389
3173044
3057148
3324702
8605200
8290893
37904143
8252092
30320512
29855396
818795
806422
13732
826085
763553
80933023
74806696
77258499
76073354
70314886
788579
776482
717705
27748725
26499321
29258051
1141232
1068241
1112884
1029223
25973977
27059466
25025270
25296198
24908154
28358206
27929676
39812
37266
38823
35905
543872
566602
524008
257635
253683
593796
584823
177385003
177388547
4072996
4073078
177388547
177385003
177388547
3850145
4073078
3850145
3574563
3675340
4072996
4073078
3524728
3850145
8123412407
8076171743
3281538160
8421277293
8292094968
9155349065
2549150570
2534326311
1074427395
2623722011
2583474137
2852428441
2777011
131386957
153312839
27884078
27721922
29080398
28634305
26466795
31615298
8954897
8817529
8689657
8639124
9696106
9847162
33280758
38834657
753651609
753655929
753766016
757999692
709487799
705453746
679686842
705556792
739171510
69256094
3926218
3926218
68591331
3675106
3828694
3696143
3540872
1908859
8715019411
3491167239
8821805165
9740205096
8123412407
8076171743
3281538160
8421277293
8292094968
9155349065
1189579880
1196957010
1346312985
2098371713
2747858222
1143063264
2748509945
3034645413
2909090
2620137
137635906
137635906
753651609
753655929
753766016
757999692
709487799
705453746
679686842
705556792
739171510
1119870774
1120402261
1079479241
1260205754
2046249629
2549150570
2534326311
1074427395
2623722011
2583474137
2852428441
2777011
2432596
2501178
133402851
131386957
133402851
30101887
30463503
28157530
33634926
27884078
27721922
29080398
28634305
26466795
31615298
152713350
6174528
9380805
10315507
10315507
5185661
34863638
69256094
3926218
68591331
3675106
3828694
3696143
1908859
3540872
151247513
5816809
6021157
5850105
100602
5604349
8954897
8817529
8689657
8639124
9696106
9847162
4814487
4950221
33791390
33280758
10016655155
9958404579
3281538160
10695174489
10531110600
11622295145
177385003
177388547
62218468
61856644
15218378
66986530
65958957
73339277
131386957
2777011
3183086574
3164575742
1074427395
3363500847
3311904772
3656692835
153312839
67370068
67371414
476497
9287
20480213
20361113
4966216
21732158
21398787
23960034
556016
64802174
64425325
67437345
66545689
61508430
94711303
4072996
4073078
395316
393017
392612
386590
375223
3817539
33280758
21876661
21541073
21228685
21105232
32770231
38834657
2609077
2609129
2490670
142228
140046
138015
137213
2452463
2906313
753651609
753655929
753766016
757999692
709487799
705453746
679686842
705556792
739171510
13951668
13951748
13953786
14032160
13134104
13059425
12582426
13061332
13683611
69256094
3926218
3926218
68591331
3675106
3828694
3696143
3540872
1908859
2477879
140474
140474
2454095
131489
136984
132242
126687
41673
24866670
1263166
26
7453
160832
1345870
2609129
48399342
17548
148992
2609129
5505816
5544509
6529675
28960683
54977
4672869
22547313
12607184
14404849
67371414
1249739729
8457
22109143
5283464
22765770
25490634
499160
9729
499160
36520900
42417098
177388547
3290557546
67167123
16190549
70172505
78024289
10813347400
3491167239
11203852132
12364743015
10016655155
9958404579
3281538160
10695174489
10531110600
11622295145
33510819
39931466
177385003
177388547
3141159550
62218468
61856644
15218378
66986530
65958957
73339277
1189579880
1196957010
1346312985
4148403601
2620137
3436258951
1143063264
3523473710
3890287299
137635906
2909090
137635906
753651609
753655929
753766016
757999692
709487799
705453746
679686842
705556792
739171510
1119870774
1120402261
1079479241
1260205754
4045360160
2432596
2501178
3183086574
3164575742
1074427395
3363500847
3311904772
3656692835
133402851
131386957
2777011
133402851
13951668
13951748
13953786
14032160
13134104
13059425
12582426
13061332
13683611
5183176
5189894
5000332
6112051
28241320
50330
4392284
21853860
11568091
13560729
67370068
67371414
1192999007
7852
8073
20480213
20361113
4966216
21732158
21398787
23960034
483808
476497
9287
483808
3850145
2123513
1034126
4073078
75555596
406403
411286
399193
4061408
69806176
70644761
65437671
100761588
64802174
64425325
67437345
66545689
61508430
94711303
3574563
3675340
3524728
3850145
1999076
948893
4072996
4073078
72125219
395316
393017
392612
386590
375223
3817539
583248805
33065138
5185661
22917146
34863638
69256094
3926218
68591331
3675106
3828694
3696143
1908859
3540872
577650423
30950364
32243823
31127529
100602
29819893
4814487
4950221
21876661
21541073
21228685
21105232
33791390
33280758
32770231
2477879
140474
2454095
131489
136984
132242
41673
126687
23435665
1182377
1231790
1189145
353
572889
24
7006
155886
1249538
1284766
1232118
1345871
1777493
2456235
2609077
2609129
46201928
16293
16752
142228
140046
138015
137213
2528885
2490670
2452463
1675947
5077316696
12107537318
11921807795
1635389747
3756691609
3699063991
4231319
233201711
272118460
41125623
40494757
37429455
13071101
12870591
14366474
27929676
32590586
151687552
419368556
412935445
49063861
132568070
130534477
82967
5221384
6092730
1369437
1729270
1598370
1566878
2227842
1881134
440314
433559
440314
433559
609568
581215
560203
2072783
2418689
142556845
143378484
133439221
128565314
139817062
1141232
1068241
1112884
1029223
11774471
11842334
11021401
10618842
11548179
101816
95304
99286
91823
5401662526
12683388937
5077316696
12107537318
11921807795
3771967901
3379807523
1821892509
3219013371
1739860647
3935365181
4432566
244293115
142556845
143378484
133439221
128565314
139817062
201178243
3550931453
101974247
1705368253
1643079180
3140975005
1635389747
3756691609
3699063991
4231319
236779767
233201711
43081616
39820499
41125623
40494757
37429455
10211830
9685035
13630727
15049764
29258051
1141232
1068241
1112884
1029223
146869
280875
9613419
9155236
9444466
8820839
13071101
12870591
14366474
28358206
27929676
161377557
439314318
253300017
140964842
151687552
419368556
412935445
253300017
134564752
109828377
99035890
52198126
99454807
52198126
138873195
79510202
42087205
86913
5469721
11774471
11842334
11021401
10618842
11548179
4062552
103392459
2296823
48859648
47075035
96984419
49063861
132568070
130534477
79510202
40176360
82967
5301497
5221384
1434570
1700476
1737900
1666972
2333801
1970604
1369437
1729270
1598370
1658995
1737900
1566878
2227842
1881134
260986
260986
461256
560992
461256
461256
638560
586848
2171367
101816
95304
99286
91823
3132
6264
245692
244293
254503
235371
440314
433559
535521
560992
440314
433559
609568
581215
560203
2104586
2072783
5077316696
13716662948
13506249451
26798062
97255796
95763893
233201711
4231319
1635389747
4322040693
4255740624
272118460
806422
13732
8252092
30320512
29855396
940998
77258499
76073354
70314886
788579
776482
717705
27929676
25296198
24908154
32590586
584823
260531
256535
682418
151687552
543336984
535002200
607028
3568860
3514114
5221384
82967
49063861
174756898
172076129
6092730
12306
194
181870
1155673
1137945
14360
5593640
5446343
6121984
6104445
6010803
5555808
245802
82915
273586
272803
268618
248284
2150524
2072782
2040986
2072782
2072782
2040986
2418688
133789
128953
126975
128953
128953
126975
150473
142556845
143378484
133439221
128565314
139817062
3389851
3409389
3173044
3057148
3324702
1141232
1068241
1112884
1029223
39812
37266
38823
35905
11774471
11842334
11021401
10618842
11548179
276140
277731
258478
249037
270832
101816
95304
99286
91823
4849
4539
4729
4373
581034
272923
612638
9193175
38869637
8779247
31762599
844777
51772155
14385
21879444
28509958
101881420
5401662526
14369046860
5077316696
13716662948
13506249451
26798062
97255796
95763893
1821892509
4748685947
1739860647
4527603068
244293115
5529229168
4432566
3663379795
142556845
143378484
133439221
128565314
139817062
1705368253
1643079180
4630731912
1635389747
4322040693
4255740624
236779767
233201711
201178243
5205217615
4231319
101974247
3389851
3409389
3173044
3057148
3324702
8605200
8290893
37904143
8252092
30320512
29855396
818795
806422
793699
48738319
13732
396087
826085
763553
80933023
74806696
77258499
76073354
70314886
788579
776482
717705
27748725
26499321
29258051
1141232
1068241
1112884
1029223
25973977
27059466
25025270
25296198
24908154
146869
280875
27543535
28358206
27929676
39812
37266
38823
35905
543872
566601
524007
260531
256535
518
988
576737
593796
584822
320236
146568
193488
1210639
1605730
12892
3690239
203
567692
1080592
560068
645806
3738600
253300017
140964842
161377557
569178861
253300017
134564752
151687552
543336984
535002200
1080592
534640
607028
3568860
3514114
79510202
42087205
52198126
183068583
208422900
5469721
233427040
86913
115507356
11774471
11842334
11021401
10618842
11548179
79510202
40176360
48859648
47075035
49063861
174756898
172076129
203245821
5301497
5221384
4062552
219748269
82967
2296823
276140
277731
258478
249037
270832
320236
139913
181113
174498
181870
1155673
1137945
1565845
12495
12306
19061
3473992
194
9537
285777
264145
257492
88211
286599
6394781
5910720
5859681
5794263
6413155
6104445
6010803
5555808
5593640
5446343
6121984
6413155
272803
268618
248284
245801
82915
273586
286599
2171367
101816
95304
99286
91823
2032491
3132
2117431
6264
2044125
1958253
2150524
2104585
2072782
2040986
2171367
4849
4538
4728
4373
126446
7
131730
14
127169
79829
133789
130931
128952
126974
135086
1039289
1016339
976750
1007325
955312
1149112
426861
426861
445155
62670
38295
65355
177385003
177388547
426861
445155
4072996
4073078
4073078
4247638
20884612
20885030
62670
65355
828680
828680
828680
864194
426861
426861
426861
426861
62670
38295
62670
38295
177388547
177385003
177388547
3851538
4073078
3851538
426861
426861
3575857
3676670
4072996
4073078
3526004
3851538
20885030
20884612
20885030
828679
700115
445806
7126
828679
828679
9989458
9768864
1631302
9682227
9182287
1493423
62670
62670
828680
828680
700116
445807
7127
828680
828680
828680
828680
8123412407
8076171743
3281538160
8421277293
8292094968
9155349065
2549150570
2534326311
1074427395
2623722011
2583474137
2852428441
2777011
131386957
153312839
27884078
27721922
29080398
28634305
26466795
31615298
8954897
8817529
8689657
8639124
9696106
9847162
33280758
38834657
201600087
274881383
267700880
267615944
266059658
92151022
279163752
274881383
67927373
85205895
82980131
83950331
83462128
31134135
86533315
85205895
51960
2731713
3187582
461211
685263
667420
667309
663429
695939
685263
633391
620912
869675
951820
168150
230628
230628
230628
230628
230628
230628
230628
230628
319280
293424
293424
4318535
5039212
753651609
753655929
753766016
757999692
709487799
705453746
679686842
705556792
739171510
3926218
3926218
3939355
3675106
3828694
3696143
3540872
1908859
3901543
30201140
30201313
30205724
30375381
28431360
28269703
27237144
28273832
29620877
288192
288192
288192
288192
288192
288192
288192
269759
281033
271304
259906
81044
285425
8715019411
3491167239
8821805165
9740205096
3049729713
5742350449
3371376488
8123412407
8076171743
3281538160
8421277293
8292094968
9155349065
2911265790
5742350449
3371376488
2443281828
2203188270
1189579880
1196957010
1346312985
2098371713
3215564259
3565734529
2747858222
1143063264
2748509945
3034645413
899048526
1755896248
1002262068
2909090
2620137
137635906
137635906
753651609
753655929
753766016
757999692
709487799
705453746
679686842
705556792
739171510
94591564
2300106077
54743695
1119870774
1120402261
1079479241
1260205754
2046249629
2943783026
328750182
2549150570
2534326311
1074427395
2623722011
2583474137
2852428441
858229897
1755896248
1002262068
2777011
2432596
2501178
133402851
131386957
133402851
30101887
30463503
28157530
33634926
18031493
38490492
27884078
27721922
29080398
28634305
26466795
31615298
17212826
38490492
6510377
6510377
6174528
9128425
10315507
9380805
10315507
5568347
12210491
10315507
8686487
5244894
34863638
3926218
3939355
3675106
3828694
3696143
1908859
3540872
3901543
5915923
6043235
6109024
6510377
86107
165973
6128870
5816809
6021157
5850105
100602
5604349
8395237
632125
8954897
8817529
8689657
8639124
9696106
5315532
12210491
9847162
8603109
4869480
5006765
33791390
33280758
41195226
220212573
292441176
288901248
98037753
292441176
292416042
165606254
83447168
25254209
41195226
201600087
274881383
267615944
266059658
92151022
279163752
274881383
267700880
165606254
79658497
83447168
69923090
63131024
32919704
33123025
38302087
63318676
91112070
100206184
13068357
74145707
90595979
90574497
33123025
90595979
90588193
51463309
26333343
54432
188568
38302087
118021810
2861637
54432
2861637
30201140
30201313
30205724
30375381
28431360
28269703
27237144
28273832
29620877
2031276
65825613
949059
30990617
31004549
29872099
35852369
61823301
83411229
7611039
6848930
13068357
67927373
85205895
83950331
83462128
31134135
86533315
85205895
82980131
51463309
25137755
26333343
51960
172630
36002217
114426424
2773626
2731713
50535
51960
2773626
786544
503791
729039
720385
729039
673853
880738
660577
911038
997090
1039289
1016339
976750
48702
786544
461211
685263
667309
663429
695939
685263
667420
633391
840750
880738
620912
869675
951820
1007325
955312
1149112
130492
130492
130492
130492
130492
199388
230627
249097
168149
230627
230627
280495
230627
199388
230627
319279
293423
348437
4523930
288192
288192
288192
288192
288192
288192
269759
281033
271304
81044
259906
285425
130493
130493
130493
130493
130493
1945
3700
130493
130493
130493
130493
130493
130493
130493
2431
130493
199389
15053
15053
249098
168150
230628
230628
230628
230628
230628
230628
280496
280496
230628
199389
230628
319280
293424
293424
293424
348438
348438
348438
4200121
4384795
4318535
426861
426861
445155
148115
148115
154462
62670
38295
65355
28564
12765
29788
10016655155
9958404579
3281538160
10695174489
10531110600
11622295145
177385003
177388547
62218468
61856644
15218378
66986530
65958957
73339277
131386957
2777011
3183086574
3164575742
1074427395
3363500847
3311904772
3656692835
153312839
67370068
67371414
476497
9287
20480213
20361113
4966216
21732158
21398787
23960034
556016
64855046
64477890
67637543
66599984
61558615
94711303
426861
445155
4072996
4073078
395316
393017
412276
405952
375223
3817539
4073078
4247638
33280758
21957187
21620364
21306826
21182919
32770231
38834657
148115
154462
2609077
2609129
2490669
142227
140045
138014
137212
2452463
2906313
2609129
2720948
373501816
347080702
366070465
363941629
92151022
393830437
387789082
1759457
1634995
20884612
20885030
1706571
1696646
332998
1865823
1837201
119991791
2731713
51960
119195541
118502375
31134135
126418211
124478957
3187582
593866
14835423
14835720
6711
105
582110
578725
99184
630250
620582
7831
9516189
8843024
8915321
4960704
9951326
9514608
9459277
9922816
9770601
9031003
62670
65355
1041408
336047
180444
45355
1317378
1380007
1380035
1090422
1084081
1279637
1260007
280911
1380035
1439179
4480506
4318534
4252288
4141564
4318534
4318534
4252288
4190621
4166251
5039212
29997
31282
2220325
1340967
981311
380187
2455584
2456074
1340967
1439568
1053466
694057
552022
2075851
2456074
2636668
753651609
753655929
753766016
757999692
709487799
705453746
679686842
705556792
739171510
13951668
13951748
13953786
14032160
13134104
13059425
12582426
13061332
13683611
426861
426861
426861
426861
3926218
3926218
3939355
3675106
3828694
3696143
3540872
1908859
3901543
148115
140474
148115
140474
140944
148115
131489
136985
132242
126687
148115
41673
139591
30201140
30201313
30205724
30375381
28431360
28269703
27237144
28273832
29620877
795511
795516
795632
800101
748894
744636
717438
744745
780227
62670
38295
62670
38295
288192
288192
288192
269759
281033
271304
259906
81044
285425
288192
28563
12764
12764
29997
28564
12765
12765
12765
12765
12765
1770
29710
29997
64134882
5505816
5544509
6529675
28960683
56309
8457
22109143
5283464
22765770
52784843
4032241
4799492
22547313
12607184
14404849
9113544
4484244
25490634
499160
67397835
9729
13904259
499160
67371414
67167123
16190549
70172505
13354097
36520900
42417098
28757405
15083837
78024289
177388547
10813347400
3491167239
11203852132
3049729713
5742350449
3371376488
12364743015
10016655155
9958404579
3281538160
10695174489
10531110600
2911265790
5742350449
3371376488
11622295145
62218468
61856644
15218378
66986530
65958957
12747794
33510819
39931466
28757405
15083837
73339277
169334746
177385003
177388547
1189579880
1196957010
1346312985
4148403601
2620137
3436258951
1143063264
3523473710
899048526
1755896248
1002262068
3890287299
137635906
4849658643
2909090
2565093608
137635906
753651609
753655929
753766016
757999692
709487799
705453746
679686842
705556792
739171510
1119870774
1120402261
1079479241
1260205754
4045360160
2432596
2501178
3183086574
3164575742
1074427395
3363500847
3311904772
858229897
1755896248
1002262068
3656692835
133402851
131386957
94591564
4565469765
328750182
4439762867
2777011
54743695
133402851
13951668
13951748
13953786
14032160
13134104
13059425
12582426
13061332
13683611
59194325
5183176
5189894
5000332
6112051
28241320
51550
7852
8073
20480213
20361113
4966216
21732158
21398787
1001986
3849169
4511303
21853860
11568091
13560729
9113544
4484244
23960034
483808
476497
422918
63448337
64337836
1520363
61701333
9287
198043
483808
64312614
67370068
67371414
426758
431885
399193
61184
3851538
4061408
2123513
1034126
4073078
70013406
70854481
65491062
18031493
100761588
101051093
64855046
64477890
67637543
66599984
61558615
17212826
94711303
101051093
426861
426861
395316
393017
412276
405952
375223
58406
3575856
3676670
3526004
3851538
3817539
1999076
948893
3888151
4072996
4073078
33175773
33065138
5244894
23001502
5568347
34863638
3939355
3926218
3901543
3675106
3828694
3696143
1908859
3540872
32857331
30950364
32243823
31127529
100602
29819893
4869480
5006765
21957187
21620364
21306826
21182919
5315532
31477734
32362054
32714362
86107
165973
32820636
33791390
33280758
32770231
632125
31916944
34863638
140944
140474
148115
139591
131489
136984
132242
41673
126687
148115
1242278
1270456
1333043
1182376
1231789
1189144
352
572888
23
16292
16751
142227
140045
138014
137212
1861
408084
17914
7005
20169
22193
155885
1249537
1284765
1232116
1345870
762544
2245450
2448281
304
1777492
574
2456234
2528884
2490669
2452462
2599
1675946
2609076
2609129
124086
777291
917505
1842306
580744
247304
302689
354271
1954564
1921897
1785944
20885030
41195226
395186522
165606254
83447168
98037753
412561571
407984922
379124511
25254209
41195226
366070465
363941629
165606254
79658497
83447168
92151022
393830437
387789082
373501816
347080702
111677
124086
713226
863739
1706571
1696646
580744
230298
288946
302689
332998
1865823
1837201
1759457
1634995
19936807
20884612
20885030
13068357
188568
32919704
128675968
51463309
26333343
33123025
132430840
38302087
157858334
131069889
2861637
235512743
54432
78052552
2861637
30201140
30201313
30205724
30375381
28431360
28269703
27237144
28273832
29620877
6848930
13068357
172630
30990617
119195541
118502375
51463309
25137755
26333343
31004549
29872099
31134135
126418211
124478957
35852369
36002217
153937244
127038774
119991791
2773626
2731713
2031276
221711750
7611039
215607078
50535
51960
949059
2773626
795511
795516
795632
800101
748894
744636
717438
744745
780227
29490
32767
350
250550
304726
98616
582110
578725
174642
67310
76302
79931
98771
95163
99184
630250
620582
117042
117531
853940
628743
593866
479397
6814
6711
27826
10642023
11644
13888872
14167702
39168
8642101
102
105
6374
6814
14162148
14835423
14835720
10271369
10394760
9989458
9768864
9659446
9607915
9339346
5277601
1838165
10424626
9514608
9459277
9922816
9770601
9516189
9682227
9182287
8843024
9031003
8915321
4960704
1682802
9951326
48702
10424626
62670
62670
1090422
1084081
1279637
1260007
1074655
779224
481185
336047
280911
177949
180444
44275
44934
45355
7491
1281256
1317378
133
1078294
1380007
1380035
288192
269759
281033
271304
81044
259906
285425
288192
3407287
4199322
4245038
4234589
1944
4411558
3699
4258828
4200120
2430
2920472
4480506
4384794
4318534
4252288
4190621
4166251
15052
15052
4141564
500523
4523930
28078
29251
28239
1769
27052
29709
29997
