4925099
4925099
521657438
521657438
3162480
3807051
441438364
441438364
5440453
10924265
93412178
3493398
8444346
79047505
31361
72202
1946320
26497
26497
2654527
2654527
4925099
4925099
521657438
521657438
3162480
3807051
441438364
441438364
17014
20482
2246321
2246321
5440453
10924265
93412178
3493398
8444346
79047505
20137
56641
1647020
4925099
4925099
521657438
521657438
3162480
3807051
441438364
441438364
5440453
10924265
93412178
3493398
8444346
79047505
31361
72202
1946320
26497
26497
2654527
2654527
4925099
4925099
521657438
521657438
3162480
3807051
441438364
441438364
17014
20482
2246321
2246321
5440453
10924265
93412178
3493398
8444346
79047505
20137
56641
1647020
4925099
521657438
521657438
3162480
3807051
441438364
441438364
13913550
93412178
8934101
10755033
79047505
95352
1946320
26497
2654527
2654527
4925099
521657438
521657438
3162480
3807051
441438364
441438364
17014
20482
2246321
2246321
13913550
93412178
8934101
10755033
79047505
61227
74235
1647020
4925099
521657438
521657438
3162480
3807051
441438364
441438364
14353297
93412178
9216470
11094953
79047505
12111481
368559
12111481
10249010
236657
284892
10249010
6547234
4204078
5540418
5060945
108619
1946320
26497
2654527
2654527
4925099
521657438
521657438
3162480
3807051
441438364
441438364
17014
20482
2246321
2246321
14353297
93412178
9216470
11094953
79047505
69746
83961
1647020
70930
1982
70930
12111481
368559
12111481
10249010
236657
284892
10249010
60022
1273
1532
60022
6547234
4204078
5540418
5060945
232046
305807
279342
256674909989
130759208813
256908899129
17986897493
5629438012
181634887987
583487236
584019153
14935297
25464182
412902215
16262988
16569680
2964606340
1043341889
2967308925
391988573752
178385063226
392345917091
17986897493
5629438012
277389015891
67381141
21499026
2097890832
1499393592
1500760464
14935297
25464182
1061039379
52098
99603
11714782
976416
1013613
1331114
1830282
5212164
58821529
88742567
156103362
35475994
50268417
57863968
47036479
256674909989
130759208813
256908899129
17986897493
5629438012
181634887987
583487236
584019153
14935297
25464182
412902215
12711075491
11044480689
12711075491
8537271411
7042017304
3587450800
7048436925
3915283905
3298645173
398296974
130767693
4983253035
3915283905
2549819220
97043563
133434899
84058109
114804311
201771046
97043563
103143822
58821529
88742567
156103362
17676642
17692756
30361854
41747550
50627466
64962126
60781038
349926
572756
12508799
30361854
32270432
35475994
50268417
57863968
47036479
209080048
172294518
367784024
5651769
3048931
9941792
149734529
121578183
110062293
4962016
4028949
3647327
16262988
16569680
2964606340
1043341889
2967308925
391988573752
178385063226
392345917091
17986897493
5629438012
277389015891
67381141
21499026
2097890832
1499393592
1500760464
14935297
25464182
1061039379
52098
99603
11714782
140418647
33433730
142009129
22765657
17418809
71997662
57525680
12711075491
11044480689
12711075491
8537271411
71997662
44466766
13997977224
5326943181
14010738015
3915283905
3298645173
398296974
130767693
9905607935
3915283905
2549819220
1629888
594868
100400618
22765657
13464563
3945756
5425414
7311570
4357034
12861479
245848184
338041254
270482270
246215144
475794122
245848184
261302456
209080048
172294518
367784024
3945756
4193790
5651769
3048931
9941792
80569532
80642980
81269913
111746130
157283028
349926
572756
57014680
81269913
86378624
149734529
121578183
110062293
1644
2792
716626
1331114
1414789
4962016
4028949
3647327
20205849
20205849
892808
11666802
17098648
624762
256674909989
130759208813
256908899129
17986897493
5629438012
181634887987
583487236
584019153
14935297
25464182
412902215
16262988
16569680
2964606340
1043341889
2967308925
391988573752
178385063226
392345917091
17986897493
5629438012
277389015891
67381141
21499026
2097890832
1499393592
1500760464
14935297
25464182
1061039379
52098
99603
11714782
104581893222
346164315720
226504970338
80840741391
346164315720
226504970338
188916735562
96240816349
248015259517
189088955218
232014632225
29660712941
108575540530
69098470733
11400691732
4198080414
28784300150
133686109423
141058052376
22927429887
108575540530
69098470733
419094073
2335063434
347967742
2335063434
445411616
659180503
445817661
592617034
133798492
740105761
863993160
863993160
9706691
18139590
51619985
315193600
342175470
103424876
740105761
447280502
554021066
619079361
863993160
863993160
8511439
1002007
16000217
6967382
12371047
16322077
640028
16488706
20205849
20205849
892808
80274241
80274241
1669588400
2954815553
798258741
2045147884
2252013299
2971254882
2965440024
139640762
555722828
321024563
463943117
1799024395
1087477938
104581893222
346164315720
226504970338
80840741391
346164315720
226504970338
358623318
1799024395
1087477938
345978213856
141785954916
332063194992
346293613382
29660712941
108575540530
69098470733
11400691732
4198080414
28784300150
244829984055
199948994312
22927429887
108575540530
69098470733
48856300
36980502
11084713
112651059
1384607058
2100680629
2296749850
1715594520
2292255023
107940891
555722828
321024563
1940327
49432555
419094073
4872661003
347967742
4872661003
1527527
49432555
1588692467
1060431601
1590140746
133798492
1602502776
3101350543
3101350543
9706691
18139590
51619985
1124231341
918142959
103424876
1602502776
1595358402
1988688817
2145389504
3101350543
3101350543
82603
5126383
589789
1002007
32939
65878
196967
7606100
8901069
11539727
12616800
9424323
16322077
560144
16488706
11666802
17098648
624762
31106172
51474505
55530489
80274241
80274241
20205849
892808
17098648
11666802
624762
976416
1013613
1331114
5212164
58821529
88742567
156103362
35475994
50268417
57863968
47036479
256674909989
130759208813
256908899129
17986897493
5629438012
181634887987
583487236
584019153
14935297
25464182
412902215
12711075491
8032349592
12711075491
6208924663
7042017304
3587450800
7048436925
3915283905
2399014671
398296974
130767693
4983253035
3915283905
1854413978
97043563
84058109
114804311
201771046
75013688
97043563
58821529
88742567
156103362
17676642
17692756
30361854
50627466
64962126
60781038
349926
572756
12508799
23469405
30361854
35475994
50268417
57863968
47036479
209080048
172294518
367784024
5651769
3048931
9941792
149734529
121578183
110062293
4962016
4028949
3647327
16262988
16569680
2964606340
1043341889
2967308925
391988573752
178385063226
392345917091
17986897493
5629438012
277389015891
67381141
21499026
2097890832
1499393592
1500760464
14935297
25464182
1061039379
52098
99603
11714782
140418647
33433730
142009129
22765657
12668225
71997662
41836858
12711075491
8032349592
12711075491
6208924663
71997662
32339466
13997977224
5326943181
14010738015
3915283905
2399014671
398296974
130767693
9905607935
3915283905
1854413978
1629888
594868
100400618
22765657
9792409
3945756
7311570
4357034
12861479
245848184
270482270
246215144
475794122
190038150
245848184
209080048
172294518
367784024
3050029
3945756
5651769
3048931
9941792
80569532
80642980
81269913
157283028
349926
572756
57014680
62820817
81269913
149734529
121578183
110062293
1644
2792
716626
1028937
1331114
4962016
4028949
3647327
44397446
68076580
119750683
28447924
37968635
44108191
35814009
112273647675
346164315720
226504970338
86786389470
346164315720
226504970338
188916735562
96240816349
189088955218
232014632225
248015259517
34237957765
108575540530
69098470733
11400691732
4198080414
133686109423
141058052376
28784300150
26465593652
108575540530
69098470733
964165552
2335063434
745290180
2335063434
445411616
445817661
592617034
659180503
306858737
740105761
863993160
9706691
18139590
315193600
342175470
51619985
237198688
740105761
447280502
554021066
619079361
863993160
3541054984
9843665926
6213980406
1401322441
3541054984
9843665926
4803343749
6213980406
5190586732
2644267078
5195318557
6590132781
7096365144
1074806683
3095671367
1932554916
275015404
89592886
3673096212
3976110450
735916047
370910294
1074806683
3095671367
1493845324
1932554916
66829782
72743323
63445568
88069178
154918832
4791027
66829782
56229850
72743323
44397446
68076580
119750683
13313704
13325841
18558442
20284821
21471302
23220123
25963083
25963083
39544635
49101075
46313683
261451
480631
9421385
10715594
1451923
1463210
21471302
17948920
23220123
13369567
16648389
19110367
25963083
20090175
15006682
13006026
28447924
37968635
44108191
35814009
23185360
266856741
189007474
469416604
9741487
3389759
31624360
205410225
166784522
150986686
34504866
28016509
23409714
8511439
1469983
16000217
12371047
16322077
1775180
18543235
20205849
892808
80274241
1669588400
2954815553
798258741
2252013299
2971254882
2965440024
152886351
555722828
321024563
548817264
1799024395
1087477938
112273647675
346164315720
226504970338
86786389470
346164315720
226504970338
424230171
1799024395
1087477938
345978213856
141785954916
346293613382
34237957765
108575540530
69098470733
11400691732
4198080414
244829984055
28784300150
199948994312
26465593652
108575540530
69098470733
48856300
36980502
11084713
1384607058
2100680629
2296749850
112651059
1715594520
2292255023
118179597
555722828
321024563
5342640
52383529
964165552
4872661003
745290180
4872661003
4129806
52383529
1588692467
1590140746
306858737
1602502776
3101350543
9706691
18139590
1124231341
51619985
918142959
237198688
1602502776
1595358402
1988688817
2145389504
3101350543
82603
5126383
799659
1469983
32939
65878
7606100
8901069
11539727
12616800
196967
9424323
16322077
1372196
18543235
17098648
11666802
624762
31106172
51474505
55530489
80274241
116615070
168382058
123872099
24936482
125237823
124992728
4796857
17433735
8834081
9476792
495709310
16214331
53980657
14418161
30017510
3541054984
9843665926
6213980406
1401322441
3541054984
9843665926
4803343749
6213980406
495709310
5183111
16214331
53980657
9460747
23203230
30017510
13074548730
4230738331
13086467708
1074806683
3095671367
1932554916
275015404
89592886
9252147762
735916047
7556091005
370910294
1074806683
3095671367
1493845324
1932554916
2197255
168382058
991340
279465
77000066
88543285
96807565
3040613
72311979
96618109
1532504
4796857
17433735
5796648
7325464
9476792
4880372
1302442
2516882
12602348
4844089
40911741
259440756
345226711
270098567
607273961
200545070
4791027
259440756
266856741
189007474
469416604
4880372
854622
1945524
25408
2516882
9741487
3389759
31624360
74713222
76053431
85262733
215765477
261451
480631
53769863
1451923
43913045
65907227
1463210
85262733
110991409
138355979
149257874
205410225
166784522
150986686
124582401
38404470
215765477
5964
460190
46036
84627
2356264
1600
2652
567142
652164
663701
713034
7986
532612
922437
794868
936383
8048
1211378
1208118
824327
15516
4747992
20566302
24573201
4891056
13404241
29299040
34504866
28016509
25208607
14476918
378859
36244344
2315753981
827026748
2580695686
719035363
406848226
794268503
11945832
13195732
7544627
3765410
4159387
3765410
65572885
85742954
57428962
58323296
43665875
892933
1227784
782034
835152
625267
3309296821
1181851359
3309296821
2315753981
827026748
2580695686
1108177812
1027527734
581400940
1027527734
1122363535
65572885
85742954
57428962
58323296
43665875
977518765
719035363
406848226
794268503
763443963
571580327
17071030
17071030
10781548
11945832
13195732
7544627
5196656
5380908
5380908
7145403
892933
1227784
782034
835152
625267
4551250
3765410
4159387
3765410
4860381
3638902
3349328651
827026748
3699771098
24025408
4503610
26539202
1067623782
406848226
1179329956
7660741
2183513
8462289
31158514
34418650
19228493
254741
368888
157205
10258587
11331949
10258587
114501
114501
114501
65572885
85742954
57428962
58323296
43665875
1559254
2038877
1365600
1386866
1038328
892933
1227784
782034
835152
625267
31150
42831
27281
29134
21812
454618
121039
121039
625100
17957609
10947478
3120320
10947478
6023611
34333183
6435824
34333183
4786312684
1181851359
4786312684
3349328651
827026748
3699771098
24025408
4503610
26539202
2171769641
1525673286
581400940
1525673286
1122363535
65572885
85742954
57428962
58323296
43665875
1902043454
1067623782
406848226
1179329956
763443963
571580327
1559254
2038877
1365600
1386866
1038328
15727337
7660741
2183513
8462289
4097326
3067613
364034
364034
224652
44526653
44526653
27478217
31158514
34418650
19228493
254741
368888
157205
21711422
14659895
14659895
29853206
892933
1227784
782034
835152
625267
19014939
10258587
11331949
10258587
20306477
15203189
31150
42831
27281
29134
21812
398156
114501
114501
114501
425199
318342
2315753981
827026748
2580695686
719035363
406848226
794268503
11945832
13195732
7544627
3765410
4159387
3765410
65572885
85742954
57428962
58323296
43665875
892933
1227784
782034
835152
625267
3309296821
1181851359
3309296821
2315753981
827026748
2580695686
1108177812
1027527734
2801639324
1428972453
581400940
1027527734
1122363535
65572885
85742954
57428962
58323296
43665875
977518765
719035363
111941224
1997840821
32056031
406848226
794268503
763443963
571580327
17071030
17071030
10781548
11945832
13195732
7544627
5196656
5380908
6847894
5380908
7145403
892933
1227784
782034
835152
625267
4551250
3765410
81594
156042
4951095
4159387
3765410
4860381
3638902
3349328651
827026748
3699771098
24025408
4503610
26539202
1067623782
406848226
1179329956
7660741
2183513
8462289
31158514
34418650
19228493
254741
368888
157205
10258587
11331949
10258587
114501
114501
114501
65572885
85742954
57428962
58323296
43665875
1559254
2038877
1365600
1386866
1038328
892933
1227784
782034
835152
625267
31150
42831
27281
29134
21812
454618
121039
612638
121039
625100
17957609
10947478
51853338
12821768
3120320
10947478
6023611
34333183
6435824
34333183
4786312684
1181851359
4786312684
3349328651
827026748
3699771098
24025408
4503610
26539202
2171769641
1525673286
5537899472
2093462525
581400940
1525673286
1122363535
65572885
85742954
57428962
58323296
43665875
1902043454
1067623782
111941224
3915301314
32056031
406848226
1179329956
763443963
571580327
1559254
2038877
1365600
1386866
1038328
15727337
7660741
441636
36660370
152291
2183513
8462289
4097326
3067613
364034
364034
224652
44526653
44526653
27478217
31158514
34418650
19228493
254741
368888
157205
21711422
14659895
29258051
14659895
29853206
892933
1227784
782034
835152
625267
19014939
10258587
81594
156042
20685475
11331949
10258587
20306477
15203189
31150
42831
27281
29134
21812
398156
114501
288
549
433135
114501
114501
425199
318342
2315753981
827026748
2580695686
719035363
406848226
794268503
11945832
13195732
7544627
3765410
4159387
3765410
65572885
85742954
57428962
58323296
43665875
892933
1227784
782034
835152
625267
3309296821
1181851359
3309296821
2315753981
827026748
2580695686
1108177812
1027527734
581400940
1027527734
1122363535
65572885
85742954
57428962
58323296
43665875
977518765
719035363
406848226
794268503
763443963
571580327
17071030
17071030
10781548
11945832
13195732
7544627
5196656
5380908
5380908
7145403
892933
1227784
782034
835152
625267
4551250
3765410
4159387
3765410
4860381
3638902
3349328651
827026748
3699771098
24025408
4503610
26539202
1067623782
406848226
1179329956
7660741
2183513
8462289
32670875
36089250
20161798
330189
395815
203765
10821559
11953826
10821559
120832
133475
120832
65572885
85742954
57428962
58323296
43665875
1559254
2038877
1365600
1386866
1038328
892933
1227784
782034
835152
625267
31150
42831
27281
29134
21812
454618
157501
157501
625100
17957609
10947478
3120320
10947478
6023611
34333183
6435824
34333183
4786312684
1181851359
4786312684
3349328651
827026748
3699771098
24025408
4503610
26539202
2171769641
1525673286
581400940
1525673286
1122363535
65572885
85742954
57428962
58323296
43665875
1902043454
1067623782
406848226
1179329956
763443963
571580327
1559254
2038877
1365600
1386866
1038328
15727337
7660741
2183513
8462289
4097326
3067613
471852
471852
291188
46687871
46687871
28811945
32670875
36089250
20161798
330189
395815
203765
21711422
15464403
15464403
29853206
892933
1227784
782034
835152
625267
19014939
10821559
11953826
10821559
20306477
15203189
31150
42831
27281
29134
21812
398156
120832
133475
120832
425199
318342
270172
270172
371486
2315753981
827026748
2580695686
719035363
406848226
794268503
11945832
13195732
7544627
3765410
4159387
3765410
127485354
43203266
140824230
39744421
21187654
43902906
568148
298279
623609
865179
627594
436314
179323
179323
274241
310396
252028
198086
179323
65572885
85742954
57428962
58323296
43665875
892933
1227784
782034
835152
625267
6922012
9051207
6062322
6156730
4609462
101816
139997
89170
95227
71295
3309296821
1181851359
3309296821
2315753981
827026748
2580695686
2801639324
1428972453
1108177812
1027527734
581400940
1027527734
1122363535
65572885
85742954
57428962
58323296
43665875
111941224
1997840821
32056031
977518765
719035363
406848226
794268503
763443963
571580327
17071030
17071030
10781548
11945832
13195732
7544627
6847894
5196656
5380908
5380908
7145403
892933
1227784
782034
835152
625267
81594
156042
4951095
4551250
3765410
4159387
3765410
4860381
3638902
182181217
145827168
61739042
182181217
112079464
127485354
145827168
43203266
140824230
86636287
81812236
37753687
39164836
56796226
45952302
30277930
56796226
41632154
33481861
6922012
9051207
6062322
6156730
4609462
2260518
58093698
596681
34465904
39744421
45952302
21187654
43902906
28318647
21201794
25881139
811904
989958
426252
806749
1119264
811904
623509
1361192
568148
989958
298279
623609
865179
627594
436314
1052187
144994
144994
256260
311678
256260
354780
326044
256260
199366
428557
101816
139997
89170
95227
71295
1740
3480
102510
126986
179323
311678
179323
274241
310396
252028
198086
179323
135611
101530
331270
3349328651
827026748
3699771098
24025408
4503610
26539202
1067623782
406848226
1179329956
7660741
2183513
8462289
32670875
36089250
20161798
358323
395815
221128
10821559
11953826
10821559
120832
133475
120832
228649101
43203266
252572806
1630928
184853
1801573
74399717
21187654
82184208
539790
86271
596268
2818157
2322331
4957303
4423462
4886292
2729800
124064
38510
221538
197681
218364
121992
2067156
1678444
1519462
1519462
1678444
1519462
128603
104421
94530
94530
104421
94530
65572885
85742954
57428962
58323296
43665875
1559254
2038877
1365600
1386866
1038328
892933
1227784
782034
835152
625267
31150
42831
27281
29134
21812
6922012
9051207
6062322
6156730
4609462
162338
212272
142176
144390
108103
101816
139997
89170
95227
71295
4849
6667
4246
4535
3396
454618
172673
612638
172673
625100
17957609
10947478
51853338
12821768
3120320
10947478
6023611
34333183
6435824
34333183
4786312684
1181851359
4786312684
3349328651
827026748
3699771098
24025408
4503610
26539202
2171769641
1525673286
5537899472
2093462525
581400940
1525673286
1122363535
65572885
85742954
57428962
58323296
43665875
1902043454
1067623782
111941224
3915301314
32056031
406848226
1179329956
763443963
571580327
1559254
2038877
1365600
1386866
1038328
15727337
7660741
441636
36660370
152291
2183513
8462289
4097326
3067613
512057
512057
316000
46687871
46687871
28811945
32670875
36089250
20161798
358323
395815
221128
21711422
15464403
29258051
15464403
29853206
892933
1227784
782034
835152
625267
19014939
10821559
81594
156042
20685475
11953826
10821559
20306477
15203189
31150
42831
27281
29134
21812
398156
120832
288
549
433135
133475
120832
425199
318342
204045
771379
1023119
3696026
361714
123285
771379
128409
169517
674809
2330655
264162
2330655
474700
145827168
326747897
61739042
326747897
112079464
145827168
228649101
43203266
252572806
86636287
674809
1630928
184853
1801573
366939
45952302
106319907
121911802
233793073
66951232
30277930
106319907
33481861
41632154
6922012
9051207
6062322
6156730
4609462
45952302
74399717
106770783
2260518
165291972
596681
21187654
82184208
25881139
28318647
21201794
162338
212272
142176
144390
108103
204045
539790
896051
10606
2613094
2998
86271
596268
99258
115307
86329
282493
160498
55032
286599
282493
174331
394073
6321288
3645788
3318695
6413155
6321288
3900983
8818088
4423462
2818157
2322331
4957303
6413155
4886292
2729800
6816292
197681
124064
38510
221538
286599
218364
121992
304614
2171367
2171367
2985629
101816
139997
89170
95227
71295
1740
1901690
3480
1535158
2067156
1678444
1519462
2171367
1678444
1519462
2030857
1520476
2307861
4849
6667
4246
4535
3396
5
118309
9
95506
128603
104421
94530
135086
104421
94530
126344
62511
143578
827026748
2580695686
2315753981
406848226
794268503
719035363
1972124
108594735
194017119
13195732
11945832
7544627
4159387
3765410
7869399
22616176
40406428
62358512
65572885
42416942
31757000
57428962
892933
607383
782034
454739
1181851359
3309296821
827026748
2580695686
2315753981
816264389
1108177812
581400940
1027527734
2551293
140486626
62358512
65572885
42416942
31757000
57428962
555231973
415694783
977518765
406848226
794268503
719035363
1972124
118882972
108594735
17071030
10781548
13195732
11945832
7544627
5196656
5380908
10079502
29258051
892933
607383
782034
454739
3534822
4551250
2646474
4159387
3765410
7869399
24758826
22616176
827026748
3699771098
3349328651
4503610
26539202
24025408
406848226
1179329956
1067623782
108594735
1972124
194017119
2183513
8462289
7660741
386611
6623
690726
34418650
31158514
19228493
368888
254741
157205
11331949
10258587
22616176
40406428
114501
114501
473563
846075
62358512
65572885
42416942
31757000
57428962
1482819
1559254
1008630
755148
1365600
892933
607383
782034
454739
31150
21188
27281
15864
454618
121039
612638
4380808
17957609
3120320
10947478
500150
8568
6435824
34333183
1181851359
4786312684
827026748
3699771098
3349328651
4503610
26539202
24025408
816264389
2171769641
581400940
1525673286
140486626
2551293
62358512
65572885
42416942
31757000
57428962
555231973
415694783
1902043454
406848226
1179329956
1067623782
118882972
108594735
1972124
1482819
1559254
1008630
755148
1365600
2979873
2230991
15727337
2183513
8462289
7660741
423239
386611
6623
364034
224652
44526653
27478217
34418650
31158514
19228493
368888
254741
157205
21711422
14659895
29258051
892933
607383
782034
454739
14768347
19014939
11056864
11331949
10258587
24758826
22616176
31150
21188
27281
15864
309237
398156
231522
114501
114501
518428
473563
177388547
177370831
177388547
3435187
3434843
3435187
177388547
177388547
177388547
177370831
177388547
3435187
3435187
3435187
3434843
3435187
1291688541
1236605924
539307777
1685243248
1525616949
2878522548
420336661
402411873
273923272
517055560
466652168
882887811
1316813
61518485
109909926
6343582
6073067
8259367
7477039
4614218
14146269
2640343
2390250
2157446
2065444
4942921
4995428
26949238
48147946
329654133
329671034
330101711
346664474
233065852
224245846
167889878
224538797
303609960
210168853
3071989
3071989
200082200
2089600
2690459
2171900
1564456
847582
2045052667
770690465
2180162211
4113513609
1291688541
1236605924
539307777
1685243248
1525616949
2878522548
563263834
565528768
623241113
683576495
665493718
391446337
666862952
1261678852
820849
1703532
820849
79585115
79585115
329654133
329671034
330101711
346664474
233065852
224245846
167889878
224538797
303609960
398228180
384678858
288003938
423935428
598678687
420336661
402411873
273923272
517055560
466652168
882887811
527080
1316813
634508
67346730
61518485
67346730
10043412
10684962
6593886
20215534
6343582
6073067
8259367
7477039
4614218
14146269
325123779
3672903
3415754
6420583
1119786
6420583
2200212
34863638
210168853
3071989
200082200
2089600
2690459
2171900
847582
1564456
309520085
2498349
3216742
2834647
43730
2041844
2640343
2390250
2157446
2065444
4942921
719031
4995428
1700741
29502401
26949238
2174347278
2081624663
539307777
2895809292
2621518135
4957699881
13763638
13176703
2607730
18519682
16765497
33510739
177388547
177370831
177388547
736100036
704709871
273923272
924680773
837094978
1582200252
61518485
1316813
109909926
4831527
4625492
1298257
6096358
5518911
11790294
67371414
67364685
67371414
275264
5340
491791
21142202
20240617
27527222
24919842
15378493
69699813
141661
135620
184444
166973
114501
2809398
3678182
4072671
4073078
9131986
8267004
7461820
7143619
24396605
26949238
48147946
114501
104261
94107
90094
1825796
1223251
1776296
1776296
1776296
2898916
329654133
329671034
330101711
346664474
233065852
224245846
167889878
224538797
303609960
6102587
6102900
6110873
6417484
4314536
4151259
3107993
4156683
5620455
210168853
3071989
3071989
200082200
2089600
2690459
2171900
1564456
847582
7519527
96545
96545
7158642
65671
84555
68258
49167
19439
85379069
1196240
114501
2005114
1223251
839728
4572
1776296
157646270
11948
1776296
3667638
3682139
4051459
15410494
7649466
1855257
7886725
16848760
67371414
2649
8581239
9872451
67371414
5979212992
2649
356103
6909
356103
21791139
3726542
23958506
47888068
177388547
13142767
16643778
177388547
15743233546
3442513080
770690465
3746244938
7084733779
2174347278
2081624663
539307777
2895809292
2621518135
4957699881
13763638
13176703
2607730
18519682
16765497
33510739
177388547
7726583
11767170
177370831
177388547
12169359652
563263834
565528768
623241113
1902902986
1165422851
391446337
1196239225
2261021813
820849
820849
79585115
1703532
79585115
329654133
329671034
330101711
346664474
233065852
224245846
167889878
224538797
303609960
398228180
384678858
288003938
423935428
1666569096
736100036
704709871
273923272
924680773
837094978
1582200252
527080
634508
67346730
61518485
1316813
67346730
6102587
6102900
6110873
6417484
4314536
4151259
3107993
4156683
5620455
2593024
2504631
1875184
2755847
13496565
4831527
4625492
1298257
6096358
5518911
11790294
67371414
1701
5044878
6979834
67364685
67371414
4621870921
2048
301342
275264
5340
301342
224284
238611
147251
4014732
3678182
1489011
711572
4073078
361485672
33473176
35611363
21976428
99603572
21142202
20240617
27527222
24919842
15378493
69699813
141661
135620
184444
166973
114501
2809398
3678182
1052733
418331
4072671
4073078
279424753
1769963112
25871141
11813850
34863638
1119786
2200212
34863638
210168853
3071989
200082200
2089600
2690459
2171900
847582
1564456
1685017117
17597833
22658036
18290926
43730
13175263
9131986
8267004
7461820
7143619
24396605
719031
1700741
29502401
26949238
7519527
109911
7158642
74762
96260
77707
19439
55974
85379069
859220
1106287
893061
154
266584
114501
104261
94107
90094
1825796
1223251
839728
839728
4572
1210235
1776296
1776296
1776296
157646270
11948
1776296
1776296
827026748
2580695686
2315753981
406848226
794268503
719035363
1972124
108594735
194017119
13195732
11945832
7544627
4159387
3765410
7869399
22616176
40406428
62358512
65572885
42416942
31757000
57428962
892933
607383
782034
454739
1181851359
3309296821
827026748
2580695686
2315753981
816264389
1108177812
581400940
1027527734
2801639324
1428972453
2551293
140486626
62358512
65572885
42416942
31757000
57428962
555231973
415694783
977518765
406848226
794268503
719035363
111941224
1997840821
32056031
1972124
118882972
108594735
17071030
10781548
13195732
11945832
7544627
5196656
5380908
6847894
10079502
29258051
892933
607383
782034
454739
3534822
4551250
2646474
4159387
3765410
81594
156042
4951095
7869399
24758826
22616176
827026748
3699771098
3349328651
4503610
26539202
24025408
406848226
1179329956
1067623782
108594735
1972124
194017119
2183513
8462289
7660741
386611
6623
690726
34418650
31158514
19228493
368888
254741
157205
11331949
10258587
22616176
40406428
114501
114501
473563
846075
62358512
65572885
42416942
31757000
57428962
1482819
1559254
1008630
755148
1365600
892933
607383
782034
454739
31150
21188
27281
15864
454618
121039
612638
4380808
17957609
3120320
10947478
500150
51853338
8568
12821768
6435824
34333183
1181851359
4786312684
827026748
3699771098
3349328651
4503610
26539202
24025408
816264389
2171769641
581400940
1525673286
140486626
5537899472
2551293
2093462525
62358512
65572885
42416942
31757000
57428962
555231973
415694783
1902043454
406848226
1179329956
1067623782
118882972
108594735
111941224
3915301314
1972124
32056031
1482819
1559254
1008630
755148
1365600
2979873
2230991
15727337
2183513
8462289
7660741
423239
386611
441636
36660370
6623
152291
364034
224652
44526653
27478217
34418650
31158514
19228493
368888
254741
157205
21711422
14659895
29258051
892933
607383
782034
454739
14768347
19014939
11056864
11331949
10258587
81594
156042
20685475
24758826
22616176
31150
21188
27281
15864
309237
398156
231522
114501
114501
288
549
433136
518428
473563
518331
386625
426861
177388547
177370831
177388547
518331
426861
426861
4171461
3435187
2772194
3434843
3435187
3435187
426861
386625
426861
426861
386625
426861
177388547
177388547
177388547
177370831
177388547
3435187
3435187
2772194
3435187
426861
426861
426861
426861
426861
426861
3435187
3435187
2772194
3434843
3435187
1291688541
1236605924
539307777
1685243248
1525616949
2878522548
420336661
402411873
273923272
517055560
466652168
882887811
1316813
61518485
109909926
6343582
6073067
8259367
7477039
4614218
14146269
2640343
2390250
2157446
2065444
4942921
4995428
26949238
48147946
329654133
329671034
330101711
346664474
233065852
224245846
167889878
224538797
303609960
3071989
3071989
3137674
2089600
2690459
2171900
1564456
847582
2987087
2045052667
770690465
2180162211
4113513609
820051862
3312056863
1951346173
1291688541
1236605924
539307777
1685243248
1525616949
2878522548
633891761
3312056863
1951346173
563263834
565528768
623241113
683576495
665493718
391446337
666862952
1261678852
2661951025
820849
1732061490
882372920
2371850495
1703532
820849
79585115
79585115
237496671
1013436433
581050478
329654133
329671034
330101711
346664474
233065852
224245846
167889878
224538797
303609960
398228180
384678858
288003938
423935428
598678687
420336661
402411873
273923272
517055560
466652168
882887811
182927698
527080
52633403
1232362723
14957214
1369500051
1316813
634508
67346730
61518485
67346730
183582515
1013436433
581050478
10043412
10684962
6593886
20215534
3653685
24083784
6343582
6073067
8259367
7477039
4614218
14146269
2824261
24083784
3672903
4853871
3415754
6420583
4237331
4237331
4237331
6420583
1119786
4237331
4237331
5761055
6420583
2200212
34863638
1245163
7473525
4237331
3071989
3137674
2089600
2690459
2171900
847582
1564456
2987087
2498349
3216742
2834647
43730
2041844
4620919
2640343
2390250
2157446
2065444
4942921
4237331
4237331
4237331
351185
719031
2212016
2717117
3423907
4237331
47837
92207
3499345
3350606
4995428
1700741
29502401
26949238
962498
7473525
4237331
518331
386625
426861
179853
129882
148115
2174347278
2081624663
539307777
2895809292
2621518135
4957699881
13763638
13176703
2607730
18519682
16765497
33510739
177388547
177370831
177388547
736100036
704709871
273923272
924680773
837094978
1582200252
61518485
1316813
109909926
4831527
4625492
1298257
6096358
5518911
11790294
67371414
67364685
67371414
275264
5340
491791
21142202
20240617
27527222
24919842
15378493
69699813
518331
426861
426861
141661
135620
184444
166973
114501
2809398
4945880
3678182
2772194
4072671
4073078
4073078
9131986
8267004
7461820
7143619
24396605
26949238
48147946
179853
148115
148115
114501
104261
94107
90094
1825796
2434781
1223251
921255
1776296
1776296
1776296
2898916
1776296
329654133
329671034
330101711
346664474
233065852
224245846
167889878
224538797
303609960
6102587
6102900
6110873
6417484
4314536
4151259
3107993
4156683
5620455
426861
386625
426861
426861
386625
426861
3071989
3071989
3137674
2089600
2690459
2171900
1564456
847582
2987087
96545
96545
112261
148115
129882
148115
65671
84555
68258
49167
19439
106873
148115
129882
148115
1274649
1196239
114500
2005113
1223250
10596
921253
839727
210593
54663
4571
916331
11946
301832
1776295
5423
203440
2609129
3667638
3682139
4051459
15410494
7649466
1855257
7886725
16848760
67371414
24012052
2649
50919281
2649
30433909
8581239
9872451
356103
67503520
6909
9512890
356103
67371414
1121492
6071867
3172804
21791139
3726542
23958506
47888068
177388547
13142767
16643778
177388547
3945915
17857390
9631984
3442513080
770690465
3746244938
7084733779
820051862
3312056863
1951346173
2174347278
2081624663
539307777
2895809292
2621518135
4957699881
633891761
3312056863
1951346173
13763638
13176703
2607730
18519682
16765497
33510739
177388547
7726583
11767170
137119545
177370831
177388547
3050152
17857390
9631984
563263834
565528768
623241113
1902902986
1165422851
391446337
1196239225
2261021813
3947882977
820849
820849
79585115
4857263322
1703532
1477911724
79585115
237496671
1013436433
581050478
329654133
329671034
330101711
346664474
233065852
224245846
167889878
224538797
303609960
398228180
384678858
288003938
423935428
1666569096
736100036
704709871
273923272
924680773
837094978
1582200252
182927698
527080
634508
67346730
61518485
52633403
3434090771
2804570685
1316813
14957214
67346730
183582515
1013436433
581050478
6102587
6102900
6110873
6417484
4314536
4151259
3107993
4156683
5620455
2593024
2504631
1875184
2755847
13496565
4831527
4625492
1298257
6096358
5518911
11790294
67371414
882592
1701
31306740
2048
355659
5044878
6979834
301342
275264
235323
47725067
52179536
38976350
5340
62255
301342
52077418
67364685
67371414
866902
6071867
3172804
224284
238611
147251
4014732
4073078
3678182
2772194
1489011
711572
4073078
10926
618752
33473176
35611363
21976428
99603572
3653685
89638692
21142202
20240617
27527222
24919842
15378493
69699813
2824261
89638692
426861
426861
426861
426861
426861
426861
141661
135620
184444
166973
114501
2809398
4073078
3678182
2772194
1052733
418331
3148447
4072671
4073078
8445
618752
26424315
25871141
11813850
34863638
34863638
34863638
29624932
13755969
1119786
2200212
34863638
1245163
29217211
34863638
3137674
3071989
2987087
2089600
2690459
2171900
847582
1564456
25156131
17597833
22658036
18290926
43730
13175263
9131986
8267004
7461820
7143619
24396605
34863638
34863638
29624932
351185
719031
1700741
17934121
22355720
24117261
47837
92207
24648632
29502401
26949238
20130170
34863638
962498
29217211
34863638
112261
109911
148115
148115
148115
106873
74762
96260
77707
19439
55974
148115
148115
148115
1274650
859220
1106287
893061
154
266584
114501
104261
94107
90094
1825796
2005114
1223251
10597
10597
921255
839728
839728
210594
1785
4572
827540
916332
11948
660
267027
487902
1575025
1776296
207
1210235
395
1776296
1776296
1776296
1127214
1776296
1776296
5424
203441
2609129
827026748
2580695686
2315753981
406848226
794268503
719035363
1972124
108594735
194017119
13195732
11945832
7544627
4159387
3765410
7869399
22616176
40406428
62358512
65572885
42416942
31757000
57428962
892933
607383
782034
454739
1181851359
3309296821
827026748
2580695686
2315753981
816264389
1108177812
581400940
1027527734
2551293
140486626
62358512
65572885
42416942
31757000
57428962
555231973
415694783
977518765
406848226
794268503
719035363
1972124
118882972
108594735
17071030
10781548
13195732
11945832
7544627
5196656
5380908
10079502
29258051
892933
607383
782034
454739
3534822
4551250
2646474
4159387
3765410
7869399
24758826
22616176
827026748
3699771098
3349328651
4503610
26539202
24025408
108594735
1972124
406848226
1179329956
1067623782
194017119
386611
6623
2183513
8462289
7660741
690726
36089250
32670875
20161798
395815
330189
203765
22616176
11953826
10821559
40406428
473563
133476
120833
846075
62358512
65572885
42416942
31757000
57428962
1482819
1559254
1008630
755148
1365600
892933
607383
782034
454739
31150
21188
27281
15864
454618
157501
612638
4380808
17957609
3120320
10947478
500150
8568
6435824
34333183
1181851359
4786312684
827026748
3699771098
3349328651
4503610
26539202
24025408
816264389
2171769641
581400940
1525673286
140486626
2551293
62358512
65572885
42416942
31757000
57428962
555231973
415694783
1902043454
406848226
1179329956
1067623782
118882972
108594735
1972124
1482819
1559254
1008630
755148
1365600
2979873
2230991
15727337
2183513
8462289
7660741
423239
386611
6623
471852
291188
46687871
28811945
36089250
32670875
20161798
395815
330189
203765
21711422
15464403
29258051
892933
607383
782034
454739
14768347
19014939
11056864
11953826
10821559
24758826
22616176
31150
21188
27281
15864
309237
398156
231522
133476
120833
518428
473563
177370831
177388547
3434843
3435187
177388547
177370831
177388547
2604509
3435187
2604509
1672395
2013743
3434843
3435187
1503836
2604509
1291688541
1236605924
539307777
1685243248
1525616949
2878522548
420336661
402411873
273923272
517055560
466652168
882887811
1316813
61518485
109909926
6343582
6073067
8259367
7477039
4614218
14146269
2640343
2390250
2157446
2065444
4942921
4995428
26949238
48147946
329654133
329671034
330101711
346664474
233065852
224245846
167889878
224538797
303609960
210168853
3071989
3071989
200082200
2089600
2690459
2171900
1564456
847582
2045052667
770690465
2180162211
4113513609
1291688541
1236605924
539307777
1685243248
1525616949
2878522548
563263834
565528768
623241113
683576495
665493718
391446337
666862952
1261678852
1703532
820849
79585115
79585115
329654133
329671034
330101711
346664474
233065852
224245846
167889878
224538797
303609960
398228180
384678858
288003938
423935428
598678687
420336661
402411873
273923272
517055560
466652168
882887811
1316813
527080
634508
67346730
61518485
67346730
10043412
10684962
6593886
20215534
6343582
6073067
8259367
7477039
4614218
14146269
325123779
3672903
3415754
6420583
6420583
3020638
34863638
210168853
3071989
200082200
2089600
2690459
2171900
847582
1564456
309520085
2498349
3216742
2834647
43730
2041844
2640343
2390250
2157446
2065444
4942921
4995428
1939598
2334923
29502401
26949238
2174347278
2081624663
539307777
2895809292
2621518135
4957699881
177370831
177388547
13763638
13176703
2607730
18519682
16765497
33510739
61518485
1316813
736100036
704709871
273923272
924680773
837094978
1582200252
109909926
67364685
67371414
275264
5340
4831527
4625492
1298257
6096358
5518911
11790294
491791
24246724
23212749
31569320
28579073
17636672
69699813
4072671
4073078
184335
176474
240005
217272
146425
2809398
26949238
10367408
9385406
8471293
8110044
24396605
48147946
2608869
2609129
2016831
115170
104261
94107
90094
1825796
3603302
329654133
329671034
330101711
346664474
233065852
224245846
167889878
224538797
303609960
6102587
6102900
6110873
6417484
4314536
4151259
3107993
4156683
5620455
210168853
3071989
3071989
200082200
2089600
2690459
2171900
1564456
847582
7519527
96545
96545
7158642
65671
84555
68258
49167
19439
118949491
1263166
26
7453
160832
1345870
2609129
231560198
17548
148992
2609129
3667638
3682139
4051459
15410494
17498
1456726
7855252
8581239
9872451
67371414
5979212992
2649
7649466
1855257
7886725
16848760
356103
6909
356103
13142767
16643778
177388547
15743233546
21791139
3726542
23958506
47888068
3442513080
770690465
3746244938
7084733779
2174347278
2081624663
539307777
2895809292
2621518135
4957699881
7726583
11767170
177370831
177388547
12169359652
13763638
13176703
2607730
18519682
16765497
33510739
563263834
565528768
623241113
1902902986
820849
1165422851
391446337
1196239225
2261021813
79585115
1703532
79585115
329654133
329671034
330101711
346664474
233065852
224245846
167889878
224538797
303609960
398228180
384678858
288003938
423935428
1666569096
527080
634508
736100036
704709871
273923272
924680773
837094978
1582200252
67346730
61518485
1316813
67346730
6102587
6102900
6110873
6417484
4314536
4151259
3107993
4156683
5620455
2593024
2504631
1875184
2755847
13496565
10103
1019377
6647293
5044878
6979834
67364685
67371414
4621870921
1701
2048
4831527
4625492
1298257
6096358
5518911
11790294
301342
275264
5340
301342
3073531
1489011
711572
4073078
361485672
291847
310489
191609
4014732
38388377
40840536
25203447
99603572
24246724
23212749
31569320
28579073
17636672
69699813
1973561
2375808
1774648
3073531
1052733
418331
4072671
4073078
279424753
184335
176474
240005
217272
146426
2809398
1769963112
25871141
3020638
13412088
34863638
210168853
3071989
200082200
2089600
2690459
2171900
847582
1564456
1685017117
17597833
22658036
18290926
43730
13175263
1939598
2334923
10367408
9385406
8471293
8110044
29502401
26949238
24396605
7519527
109911
7158642
74762
96260
77707
19439
55974
85828990
859220
1106287
893061
154
266584
16
5217
136101
864204
1040345
777103
1345871
1210235
1844658
2608869
2609129
178993751
11268
13565
115170
104261
94107
90094
2207905
2016831
1825796
1127214
827026748
2580695686
2315753981
406848226
794268503
719035363
1972124
108594735
194017119
13195732
11945832
7544627
4159387
3765410
7869399
22616176
40406428
43203266
140824230
127485354
21187654
43902906
39744421
39341
2443240
4365133
627594
568148
436314
298279
623609
865179
198086
179323
198086
179323
274241
310396
252028
1678445
2998737
62358512
65572885
42416942
31757000
57428962
892933
607383
782034
454739
6582696
6922012
4477622
3352336
6062322
101816
69256
89170
51851
1181851359
3309296821
827026748
2580695686
2315753981
2801639324
1428972453
816264389
1108177812
581400940
1027527734
2551293
140486626
62358512
65572885
42416942
31757000
57428962
111941224
1997840821
32056031
555231973
415694783
977518765
406848226
794268503
719035363
1972124
118882972
108594735
17071030
10781548
13195732
11945832
7544627
6847894
5196656
5380908
10079502
29258051
892933
607383
782034
454739
81594
156042
4951095
3534822
4551250
2646474
4159387
3765410
7869399
24758826
22616176
61739042
182181217
145827168
81512337
43203266
140824230
127485354
145827168
63008209
81812236
37753687
30277930
39164836
30277930
56796226
45952302
24350444
50895
3160767
6582696
6922012
4477622
3352336
6062322
2260518
58093698
596681
20595379
15419486
34465904
21187654
43902906
39744421
45952302
18822646
39341
2674712
2443240
811904
623509
989958
426252
806749
1119264
627594
568148
436314
765227
989958
298279
623609
865179
144994
144994
256260
311678
256260
256260
354780
326044
2171367
101816
69256
89170
51851
1740
3480
102510
98626
126986
73840
198086
179323
240923
311678
198086
179323
274241
310396
252028
1837460
1678445
827026748
3699771098
3349328651
4503610
26539202
24025408
108594735
1972124
406848226
1179329956
1067623782
194017119
386611
6623
2183513
8462289
7660741
690726
36089250
32670875
20161798
395815
358323
221128
22616176
11953826
10821559
40406428
473563
133475
120832
846075
43203266
252572806
228649101
184853
1801573
1630928
2443240
39341
21187654
82184208
74399717
4365133
6349
99
86271
596268
539790
11343
2818157
2322331
4957303
4886292
4423462
2729800
124064
38510
221538
218364
197681
121993
2067156
1678444
1519462
1678444
1678444
1519462
2998736
128603
104420
94529
104420
104420
94529
186559
62358512
65572885
42416942
31757000
57428962
1482819
1559254
1008630
755148
1365600
892933
607383
782034
454739
31150
21188
27281
15863
6582696
6922012
4477622
3352336
6062322
154380
162338
105011
78620
142176
101816
69256
89170
51851
4849
3299
4247
2470
454618
172673
612638
4380808
17957609
3120320
10947478
500150
51853338
8568
12821768
6435824
34333183
1181851359
4786312684
827026748
3699771098
3349328651
4503610
26539202
24025408
816264389
2171769641
581400940
1525673286
140486626
5537899472
2551293
2093462525
62358512
65572885
42416942
31757000
57428962
555231973
415694783
1902043454
406848226
1179329956
1067623782
118882972
108594735
111941224
3915301314
1972124
32056031
1482819
1559254
1008630
755148
1365600
2979873
2230991
15727337
2183513
8462289
7660741
423239
386611
441636
36660370
6623
152291
512057
316000
46687871
28811945
36089250
32670875
20161798
395815
358323
221128
21711422
15464403
29258051
892933
607383
782034
454739
14768347
19014939
11056864
11953826
10821559
81594
156042
20685475
24758826
22616176
31150
21188
27281
15863
309236
398156
231521
133475
120832
288
549
433135
518428
473562
204045
93388
123285
771379
1023119
8213
3696026
129
361714
674809
345237
264162
2330655
145827168
81512337
61739042
326747897
145827168
63008209
43203266
252572806
228649101
674809
266864
184853
1801573
1630928
45952302
24350444
30277930
106319907
121911802
3160767
233793073
50895
66951232
6582696
6922012
4477622
3352336
6062322
45952302
18822646
20595379
15419486
21187654
82184208
74399717
106770783
2674712
2443240
2260518
165291972
39341
596681
154380
162338
105011
78620
142176
204045
72188
83860
62785
86271
596268
539790
896051
6950
6349
10606
2613094
99
2998
282493
174331
160498
55032
286599
6321288
3900983
3645788
3318695
6413155
4886292
4423462
2729800
2818157
2322331
4957303
6413155
218364
197681
121992
124064
38510
221538
286599
2171367
101816
69256
89170
51851
1476987
1740
1901690
3480
1535158
1105800
2067156
1837460
1678444
1519462
2171367
4849
3298
4246
2469
91886
4
118308
8
95505
45462
128602
114312
104420
94529
135086
612747
425016
389483
518520
297414
224886
426861
386625
518331
62670
22320
76099
177370831
177388547
426861
518331
3434843
3435187
3435187
4171461
17556651
17558405
62670
76099
463996
463996
463996
563423
426861
386625
426861
386625
62670
22320
62670
22320
177388547
177370831
177388547
2604509
3435187
2604509
426861
426861
1672395
2013743
3434843
3435187
1503836
2604509
17558405
17556651
17558405
463995
337918
215173
3439
463995
463995
8248786
7145820
556964
6980309
5000446
321589
62670
62670
463996
463996
337919
215174
3440
463996
463996
463996
463996
1291688541
1236605924
539307777
1685243248
1525616949
2878522548
420336661
402411873
273923272
517055560
466652168
882887811
1316813
61518485
109909926
6343582
6073067
8259367
7477039
4614218
14146269
2640343
2390250
2157446
2065444
4942921
4995428
26949238
48147946
34782020
80476013
72997002
68136333
65230735
27199971
88896271
80476013
16205562
25198502
20776360
22697536
21729625
14003020
27835038
25198502
25671
1351364
2414369
136573
292204
241104
247909
287130
390500
292204
180325
185593
251101
548482
93418
128130
128130
128130
128130
128130
128130
128130
128130
177390
163022
163022
3496952
6247711
329654133
329671034
330101711
346664474
233065852
224245846
167889878
224538797
303609960
3071989
3071989
3137674
2089600
2690459
2171900
1564456
847582
2987087
16883636
16884501
16906559
17754841
11936750
11485023
8598683
11500026
15549752
288192
288192
288192
288192
288192
288192
288192
196031
252399
203752
146766
45024
274360
2045052667
770690465
2180162211
4113513609
957371735
3312056863
1951346173
1291688541
1236605924
539307777
1685243248
1525616949
2878522548
740038629
3312056863
1951346173
1732061490
882372920
563263834
565528768
623241113
683576495
2371850495
2661951025
665493718
391446337
666862952
1261678852
300463286
1013436433
581050478
1703532
820849
79585115
79585115
329654133
329671034
330101711
346664474
233065852
224245846
167889878
224538797
303609960
52633403
1232362723
14957214
398228180
384678858
288003938
423935428
598678687
1369500051
182927698
420336661
402411873
273923272
517055560
466652168
882887811
232255068
1013436433
581050478
1316813
527080
634508
67346730
61518485
67346730
10043412
10684962
6593886
20215534
10745181
24083784
6343582
6073067
8259367
7477039
4614218
14146269
8305915
24083784
4237331
4237331
3672903
5761055
6420583
3415754
6420583
3393924
7473525
6420583
4853871
3194898
34863638
3071989
3137674
2089600
2690459
2171900
847582
1564456
2987087
2212016
2717117
3423907
4237331
47837
92207
3499345
2498349
3216742
2834647
43730
2041844
3350606
351185
2640343
2390250
2157446
2065444
4942921
2623469
7473525
4995428
4620919
2051492
2469624
29502401
26949238
24378859
60239320
115003155
107876152
38869750
115003155
114917571
97616284
49999957
7809906
24378859
34782020
80476013
68136333
65230735
27199971
88896271
80476013
72997002
97616284
38649459
49999957
49489337
22785296
19886132
20010827
22507645
23636960
66249186
73708049
7998797
28066572
36009578
35935642
20010827
36009578
35982780
31253887
15848569
33210
115562
23185715
46679870
1748230
33210
1748230
16883636
16884501
16906559
17754841
11936750
11485023
8598683
11500026
15549752
1130259
37662423
361007
14059518
13611583
10190811
15309946
20701332
38302800
5078865
2303844
7998797
16205562
25198502
22697536
21729625
14003020
27835038
25198502
20776360
31253887
12250783
15848569
25671
66725
16224719
39501566
1479392
1351364
21324
25671
1479392
454429
202244
417571
392499
417571
257691
506767
265220
324844
571420
612747
425016
389483
27057
454429
136573
292204
247909
287130
390497
292204
241104
180325
481847
506767
185593
251101
548482
518520
297414
224886
72496
72496
72496
72496
72496
110773
128129
138392
93417
128129
128129
155838
128129
110773
128129
177389
163021
193593
4523930
288192
288192
288192
288192
288192
288192
196031
252399
203752
45024
146766
274360
72497
72497
72497
72497
72497
1081
2056
72497
72497
72497
72497
72497
72497
72497
1351
72497
110774
8798
8798
138393
93418
128130
128130
128130
128130
128130
128130
155839
155839
128130
110774
128130
177390
163022
163022
163022
193594
193594
193594
2904885
3828253
3496952
426861
386625
518331
148115
129882
179853
62670
22320
76099
23941
7440
29071
2174347278
2081624663
539307777
2895809292
2621518135
4957699881
177370831
177388547
13763638
13176703
2607730
18519682
16765497
33510739
61518485
1316813
736100036
704709871
273923272
924680773
837094978
1582200252
109909926
67364685
67371414
275264
5340
4831527
4625492
1298257
6096358
5518911
11790294
491791
24810059
23752062
32302784
29243063
18046433
69699813
426861
518331
4072671
4073078
201303
192719
262097
237272
146424
2809398
4073078
4945880
26949238
10664012
9653916
8713651
8342067
24396605
48147946
148115
179853
2608868
2609129
2016830
115169
104260
94106
90093
1825796
3603303
2609129
3168228
138608941
89013729
139598633
133645605
27199971
187725355
169944002
840403
539701
20882944
20885030
837960
802226
119000
1144453
1036051
45227444
1351364
25671
48525477
46456163
14003020
61208350
55410693
2414369
374554
14834238
14835720
5434
85
396913
379987
73840
510348
462008
9709
5932928
3810086
4501230
2209665
8058130
6100367
5840224
7942700
7190367
4437308
62670
76099
572905
211947
146115
33766
1066753
1379897
1380035
743508
711802
1036191
938043
209131
1380035
1675756
4306812
3496951
3165720
2612104
3496951
3496951
3165720
2857387
2735537
6247711
29997
36424
1959111
1183206
865863
335459
2166692
2167124
1183206
1676209
1226639
808148
642765
3376386
2167124
3070093
329654133
329671034
330101711
346664474
233065852
224245846
167889878
224538797
303609960
6102587
6102900
6110873
6417484
4314536
4151259
3107993
4156683
5620455
426861
386625
426861
386625
3071989
3071989
3137674
2089600
2690459
2171900
1564456
847582
2987087
148115
96545
129882
96545
112261
148115
65671
84555
68258
49167
129882
19439
106873
16883636
16884501
16906559
17754841
11936750
11485023
8598683
11500026
15549752
431942
431964
432528
454230
305383
293826
219984
294210
402619
62670
22320
62670
22320
288192
288192
288192
196031
252399
203752
146766
45024
274360
288192
23940
7439
7439
29997
23941
7440
7440
7440
7440
7440
984
28558
29997
51163172
3667638
3682139
4051459
15410494
21314
2649
7649466
1855257
7886725
34638291
1536805
1864808
7855252
8581239
9872451
6071867
3172804
16848760
356103
67503520
6909
9512890
356103
67371414
21791139
3726542
23958506
4210056
13142767
16643777
17857390
9631984
47888068
177388547
3442513080
770690465
3746244938
957371735
3312056863
1951346173
7084733779
2174347278
2081624663
539307777
2895809292
2621518135
740038629
3312056863
1951346173
4957699881
13763638
13176703
2607730
18519682
16765497
3254330
7726583
11767170
17857390
9631984
33510739
137119545
177370831
177388547
563263834
565528768
623241113
1902902986
820849
1165422851
391446337
1196239225
300463286
1013436433
581050478
2261021813
79585115
4857263322
1703532
1477911724
79585115
329654133
329671034
330101711
346664474
233065852
224245846
167889878
224538797
303609960
398228180
384678858
288003938
423935428
1666569096
527080
634508
736100036
704709871
273923272
924680773
837094978
232255068
1013436433
581050478
1582200252
67346730
61518485
52633403
3434090771
182927698
2804570685
1316813
14957214
67346730
6102587
6102900
6110873
6417484
4314536
4151259
3107993
4156683
5620455
31456692
2593024
2504631
1875184
2755847
13496565
12306
1701
2048
4831527
4625492
1298257
6096358
5518911
355659
1187935
1304940
6647293
5044878
6979834
6071867
3172804
11790294
301342
275264
235323
47725067
52179536
882592
38976350
5340
62255
301342
52077418
67364685
67371414
318711
339070
209246
47012
3073531
4014732
1489011
711572
4073078
39280272
41789403
25789010
10745181
99603572
101051093
24810059
23752062
32302784
29243063
18046433
8305915
69699813
101051093
426861
426861
201303
192719
262097
237272
146424
36339
1973561
2375808
1774648
3073531
2809398
1052733
418330
3148447
4072671
4073078
26424315
25871141
3194898
13795799
3393924
34863638
3137674
3071989
2987087
2089600
2690459
2171900
847582
1564456
25156131
17597833
22658036
18290926
43730
13175263
2051492
2469624
10664012
9653916
8713651
8342067
2623469
17934121
22355720
24117261
47837
92207
24648632
29502401
26949238
24396605
351185
20130170
34863638
112261
109911
148115
106873
74762
96260
77707
19439
55973
148115
827539
968431
1281366
859219
1106285
893060
153
266583
15
11267
13564
115169
104260
94106
90093
659
267026
14505
5215
12072
22193
136100
864203
1040343
777101
1345870
487901
1575024
1804890
206
1210233
394
1844657
2207904
2016830
1825795
1784
1127213
2608868
2609129
96147
335739
432274
1326692
431903
106763
223172
170055
1480554
1455502
934714
20885030
24378859
221018108
97616284
49999957
38869750
242856172
240058176
154163747
7809906
24378859
139598633
133645605
97616284
38649459
49999957
27199971
187725355
169944002
138608941
89013729
38335
96147
197380
305618
837960
802226
431903
70055
172510
223172
119000
1144453
1036051
840403
539701
16143916
20882944
20885030
7998797
115562
19886132
76827466
31253887
15848569
20010827
79183900
23185715
94695980
78329852
1748230
235882047
33210
46714197
1748230
16883636
16884501
16906559
17754841
11936750
11485023
8598683
11500026
15549752
2303844
7998797
66725
14059518
48525477
46456163
31253887
12250783
15848569
13611583
10190811
14003020
61208350
55410693
15771177
16224719
82935071
66284499
45227444
1479392
1351364
1130259
166768879
5078865
136197655
21324
25671
361007
1479392
444722
444745
445326
467670
314419
302520
226493
302915
409587
11152
32767
221
160528
228852
74061
396913
379987
174642
47428
61786
79931
71776
53737
73840
510348
462008
85052
87498
766933
548939
374554
302357
5949
5434
19367
7583559
7825
10463816
11490347
28590
5962108
70
85
2003
5949
11467860
14834238
14835720
9658344
10275297
8248786
7145820
6598726
6341074
5823143
3157691
1125132
10424626
6100367
5840224
7942700
7190367
5932928
6980309
5000446
3810086
4437308
4501230
2209665
649648
8058130
27057
10424626
62670
62670
743507
711801
1036191
938043
682524
680321
358230
211947
209131
133641
146115
28367
31662
33766
4724
886141
1066753
86
693995
1379897
1380035
288192
196031
252399
203752
45024
146766
274360
288192
1957052
2900893
3129472
3077226
1080
3962073
2055
3198423
2904884
1350
1669447
4306812
3828252
3496951
3165720
2857387
2735537
8797
8797
2612104
288663
4523930
20404
26271
21207
983
15276
28557
29997
