1
850
8064043
8064043
1
465
5583910
5583910
50
90314
93412178
14
49309
64682832
1
6346
1946320
1
10
78859
78859
1
850
8064043
8064043
1
465
5583910
5583910
1
6
54606
54606
50
90314
93412178
14
49309
64682832
1
6346
1347721
1
850
8064043
8064043
1
465
5583910
5583910
50
90314
93412178
14
49309
64682832
1
6346
1946320
1
10
78859
78859
1
850
8064043
8064043
1
465
5583910
5583910
1
6
54606
54606
50
90314
93412178
14
49309
64682832
1
6346
1347721
850
8064043
8064043
243
465
5583910
5583910
185897
93412178
52837
101496
64682832
13092
1946320
10
78859
78859
850
8064043
8064043
243
465
5583910
5583910
4
6
54606
54606
185897
93412178
52837
101496
64682832
3722
7148
1347721
850
8064043
8064043
243
465
5583910
5583910
628254
93412178
178570
343014
64682832
334120
5229
334120
231360
1487
2856
231360
6547234
1860923
4533602
3574657
13090
1946320
8
78857
78857
848
8064043
8064043
241
463
5583910
5583910
2
4
54604
54604
628254
93412178
178568
343014
64682832
3720
7146
1347720
5394
84
5394
334119
5228
334119
231359
1485
2854
231359
3735
23
46
3735
6547234
1860922
4533602
3574656
102714
250235
197305
40176590
835133
41707132
111
35
17266849
55176
57278
35
35
23713
944174
980143
142162933
2955078
147578681
18797182208
390728771
19513267556
52042
465
8078537779
394
5
61097914
71760572
74494316
86
200
30840819
3
4
405781
127785
132653
174204
304857
5212164
17452
152196
1111148
166383
351946
514902
310975
40176590
835133
41707132
111
35
17266849
55176
57278
35
35
23713
424277
339824
424277
185537
979916
20369
1017247
102596
82174
35
18
421142
102596
46384
54976
96208
43681
278757
2035146
54976
52527
17452
152196
1111148
2627
2727
17763
31086
416432
644614
569574
6
12
1129
17763
16972
166383
351946
514902
310975
35581725
6646888
259773926
961831
179676
7022106
142186031
85873338
62841559
4711868
2845735
2082491
944174
980143
142162933
2955078
147578681
18797182208
390728771
19513267556
52042
465
8078537779
394
5
61097914
71760572
74494316
86
200
30840819
3
4
405781
6947064
144405
7211715
111052
88948
335443
268672
33768658
27046956
33768658
14767088
335443
146690
671250505
13952989
696822032
10730131
8594282
1858
18
288485928
10730131
4692303
21
2
2985667
111052
48564
429863
752260
1761661
449702
12861479
15902247
27828933
65170419
16636167
475794122
15902247
15194032
35581725
6646888
259773926
429863
410719
961831
179676
7022106
3856036
4002933
5256798
9199396
157283028
6
12
1657223
5256798
5022683
142186031
85873338
62841559
2
2
54919
174204
166448
4711868
2845735
2082491
257701
2947257
18353
39920
2040814
18353
40176590
835133
41707132
111
35
17266849
55176
57278
35
35
23713
944174
980143
142162933
2955078
147578681
18797182208
390728771
19513267556
52043
465
8078537779
395
5
61097914
71760572
74494316
87
200
30840819
3
4
405782
2316
8697687
3980799
1264
8697687
3980799
20088295
417566
74268286
20853566
61369066
579
2174421
995199
55
35
1057
8633424
9499598
316
2174421
995199
728
764017
397
764017
27588
111283
28639
84280
182
224702
1125285
1125285
35
35
13
11856
13046
99
224702
32425
317855
431568
1125285
1125285
165509
660
1850211
520
726122
1911291
2
7914
257701
2947257
18353
74780144
80274241
20436496
142351983
2959009
188917
76232180
147774932
147197660
2
49452
22633
5
179743
82265
2316
53908403
24673060
1264
53908403
24673060
3
179743
82265
16590829329
344866283
74268286
17222862878
579
13474945
6167278
45935
411
1057
7130304959
2666005865
316
13474945
6167278
191
396
5
13
17507599
61179163
80682111
22874758
80366932
2
49452
22633
2
24495
728
6436825
397
6436825
2
24495
76034392
125386
78930949
182
1883181
3101350543
3101350543
92
212
13
32677595
12218083
99
1883181
89366261
876027091
1189428465
3101350543
3101350543
4
58830
142
660
4
7
13
242048
462691
845815
1115448
316249
1911291
2
7914
39920
2040814
18353
2154832
21123088
28679937
74780144
80274241
3161993
49113
2189507
489459
19624
127784
132652
174203
5212164
17452
152196
1111148
166383
351946
514902
310975
40176590
835133
41707132
111
35
17266849
55176
57278
35
35
23713
424277
194185
424277
106021
979916
20369
1017247
102596
46956
35
18
421142
102596
26505
54976
43681
278757
2035146
30015
54976
17452
152196
1111148
2627
2727
17763
416432
644614
569574
6
12
1129
9698
17763
166383
351946
514902
310975
35581725
6646888
259773926
961831
179676
7022106
142186031
85873338
62841559
4711868
2845735
2082491
944174
980143
142162933
2955078
147578681
18797182208
390728771
19513267556
52042
463
8078537779
393
3
61097914
71760572
74494316
85
198
30840819
1
2
405781
6947064
144405
7211715
111050
50826
335443
153527
33768658
15455403
33768658
8438336
335443
83822
671250505
13952989
696822032
10730131
4911018
1858
16
288485928
10730131
2681316
19
0
2985667
111050
27750
429863
1761661
449702
12861479
15902247
65170419
16636167
475794122
8682304
15902247
35581725
6646888
259773926
234696
429863
961831
179676
7022106
3856036
4002933
5256798
157283028
4
10
1657223
2870105
5256798
142186031
85873338
62841559
0
0
54918
95111
174203
4711868
2845735
2082491
8960
119206
870295
85419
230586
319593
193018
28631
8697687
3980799
15632
8697687
3980799
20088295
417566
20853566
61369066
81031000
7157
2174421
995199
55
35
8633424
9499598
1153
3908
2174421
995199
5495
764017
3000
764017
27588
28639
84280
111283
1616
224702
1125285
35
35
11856
13046
136
882
224702
32425
317855
431568
1125285
28382
212138
97092
84
28382
212138
53010
97092
489958
10184
508623
1496806
1976365
7095
53034
24273
35
17
210571
231697
136
28
7095
53034
13252
24273
26637
37356
22425
218334
1594008
169
26637
20395
37356
8960
119206
870295
1348
1400
4120
5441
8314
10648
55020
55020
213792
399948
338911
8
16
579
637
80
104
8314
5813
10648
1585
15541
21101
55020
30039
8516
46
85419
230586
319593
193018
315
45414296
8483673
331559248
3059538
571541
22336979
195054974
117803568
86207896
32765388
19379374
12385476
287551
1594
1968046
1053926
2043020
19297
2682968
3161991
49111
80274241
20799045
142351983
2959008
76232180
147774932
147197660
7490
2275537
1041478
22669
6886407
3151804
2755749
837137963
383145374
1504583
837137963
383145374
12376
6886407
3151804
16590829329
344866283
17222862878
873034
265209157
121382217
45934
409
7130304959
245232
2666005865
476658
265209157
121382217
189
394
3
17507599
61179163
80682111
2104
22874758
80366932
4089
2275537
1041478
45860
6376159
2266907
315179311
1237685
315179311
25038
6376159
76034392
78930949
745532
103655009
3101350543
90
210
32677595
1123
12218083
407045
103655009
89366261
876027091
1189428465
3101350543
2
58829
140
1594
2
5
242046
462690
845815
1115447
29
316248
2043020
10535
2682968
2189506
489459
19622
2313124
22674769
30786738
80274241
9744891
29934493
11333062
235575
11764799
11718841
33990
181162
74979
82915
72751851
82609
440291
6371
201514
5814856
30992099
14184614
82
5814856
30992099
7744511
14184614
72751851
1
82609
440291
1990
110022
201514
626968976
13032528
650853582
1880418
10022278
4587045
1735
15
269454884
9267
100748608
26
1880418
10022278
2504433
4587045
88
29934493
31
0
2701921
4870654
6423341
167
1821127
6398249
0
33990
181162
23418
45270
82915
2659693
47810
1367374
5603758
1430481
40911741
20296637
83179461
21233367
607273961
11081551
288
20296637
45414296
8483673
331559248
2659693
14932
746558
19
1367374
3059538
571540
22336979
5289823
5491341
7211430
215765477
6
14
2273427
78
850029
3937294
102
7211430
6217341
60946481
82750271
195054974
117803568
86207896
33399326
181261
215765477
6
156317
7445
84627
2356264
1
2
211848
381891
404964
503631
13
142788
922436
378358
661387
17
1211378
988576
220994
8859
1044390
10237806
13900413
1094578
4900940
22353736
32765388
19788675
14481226
5610428
30448
36244344
80038
2851
109372
20599
3292
28149
1736
2372
387
446
610
446
732998
154570
550927
55710
2864
93737
164041
70454
59124
3488
200323
7137
200323
80038
2851
109372
149203
51557
8240
51557
31463
732998
154570
550927
55710
2864
112142
20599
3292
28149
11340
583
4345
4345
968
1736
2372
387
2440
1118
1118
4270
93737
164041
70454
59124
3488
1833
446
610
446
1539
79
17349720
618202
23708489
135211
5617
179887
5611911
896918
7668707
52547
8399
71805
1590164
2172968
354517
38290
52325
8537
531295
726018
531295
13978
19101
13978
4768831
1005620
3584287
362447
18633
109724
23138
82469
8339
443
568823
995441
437856
367443
18534
16441
28772
12966
10880
660
296598
34985
34985
519047
1478880
115786
21020
115786
311856
327260
14056
327260
43423756
1547267
43423756
17349720
618202
23708489
135211
5617
179887
157943383
14045774
2244852
14045774
33306069
4768831
1005620
3584287
362447
18633
118711352
5611911
896918
7668707
12004236
617153
113397
23912
85230
8618
443
1111536
52547
8399
71805
112400
5781
80009
80009
21366
3979943
3979943
887304
1590164
2172968
354517
38290
52325
8537
14164794
1329754
1329754
24788389
582560
1019481
437856
367443
18890
10646358
531295
726018
531295
8934278
459322
20322
35565
15274
12818
660
222926
13978
19101
13978
187076
9619
80038
2851
109372
20599
3292
28149
1736
2372
387
446
610
446
732998
154570
550927
55710
2864
93737
164041
70454
59124
3488
200323
7137
200323
80038
2851
109372
149203
51557
5241706
108957
8240
51557
31463
732998
154570
550927
55710
2864
112142
20599
35
2170078
35
3292
28149
11340
583
4345
4345
968
1736
2372
387
2440
1118
5040
1118
4270
93737
164041
70454
59124
3488
1833
446
35
35
2086
610
446
1539
79
17349720
618202
23708489
135211
5617
179887
5611911
896918
7668707
52547
8399
71805
1590164
2172968
354517
38290
52325
8537
531295
726018
531295
13978
19101
13978
4768831
1005620
3584287
362447
18633
109724
23138
82469
8339
443
568823
995441
437856
367443
18534
16441
28772
12966
10880
660
296598
34985
612638
34985
519047
1478880
115786
51954817
1079961
21020
115786
311856
327260
14056
327260
43423756
1547267
43423756
17349720
618202
23708489
135211
5617
179887
157943383
14045774
5548737352
115339166
2244852
14045774
33306069
4768831
1005620
3584287
362447
18633
118711352
5611911
15362
2297190063
138
896918
7668707
12004236
617153
113397
23912
85230
8618
443
1111536
52547
145
21509414
3
8399
71805
112400
5781
80009
80009
21366
3979943
3979943
887304
1590164
2172968
354517
38290
52325
8537
14164794
1329754
29258051
1329754
24788389
582560
1019481
437856
367443
18890
10646358
531295
36
82
12112900
726018
531295
8934278
459322
20322
35565
15274
12818
660
222926
13978
2
2
253633
19101
13978
187076
9619
80038
2851
109372
20599
3292
28149
1736
2372
387
446
610
446
732998
154570
550927
55710
2864
93737
164041
70454
59124
3488
200323
7137
200323
80038
2851
109372
149203
51557
8240
51557
31463
732998
154570
550927
55710
2864
112142
20599
3292
28149
11340
583
4345
4345
968
1736
2372
387
2440
1118
1118
4270
93737
164041
70454
59124
3488
1833
446
610
446
1539
79
17349720
618202
23708489
157609
5617
215374
5611911
896918
7668707
52547
8399
71805
1986053
2713953
442778
38290
52325
8537
667540
912198
667540
13978
19101
13978
4768831
1005620
3584287
362447
18633
109724
23138
82469
8339
443
568823
995441
437856
367443
18534
16441
28772
12966
10880
660
296598
34985
34985
519047
1478880
131515
21020
131515
311856
394472
14056
394472
43423756
1547267
43423756
17349720
618202
23708489
157609
5617
215374
157943383
14045774
2244852
14045774
33306069
4768831
1005620
3584287
362447
18633
118711352
5611911
896918
7668707
12004236
617153
113397
23912
85230
8618
443
1111536
52547
8399
71805
112400
5781
95835
95835
21366
4970795
4970795
1108209
1986053
2713953
442778
38290
52325
8537
14164794
1670755
1670755
24788389
582560
1019481
437856
367443
18890
10646358
667540
912198
667540
8934278
459322
20322
35565
15274
12818
660
222926
13978
19101
13978
187076
9619
270172
270172
472801
80038
2851
109372
20599
3292
28149
1736
2372
387
446
610
446
25255
899
34511
7102
1135
9705
422
136
338
1476
577
136
136
136
369
489
295
148
136
732998
154570
550927
55710
2864
93737
164041
70454
59124
3488
189255
39908
142245
14384
739
19915
34851
14968
12561
645
200323
7137
200323
80038
2851
109372
5241706
108957
149203
51557
8240
51557
31463
732998
154570
550927
55710
2864
35
2170078
35
112142
20599
3292
28149
11340
583
4345
4345
968
1736
2372
387
5040
2440
1118
1118
4270
93737
164041
70454
59124
3488
35
35
2086
1833
446
610
446
1539
79
63210
29996
2252
63210
24026
25255
29996
899
34511
13117
103198
2145
6067
17775
8193
2840
17775
1279
6562
189255
39908
142245
14384
739
35
42724
7
4560
7102
8193
1135
9705
461
61
3583
1056
1896
136
370
2704
1056
235
3318
422
1896
136
338
1476
577
136
1811
70
70
272
474
272
676
542
272
122
829
19915
34851
14968
12561
645
4
8
35
52
136
474
136
369
489
295
148
136
61
61
452
17349720
618202
23708489
157609
5617
215374
5611911
896918
7668707
52547
8399
71805
1986053
2713953
442778
38290
52325
8537
667540
912198
667540
13978
19101
13978
12514128
445901
17100626
182865
6516
249885
4148871
663089
5669455
65590
10484
89629
479600
89592
3501452
2488931
3401138
554892
21434
4005
156477
111228
151994
24799
1962945
1185522
867557
867557
1185522
867557
122120
73755
53973
53973
73755
53973
4768831
1005620
3584287
362447
18633
109724
23138
82469
8339
443
568823
995441
437856
367443
18534
16441
28772
12966
10880
660
771610
162712
579947
58645
3015
16201
3815
12415
1376
73
100501
175876
75537
63389
3301
2425
4243
2048
2918
157
296598
34985
612638
34985
519047
1478880
131515
51954817
1079961
21020
131515
311856
394472
14056
394472
43423756
1547267
43423756
17349720
618202
23708489
157609
5617
215374
157943383
14045774
5548737352
115339166
2244852
14045774
33306069
4768831
1005620
3584287
362447
18633
118711352
5611911
15362
2297190063
138
896918
7668707
12004236
617153
113397
23912
85230
8618
443
1111536
52547
145
21509414
3
8399
71805
112400
5781
95835
95835
21366
4970795
4970795
1108209
1986053
2713953
442778
38290
52325
8537
14164794
1670755
29258051
1670755
24788389
582560
1019481
437856
367443
18890
10646358
667540
36
82
12112900
912198
667540
8934278
459322
20322
35565
15274
12818
660
222926
13978
2
3
253633
19101
13978
187076
9619
43424
164161
217734
3703259
76979
26238
164161
34783
45916
124637
457683
16309
457683
99829
8529342
31320994
1116023
31320994
6831563
8529342
12514128
445901
17100626
3729895
124637
182865
6516
249885
54505
2746761
10384004
13772828
234250615
4869264
1659613
10384004
2200014
2904324
771610
162712
579947
58645
3015
2746761
4148871
10351754
649
96980295
7
663089
5669455
1201163
1046781
53818
18096
3815
13601
1376
73
43424
65590
163650
12
1533157
2
10484
89629
18992
16550
852
278388
39257
10022
286599
278388
62066
501548
6229422
878421
224237
6413155
6229422
1388812
11223021
2488931
479600
89592
3501452
6413155
3401138
554892
6127541
111228
21434
4005
156477
286599
151994
24799
273835
2171367
2171367
3799892
101816
178178
76525
64219
3301
4
1632014
8
898950
1962945
1185522
867557
2171367
1185522
867557
1369564
70413
2074663
4849
8485
3644
3059
157
1
101532
1
55926
122120
73755
53973
135086
73755
53973
85204
4382
129071
2851
109372
80038
3292
28149
20599
136
1429938
3587930
2372
1736
387
610
446
10692
15974301
40081910
88325
732998
31834
1636
550927
93737
33785
70454
1993
7137
200323
2851
109372
80038
17978
149203
8240
51557
150
2619033
88325
732998
31834
1636
550927
6480
333
112142
3292
28149
20599
136
1813537
1429938
4345
968
2372
1736
387
2440
1118
19584
29258051
93737
33785
70454
1993
879
1833
45
610
446
10692
20259602
15974301
618202
23708489
17349720
5617
179886
135210
896918
7668707
5611911
1429938
22375
3587930
8399
71805
52547
13390
210
33597
2172968
1590164
354517
52325
38292
8538
726018
531295
15974301
40081910
19102
13978
334488
839280
574640
4768831
207112
10647
3584287
13221
109724
4765
254
82469
568823
209967
437856
10591
16441
6217
12966
377
296599
34985
612638
178204
1478881
21019
115786
24524
385
14057
327260
1547267
43423756
618202
23708489
17349720
5617
179886
135210
19032039
157943383
2244852
14045774
2619033
40982
574640
4768831
207112
10647
3584287
6859563
352659
118711352
896918
7668707
5611911
1813537
1429938
22375
13664
113397
4924
254
85230
64229
3303
1111537
8399
71806
52547
16982
13390
211
80009
21367
3979943
887304
2172968
1590164
354517
52325
38292
8538
14164794
1329754
29258051
582560
209967
437856
10794
5105301
10646358
262471
726018
531295
20259602
15974301
20322
7325
15275
377
106902
222926
5497
19102
13978
424218
334488
107749809
107728287
107749809
336920
452574
452665
107749809
107749809
107749809
107728287
107749809
336920
452665
336920
452574
452665
22037
17527
1425
54686
40019
700807
6458
5137
1646
14074
10299
180369
136
1254192
3146955
502
399
1186
868
193
15201
398
291
192
152
5107
6979
19034838
47761254
571393
575571
682040
4776562
236558
207448
10665
245822
3590098
61924670
240943
240943
55980758
86841
181094
99751
4464
5
83717
3568
100161
1754016
22037
17527
1425
54686
40019
700807
8924
8989
10652
74601
24536
4120
25778
451437
1
136
243
2297140
2297140
571393
575571
682040
4776562
236558
207448
10665
245822
3590098
3694
3240
166
3839
56071
6458
5137
1646
14074
10299
180369
1
136
133
1590644
1254192
1590644
1907
2172
484
38045
502
399
1186
868
193
15201
452830
1592
730
12784
3
12784
16797
34863638
61924670
240943
55980758
86841
181094
99751
5
4464
409364
574
1197
659
28
35
398
291
192
152
5107
1
6979
10064
24141165
19034838
7660563
6092870
494599
19009989
13911388
260791360
83687
76625
6235
127358
100643
3063732
109779476
177353115
177388547
2851360
2267844
726724
6213542
4547030
86196567
1254192
19625
3146955
42897
34118
10934
81035
68406
1197912
35099585
67357957
67371414
17431
274
43736
706779
562140
1669378
1216060
272357
39217704
52226
41538
80009
80009
20126
1580752
336920
2838247
2838815
558139
405976
267469
214026
13929572
19034838
47761254
80009
59530
39221
31195
1042463
109497
943462
943462
943462
1866559
2847422
2868243
3398809
23803026
1178839
1033777
53489
1225005
17890521
44846
45174
53531
374897
18566
16281
1043
19293
281775
193618706
1537052
1537052
175033987
553987
1181102
671076
29118
5
6927388
32310
32310
6262460
12644
26367
13376
1329
2
109098668
1129313
80009
1401099
109497
18353
1
943462
166521043
6346
943462
230304
231989
274902
1925231
89370
27364
90910
2998194
35099585
1
1239988
1469947
67371414
11891054571
5
31926
501
31926
190571
15603
228004
7668063
109779476
114158
530131
177388547
31309078545
29101887
1237908
34818125
652721787
7660563
6092870
494599
19009989
13911388
260791360
83687
76625
6235
127358
100643
3063732
109779476
20069
219476
177353115
177388547
17094120973
16571726
16692904
19780744
138531334
10832097
1817346
11380538
215737121
1
243
2297140
35945
2297140
3015898
3037952
3599909
25211403
1248589
1094944
56292
1297486
18949067
6860732
6016488
309316
7129413
104121120
2851360
2267844
726724
6213542
4547030
86196567
1
133
1590644
1254192
19625
1590644
55830
56238
66641
466715
23113
20269
1043
24019
350786
95347
83615
4300
99082
1447017
42897
34118
10934
81035
68406
1197912
35099585
1
217980
608562
67357957
67371414
6492274279
3
22107
17431
274
22107
80009
80009
50370
3956387
336920
557898
142417
2838815
501050847
2684999
3043616
681669
98156052
706779
562140
1669378
1216060
272357
39217704
52226
41538
80009
80009
20126
1580752
336920
230972
25037
2838247
2838815
363668429
1630583999
16878645
1016097
34863638
3
16797
34863638
193618706
2004203
175033987
722358
1506373
829744
5
37137
1474070476
6083433
12686107
6987797
28
312758
558139
405976
267469
214026
13929572
1
10064
24141165
19034838
6927388
71707
6262460
25845
53896
29687
2
1329
109098668
455273
949405
522954
2
23408
80009
59530
39221
31195
1042463
109497
18353
18353
1
458666
943462
943462
943462
166521043
6346
943462
943462
2851
109372
80038
3292
28149
20599
136
1429938
3587930
2372
1736
387
610
446
10692
15974301
40081910
88325
732998
31834
1636
550927
93737
33785
70454
1993
7137
200323
2851
109372
80038
17978
149203
8240
51557
5241706
108957
150
2619033
88325
732998
31834
1636
550927
6480
333
112142
3292
28149
20599
35
2170078
35
136
1813537
1429938
4345
968
2372
1736
387
2440
1118
5040
19584
29258051
93737
33785
70454
1993
879
1833
45
610
446
35
35
2086
10692
20259602
15974301
618202
23708489
17349720
5617
179886
135210
896918
7668707
5611911
1429938
22375
3587930
8399
71805
52547
13390
210
33597
2172968
1590164
354517
52325
38292
8538
726018
531295
15974301
40081910
19102
13978
334488
839280
574640
4768831
207112
10647
3584287
13221
109724
4765
254
82469
568823
209967
437856
10591
16441
6217
12966
377
296599
34985
612638
178204
1478881
21019
115786
24524
51954817
385
1079961
14057
327260
1547267
43423756
618202
23708489
17349720
5617
179886
135210
19032039
157943383
2244852
14045774
2619033
5548737352
40982
115339166
574640
4768831
207112
10647
3584287
6859563
352659
118711352
896918
7668707
5611911
1813537
1429938
15363
2297190063
22375
138
13664
113397
4924
254
85230
64229
3303
1111537
8399
71806
52547
16982
13390
145
21509414
211
3
80009
21367
3979943
887304
2172968
1590164
354517
52325
38292
8538
14164794
1329754
29258051
582560
209967
437856
10794
5105301
10646358
262471
726018
531295
36
83
12112900
20259602
15974301
20322
7325
15275
377
106902
222926
5497
19102
13978
2
2
253634
424218
334488
609801
180261
426861
107749809
107728287
107749809
609801
426861
426861
646664
336920
89306
452574
452665
452665
426861
180261
426861
426861
180261
426861
107749809
107749809
107749809
107728287
107749809
452665
336920
89306
452665
426861
426861
426861
426861
426861
426861
452665
336920
89306
452574
452665
22037
17527
1425
54686
40019
700807
6458
5137
1646
14074
10299
180369
136
1254192
3146955
502
399
1186
868
193
15201
398
291
192
152
5107
6979
19034838
47761254
571393
575571
682040
4776562
236558
207448
10665
245822
3590098
240943
240943
683015
86841
181094
99751
4464
5
617455
83717
3568
100161
1754016
109
822986
376668
22037
17527
1425
54686
40019
700807
59
822986
376668
8924
8989
10652
74601
24536
4120
25778
451437
4615192
1
2620853
54478
7712796
136
243
2297140
2297140
27
208095
95242
571393
575571
682040
4776562
236558
207448
10665
245822
3590098
3694
3240
166
3839
56071
6458
5137
1646
14074
10299
180369
65
1
35
1085039
35
1193899
136
133
1590644
1254192
1590644
14
208095
95242
1907
2172
484
38045
25
68256
502
399
1186
868
193
15201
13
68256
1592
4994
730
12784
3290
3290
3290
7020
3
3290
3290
9682
12784
16797
34863638
7
21347
3290
240943
683015
86841
181094
99751
5
4464
617455
574
1197
659
28
35
4515
398
291
192
152
5107
3290
3290
3290
13
1
94
929
1261
3290
35
35
1362
1498
6979
10064
24141165
19034838
4
21347
3290
609801
180261
426861
211592
60209
148115
7660563
6092870
494599
19009989
13911388
260791360
83687
76625
6235
127358
100643
3063732
109779476
177353115
177388547
2851360
2267844
726724
6213542
4547030
86196567
1254192
19625
3146955
42897
34118
10934
81035
68406
1197912
35099585
67357957
67371414
17431
274
43736
706779
562140
1669378
1216060
272357
39217704
609801
426861
426861
52226
41538
80009
80009
20126
1580752
5818682
336920
89306
2838247
2838815
2838815
558139
405976
267469
214026
13929572
19034838
47761254
211592
148115
148115
80009
59530
39221
31195
1042463
2001570
109497
26959
943462
943462
943462
1866559
943462
2847422
2868243
3398809
23803026
1178839
1033777
53489
1225005
17890521
44846
45174
53531
374897
18566
16281
1043
19293
281775
426861
180261
426861
426861
180261
426861
1537052
1537052
2135572
553987
1181102
671076
29118
5
1930587
32310
32310
76407
148115
60209
148115
12644
26367
13376
1329
2
69073
148115
60209
148115
1203334
1129311
80008
1401097
109495
659
26957
18352
277
11
0
486700
6345
160315
943461
1
255
2609129
230304
231989
274902
1925231
89370
27364
90910
2998194
35099585
38330
1
30243607
5
7162904
1239988
1469947
31926
67635627
501
1405913
31926
67371414
2
4538
2077
190571
15603
228004
7668063
109779476
114158
530131
177388547
2
16992
7776
29101887
1237908
34818125
652721787
109
4279369
1958602
7660563
6092870
494599
19009989
13911388
260791360
59
4279369
1958602
83687
76625
6235
127358
100643
3063732
109779476
20069
219476
96850543
177353115
177388547
2
16992
7776
16571726
16692904
19780744
138531334
10832097
1817346
11380538
215737121
4615192
1
243
2297140
4866769171
35945
101163393
2297140
27
867509
397045
3015898
3037952
3599909
25211403
1248589
1094944
56292
1297486
18949067
6860732
6016488
309316
7129413
104121120
2851360
2267844
726724
6213542
4547030
86196567
65
1
133
1590644
1254192
13475
2014853663
753349501
19625
122
1590644
14
867509
397045
55830
56238
66641
466715
23113
20269
1043
24019
350786
95347
83615
4300
99082
1447017
42897
34118
10934
81035
68406
1197912
35099585
13
1
6945793
3
106
217980
608562
22107
17431
189
28001305
36927679
10469628
274
3
22107
36783423
67357957
67371414
2
4538
2077
80009
80009
50370
3956387
4073078
336920
89306
557898
142417
2838815
2
1028
2684999
3043616
681669
98156052
25
447180
706779
562140
1669378
1216060
272357
39217704
13
447180
426861
426861
426861
426861
426861
426861
52226
41538
80009
80009
20126
1580752
4073078
336920
89306
230972
25037
2060444
2838247
2838815
2
1028
17984992
16878645
1016097
34863638
21597727
8381005
134370
7020
3
16797
34863638
7
125235
34863638
2135572
2004203
1930587
722358
1506373
829744
5
37137
16258682
6083433
12686107
6987797
28
312758
558139
405976
267469
214026
13929572
21597727
8381005
134370
13
1
10064
1004605
9847803
13370885
43
98
14433626
24141165
19034838
5396702
34863638
4
125235
34863638
76407
71707
148115
148115
148115
69073
25845
53896
29687
2
1329
148115
148115
148115
1203335
455273
949405
522954
2
23408
80009
59530
39221
31195
1042463
1401099
109497
660
660
26959
18353
18353
278
13
1
309117
486701
6346
5
90705
75183
736992
943462
4
458666
8
943462
943462
943462
403880
943462
943462
2
257
2609129
2851
109372
80038
3292
28149
20599
136
1429938
3587930
2372
1736
387
610
446
10692
15974301
40081910
88325
732998
31834
1636
550927
93737
33785
70454
1993
7137
200323
2851
109372
80038
17978
149203
8240
51557
150
2619033
88325
732998
31834
1636
550927
6480
333
112142
3292
28149
20599
136
1813537
1429938
4345
968
2372
1736
387
2440
1118
19584
29258051
93737
33785
70454
1993
879
1833
45
610
446
10692
20259602
15974301
618202
23708489
17349720
5617
215374
157610
1429938
22375
896918
7668707
5611911
3587930
13390
210
8399
71805
52547
33597
2713953
1986053
442778
52325
38292
8538
15974301
912198
667541
40081910
334488
19102
13978
839280
574640
4768831
207112
10647
3584287
13221
109724
4765
254
82469
568823
209967
437856
10591
16441
6217
12966
377
296599
34985
612638
178204
1478881
21019
131517
24524
385
14057
394473
1547267
43423756
618202
23708489
17349720
5617
215374
157611
19032039
157943383
2244852
14045774
2619033
40982
574640
4768831
207112
10647
3584287
6859563
352659
118711352
896918
7668707
5611911
1813537
1429938
22375
13664
113397
4924
254
85230
64229
3303
1111537
8399
71806
52547
16982
13390
211
95836
21367
4970795
1108209
2713953
1986053
442778
52325
38292
8538
14164794
1670755
29258051
582560
209967
437856
10794
5105301
10646358
262471
912198
667541
20259602
15974301
20322
7325
15275
377
106902
222926
5497
19102
13978
424218
334488
107728287
107749809
452574
452665
107749809
107728287
107749809
233840
452665
233840
66465
127672
452574
452665
36198
233840
22037
17527
1425
54686
40019
700807
6458
5137
1646
14074
10299
180369
136
1254192
3146955
502
399
1186
868
193
15201
398
291
192
152
5107
6979
19034838
47761254
571393
575571
682040
4776562
236558
207448
10665
245822
3590098
61924670
240943
240943
55980758
86841
181094
99751
4464
5
83717
3568
100161
1754016
22037
17527
1425
54686
40019
700807
8924
8989
10652
74601
24536
4120
25778
451437
136
243
2297140
2297140
571393
575571
682040
4776562
236558
207448
10665
245822
3590098
3694
3240
166
3839
56071
6458
5137
1646
14074
10299
180369
136
70
133
1590644
1254192
1590644
1907
2172
484
38045
502
399
1186
868
193
15201
452830
1592
730
12784
12784
38721
34863638
61924670
240943
55980758
86841
181094
99751
5
4464
409364
574
1197
659
28
35
398
291
192
152
5107
6979
17552
22034
24141165
19034838
8200698
6522469
530638
20350355
14892259
260791360
177353115
177388547
96341
76625
6235
196341
169626
3063732
1254192
19625
3086609
2454950
786682
6726184
4922178
86196567
3146955
67357957
67371414
17431
274
42897
34118
10934
93477
68406
1197912
43736
1005118
799426
2374040
1733578
387322
39217704
4072264
4073078
52226
41538
123352
90269
20126
1580752
19034838
791135
577300
380344
303371
13929572
47761254
2608608
2609129
1424532
81348
59530
39221
31195
1042463
3574363
2847422
2868243
3398809
23803026
1178839
1033777
53489
1225005
17890521
44846
45174
53531
374897
18566
16281
1043
19293
281775
193618706
1537052
1537052
175033987
553987
1181102
671076
29118
5
6927388
32310
32310
6262460
12644
26367
13376
1329
2
236552997
1263166
26
7453
160832
1345870
2609129
460511268
17548
148992
2609129
230304
231989
274902
1925231
25
1623
174918
1239988
1469947
67371414
11891054571
5
158353
27364
159893
2998194
31926
501
31926
114158
530131
177388547
31309078545
266896
15603
313326
7668063
31153818
1328108
37273099
652721787
8200698
6522469
530638
20350355
14892259
260791360
20069
219476
177353115
177388547
17094120973
96341
76625
6235
196341
169626
3063732
16571726
16692904
19780744
138531334
243
11725788
1968948
12319477
215737121
2297140
35945
2297140
3015898
3037952
3599909
25211403
1248589
1094944
56292
1297486
18949067
6860732
6016488
309316
7129413
104121120
70
133
3086609
2454950
786682
6726184
4922178
86196567
1590644
1254192
19625
1590644
55830
56238
66641
466715
23113
20269
1043
24019
350786
95347
83615
4300
99082
1447017
5
650
125739
217980
608562
67357957
67371414
6492274279
2
3
42897
34118
10934
93478
68406
1197912
22107
17431
274
22107
2101020
557898
142417
4073078
718898267
148992
148992
50370
3956387
3818366
4338888
969409
98156052
1005118
799426
2374040
1733578
387322
39217704
597175
1147114
325228
2101020
230972
25037
4072264
4073078
392503852
52226
41538
123352
90269
20126
1580752
1630583999
16878645
38721
1444897
34863638
193618706
2004203
175033987
722358
1506373
829744
5
37137
1474070476
6083433
12686107
6987797
28
312758
17552
22034
791135
577300
380344
303371
24141165
19034838
13929572
6927388
71707
6262460
25845
53896
29687
2
1329
110316734
455273
949405
522954
2
23408
6
2978
111369
382538
734819
208335
1345870
458666
1080186
2608608
2609129
251429898
4988
9581
81348
59530
39221
31195
1806680
1424532
1042463
403880
2851
109372
80038
3292
28149
20599
136
1429938
3587930
2372
1736
387
610
446
10692
15974301
40081910
899
34511
25255
1135
9705
7102
136
60368
151471
577
422
136
136
338
1476
148
136
148
136
369
489
295
1185522
2974653
88325
732998
31834
1636
550927
93737
33785
70454
1993
22805
189255
8219
422
142245
19915
7177
14968
369
7137
200323
2851
109372
80038
5241706
108957
17978
149203
8240
51557
150
2619033
88325
732998
31834
1636
550927
35
2170078
35
6480
333
112142
3292
28149
20599
136
1813537
1429938
4345
968
2372
1736
387
5040
2440
1118
19584
29258051
93737
33785
70454
1993
35
35
2086
879
1833
45
610
446
10692
20259602
15974301
2252
63210
29996
13729
899
34511
25255
29996
7495
103198
2145
731
6067
2840
17775
8193
3750
136
110568
22805
189255
8219
422
142245
35
42724
7
263
35
4560
1135
9705
7102
8193
2047
136
76563
60368
1056
235
1896
136
370
2704
577
422
136
1035
1896
136
338
1476
70
70
272
474
272
272
676
542
2171367
19915
7177
14968
369
4
8
35
35
52
35
148
136
258
474
148
136
369
489
295
1503553
1185522
618202
23708489
17349720
5617
215374
157609
1429938
22375
896918
7668707
5611911
3587930
13390
210
8399
71804
52547
33597
2713953
1986053
442778
52325
38291
8537
15974301
912198
667540
40081910
334488
19102
13978
839280
445901
17100626
12514128
6517
249886
182865
60368
945
663089
5669455
4148871
151471
955
16
10483
89629
65590
2395
479600
89592
3501452
3401138
2488931
554892
21434
4005
156477
151994
111229
24799
1962945
1185522
867557
1185522
1185522
867557
2974653
122120
73754
53973
73754
73754
53973
185060
574640
4768831
207112
10648
3584287
13221
109724
4765
255
82469
568823
209967
437856
10591
16441
6217
12966
378
92978
771610
33511
1724
579947
2182
16201
786
42
12415
100501
36222
75537
1887
2425
1667
2048
91
296598
34984
612638
178203
1478880
21019
131515
24522
51954817
383
1079961
14055
394472
1547267
43423756
618202
23708489
17349720
5615
215374
157609
19032039
157943383
2244852
14045774
2619033
5548737352
40980
115339166
574640
4768831
207112
10647
3584287
6859563
352659
118711352
896918
7668707
5611911
1813537
1429938
15362
2297190063
22374
136
13664
113397
4924
253
85230
64228
3302
1111536
8398
71804
52546
16980
13389
143
21509414
209
1
95834
21365
4970795
1108209
2713953
1986053
442778
52323
38290
8536
14164794
1670755
29258051
582560
209967
437856
10794
5105301
10646358
262470
912198
667540
34
81
12112900
20259602
15974301
20322
7324
15274
376
106900
222925
5495
19100
13977
0
1
253633
424218
334487
43423
19874
26236
164160
217734
1747
3703259
27
76978
124636
57044
16308
457683
8529342
3903750
1116023
31320994
8529342
2131368
445901
17100626
12514128
124636
31145
6515
249885
182864
2746761
1257151
1659613
10384004
13772828
110567
234250615
1730
4869264
92978
771610
33511
1722
579947
2746761
686378
598161
30752
663089
5669455
4148871
10351754
76561
60367
648
96980295
944
5
2180
18096
785
40
13601
43423
10850
9456
486
10482
89628
65589
163650
1210
954
10
1533157
14
0
278388
62064
39256
10020
286599
6229422
1388812
878421
224236
6413155
3401138
2488931
554892
479600
89592
3501452
6413155
151994
111228
24797
21432
4003
156477
286599
2171367
101816
36696
76525
1886
782608
2
1632014
6
898950
40234
1962945
1503553
1185522
867557
2171367
4849
1747
3644
89
48687
0
101531
0
55925
2503
122119
93539
73754
53972
135086
1022
651
233
708
439
73
426861
180261
609801
54996
5001
78565
107728287
107749809
426861
609801
452574
452665
452665
646664
3832077
3832843
62670
89528
12214
12214
12214
17448
426861
180261
426861
180261
54996
5001
54996
5001
107749809
107728287
107749809
233840
452665
233840
426861
426861
66464
127671
452574
452665
36197
233840
3832843
3832077
3832843
12212
7114
4530
72
12212
12212
1053868
485106
233
729746
196686
73
62670
62670
12214
12214
7115
4531
73
12214
12214
12214
12214
22037
17527
1425
54686
40019
700807
6458
5137
1646
14074
10299
180369
136
1254192
3146955
502
399
1186
868
193
15201
398
291
192
152
5107
6979
19034838
47761254
1094
16839
6410
9273
7375
600
23011
16839
1371
5600
2132
3466
2793
895
7653
5600
136
60908
152826
69
211
136
136
136
288
211
136
136
338
738
69
136
136
136
136
136
136
136
136
338
271
271
2469974
6197533
571393
575571
682040
4776562
236558
207448
10665
245822
3590098
240943
240943
683015
86841
181094
99751
4464
5
617455
22639
22805
27023
189255
9372
8219
422
9739
142245
19915
19915
19915
19915
51282
19915
19915
7177
14968
8244
369
2
46359
83717
3568
100161
1754016
2740
822986
376668
22037
17527
1425
54686
40019
700807
1496
822986
376668
2620853
54478
8924
8989
10652
74601
7712796
10183886
24536
4120
25778
451437
677
208095
95242
136
243
2297140
2297140
571393
575571
682040
4776562
236558
207448
10665
245822
3590098
35
1085039
35
3694
3240
166
3839
56071
1193899
145
6458
5137
1646
14074
10299
180369
369
208095
95242
136
70
133
1590644
1254192
1590644
1907
2172
484
38045
490
68256
502
399
1186
868
193
15201
268
68256
3290
3290
1592
9682
12784
730
12784
237
21347
12784
4994
234480
34863638
240943
683015
86841
181094
99751
5
4464
617455
94
929
1261
3290
35
35
1362
574
1197
659
28
35
1498
136
398
291
192
152
5107
237
21347
6979
4515
66648
128022
24141165
19034838
2545
7070
42147
35228
1501
42147
41411
17869
8178
23
2545
1094
16839
9273
7375
600
23011
16839
6410
17869
4465
8178
103198
2145
725
731
866
6067
261966
312100
784
8861
14018
13168
2211
14018
13773
5257
2406
136
439
6052
35474
111556
1747
111556
22639
22805
27023
189255
9372
8219
422
9739
142245
35
42724
7
300
263
35
312
4560
40550
136
9
784
1371
5600
3466
2793
895
7653
5600
2132
5257
1413
2406
136
439
2418
24564
77247
60908
498
955
77247
676
73
528
464
528
136
948
136
338
1352
1022
651
439
150
676
69
211
136
136
288
211
136
136
517
948
136
338
738
708
439
439
33
33
33
33
33
101
134
168
67
134
134
236
134
101
134
337
269
438
4523930
19915
19915
19915
51282
19915
19915
7177
14968
8244
2
369
46359
35
35
35
35
35
6
13
35
35
35
35
35
35
35
8
35
103
65
65
169
69
136
136
136
136
136
136
237
237
136
103
136
338
271
271
271
439
439
439
1285839
3132575
2469974
426861
180261
609801
148115
60209
211592
54996
5001
78565
18332
1667
26188
8200698
6522469
530638
20350355
14892259
260791360
177353115
177388547
96341
76625
6234
239073
174952
3063731
1254192
19625
3086609
2454950
786682
6726184
4922178
86196567
3146955
67357957
67371414
17431
274
42897
34118
10934
93476
68406
1197912
43736
1295657
1030508
3060278
2239492
499281
39217704
426861
609801
4072264
4073078
52225
41537
123352
90268
20125
1580752
4073078
5818682
19034838
1086967
795435
524058
416812
13929572
47761254
148115
211592
2608608
2609129
1424531
81347
59529
39221
31194
1042463
3574363
2609129
3727327
4577018
1253340
6621174
5266185
428433
16430702
12023882
137309
37600
20880858
20885030
198633
157984
12853
492915
360712
1593423
60907
953
2624928
2087750
669014
5720112
4185942
152827
100414
14832756
14835720
3839
62
165419
131566
42161
360470
263790
9632
1567444
429218
779593
145633
5691634
2340680
1861672
5528572
4045774
901981
62670
89528
207503
56822
103206
19281
753471
1379759
1380035
309865
246453
731884
535588
119407
1380035
1971478
4089695
2469973
1807511
700280
2469973
2469973
1807511
1190845
947145
6197533
29997
42852
1632592
986005
721552
279549
1805576
1805937
986005
1972010
1443104
950762
756194
5002051
1805937
3611874
2847422
2868243
3398809
23803026
1178839
1033777
53489
1225005
17890521
44846
45174
53531
374897
18566
16281
1043
19293
281775
426861
180261
426861
180261
1537052
1537052
2135572
553987
1181102
671076
29118
5
1930587
148115
32310
60209
32310
76408
148115
12644
26367
13376
1330
60209
2
69074
216983
218570
260312
1879659
89831
79183
4133
94401
1419345
2923
2944
4065
24438
1734
1684
118
1749
18368
54996
5001
54996
5001
155811
155811
288192
56157
117108
64506
2971
2
260529
288192
18331
1666
1666
29997
18332
1667
1667
1667
557
1667
2
27118
29997
34890974
230304
231988
274901
1925230
23
3
162958
27363
171209
11492796
2610
1621
181586
1239987
1469947
793077
362979
2998193
31924
67635627
499
1405912
31924
67371414
365989
15602
437877
6873
114156
530130
2088169
955723
7668062
177388547
31153818
1328108
37273099
585127
177749387
81353204
652721787
8200698
6522469
530638
20350355
14892259
319467
177749387
81353204
260791360
96340
76624
6233
239072
174951
3753
20067
219475
2088169
955723
3063731
96850543
177353115
177388547
16571726
16692904
19780744
138531334
241
11725788
1968948
12319477
187855
57066462
26118456
215737121
2297140
4866769171
35943
101163393
2297140
3015898
3037952
3599909
25211403
1248589
1094944
56292
1297486
18949067
6860732
6016488
309315
7129413
104121120
68
131
3086609
2454950
786682
6726184
4922178
102565
57066462
26118456
86196567
1590644
1254192
13474
2014853663
69296
753349501
19624
120
1590644
55830
56238
66641
466715
23113
20269
1042
24019
350786
8013114
95346
83613
4298
99080
1447016
3
0
1
42895
34117
10932
93476
68405
104
1425
648
125738
217980
608561
793077
362979
1197911
22105
17430
187
28001305
36927679
963
10469628
272
1
22105
36783423
67357957
67371414
198395
225925
50368
29295
2101020
3956387
557897
142415
4073078
4922100
5605114
1249626
726803
98156052
101051093
1295657
1030507
3060278
2239492
499281
396820
39217704
101051093
426861
426861
52224
41536
123351
90267
20124
15994
597173
1147114
325226
2101020
1580752
230970
25035
2223817
4072264
4073078
17984992
16878645
234479
1990857
250754
34863638
2135572
2004203
1930587
722358
1506373
829744
3
37137
16258682
6083433
12686107
6987797
26
312757
66646
128021
1086967
795435
524058
416812
136906
1004605
9847803
13370885
41
96
14433626
24141165
19034838
13929572
496
5396702
34863638
76407
71707
148115
69073
25844
53895
29687
0
1328
148115
309115
590899
1216769
455272
949404
522953
1
23406
4
4987
9580
81346
59528
39219
31193
4
90703
10245
2977
1952
22193
111367
382537
734817
208333
1345870
75182
736991
1000651
3
458665
7
1080185
1806679
1424531
1042462
37
403879
2608607
2609129
46127
13440
62415
754589
245852
3557
112523
32168
902807
887038
242900
20885030
1537615
25153326
8195201
3750819
1072303
30093981
29568337
8096795
21
1537615
6621174
5266185
8195201
2047871
3750819
428432
16430702
12023882
4577018
1253340
0
46127
2362
25840
198632
157983
245852
1111
61435
112523
12852
492914
360711
137308
37599
11402802
20880858
20885030
519962
6077
1662287
9971899
2771304
1268383
1674442
10476787
1984179
13895890
10293791
111555
236343677
1745
4912772
111555
236756
238487
282603
1979167
98017
85956
4419
101856
1487555
7
519962
940
688190
2624928
2087750
2771304
692511
1268383
603505
31027
669014
5720112
4185942
715141
792767
10444248
7127888
1593423
77246
60907
654
97846827
3365
36584720
496
953
5
77246
6236
6281
7443
52132
2581
2264
116
2682
39182
0
32766
59
48000
134010
43368
165417
131565
174642
22576
43640
79931
38031
1955
42159
360469
263789
45066
49958
658175
449185
100414
81059
4867
3838
135
3420556
41
6166109
8131767
212
2305495
31
60
0
4867
8100001
14832756
14835720
8892063
10125968
6072946
3867015
2772827
2257523
1427880
364497
61813
10424626
2340680
1861672
5528572
4045774
1567444
4205183
1545044
429218
901981
779593
145632
9568
5691634
148
10424626
62670
62670
309864
246452
731884
535588
207501
556691
204536
56820
119406
78257
103204
8482
15071
19279
1266
392247
753471
19
213621
1379759
1380035
288192
103870
216607
119312
0
5340
260529
288192
130358
1277857
1735015
1630523
5
3400217
12
1872917
1285838
7
83827
4089695
3132574
2469973
1807511
1190845
947145
64
64
700279
3800
4523930
10811
22545
12418
0
555
27117
29997
