81
1836
24531318
24531318
81
1836
8799329
8799329
81
1836
26172160
81
1836
9387895
81
1836
731025
81
868
449357
449357
81
1836
24531318
24531318
81
1836
8799329
8799329
81
267
161188
161188
81
1836
26172160
81
1836
9387895
81
1836
698149
81
1834
24531318
24531318
81
1834
8799329
8799329
81
1834
26172160
81
1834
9387895
81
1834
731024
81
867
449356
449356
81
1834
24531318
24531318
81
1834
8799329
8799329
81
266
161187
161187
81
1834
26172160
81
1834
9387895
81
1834
698148
6522
87555776
87555776
6522
6522
31406062
31406062
6522
93412178
6522
6522
33506740
6522
1946327
867
449356
449356
6522
87555776
87555776
6522
6522
31406062
31406062
183
266
161187
161187
6522
93412177
6522
6522
33506740
2522
3709
698148
160115
87555776
87555776
33030
48590
31406062
31406062
1492788
93412178
307925
452993
33506740
2061171
66841
2061171
739339
13791
20286
739339
6547234
1350518
2348484
1986776
12213
1946320
863
449350
449350
160110
87555776
87555776
33026
48585
31406062
31406062
178
262
161180
161180
1492784
93412178
307920
452988
33506740
2519
3706
698140
13257
330
13257
2061165
66837
2061165
739335
13786
20282
739335
4755
68
100
4755
6547234
1350513
2348478
1986772
74542
129625
109661
9123106
1031074
9181457
151638
29872
2331876
228638
231805
7284
7284
71839
388759
388759
38524122
3375832
38949088
5667714238
640553302
5703964989
26394073
2764811
1448674569
387066
53908
9892163
39796939
40348041
104396
267734
10247465
707
2114
297267
71839
71839
91396
182790
2771839
22279
34346
47949
22279
34346
34959
31413
32561669
3680052
32769933
151636
29870
8322801
228637
231804
7285
7284
71839
1260474
1404605
1260474
426230
1082096
101772
1094204
385536
414109
7284
7284
277902
385536
125663
146827
293651
118853
288100
1920896
146827
89110
55726
87424
582900
18066
18406
71839
96052
411900
634989
580761
4585
7283
7284
71839
31850
102701
192689
254992
176233
503755
193225
3358766
71839
71839
90792
2677357
1110305
669644
98022
71839
71839
1147321
1170438
137498092
12048826
139014854
20228881107
2286226165
20358265211
94204215
9868006
5170526317
387065
53907
35306542
142040957
144007919
104395
267732
36574665
706
2113
297264
5063294
361809
5147458
323814
332993
1056919
1069569
190432121
212207376
190432121
64394783
1056919
324563
672250612
63226209
679772547
58246729
62563570
2159611
209962
172646431
58246729
18985049
17757
1317
1307334
323814
101055
257125
514244
867534
337189
6839759
22182674
44364792
37949745
24135218
253028248
22182674
13462591
11515931
6017752
76781964
257125
156048
263255
84073
2075539
5967979
6080383
7255844
14511506
83643423
4584
12048
1544276
7255844
4403547
36725034
25381776
20855227
35
61
31826
91396
55472
1217021
841120
691116
163627
940697
87326
127156
731025
21779
17155082
1938831
17264806
285140
29871
4384859
429932
435886
7283
7283
110707
731024
731024
72440730
6347912
73239834
10657565467
1204495933
10725731350
49631395
5198949
2724086539
727840
53907
18601216
74834134
75870426
196308
503448
19269325
706
2113
558981
237
794748
460932
164
794748
460932
14244358
1494900
373990
14367322
37044884
164
244044
137123
201637
14937
6220
3648966
5836599
164
244044
137123
164
67211
164
67211
377880
6220
383921
731024
164
31190
1398690
4992127
7283
7283
6220
97508
155966
164
31190
528034
731024
731024
1398690
4992127
50477
586
731024
6220
156557
731024
164
33616
163625
940695
87325
22491182
80274241
599084
58827977
4676178
507346
3723860
59627402
125139731
164
176839
89394
164
584551
293813
35942
120070329
69637603
10906
120070329
69637603
164
584551
293813
8849283252
928704204
75945106
8925674514
10640
36870174
20716511
35096870
2599590
918886
2266913929
1406282893
3228
36870174
20716511
50477
364007
26957
6220
687294
15143974
18094063
9382578
37973919
164
176839
89394
164
94180
1541
10154275
467
10154275
164
94180
65773614
568589
66825159
481
3291945
868934299
3101350543
103482
280406
6220
16972037
10528624
164
3291945
91909808
175135294
207233986
868934299
3101350543
427
46281
586
586
356
863
3702
113788
156557
552897
660601
326495
731024
164
33616
127155
731024
21778
1264377
4263871
5198922
22491182
80274241
3357477
87325
1204325
500306
21778
121148
125291
171861
5212164
22278
34344
47947
22278
34344
34956
31411
61228937
6919967
61620558
285138
29868
15650190
429930
435884
7282
7282
110704
2370195
1320626
2370195
400746
2034773
191373
2057540
724962
389350
7282
7282
522567
724962
118149
276094
223491
541743
3612052
83781
276094
55724
164393
1096085
18063
18404
90309
774537
1194034
1092063
4584
7282
7282
29944
90309
193119
362332
479488
331388
947261
363340
6315821
110599
81182
170726
5034501
2087817
1259198
184321
110599
81182
2157422
2200892
258551305
22656604
261403424
38038372379
4299017912
38281666147
177141533
18555791
9722653686
727837
53905
66390395
267093706
270792380
196305
503444
68774972
702
2107
558975
9521015
680346
9679277
608899
313084
1987430
1005621
358088414
199519792
358088414
60544709
1987430
305158
1264099530
118890514
1278243772
109527104
58822982
4060932
394813
324644216
109527104
17849960
17755
1314
2458311
608899
95006
483498
1631310
634051
12861479
41712283
71360671
45383845
475794122
12657681
41712283
21654548
11315778
144380746
146718
483498
495024
158091
3902843
11222184
11433547
13643883
157283028
4582
12044
2903855
4140265
13643883
69057727
47727872
39216153
33
57
31821
52151
171861
2288487
1581642
1299574
22278
34344
61197
22278
34344
47953
31411
3784915
66482879
38558304
1148540
66482879
38558304
50840148
5335512
51279025
132218480
156879170
1120459
20414996
11470721
201635
14934
13023680
20831656
1898137
340005
20414996
11470721
162277
5622417
49243
5622417
377876
383918
989899
1174530
50678
1822748
4992127
7282
7282
97506
155963
22278
29944
1822748
528032
1006172
1190583
4992127
483746
1871062
1045666
38986
483746
1871062
317309
1045666
1664130
155604
1686469
4348415
5159458
148861
579455
317442
7282
7282
428324
685113
40872
25779
148861
579455
96328
317442
214206
248815
215519
611670
4610198
25779
214206
75503
248815
53736
185612
1398974
15900
16269
41950
49775
71683
83265
347309
347309
1062532
1638011
1498124
4144
7282
7282
18776
22278
25779
71683
29944
83265
30287
69906
82830
347309
105391
53832
7282
264926
497058
657776
454609
31411
1069531
350378
8061120
110599
81182
543073
6906476
2864129
1727404
1120117
431299
241398
262115
25214
2120417
616385
2176930
41324
2812138
3357477
87320
80274241
30966360
209965448
16689947
62060678
212818711
446641562
707990
14793072
7478072
2462830
48899297
24578317
571823856
10044212224
5825376451
173521175
10044212224
5825376451
747351
48899297
24578317
31584355044
3314677864
31857006365
169278625
3084291198
1732992969
125265739
9278310
8090939385
385449290
5019224373
51367962
3084291198
1732992969
144619
364004
26954
11454231
54051007
64580294
1171391
33487761
135534340
214841
14793072
7478072
127542
7878440
24516819
849432994
7439681
849432994
38703
7878440
234755417
238508533
7656423
275380262
3101350543
103479
280401
60575625
994901
37578165
2323358
275380262
328039225
625082864
739647679
3101350543
421
46277
3355
25214
351
859
113780
162617
552889
660594
3697
326488
2176930
12540
2812138
1204319
500300
21772
4512742
15218364
18555695
80274241
7282858
31385908
8088517
503418
8273297
17363127
110513
462084
210569
230434
88902918
366575
1445913
78046
753850
84892179
282679564
157978912
6841738
84892179
282679564
47939039
157978912
88902918
23323
366575
1445913
16910
228757
753850
1033838236
96668961
1047716547
26123605
87543897
47959047
2945550
258430
266095658
8299789
165072774
1751422
26123605
87543897
14553275
47959047
23494
31385908
8881
657
1488189
2080084
2501542
31076
1253943
5236072
6777
110513
462084
45625
69925
230434
1317976
30892
689729
3012392
975095
40911741
37590928
80571765
43764838
607273961
11407048
105581
37590928
24449675
10912102
184278586
1317976
6693
209299
571
689729
914117
243125
12414755
9878068
10107696
12579716
215765477
4139
8815
2567120
31312
1588300
3817341
32328
12579716
18816113
43429237
51458366
94735418
65474496
53797870
33443479
200669
215765477
134
42281
5490
41253
999128
19
57
56283
96595
100341
115412
189
39830
380333
93922
157194
196
521700
237156
64398
2617
699707
5363068
7048925
817021
2958671
11002857
15364536
9859579
7518066
3287943
1208
36244344
21553
21553
21553
21553
21553
21553
21553
21553
21553
21553
21553
21553
7285
7748
7285
7748
7748
7285
7748
7285
6741
3063
21553
21553
21553
21553
21553
21553
79217
21553
21553
21553
60325
9351
8310
7285
7748
7748
71839
21553
21553
21553
14265
7749
21553
21553
21553
21553
21553
21553
13324
21553
21553
14171
7285
7748
7285
7748
7748
7286
21553
21553
21553
7748
7748
21553
21553
21553
21553
11991
21553
21553
21553
21553
21553
18627
21553
21553
21553
21553
7994
9728
3106
21553
21553
21553
5812
7074
5812
79217
158433
79217
96031
43584
10872
9661
4159
2514
2514
26790
28493
10246
6739
3063
2364
2514
2364
2514
1359
79217
21553
21553
158433
79217
21553
21553
21553
158433
21553
21553
21553
21553
21553
21553
21553
21553
21553
21553
11987
21553
524444
21554
21553
21554
320953
160478
294610
79217
158433
158433
200510
21554
21553
21553
320953
229570
73433
122717
52800
29020
13178
79217
21553
18623
21553
47742
21671
21553
21553
12427
21553
21553
21553
21553
21553
21553
7989
9722
3101
160478
21553
21553
320953
79217
158433
71839
85589
38847
96056
21553
21553
21553
158433
158433
11886
12641
4552
2999
1366
66250
5810
7071
5810
43574
14536
21553
21553
21553
21553
21553
21553
21553
21553
21553
21553
21553
21553
7284
7747
7284
7747
7747
7284
7747
7284
6739
3061
21553
21553
21553
21553
21553
21553
127847
21553
631634
185675
21553
21553
60324
9351
8309
7284
7747
7747
71839
21553
7766
388759
7284
21553
21553
14264
7748
21553
21553
21553
21553
21553
21553
13323
21553
47098
21553
14170
7284
7747
7284
7747
7747
7285
21553
4453
7284
11964
21553
21553
7747
7747
21553
21553
21553
21553
11990
21553
21553
21553
21552
21553
18626
21553
21553
21553
21553
7992
9726
3105
21553
21553
21553
5812
7073
5812
160478
320953
92926
96030
43583
10871
9660
4158
2513
2513
26789
28492
10245
6739
3061
2363
2513
2363
2513
1358
92145
21553
325802
21553
184288
160478
21552
3674198
388759
21553
21552
201902
21554
21553
21554
351896
71839
351896
87740
21554
106783
21553
11986
21553
9185974
233176
392401806
32318694
71839
233176
4334225
357151
596819
160478
320953
320953
3512062
71839
718496
99660941
189902
30142
71839
1024748
465063
73432
122716
52799
29019
13177
160478
21553
17898
933161
1585
18622
21553
47741
21670
21553
21553
12425
27634
27634
21553
21553
21553
21553
7988
9721
3100
508961
21553
4359447
21553
1017909
160478
320953
71839
85588
38846
194590
21554
4452
12632
1107198
21553
21554
320953
320953
11884
12639
4551
2998
1365
66249
5809
19
47
82746
7069
5809
43573
14533
22280
22280
22280
22280
22280
22280
22280
22280
22280
22280
22280
22280
7284
7747
7284
7747
7747
7284
7747
7284
6739
3061
56610
45245
56610
56609
22280
56609
79217
56610
56609
56610
60324
9351
8309
7284
7747
7747
71839
56609
22281
56609
14264
7748
22281
22281
22280
22280
22280
22280
13323
22280
22280
14170
7284
7747
7284
7747
7747
7285
22280
22280
22280
7747
7747
56609
56610
56609
56609
11990
56610
56609
56610
56609
56609
18626
56609
56610
56610
56610
7992
9726
3105
56610
56610
56610
5812
7073
5812
79217
158432
79217
96030
43583
10871
9660
4158
2513
2513
26789
28492
10245
6739
3061
2363
2513
2363
2513
1358
79217
23287
23287
158432
79217
56610
56609
56610
158432
56610
48061
56610
924327
106000
924327
230467
56609
280489
56609
11986
56609
4534479
612483
168857
612483
2139507
176300
294608
79217
158432
158432
1733662
152713
71839
185859
505847
229569
73432
122716
52799
29019
13177
79217
56609
18622
56609
47741
21670
32029
32029
12425
71839
71839
56610
56610
56610
56610
7988
9721
3100
251238
56610
56610
502471
79217
158432
71839
85588
38846
96055
56609
56610
56609
158432
158432
11884
12639
4551
2998
1365
66249
5809
7069
5809
43573
14533
71838
71838
143676
22280
22280
22280
22280
22280
22280
22280
22280
22280
22280
22280
22280
22280
22280
22280
22281
22280
22280
22280
22280
34345
34345
22280
22280
22280
22280
34345
31413
31412
22280
22280
7285
7747
7285
7746
7746
7283
7746
7283
6739
3059
7283
7746
7283
7746
7746
7283
7746
3067
2513
2513
209799
45243
209799
71839
22280
71839
2254393
185674
127846
139018
71839
139018
60323
9349
8308
7285
7747
7747
7764
572563
7284
71839
65180
22279
71839
14263
7747
22280
22280
22280
22279
22280
22279
47097
13322
22280
22280
14169
7284
7747
7283
7746
7746
4452
7283
11963
7285
22280
22280
22280
7747
7747
71839
71839
22280
71839
64671
28434
71839
22280
34606
31850
95173
10541
30110
71839
36548
22279
71839
7747
31849
7284
7747
7284
7747
7748
7283
45455
7283
11513
22280
36548
22280
23568
7747
7747
31850
22280
42450
22281
34347
48688
22280
22280
45149
22280
42450
22280
34346
34345
22281
22280
31850
7284
7284
22280
29946
22280
34346
31413
22280
7747
31850
7283
7746
7283
7746
7746
91
267
7284
7284
22280
29946
22280
34347
31413
31413
22280
22280
7747
7747
31850
609276
77120
1010233
71839
11989
81683
403723
111303
669407
71839
18626
71839
77120
105067
77120
7991
9725
3103
77120
105067
77120
5810
7072
5810
176117
77120
292017
44106
2995
53678
119933
77120
198860
31217
4876
37994
71839
71839
71839
77120
105067
77120
9169
2115
71839
33230
40442
11130
98022
71839
71839
77120
105067
77120
59314
40995
33683
33683
40995
33683
243051
406152
92925
96029
43581
10870
9660
4157
2512
2512
26788
28491
10243
6737
3059
2362
2512
2362
2512
1358
71839
112493
48399
26599
12072
2972
2639
2362
2512
2512
8016
8525
3066
2512
2512
2362
2512
1857
1222
557
92144
23289
325802
23289
184287
561928
179889
13113740
675768
71839
179889
201897
269165
48060
269165
42603315
4885690
42603315
10622494
1218173
12928067
71839
11986
81678
79424296
28230100
1400538058
115350034
7782855
28230100
37474824
3088020
5160257
1180639
1220048
553696
30366193
7038750
2564415
355704123
189901
1940537
8566484
8860239
4021056
73429
122708
52796
29016
13173
214841
71839
17896
3330585
1583
18621
71839
47738
21667
32028
32028
12426
1779076
1779076
690057
443585
539864
172055
7989
9723
3101
4400609
1229962
15559488
1229962
8801108
180985
361966
71839
85587
38846
1682479
306672
4451
12630
3951748
373234
306672
2080861
930364
11883
12638
4550
2995
1365
66250
5808
18
50
82746
7070
5808
43576
14535
33649
71839
85552
934727
41178
19535
71839
14831
20777
71839
94054
11992
94054
50463
9706466
12314906
1139963
12314906
9770358
9706466
3070536
284232
3736984
2964836
71839
44102
2993
53675
15317
2936340
8386296
9947225
59126406
3481949
1913369
8386296
2879832
3826691
855290
1429238
327002
337917
153357
2936340
2090996
3803110
71839
15016733
7495
477069
2544839
873891
904751
410269
37725
33524
14429
7934
3607
33649
31216
61513
425
237398
35
4874
37990
4504
4916
2234
71839
30207
8473
152413
71839
44624
304824
1585833
504762
270896
3410528
1585833
615019
6820971
395403
153171
71839
1034932
3410528
481224
153345
2069838
33229
9168
2114
71839
152413
40441
11128
92500
1154737
1154737
2309445
71839
108299
38934
25610
11628
90
441489
266
293276
507006
350407
287916
1154737
350407
287916
546026
229045
700806
4860
5169
1865
1232
565
3
51648
3
34310
59312
40993
33682
71839
40993
33682
33970
5413
43599
21551
21551
21551
21551
21551
21551
22280
313218
731025
21551
21551
21551
21551
21551
22280
388383
731025
7284
7284
7284
7284
7284
7284
6337
7284
2879
21551
21551
21551
21551
21551
56718
148961
21551
21551
22280
6610983
7813
9350
7284
7284
7284
13412
7285
91915
21551
21551
21551
22280
2371346
2006118
21551
21551
21551
21551
21551
13323
21551
144084
8197500
7284
7284
7284
7284
7284
7285
7284
21551
21551
43725
2940425
2487550
21551
21551
21551
11990
21551
21551
21551
21551
21551
313217
110602
731025
18626
21551
21551
28182
474
33310
21551
21551
21551
9727
7992
3105
21551
21551
388382
731025
7073
5811
110602
219762
148961
148961
90289
40978
148961
9083
10871
2363
2363
4158
26789
6336
10244
2879
2363
2363
2363
1277
148961
21551
612640
148961
148961
21551
21551
92841
1550
21551
21551
21551
21551
21551
21551
21551
11986
21551
21551
301764
986164
21551
21551
6610983
419967
276996
301764
148961
148961
148961
301764
215845
377039
21551
21551
21551
2371346
2006118
127444
115379
138084
27284
12390
52799
44887
20375
148961
18622
21551
21551
33306
28176
474
21551
12426
21551
21551
21551
21551
21551
9721
7988
3100
301764
21551
8197500
148961
80471
130123
36524
148961
180625
148961
21551
21551
2940425
2487550
11885
2819
4551
1284
40968
66249
13665
7070
5809
219755
185909
244274
280542
720546
56988
56988
56988
244274
731024
244274
720544
731024
168195
168195
168195
79894
168195
21551
21551
21551
21551
21551
35477
21551
21551
21551
21551
21551
23815
22280
186576
731025
21551
21551
21551
21551
21551
22280
21551
21551
21551
21551
22280
22280
462794
731025
7284
7284
7284
7284
7284
7284
7284
7284
7284
18778
7284
7284
18778
7284
7284
7284
7284
3526
21551
21551
21551
991755
21551
21551
21551
21551
21551
618473
33955
37520
43020
148961
21551
21551
21551
991755
81
22280
1836
3937961
3937961
41156
41291
41498
49417
10454
9764
7285
9814
18895
8626
8873
7284
10174
70441
21551
21551
21551
21551
21551
415147
81
22280
1836
1412539
1194985
1412539
21551
21551
21551
231389
21551
21551
21551
21551
21551
57696
41648
15600
21551
171688
81
171688
1836
9768070
18778
7284
18778
7284
7284
7284
7284
7284
18779
7284
7285
7284
1464
7284
21551
21551
21551
21551
42810
81
52101
1836
3503785
2964141
21551
21551
21551
21551
21551
2738140
21551
21551
6544
21551
21551
145019
869634
720544
2602503
21551
21551
21551
21551
21551
1837954
186575
85624
731025
21551
21551
11340
21551
21551
145019
330283
720544
988419
19997
365
23636
21551
21551
21551
21551
21551
671971
8114
7340
13744
11293
4384
145019
244274
203858
720546
21551
21551
21551
21551
498593
462792
731025
17183
14120
11224
10151
145019
244274
203858
494724
110602
444213
148961
148961
148961
148961
148961
148961
148961
148961
148961
37237
37376
37564
44732
9460
8839
4013
8884
17105
317198
92156
92156
317198
21792
35236
23407
9891
3525
43278
3300
3300
19008
2363
2363
2363
2363
948
317198
148960
21551
991755
244274
127155
81
720544
731024
1834
731024
114366
129136
148961
148961
21551
21551
21551
991755
1741896
81
720546
720546
5212867
18876077
93
65872
1193
65872
21551
21551
21551
1360689
4586403
351116
567725
13725450
49700603
21551
21551
21551
191462772
21551
21551
21551
21551
21551
47738357
21551
21551
6540
21551
21551
892558
4586403
58168
144193
6519631
13725450
15081754
301764
301764
301764
755738
21551
21551
21551
128517817
81
1836
3937961
282141
3937961
301764
301764
301764
301764
301764
301764
157130
301764
301764
301764
301764
148961
301764
301764
21551
21551
21551
21551
21551
32043981
81
1836
1412539
1194984
85619
1412539
148961
148961
148961
148961
120157
112276
50957
112841
148961
29049
30537
12953
35923
148961
21551
21551
11336
21551
21551
643752
1741896
24
191976
340137
2476128
5212867
5681237
33
23632
19993
365
23632
21551
21551
17562
991755
244274
340821
120497
731024
1141192
21551
21551
21551
17860180
21551
21551
21551
21551
21551
4453166
8113
7338
13740
11290
4381
453698
244274
86563
19963
720544
731024
731024
317198
301764
21551
13252003
81
1836
9768070
317198
148961
317198
148961
148961
148961
44762
125640
317198
148961
211492
148961
1463
148961
21551
21551
21551
21551
3304187
81
1836
3503785
2964141
43283
41902
19008
9912
16025
10648
948
4504
244617
119746
148961
133550
9
14801
17180
14117
11221
10149
562812
244274
127156
127156
81
290636
577531
720544
720546
731024
1836
731025
731025
21551
21551
21551
21551
21551
21551
22279
313217
731024
21551
21551
21551
21551
21551
22279
388382
731024
7283
7283
7283
7283
7283
7283
6336
7283
2877
21551
21551
21551
21551
21551
56717
240404
21551
21551
1187724
349144
22279
6610983
7812
9349
7283
7283
7283
13411
7284
91914
21551
21551
21551
7764
731024
7283
22279
2371345
2006117
21551
21551
21551
21551
21551
13322
21551
47097
144083
8197500
7283
7283
7283
7283
7283
7284
7283
21551
21551
4452
7283
11963
43724
2940425
2487549
21551
21551
21551
11989
21551
21551
21551
21551
21551
313216
110601
731024
18625
21551
21551
28180
473
33308
21551
21551
21551
9725
7991
3104
21551
21551
388381
731024
7072
5810
110601
219761
301764
301764
90288
40977
174739
9082
10870
2362
2362
4157
26788
6335
10243
2877
2362
2362
2362
1276
173270
21551
612639
189831
301764
21551
21551
92840
6908960
1549
731024
21551
21551
75883
661706
21551
200796
164986
11985
21551
21551
4075087
17273300
120881
438464
6610983
737872053
419966
60772048
561136
671586
301764
301764
301764
963480
437257
6604079
30140
133052
109324
2371345
2006117
1351059
187402356
127443
357093
115378
138083
27283
12389
52798
44886
20374
301764
18621
21551
21551
33305
28175
17897
1754715
473
1584
21551
12424
27632
21551
21551
21551
21551
9720
7987
3099
957050
21551
8197500
301764
80470
130122
36523
301764
365907
301764
21551
21551
4451
12631
2081974
2940425
2487549
11883
2818
4550
1283
40967
66248
13664
7068
5808
18
46
155597
219754
185908
56987
33601
56987
244274
280541
731024
56987
56987
56987
57926
56987
56987
56987
56987
56987
56987
33600
56987
56987
33600
56987
685780
2052294
685780
974846
2052294
168194
168194
156824
168194
56987
56987
56987
56987
56987
56987
168194
168194
156824
79893
168194
21551
21551
21551
21551
21551
35476
21551
21551
21551
21551
21551
23814
22279
186575
731024
21551
21551
21551
21551
21551
22279
21551
21551
21551
21551
22279
22279
462793
731024
7283
7283
7283
7283
7283
7283
7283
7283
7283
7283
7283
18777
7283
7283
7283
7283
3525
18777
21551
21551
21551
991755
164
34083
31190
21551
21551
21551
21551
21551
618472
164
34083
31190
33954
37519
43019
184232
21551
21551
21551
991755
27117
81
1041747
245036
2686054
22279
1834
3937961
3937961
164
31190
31190
41155
41289
41497
49416
10453
9763
7284
9813
18894
8625
8872
7283
10173
70439
21551
21551
21551
21551
21551
415146
6220
81
7283
731024
7283
731024
22279
1834
1412537
1194984
1412537
164
31190
31190
21551
21551
21551
231388
164
31190
21551
21551
21551
21551
21551
57695
164
31190
15599
41646
21551
171687
56121
56121
27960
6220
81
56121
56121
144699
171687
1834
9768070
164
31190
56121
7283
18777
7283
7283
7283
7283
7283
18777
7283
7284
7283
1463
7283
18778
21551
21551
21551
21551
42809
56121
56121
27960
6220
81
7284
11310
13386
56121
2930
7283
14254
22601
52100
1834
3503785
2964141
164
31190
56121
91945
33601
91945
31908
11661
31908
21551
21551
21551
21551
21551
2738140
21551
21551
6543
21551
21551
145018
3148994
1903491
9423805
21551
21551
21551
21551
21551
1837954
186574
85623
731024
21551
21551
11339
21551
21551
145018
1195974
731024
3579121
19996
364
23635
21551
21551
21551
21551
21551
671970
426875
156824
426875
8113
7339
13743
11292
4383
145018
991755
244274
156824
203857
731024
731024
21551
21551
21551
21551
498592
462791
731024
148130
148130
148130
17182
14119
11222
10150
145018
898583
244274
156824
203857
494723
110601
444212
494723
301764
301764
301764
301764
301764
301764
216623
301764
301764
37236
37375
37563
44731
9459
8838
4012
8883
17104
91942
33600
91942
91942
33600
91942
92155
92155
317198
21790
35235
23406
9890
3524
317198
3299
3299
43277
31905
11660
31905
2362
2362
2362
2362
947
19006
31905
11660
31905
317195
301762
21548
991752
244271
583
156821
127152
27957
6217
79
156554
1831
50475
731022
162
31187
2609129
114365
129135
151926
301764
21551
21551
21551
991755
6307501
74938
81
517029
92
73851
731024
731024
65871
8807412
1191
731024
65871
18876077
164
31190
31190
21551
21551
21551
1360689
16607615
351115
567724
49700603
164
31190
31190
409430
47526
468326
191462772
1245
5149354
2539152
81138
73383
21551
142114
116770
47738357
377
5149354
2539152
21551
21551
6539
21551
21551
892557
16607615
58167
144192
15081754
23607939
49700603
164
31190
31190
2439521
2695657
3090802
13237236
302427
78041
312416
128517817
5506636
81
1834
3937961
647183807
282140
42650793
3937961
373
1548564
762289
2956870
2966564
2981518
3550480
750976
701390
318312
704925
1357450
619581
637339
301764
730763
5060976
59933
54205
21551
94803
77896
32043981
22237
81
1834
1412537
1194982
731024
164369649
101966917
85618
178564
1412537
164
1548564
762289
301764
301764
301764
301764
120156
112274
50956
112840
217282
29048
30536
12952
35922
301764
21551
21551
11335
21551
21551
643751
6307501
6220
23
156557
32
4515
191975
340135
23631
19991
10701
2199245
2655189
1265728
364
795
23631
5681237
8966194
18876077
164
31190
31190
21551
21551
17561
991755
1548216
381333
244815
340820
120496
1141192
164
48690
21551
23187
21551
17860180
164
1207983
21551
21551
21551
21551
21551
4453166
164
1207983
426869
156824
426869
426869
156824
426869
8112
7337
13739
11289
4380
453697
1548216
381333
244815
86562
19962
731024
731024
1141192
164
48690
1219852
1120600
21551
13252003
3264031
2095509
373606
83112
81
1834
9768070
164
416766
34863638
317198
301764
317198
276832
301764
297371
44761
125639
535596
301764
428437
301764
1462
301764
21551
21551
21551
21551
3304187
3264031
2095509
373606
6220
81
1834
929769
1968197
2329607
2927
7390
2480862
3503785
2964141
1525609
9768070
164
416766
34863638
43282
41901
148122
148122
148122
19006
9911
16024
10647
947
4503
148122
148122
148122
244616
119745
202641
133549
8
14800
17179
14116
11220
10148
562811
991755
244274
586
586
156824
127155
127155
27960
133
81
82995
146985
1834
18
31204
72080
411292
528429
13
290635
32
577530
731024
731024
262682
731024
731024
164
31190
2609129
22279
22279
22279
22279
22279
22279
22279
313217
1487024
22279
22279
22279
22279
22279
22279
388382
1843883
7283
7283
7283
7283
7283
7283
6336
7283
2877
45244
56608
22279
56608
56608
56717
148960
56608
56608
22279
23595542
7812
9349
7283
7283
7283
13411
7284
91914
22280
56608
56608
22279
8463668
7160118
22280
22279
22279
22279
22279
13322
22279
144083
29258051
7283
7283
7283
7283
7283
7284
7283
22279
22279
43724
10494797
8878418
56608
56608
56608
11989
56608
56608
313216
110601
56608
56608
56608
1487023
28180
473
18625
56608
56608
33308
56608
56608
56608
9725
7991
3104
388381
56608
56608
1843881
110601
7072
5810
219761
148960
148960
90288
40977
148960
9082
10870
2362
2362
4157
26788
6335
10243
2877
2362
2362
2362
1276
148960
23286
612639
148960
148960
56608
56608
92840
1549
48060
56608
199323
1738103
56608
527431
433370
11985
56608
56608
2011588
8526632
317520
1151714
23595542
419966
276994
331515
148960
148960
148960
475603
215843
3259976
79168
349490
287162
8463668
7160118
127443
115378
138083
27283
12389
52798
44886
20374
148960
18621
56608
56608
33305
28175
473
32028
12424
72581
56608
56608
56608
56608
9720
7987
3099
472429
56608
29258051
148960
80470
130122
36523
148960
180623
148960
56608
56608
10494797
8878418
11883
2818
4550
1283
40967
66248
13664
7068
5808
219754
185908
280541
720544
56987
56987
2022872
960870
2022872
56987
168194
56987
56987
56987
79893
168194
56987
56987
22279
22279
22279
22279
22279
35476
22279
22279
22279
22279
22279
23814
22279
186575
885776
22279
22279
22279
22279
22279
22279
22279
22279
22279
22279
22279
22279
462793
2197154
7283
7283
7283
7283
7283
7283
7283
7283
7283
18777
7283
7283
18777
7283
7283
7283
7283
3525
56608
28337
56608
2480482
48377
43753
22279
56608
56608
618472
33954
37519
43019
148960
56608
46530
56608
1665003
22279
6522
14055146
14055146
41155
41289
41497
49416
10453
9763
7284
9813
18894
8625
8872
7283
10173
70439
35734
32319
22279
56524
46443
415146
22279
5532
6522
5041549
4265070
5041549
22279
22280
22279
231388
22279
22279
22279
22279
22279
57695
41646
15599
22279
171687
171687
6522
34863638
18777
7283
18777
7283
7283
7283
7283
7283
18778
7283
7284
7283
1463
7283
22279
22279
22279
22279
42809
52100
6522
6522
12505509
10579445
56608
56608
56608
56608
56608
7203554
1876202
9288705
56608
52507
6543
56608
56608
145018
186574
85623
56608
56608
56608
56608
56608
4835327
885775
720544
3527810
19996
364
43570
39406
11339
56608
56608
145018
23635
56608
56608
56608
56608
56608
671970
203857
720544
8113
7339
13743
11292
4383
145018
462791
56608
56608
56608
56608
498592
2197153
203857
494723
110601
17182
14119
11222
10150
145018
444212
148960
148960
148960
148960
148960
148960
148960
148960
148960
37236
37375
37563
44731
9459
8838
4012
8883
17104
431771
92155
92155
431771
21790
35235
23406
9890
3524
43277
3299
3299
19006
2362
2362
2362
2362
947
431769
148958
7
366
22168
156565
720542
2609129
6519
56606
2609129
114365
129135
148960
148960
10
368
22170
720544
720544
18605468
67371414
92
56608
45451
56608
2587090
65871
1191
65871
351115
567724
48988092
177388547
56608
26220
56608
3579729
1075451
124837
1230153
503704112
213127
192756
56608
373292
306720
125591030
58167
144192
23269495
48988092
53828935
56608
52503
6539
56608
56608
892557
1204222
1330659
1525715
6534307
6522
794386
204991
820624
338107260
14055146
282140
14055146
1459602
1464387
1471769
1752626
370705
346227
157129
347973
670079
305844
314610
148960
360727
2498253
5531
6522
157426
142380
56608
249020
204610
84301950
5041549
4265064
85618
5041549
148960
148960
148960
148960
120156
112274
50956
112840
148960
29048
30536
12952
35922
148960
10
368
22170
191975
340135
8837655
18605468
20277147
23
32
43565
39403
11335
56608
56608
643751
23631
19991
364
23631
156568
340820
120496
1124832
4073078
40923
45272
17561
1819623
56608
60905
56608
46986922
56608
56608
56608
56608
56608
11715481
156568
156568
133216
156568
86562
19962
720544
1124832
1235986
8112
7337
13739
11289
4380
453697
1660467
553163
6522
56608
34863638
431771
148960
431771
148960
148960
148960
44761
125639
729056
148960
211490
148960
1462
148960
6522
6522
56608
56608
56608
56608
12505509
10579445
8692722
43282
41901
19006
9911
16024
10647
947
4503
244616
119745
148960
133549
8
14800
6
327
22170
100918
156568
60628
156568
290635
577530
720544
720544
734416
1346
1980
17179
14116
11220
10148
901813
734416
562811
262682
22278
22278
22278
22278
22278
22278
22278
313216
1487023
22278
22278
22278
22278
22278
22278
388381
1843882
22278
22278
22278
22278
22278
22278
2705
110600
203890
22278
22278
22278
22278
34344
34344
22278
22278
22278
22278
34344
31411
31411
110600
444212
7282
7282
7282
7282
7282
7282
6335
7282
2876
7282
7282
7282
7282
7282
7282
2362
3066
2362
45241
394506
22278
119713
98364
4239159
349142
56715
240402
72069
261410
22278
23595542
7809
9346
7282
7282
7282
7761
1076648
7282
13409
7282
91912
22278
79325
65178
22278
8463668
7160118
22278
22278
22278
22278
22278
47095
13319
22278
144080
29258051
7282
7282
7282
7282
4451
7282
11961
7282
7282
7282
22278
22278
43721
10494797
8878418
22278
114035
120810
60803
22278
34604
28433
120810
29944
178964
10539
7282
30108
22278
77656
36546
29944
8906
568395
7282
7282
7282
7282
7282
7282
45452
7282
7282
7282
11511
22278
23565
22278
36546
29944
2705
203884
172484
22278
22278
42448
22278
34344
48686
22278
22278
22278
29944
42448
22278
34344
34344
7282
7282
22278
29944
22278
22278
34344
31411
2171369
7282
7282
7282
7282
90
266
7282
7282
7282
7282
22278
22278
29944
29944
22278
22278
34344
31411
31411
778867
658908
145017
1899642
1145683
11988
153598
126207
313213
110599
209295
1258753
759160
1487021
28179
472
18624
102655
84349
33307
197569
145017
145017
9724
7990
3102
388379
197569
145017
1843880
110599
7071
5809
219760
145017
549110
331171
2994
53677
44105
110599
2704
145017
373937
225523
203889
727
15
4875
37993
31216
857
110599
81182
110599
197569
145017
145017
9168
2114
86971
40441
33229
11128
184321
110599
81182
110599
197569
145017
444211
59313
40994
33682
40994
40994
33682
48456
381869
457033
90286
40974
174737
9080
10867
2361
2361
4155
26786
6333
10241
2874
2361
2361
2361
1275
105766
126584
25006
11348
48397
2480
2968
2361
2361
2361
8013
2361
3063
2361
2361
1148
1856
523
173269
23283
612638
189826
1056649
74664
338263
92835
24659066
1543
1270714
48054
506138
9187048
80111240
2290652
24309927
19974530
11981
153588
126197
35234256
149349386
14634875
53083859
23595542
2633570681
419962
216904115
4851732
5806711
1147103
520591
2220072
8330497
3780642
57100566
3648985
16108411
13235660
8463668
7160118
4822125
668865759
127438
357089
115369
138077
27276
12379
52790
44880
20368
403987
18616
102646
84340
33300
28171
17893
6262829
468
1580
32025
12421
3345374
1297583
1015161
834118
323532
9718
7985
3097
8274902
2312820
29258051
340325
80463
130116
36516
1956449
3163733
874739
701830
576667
4447
12627
7430865
10494797
8878418
11872
2807
4539
1273
40966
66245
13661
7065
5805
14
43
155595
219751
185906
33643
13938
19528
125171
160872
2381
1757660
37
41171
112043
47440
11987
176859
18252031
9186202
2143586
23156941
18252031
2787572
534470
7027023
5773834
112043
14395
2988
53668
44097
5521492
2707651
3597899
15769585
18704755
568390
111181249
8901
6547455
1343786
1608287
317713
144188
614894
5521492
821642
850657
385739
897081
4785314
3931908
7151365
203880
172479
85618
28237454
2701
7491
31515
37718
7451
3381
14420
33643
4229
4617
2095
4869
37983
31209
61506
854
722
421
446404
11
31
133263
44622
30205
8470
286599
2982000
1156482
949155
509392
6413155
904894
743516
288351
288023
127009
1946085
6413155
40439
33227
11125
9166
2112
86969
286599
2171367
101816
24072
38927
10924
513380
87
830176
263
551476
215350
953374
778864
658905
541397
2171367
4849
1146
1853
520
31938
0
51647
0
34308
5087
59311
48455
40992
33681
135086
17282
10474
130
17282
10474
130
56986
33600
56986
13503
4935
13503
280538
1388891
56986
56986
56986
56986
56986
57924
56986
163522
56986
56986
56986
56986
56986
56986
56986
33599
56986
33599
13501
4934
13501
4934
7324932
3479365
7324932
56986
168190
56986
56986
56986
56986
56986
79890
168190
56986
56986
862408
409646
862408
56983
17280
10471
126
56983
56983
43126
18177
130
17282
10474
130
56986
56986
56986
56986
17282
10474
130
56986
56986
56986
56986
22278
22278
22278
22278
22278
35473
22278
22278
22278
22278
22278
23811
22278
186574
885775
22278
22278
22278
22278
22278
22278
22278
22278
22278
22278
22278
22278
462792
2197153
14562
22278
22278
22278
22278
22278
22278
22278
14562
22278
22278
22278
22278
22278
22278
22278
1827
100719
119056
14562
22278
22278
22278
22278
22278
22278
22278
22278
34344
34344
14562
22278
22278
22278
22278
22278
22278
22278
22278
34344
31411
31411
110600
444212
7282
7282
7282
7282
7282
7282
7282
7282
7282
7282
7282
18776
7282
7282
7282
7282
3524
18776
7282
7282
7282
7282
7282
7282
7282
7282
7282
7282
7282
7282
7282
18776
7282
7282
5365
7282
5764
2436
2362
18776
244100
28335
279214
2480480
131160
2851194
1405927
48374
43750
22278
84728
69617
618470
39800
2851194
1405927
3718145
245033
33952
37516
43016
184229
9586912
11375012
180305
46527
186261
1665002
39278
857439
422079
22278
26798
14055146
14055146
41152
41287
41495
49414
10451
9761
7282
9810
18892
7282
944322
7282
8623
8870
7282
10170
70436
1510464
45936
35731
32316
22278
56521
46441
415143
29944
857439
422079
22278
5531
8135
5041549
4265070
5041549
22278
22278
22278
231386
29944
668859
22278
22278
22278
22278
22278
57692
29944
668859
56118
56118
15596
144697
171685
22278
171685
29944
230763
171685
41644
318884
34863638
7282
18776
7282
7282
7282
7282
7282
18776
7282
11307
13383
56118
2929
7282
14252
7282
7282
7282
1462
7282
22599
22278
22278
22278
22278
22278
42807
29944
230763
52098
18776
65779
96768
12505509
10579445
25779
24028
85420
74073
22278
85420
85420
81131
37849
25779
25779
14562
22278
22278
22278
22278
25920
22278
22278
81131
29944
37849
180563
7497
7282
7282
7282
23864
465566
552401
25779
38589
59037
56702
22278
59037
59037
29944
29944
6013
10793
38032
100786
331893
6013
331893
7282
7282
7282
7282
7282
7282
7282
7282
7282
7282
45858
3752
7282
7282
7282
7282
9124
72668
22278
25779
25779
14562
22278
22278
22278
22278
22278
22278
22278
29944
29944
29944
1828
1704
38032
38032
119051
100717
1243
1828
119051
59403
14562
23826
22278
23826
22278
69000
22278
34344
79139
38032
38032
38032
2420
59403
14562
22278
22278
22278
22278
22278
22278
22278
29944
69000
22278
34344
34344
38032
38032
15870
7279
7279
7279
7279
7279
18774
22275
25776
14559
22275
22275
29942
22275
18774
22275
34342
31408
38029
4523930
7282
7282
7282
18776
7282
7282
7282
7282
7282
6027
7282
18776
7282
7282
7282
7282
7282
58
170
7282
7282
7282
471
7282
7282
7282
114
7282
18776
743
743
25779
14562
22278
22278
22278
22278
22278
22278
29944
29944
22278
18776
22278
34344
31411
31411
471
38032
38032
38032
915850
1622724
1372797
91943
33598
91943
31905
11658
31905
13500
4933
13500
6462
2361
6462
370413
270374
145017
1344483
810864
7203554
6793832
33634906
58055
52506
6542
102648
84344
145017
186571
85622
273607
199713
145017
896892
540920
4835327
885773
2580268
12774394
19995
363
43569
39405
11338
69565
57159
145017
23634
95337
76943
197569
145017
145017
671967
426874
426874
203856
772302
8112
7338
13742
11291
4382
145017
772302
1402763
462789
197569
145017
95337
76943
498590
2197151
148129
148129
203856
494720
110599
17181
14118
11221
10149
145017
444211
494720
898581
33821
31289
112403
82046
145017
411318
248068
31289
12088
799879
3960041
37506
33922
3460
66640
54755
31289
100718
1826
95337
76943
145017
284279
171450
119055
31289
554080
2813022
1711
30
55750
48819
11496
89637
73653
2020
31289
31289
110599
81182
138379
95337
76943
197569
145017
145017
62680
62680
31289
21962
23692
5462
110599
203856
479397
79645
65229
169830
139543
30724
479397
870748
184321
110599
81182
31289
110599
197569
145017
95337
76943
444211
30006
30006
184318
110597
81179
31287
203853
479395
110597
197567
145015
95334
76941
444209
479395
870746
2012234
2018831
2029008
2416203
511060
477315
216621
479722
923783
37233
37372
37561
44728
9456
8836
4010
8880
17101
91940
33597
91940
33597
92153
92153
1209539
21788
35232
23404
9888
3522
531068
31902
3297
11657
3297
43275
31902
2361
2361
2361
2361
11657
946
19005
270402
271289
272657
324688
68676
64141
29109
64464
124137
6972
7038
7142
8552
2361
2361
2361
2361
3269
13498
4932
13498
4932
22682
22682
288192
5362
8672
5760
2433
2361
126535
288192
6459
2359
2359
29997
6461
2361
2361
2361
2361
2361
116
13172
29997
8616647
114360
129131
151918
881508
761
88
219808
45446
229217
3817335
24370
15005
255792
1159757
1339219
798899
343830
2587084
65867
31434913
1186
972756
65867
67371414
292909
26214
338244
78812
351109
567718
2467339
1074234
3579729
177388547
49568838
5753911
56699226
19815716
430757615
212407070
503704112
9823274
8884386
1434651
17205501
14137097
6013121
430757615
212407070
125591030
58047
52499
6536
102640
84336
23915
58162
144187
2467339
1074234
892551
53828935
84260107
177388547
21092726
23307347
26723871
114452547
26794
36614184
9448287
37823534
5934226
129541659
63767641
338107260
14055146
2309891384
282135
152226770
14055146
25565862
25649676
25778977
30698367
6493135
6064398
2752215
6094969
11736868
5357062
5510597
2493661
6318372
43758500
5526
8130
7255993
6562481
2355788
11477632
9430728
1800753
129541659
63767641
84301950
5041549
4265064
2201929
586658738
9328095
363934482
85614
178560
5041549
473061
474829
477222
568291
120146
112264
50949
112830
217274
1518365
29044
30530
12946
35918
337025
119
18
26
43560
39397
11331
69556
57151
4509
7395
3741
91752
191969
340130
798899
343830
643745
23626
19987
10695
7849421
9476750
46226
4517567
360
790
23626
20277147
32001629
67371414
40921
45269
17558
14123
950657
1819620
340818
120493
4073078
2537575
2807204
1075601
1154093
46986922
101051093
502882
454817
851852
699934
268185
350212
11715481
101051093
426861
426861
8109
7334
13736
11287
4377
4285
193835
288479
133214
950657
453695
86560
19960
1235984
1934724
4073078
10033965
9689002
318880
2009292
372590
34863638
1209539
1170831
531068
276821
447642
297363
44756
125630
4405579
2290788
3704384
2460781
1457
872805
65776
96764
609724
500986
398190
360132
113063
3318480
7024779
8314703
2924
7386
8854553
12505509
10579445
8692722
33066
5445117
34863638
43275
41890
148115
19000
9904
16015
10639
943
4494
148115
82993
146982
244613
119742
202639
133546
5
14797
3
1344
1978
17177
14114
11218
10145
15
31202
2374
324
910
6838
28293
100915
169048
60626
557083
72078
411290
528426
10
290632
29
577528
901810
734413
562809
130
262679
1237939
2609129
22759
10523
24365
189220
132339
3661
54830
13854
219584
219584
76690
20885030
2591221
15041834
12257299
5718279
1359524
17346027
17346027
7464787
160937
2591221
2980906
2695997
12257299
1735224
5718279
338977
5263689
4324970
2732949
1176113
584
22759
1743
6188
37498
33914
132339
793
16638
54830
3454
66633
54750
33302
12082
6337607
9920453
20885030
796106
10788
2202182
11514362
3887255
1870139
2442387
11988565
2812953
14826041
11988565
331888
112174669
6008
4657887
331888
3435526
3446789
3464164
4125229
872543
814930
369841
819038
1577193
46951
796106
1699
559303
2281851
2063757
3887255
567497
1870139
577457
252824
608972
3637956
2989168
665071
701367
5668422
4300271
1882654
119047
100712
50669
28489759
222460
17508897
1239
1823
3746
119047
88580
89431
90742
108660
22497
21144
9595
21454
41544
153
13653
24
19258
34833
10297
55744
48812
79389
6436
9981
32892
10895
2524
11490
89630
73646
12915
13619
145137
105948
33756
31488
2015
1705
766
838575
302
1349893
1708914
1097
614773
18
26
31
2015
4037909
6871948
14835720
4364918
4838305
3443827
2395072
1890297
1616905
1182976
496198
100714
10424626
865015
782338
1468194
1206358
755371
1235293
597175
297319
403151
358976
123719
15868
3163375
2417
10424626
62670
62670
79643
65226
169827
139541
54776
129245
54440
21959
30721
19827
23690
3626
4743
5458
415
236248
418774
13
127959
655520
1380035
288192
68137
110184
73194
6021
30923
126535
288192
272128
891840
1073246
1063347
55
1729628
166
1147648
915847
111
232204
1986306
1622723
1372796
1125345
874663
776432
739
739
654484
468
4523930
7092
11468
7618
113
3218
13170
29997
