204636
210653
107677119
107677119
72864
124576
77872184
77872184
89410
1599718
93412178
31812
946044
67555766
453
9560
1946320
1142
1142
562378
562378
204636
210653
107677119
107677119
72864
124576
77872184
77872184
407
676
406712
406712
89410
1599718
93412178
31812
946044
67555766
219
7524
1407581
204636
210653
107677119
107677119
72864
124576
77872184
77872184
89410
1599718
93412178
31812
946044
67555766
453
9560
1946320
1142
1142
562378
562378
204636
210653
107677119
107677119
72864
124576
77872184
77872184
407
676
406712
406712
89410
1599718
93412178
31812
946044
67555766
219
7524
1407581
210653
107677119
107677119
74952
124576
77872184
77872184
2924045
93412178
1040396
1729227
67555766
20732
1946320
1142
562378
562378
210653
107677119
107677119
74952
124576
77872184
77872184
407
676
406712
406712
2924045
93412178
1040396
1729227
67555766
10839
17606
1407581
210653
107677119
107677119
74953
124576
77872184
77872184
3322055
93412178
1182012
1964603
67555766
2568525
75581
2568525
1857561
26893
44697
1857561
6547234
2329554
4734965
3871915
30461
1946320
1141
562377
562377
210652
107677119
107677119
74951
124575
77872184
77872184
406
674
406711
406711
3322055
93412178
1182011
1964602
67555766
10838
18014
1407580
16506
404
16506
2568525
75579
2568525
1857559
26891
44696
1857559
11937
144
239
11937
6547234
2329553
4734965
3871914
128581
261349
213712
17859507408
2113913796
17982492505
734270203
49387757
8498563289
28332317
28527420
507812
966688
13482118
4002850
4092769
707535482
61029347
712407751
93552327971
10043895806
94196553024
734458813
49391406
44517486512
2917537
202930
336685382
357287176
359747546
507812
966688
170017437
1921
3704
1934251
292724
303875
399059
668424
5212164
2727573
10493846
36997019
6423278
11315456
16312281
10558946
17859507408
2113913796
17982492505
734270203
49387757
8498563289
28332317
28527420
507812
966688
13482118
402906106
639807137
402906106
378370245
410523623
49106373
413350593
118204751
187706869
15827355
1132254
195350348
118204751
111006411
7292876
12215568
5883140
14055863
62560302
7292876
7224063
2727573
10493846
36997019
694500
699282
2239344
3750901
13872718
19133930
17854706
13479
25251
330482
2239344
2231536
6423278
11315456
16312281
10558946
62824129
28748256
281375946
1698237
564749
7606043
143695731
93014307
72285706
4761897
3082378
2395458
4002850
4092769
707535482
61029347
712407751
93552327971
10043895806
94196553024
734458813
49391407
44517486512
2917537
202930
336685382
357287176
359747546
507812
966688
170017437
1922
3704
1934251
33683170
2123169
34213409
1468956
1290816
4589059
4184932
741414278
750411154
741414278
443779439
4589059
2474892
3340769205
308105909
3363774589
228443310
224599734
15827355
1132254
1589726854
228443310
132824177
64994
4951
16169328
1468956
763364
1117567
1871925
2871642
1228811
12861479
61891435
103668153
106232789
62551963
475794122
61891435
61307451
62824129
28748256
281375946
1117567
1107022
1698237
564749
7606043
19198735
19330942
20459421
34269530
157283028
13479
25251
9135843
20459421
20266373
143695731
93014307
72285706
65
113
143613
399059
395295
4761897
3082378
2395458
4065660
6262434
178342
973023
4528998
81965
17859507408
2113913796
17982492505
734270203
49387758
8498563289
28332317
28527420
507813
966689
13482118
4002850
4092769
707535482
61029347
712407751
93552327971
10043895806
94196553024
734458814
49391406
44517486512
2917536
202931
336685382
357287176
359747546
507813
966689
170017437
1921
3706
1934252
271663073
10973856630
10403745061
160656575
10973856630
10403745061
11566438044
1369044084
23060506936
11646087469
20954421650
70648457
3227648735
3059966584
442492604
27855723
1289103403
5503965115
5014710017
41780206
3227648735
3059966584
3995869
189072500
2363083
189072500
17104065
44394313
17221848
39578055
1103807
58147520
140122731
140122731
313757
642505
2309753
8139081
9714045
652771
58147520
17646180
49634230
62378095
140122731
140122731
788962
14062
4412774
330735
2326645
4537798
4797
1366107
4065660
6262434
178342
80262688
80274241
169357167
705725405
49120410
144084760
402532104
713355118
710846132
273477
30822843
16971286
917611
98375295
55371231
271663073
19569592730
12160910780
160656575
19569592730
12160910780
542658
98375295
55371231
82571456162
8114511616
30365209214
83140064147
70648457
6093880600
3720609841
442669533
27857665
1289710894
39292166915
19896674767
41780206
6093880600
3720609841
954522
1585273
101484
5329674
123454735
337133109
421865177
170716668
420381408
161729
30822843
16971286
15686
4253267
3995869
706942972
2363083
706942972
11759
4253267
378566007
68614350
381172908
1103807
225676587
3101350543
3101350543
313757
642505
2309753
180143108
91220442
652771
225676587
390564690
1098559436
1380620673
3101350543
3101350543
1623
265525
2780
14062
964
2103
8551
785321
1267785
2144572
2683571
1085964
4537798
2837
1366107
973023
4528998
81965
8016446
28430821
35730345
80262688
80274241
6262434
178342
4528998
1498695
81965
292723
303874
399058
5212164
2727573
10493846
36997019
6423278
11315456
16312281
10558946
17859507408
2113913796
17982492505
734270203
49387757
8498563289
28332317
28527420
507812
966689
13482118
402906106
381974410
402906106
225892684
410523623
49106373
413350593
118204751
112063802
15827354
1132254
195350348
118204751
66272484
7292876
5883140
14055863
62560302
4312873
7292876
2727573
10493846
36997019
694500
699282
2239344
13872718
19133930
17854706
13480
25253
330482
1332260
2239344
6423278
11315456
16312281
10558946
62824129
28748256
281375946
1698237
564749
7606043
143695731
93014307
72285706
4761897
3082378
2395458
4002850
4092769
707535482
61029347
712407751
93552327971
10043895806
94196553024
734458813
49391405
44517486512
2917536
202929
336685382
357287176
359747546
507811
966687
170017437
1921
3704
1934251
33683170
2123167
34213409
1468956
770636
4589059
2498467
741414278
448006659
741414278
264942948
4589059
1477547
3340769205
308105909
3363774589
228443310
134089393
15827354
1132253
1589726854
228443310
79298016
64994
4950
16169328
1468956
455740
1117567
2871642
1228811
12861479
61891435
106232789
62551963
475794122
36601463
61891435
62824129
28748256
281375946
660909
1117567
1698237
564749
7606043
19198735
19330942
20459421
157283028
13479
25251
9135843
12099327
20459421
143695731
93014307
72285706
65
112
143611
235996
399058
4761897
3082378
2395458
2188817
7249582
27890342
5980051
8804311
12821547
8299393
1107719973
10973856630
10403745061
655085343
10973856630
10403745061
11566438044
1369044084
11646087469
20954421650
23060506936
325804417
3227648735
3059966584
442492604
27855723
5503965115
5014710017
1289103403
192674777
3227648735
3059966584
20408379
189072500
12069142
189072500
17104065
17221848
39578055
44394313
6191152
58147520
140122731
313756
642506
8139081
9714045
2309752
4040514
58147520
17646180
49634230
62378095
140122731
173576998
289493532
274453823
13723747
173576998
289493532
162306974
274453823
305192178
36123614
307293809
568755940
623437431
53055701
86682774
82179448
11580158
821264
145227692
137622246
34026646
3728097
53055701
86682774
49012137
82179448
5038318
5571434
4639182
10529929
47161320
230174
5038318
3294844
5571434
2188817
7249582
27890342
530596
534250
1151643
1339680
1608813
1766473
4306127
4306127
10859379
14860560
14006766
9870
19789
252487
275605
67175
71124
1608813
1046747
1766473
547413
1539736
1916948
4306127
2570642
1040264
437970
5980051
8804311
12821547
8299393
1414000
80184803
32537146
359130719
4076521
931744
24194455
197126024
127599758
99163654
33113283
21374511
14472819
944758
53399
4412774
2560588
4537797
118643
5593402
6262433
178340
80274241
169357167
705725405
49120410
402532104
713355118
710846132
1749086
34136491
18487892
5774539
107780229
59660402
1279951226
19908802140
12316548547
756939758
19908802140
12316548547
3414957
107780229
59660402
82571456162
8114511616
83140064147
387111420
6227697176
3781660534
442669533
27857665
39292166915
1289710894
19896674767
228930617
6227697176
3781660534
954521
1585273
101484
123454735
337133109
421865177
5329673
170716668
420381408
1034377
34136491
18487892
353866
15330871
54512451
1226675650
32237667
1226675650
209270
15330871
378566007
381172908
17456208
403424562
3101350543
313755
642505
180143108
2309751
91220442
10323282
403424562
390564690
1098559436
1380620673
3101350543
1622
268432
9568
53399
963
2101
785320
1267784
2144572
2683570
8550
1085963
4537797
70163
5593402
4528997
1498694
81963
8016445
28434716
35735488
80274241
29431763
56632958
32167013
1711519
32847571
32732041
295310
1205558
580099
626843
157091899
964749
3701024
229876
1927936
189184461
583574128
348711178
13723746
189184461
583574128
206221416
348711178
157091899
52289
964749
3701024
87606
1140146
1927936
3120382972
252025363
3141870720
58220788
184808691
109385319
11580156
821263
1484854625
34042188
751897181
3728095
58220788
184808691
64688478
109385319
99510
56632958
42115
2475
10074198
15523830
19425453
144071
7860920
19357130
15455
295310
1205558
221078
370703
626843
3103829
109813
1597275
6893214
2027337
40911741
67927475
135588911
70796028
607273961
40171067
230173
67927475
80184803
32537146
359130719
3103829
41850
944599
1251
1597275
4076521
931744
24194455
18982981
19455466
22725729
215765477
9869
19788
9194693
67173
4655987
13439581
71122
22725729
27172154
76428380
96051792
197126024
127599758
99163654
51635941
7778712
215765477
277
199830
15163
84627
2356264
64
116
267585
435945
456712
545512
387
188955
922437
451525
716386
400
1211378
1032484
292453
10190
1700503
12301324
16032010
1774526
6458794
23742796
33113283
21434242
16623618
7285403
86292
36244344
44792799
10301169
62048536
13187762
10019086
16969476
691022
889180
185562
186752
240305
186752
13689380
15933250
10629068
6761748
1859040
644635
1079764
500524
458230
125983
97462520
22413825
97462520
44792799
10301169
62048536
52574715
28694625
21800053
28694625
61192404
13689380
15933250
10629068
6761748
1859040
40821443
13187762
10019086
16969476
25968814
7139732
1503563
1503563
403757
691022
889180
185562
561683
406345
406345
940819
644635
1079764
500524
458230
125983
436116
186752
240305
186752
399264
109771
167002656
17022031
214892228
1216370
98321
1565176
53859541
17385115
69304268
397431
100179
506657
5067128
6520175
1533851
80309
86908
24311
1682174
2215004
1682174
28167
36242
28167
13689380
15933250
10629068
6761748
1859040
325519
378875
252748
160787
44206
644635
1079764
500524
458230
125983
21756
36441
16892
15465
4395
328202
61285
61285
549739
3900117
852632
217974
852632
1291953
2646643
213933
2646643
363373133
37037428
363373133
167002656
17022031
214892228
1216370
98322
1565176
453391379
117190413
37827446
117190413
224208357
13689380
15933250
10629068
6761748
1859040
352034059
53859541
17385115
69304268
95149476
26159908
325519
378875
252748
160787
44206
3028231
397431
100179
506657
548279
150744
87964
87964
52895
11025324
11025324
3337434
5067128
6520175
1533851
80309
86908
24311
15674119
3660163
3660163
26254150
644635
1079764
500524
458230
125983
12170112
1682174
2215004
1682174
11141728
3063249
22488
37668
17461
15985
4395
254832
28167
36242
28167
233299
64143
44792799
10301169
62048536
13187762
10019086
16969476
691022
889180
185562
186752
240305
186752
13689380
15933250
10629068
6761748
1859040
644635
1079764
500524
458230
125983
97462520
22413825
97462520
44792799
10301169
62048536
52574715
28694625
632294875
74840634
21800053
28694625
61192404
13689380
15933250
10629068
6761748
1859040
40821443
13187762
19982401
336590343
1201930
10019086
16969476
25968814
7139732
1503563
1503563
403757
691022
889180
185562
561683
406345
928638
406345
940819
644635
1079764
500524
458230
125983
436116
186752
12627
27558
495506
240305
186752
399264
109771
167002656
17022031
214892228
1216370
98321
1565176
53859541
17385115
69304268
397431
100179
506657
5067128
6520175
1533851
80309
86908
24311
1682174
2215004
1682174
28167
36242
28167
13689380
15933250
10629068
6761748
1859040
325519
378875
252748
160787
44206
644635
1079764
500524
458230
125983
21756
36441
16892
15465
4395
328202
61285
612638
61285
549739
3900117
852632
51934522
3386348
217974
852632
1291953
2646643
213933
2646643
363373133
37037428
363373133
167002656
17022031
214892228
1216370
98322
1565176
453391379
117190413
5546569776
509391209
37827446
117190413
224208357
13689380
15933250
10629068
6761748
1859040
352034059
53859541
19982401
2621320391
1201930
17385115
69304268
95149476
26159908
325519
378875
252748
160787
44206
3028231
397431
80172
24544362
4457
100179
506657
548279
150744
87964
87964
52895
11025324
11025324
3337434
5067128
6520175
1533851
80309
86908
24311
15674119
3660163
29258051
3660163
26254150
644635
1079764
500524
458230
125983
12170112
1682174
12627
27558
13827415
2215004
1682174
11141728
3063249
22488
37668
17461
15985
4395
254832
28167
45
99
289534
36242
28167
233299
64143
44792799
10301169
62048536
13187762
10019086
16969476
691022
889180
185562
186752
240305
186752
13689380
15933250
10629068
6761748
1859040
644635
1079764
500524
458230
125983
97462520
22413825
97462520
44792799
10301169
62048536
52574715
28694625
21800053
28694625
61192404
13689380
15933250
10629068
6761748
1859040
40821443
13187762
10019086
16969476
25968814
7139732
1503563
1503563
403757
691022
889180
185562
561683
406345
406345
940819
644635
1079764
500524
458230
125983
436116
186752
240305
186752
399264
109771
167002656
17022031
214892228
1278044
98321
1644535
53859541
17385115
69304268
414571
100179
533452
6074574
7816515
1838811
80309
103339
24311
2035746
2619516
2035746
28167
36242
28167
13689380
15933250
10629068
6761748
1859040
325519
378875
252748
160787
44206
644635
1079764
500524
458230
125983
21756
36441
16892
15465
4395
328202
61285
61285
549739
3900117
902044
217974
902044
1291953
2780835
213933
2780835
363373133
37037428
363373133
167002656
17022031
214892228
1278044
98322
1644535
453391379
117190413
37827446
117190413
224208357
13689380
15933250
10629068
6761748
1859040
352034059
53859541
17385115
69304268
95149476
26159908
325519
378875
252748
160787
44206
3028231
414571
100179
533452
548279
150744
150049
150049
52895
13217378
13217378
4000982
6074574
7816515
1838811
80309
103339
24311
15674119
4429484
4429484
26254150
644635
1079764
500524
458230
125983
12170112
2035746
2619516
2035746
11141728
3063249
22488
37668
17461
15985
4395
254832
28167
36242
28167
233299
64143
270172
270172
452538
44792799
10301169
62048536
13187762
10019086
16969476
691022
889180
185562
186752
240305
186752
7949902
1647296
10229611
2052505
1533260
2641081
79794
22277
35890
162483
102676
24154
22277
22277
40620
57393
37150
26348
22277
13689380
15933250
10629068
6761748
1859040
644635
1079764
500524
458230
125983
2001690
2329794
1554205
988717
271832
101816
170541
79054
72374
19898
97462520
22413825
97462520
44792799
10301169
62048536
632294875
74840634
52574715
28694625
21800053
28694625
61192404
13689380
15933250
10629068
6761748
1859040
19982401
336590343
1201930
40821443
13187762
10019086
16969476
25968814
7139732
1503563
1503563
403757
691022
889180
185562
928638
561683
406345
406345
940819
644635
1079764
500524
458230
125983
12627
27558
495506
436116
186752
240305
186752
399264
109771
17297814
15447899
3584273
17297814
24530967
7949902
15447899
1647296
10229611
14507165
13113493
1552158
2000918
4465949
4301878
3336148
4465949
2328895
6831299
2001690
2329794
1554205
988717
271832
398845
6568227
25221
1553605
2052505
4301878
1533260
2641081
988335
287984
4095299
173620
234582
23429
58272
260988
173620
52556
392924
79794
234582
22277
35890
162483
102676
24154
237283
14562
14562
44554
59886
44554
68688
62820
44554
24391
100309
101816
170541
79054
72374
19898
263
614
7281
11306
22277
59886
22277
40620
57393
37150
26348
22277
12195
12195
59320
167002656
17022031
214892228
1278044
98321
1644535
53859541
17385115
69304268
414571
100179
533452
6074574
7816515
1838811
80309
103339
24311
2035746
2619516
2035746
28167
36242
28167
41229946
3251123
53053019
373244
19586
480275
13590615
3337285
17487851
128589
20553
165463
846796
387493
3792622
2871424
3694832
869198
37556
8581
169489
128321
165119
38845
1983787
1284106
997938
997938
1284106
997938
123417
79888
62085
62085
79888
62085
13689380
15933250
10629068
6761748
1859040
325519
378875
252748
160787
44206
644635
1079764
500524
458230
125983
21756
36441
16892
15465
4395
2001690
2329794
1554205
988717
271832
46944
54639
36449
23187
6376
101816
170541
79054
72374
19898
3119
5224
2780
3449
950
328202
61285
612638
61285
549739
3900117
902044
51934522
3386348
217974
902044
1291953
2780835
213933
2780835
363373133
37037428
363373133
167002656
17022031
214892228
1278044
98322
1644535
453391379
117190413
5546569776
509391209
37827446
117190413
224208357
13689380
15933250
10629068
6761748
1859040
352034059
53859541
19982401
2621320391
1201930
17385115
69304268
95149476
26159908
325519
378875
252748
160787
44206
3028231
414571
80172
24544362
4457
100179
533452
548279
150744
174741
174741
52895
13217378
13217378
4000982
6074574
7816515
1838811
80309
103339
24311
15674119
4429484
29258051
4429484
26254150
644635
1079764
500524
458230
125983
12170112
2035746
12627
27558
13827415
2619516
2035746
11141728
3063249
22488
37668
17461
15985
4395
254832
28167
45
98
289534
36242
28167
233300
64143
74010
279790
371100
3701812
131199
44718
279790
56739
74902
230378
812124
42616
812124
188802
35693168
89710279
7073964
89710279
31985983
35693168
41229946
3251123
53053019
18915925
230378
373244
19586
480275
111655
11253592
29571173
35400613
234159107
17146961
7261440
29571173
9687434
12162912
2001690
2329794
1554205
988717
271832
11253592
13590615
27486675
398845
110664080
25221
3337285
17487851
5728971
5161693
1419129
46944
54639
36449
23187
6376
74010
128589
288140
1916
1749484
106
20553
165463
33554
31789
8742
279209
63505
18671
286599
279209
84519
480053
6247795
1431895
843128
6413155
6247795
1891246
10742034
2871424
846796
387493
3792622
6413155
3694832
869198
6352642
128321
37556
8582
169489
286599
165119
38845
283894
2171367
2171367
3637039
101816
170541
79054
72374
19898
263
1685949
614
1026192
1983787
1284106
997938
2171367
1284106
997938
1543485
424359
2150878
4849
8122
3765
3449
950
2
104888
3
63842
123417
79888
62085
135086
79888
62085
96024
18585
133812
10301169
62048536
44792799
10019086
16969476
13187762
310448
17374951
41050373
889180
691022
185562
240305
186752
1587287
17302676
40879617
9512388
13689380
4036864
1109874
10629068
644635
273570
500524
75213
22413825
97462520
10301169
62048536
44792799
36532778
52574715
21800053
28694625
510347
29380263
9512388
13689380
4036864
1109874
10629068
15503769
4262526
40821443
10019086
16969476
13187762
310448
21247831
17374951
1503563
403757
889180
691022
185562
561683
406345
2528974
29258051
644635
273570
500524
75213
238366
436116
65535
240305
186752
1587287
21159447
17302676
17022031
214892228
167002656
98322
1565176
1216370
17385115
69304268
53859541
17374951
310448
41050373
100179
506656
397431
68105
1142
160906
6520175
5067128
1533851
86908
80310
24311
2215004
1682174
17302676
40879617
36244
28167
362303
855983
9512388
13689380
4036864
1109874
10629068
226194
325519
95992
26391
252748
644635
273570
500524
75213
21756
9232
16892
2625
328202
61285
612638
771316
3900117
217973
852632
115162
1931
213933
2646643
37037428
363373133
17022031
214892228
167002656
98322
1565176
1216370
133855735
453391379
37827446
117190413
29380263
524954
9512388
13689380
4036864
1109874
10629068
56805657
15617856
352034059
17385115
69304268
53859541
21247831
17374951
310448
226194
325519
95992
26391
252748
327331
89996
3028232
100179
506656
397431
83285
68105
1142
87964
52896
11025324
3337434
6520175
5067128
1533851
86908
80310
24311
15674119
3660163
29258051
644635
273570
500524
75213
6651778
12170112
1828805
2215004
1682174
21159447
17302676
22488
9544
17461
2625
139283
254832
38294
36244
28167
443060
362303
158978708
158950129
158978708
1002122
1210596
1210814
158978708
158978708
158978708
158950129
158978708
1002122
1210814
1002122
1210596
1210814
16467792
14098029
5985575
32908562
25574761
179990080
5445789
4662124
5722718
9900987
7532607
50824529
208563
10219584
24144975
207038
177245
408035
317103
95989
2094476
149906
145701
106808
73112
769513
850160
20617718
48711794
49829906
49851678
50406463
71742087
23756394
21156040
5816533
21579216
55703878
208630908
1875022
1875022
190607794
795721
1455854
886139
218771
112115
48879010
13023729
55646905
391631851
16467792
14098029
5985575
32908562
25574761
179990080
18722055
18730235
18938678
26954883
16163962
12451789
16389843
110586675
34178
342989
35533
17280859
17280859
50267224
50289187
50848840
72371710
23756394
21341710
5867580
21579216
56192747
9496681
7948731
2185383
8037190
22463198
5445789
4662124
5722718
9900987
7532607
50824529
12292
208563
21014
12497532
10219584
12497532
614524
689970
208858
4557271
207038
177245
408035
317103
95989
2094476
62392433
312223
253485
1374791
12312
1374791
325270
34863638
208630908
2217760
190607794
941172
1721971
1048118
112116
258761
57002503
132501
242425
147557
6268
36429
149906
145701
106808
73112
769513
4380
850160
192359
25213412
20617718
83718783
71671406
11397385
170230355
132204167
884338544
530750
455549
62735
1085634
843696
7016644
163408283
177356658
177388547
30344399
25977752
11853144
55005727
42747486
286749051
10219584
208563
24144975
210784
182687
77227
368921
289254
2510962
53065527
67359303
67371414
48624
878
114878
2572726
2202503
5070375
3940422
1192790
45244592
74508
63787
86908
86908
34545
1823678
1002122
3337915
3338516
1682462
1307518
958496
820565
16022979
20617718
48711794
86908
68477
50198
42974
1199130
331231
1110029
1110029
1110029
2144553
49829906
49851678
50406463
71742087
23756394
21156040
5816533
21579216
55703878
810107
810461
819481
1166344
384478
343943
94562
347771
918737
208630908
1875022
1875022
190607794
795721
1455854
886139
218771
112115
7464502
41745
41745
6819662
17716
32413
19729
4870
2373
108745513
1142699
86908
1521902
331231
180304
215
1110029
176439109
7467
1110029
571226
575242
677583
3690862
597394
168032
617945
5463483
53065527
120
2477354
2876746
67371414
10708686255
120
82219
1485
82219
1575351
136500
1835759
15267183
163408283
930100
1909968
177388547
28195909545
248490575
24799028
287656757
1924190156
83718783
71671406
11397385
170230355
132204167
884338544
530750
455549
62735
1085634
843696
7016644
163408283
240165
902655
177356658
177388547
16674545492
91537819
92118311
104366902
396780833
90066972
25790693
93012221
623923615
34178
35533
17280859
352670
17280859
50267224
50289187
50848840
72371710
23756394
21341710
5867580
21579216
56192747
43260963
39093141
10748067
44291195
308079010
30344399
25977752
11853144
55005727
42747486
286749051
12292
21014
12497532
10219584
208563
12497532
930551
930958
941318
1339751
439780
395079
108621
399476
1040245
269962
244122
64786
287553
2865756
210784
182687
77227
368921
289254
2510962
53065527
44
639685
1359556
67359303
67371414
6332921299
71
59461
48624
878
59461
86908
86908
75163
3968056
1002122
730322
239651
3338516
647415748
7636257
8573777
2595335
98445556
2572726
2202503
5070375
3940422
1192790
45244592
74508
63787
86908
86908
34545
1823678
1002122
345153
61882
3337915
3338516
313820919
1757011123
18677144
2844967
34863638
12312
325270
34863638
208630908
2217760
190607794
941172
1721971
1048118
112116
258761
1605227222
7926200
14501799
8826857
6268
2179189
1682462
1307518
958496
820565
16022979
4380
192359
25213412
20617718
7464502
79348
6819662
33673
61609
37500
2373
9259
108745513
536063
980782
596976
23
56845
86908
68477
50198
42975
1199130
331231
180304
180304
215
604730
1110029
1110029
1110029
176439109
7467
1110029
1110029
10301169
62048536
44792799
10019086
16969476
13187762
310448
17374951
41050373
889180
691022
185562
240305
186752
1587287
17302676
40879617
9512388
13689380
4036864
1109874
10629068
644635
273570
500524
75213
22413825
97462520
10301169
62048536
44792799
36532778
52574715
21800053
28694625
632294875
74840634
510347
29380263
9512388
13689380
4036864
1109874
10629068
15503769
4262526
40821443
10019086
16969476
13187762
19982403
336590343
1201931
310448
21247831
17374951
1503563
403757
889180
691022
185562
561683
406345
928638
2528974
29258051
644635
273570
500524
75213
238366
436116
65535
240305
186752
12629
27560
495506
1587287
21159447
17302676
17022031
214892228
167002656
98322
1565176
1216370
17385115
69304268
53859541
17374951
310448
41050373
100179
506656
397431
68105
1142
160906
6520175
5067128
1533851
86908
80310
24311
2215004
1682174
17302676
40879617
36244
28167
362303
855983
9512388
13689380
4036864
1109874
10629068
226194
325519
95992
26391
252748
644635
273570
500524
75213
21756
9232
16892
2625
328202
61285
612638
771316
3900117
217973
852632
115162
51934522
1931
3386348
213933
2646643
37037428
363373133
17022031
214892228
167002656
98322
1565176
1216370
133855735
453391379
37827446
117190413
29380263
5546569776
524954
509391209
9512388
13689380
4036864
1109874
10629068
56805657
15617856
352034059
17385115
69304268
53859541
21247831
17374951
19982403
2621320391
310448
1201931
226194
325519
95992
26391
252748
327331
89996
3028232
100179
506656
397431
83285
68105
80172
24544362
1142
4458
87964
52896
11025324
3337434
6520175
5067128
1533851
86908
80310
24311
15674119
3660163
29258051
644635
273570
500524
75213
6651778
12170112
1828805
2215004
1682174
12629
27560
13827415
21159447
17302676
22488
9544
17461
2625
139283
254832
38294
36244
28167
45
100
289534
443060
362303
591507
228864
426861
158978708
158950129
158978708
591507
426861
426861
1677842
1002122
617678
1210596
1210814
1210814
426861
228864
426861
426861
228864
426861
158978708
158978708
158978708
158950129
158978708
1210814
1002122
617678
1210814
426861
426861
426861
426861
426861
426861
1210814
1002122
617678
1210596
1210814
16467792
14098029
5985575
32908562
25574761
179990080
5445789
4662124
5722718
9900987
7532607
50824529
208563
10219584
24144975
207038
177245
408035
317103
95989
2094476
149906
145701
106808
73112
769513
850160
20617718
48711794
49829906
49851678
50406463
71742087
23756394
21156040
5816533
21579216
55703878
1875022
1875022
2335993
795721
1455854
886139
218771
112115
2134192
48879010
13023729
55646905
391631851
6236193
368012462
348893554
16467792
14098029
5985575
32908562
25574761
179990080
3687970
368012462
348893554
18722055
18730235
18938678
26954883
16163962
12451789
16389843
110586675
879625779
34178
329752943
39030712
751251226
342989
35533
17280859
17280859
1737015
106854109
101302846
50267224
50289187
50848840
72371710
23756394
21341710
5867580
21579216
56192747
9496681
7948731
2185383
8037190
22463198
5445789
4662124
5722718
9900987
7532607
50824529
35931195
12292
9467088
167265746
601094
179785780
208563
21014
12497532
10219584
12497532
1027239
106854109
101302846
614524
689970
208858
4557271
81515
6149760
207038
177245
408035
317103
95989
2094476
48207
6149760
312223
698594
253485
1374791
520019
520019
520019
1374791
12312
520019
520019
1175234
1374791
325270
34863638
25298
1811753
520019
2217760
2335993
941172
1721971
1048118
112116
258761
2134192
132501
242425
147557
6268
36429
638244
149906
145701
106808
73112
769513
520019
520019
520019
69011
4380
65487
206443
231495
520019
7388
16311
259764
296278
850160
192359
25213412
20617718
14960
1811753
520019
591507
228864
426861
205245
77175
148115
83718783
71671406
11397385
170230355
132204167
884338544
530750
455549
62735
1085634
843696
7016644
163408283
177356658
177388547
30344399
25977752
11853144
55005727
42747486
286749051
10219584
208563
24144975
210784
182687
77227
368921
289254
2510962
53065527
67359303
67371414
48624
878
114878
2572726
2202503
5070375
3940422
1192790
45244592
591507
426861
426861
74508
63787
86908
86908
34545
1823678
5644122
1002122
617678
3337915
3338516
3338516
1682462
1307518
958496
820565
16022979
20617718
48711794
205245
148115
148115
86908
68477
50198
42974
1199130
2108921
331231
203083
1110029
1110029
1110029
2144553
1110029
49829906
49851678
50406463
71742087
23756394
21156040
5816533
21579216
55703878
810107
810461
819481
1166344
384478
343943
94562
347771
918737
426861
228864
426861
426861
228864
426861
1875022
1875022
2335993
795721
1455854
886139
218771
112115
2134192
41745
41745
83578
148115
77175
148115
17716
32413
19729
4870
2373
76358
148115
77175
148115
1217597
1142697
86906
1521901
331230
2501
203081
180302
40218
6217
213
572626
7465
188618
1110028
438
38768
2609129
571226
575242
677583
3690862
597394
168032
617945
5463483
53065527
6226626
120
34285452
120
11299714
2477354
2876746
82219
67609206
1485
2765530
82219
67371414
7365
1184871
571592
1575351
136500
1835759
15267183
163408283
930100
1909968
177388547
27051
3781952
1934901
248490575
24799028
287656757
1924190156
6236193
743397580
422259283
83718783
71671406
11397385
170230355
132204167
884338544
3687970
743397580
422259283
530750
455549
62735
1085634
843696
7016644
163408283
240165
902655
104904344
177356658
177388547
15997
3781952
1934901
91537819
92118311
104366902
396780833
90066972
25790693
93012221
623923615
1100990228
34178
35533
17280859
4864868002
352670
374735930
17280859
1737015
228213397
126393119
50267224
50289187
50848840
72371710
23756394
21341710
5867580
21579216
56192747
43260963
39093141
10748067
44291195
308079010
30344399
25977752
11853144
55005727
42747486
286749051
35943539
12292
21014
12497532
10219584
9473292
2299146717
1164236489
208563
601094
12497532
1027239
228213397
126393119
930551
930958
941318
1339751
439780
395079
108621
399476
1040245
269962
244122
64786
287553
2865756
210784
182687
77227
368921
289254
2510962
53065527
166660
44
10515189
71
30010
639685
1359556
59461
48624
41643
31952251
39982848
16179905
878
2230
59461
39842222
67359303
67371414
4356
1184871
571592
86908
86908
75163
3968056
4073078
1002122
617678
730322
239651
3338516
440
124739
7636257
8573777
2595335
98445556
81515
33256418
2572726
2202503
5070375
3940422
1192790
45244592
48207
33256418
426861
426861
426861
426861
426861
426861
74508
63787
86908
86908
34545
1823678
4073078
1002122
617678
345153
61882
1974337
3337915
3338516
440
124739
19672857
18677144
2844967
34863638
34863638
29196805
10953639
2460513
12312
325270
34863638
25298
10672339
34863638
2335993
2217760
2134192
941172
1721971
1048118
112116
258761
17973367
7926200
14501799
8826857
6268
2179189
1682462
1307518
958496
820565
16022979
34863638
29196805
10953639
69011
4380
192359
4390508
12349387
15520160
7386
16311
16476627
25213412
20617718
8343395
34863638
14960
10672339
34863638
83578
79348
148115
148115
148115
76358
33673
61609
37500
2373
9259
148115
148115
148115
1217599
536063
980782
596976
23
56845
86908
68477
50198
42975
1199130
1521902
331231
2503
2503
203083
180304
180304
40220
309
215
393427
572628
7467
60
125969
150786
904599
1110029
31
604730
64
1110029
1110029
1110029
544805
1110029
1110029
440
38770
2609129
10301169
62048536
44792799
10019086
16969476
13187762
310448
17374951
41050373
889180
691022
185562
240305
186752
1587287
17302676
40879617
9512388
13689380
4036864
1109874
10629068
644635
273570
500524
75213
22413825
97462520
10301169
62048536
44792799
36532778
52574715
21800053
28694625
510347
29380263
9512388
13689380
4036864
1109874
10629068
15503769
4262526
40821443
10019086
16969476
13187762
310448
21247831
17374951
1503563
403757
889180
691022
185562
561683
406345
2528974
29258051
644635
273570
500524
75213
238366
436116
65535
240305
186752
1587287
21159447
17302676
17022031
214892228
167002656
98322
1644535
1278044
17374951
310448
17385115
69304268
53859541
41050373
68105
1142
100179
533452
414570
160906
7816515
6074574
1838811
103339
80310
24311
17302676
2619516
2035746
40879617
362303
36244
28167
855983
9512388
13689380
4036864
1109874
10629068
226194
325519
95992
26391
252748
644635
273570
500524
75213
21756
9232
16892
2625
328202
61285
612638
771316
3900117
217973
902045
115162
1931
213933
2780835
37037428
363373133
17022031
214892228
167002656
98322
1644535
1278044
133855735
453391379
37827446
117190413
29380263
524954
9512388
13689380
4036864
1109874
10629068
56805657
15617856
352034059
17385115
69304268
53859541
21247831
17374951
310448
226194
325519
95992
26391
252748
327331
89996
3028232
100179
533453
414571
83285
68105
1142
150049
52896
13217378
4000982
7816515
6074574
1838811
103339
80310
24311
15674119
4429484
29258051
644635
273570
500524
75213
6651778
12170112
1828805
2619516
2035746
21159447
17302676
22488
9544
17461
2625
139283
254832
38294
36244
28167
443060
362303
158950129
158978708
1210596
1210814
158978708
158950129
158978708
683383
1210814
683383
261026
404140
1210596
1210814
163544
683383
16467792
14098029
5985575
32908562
25574761
179990080
5445789
4662124
5722718
9900987
7532607
50824529
208563
10219584
24144975
207038
177245
408035
317103
95989
2094476
149906
145701
106808
73112
769513
850160
20617718
48711794
49829906
49851678
50406463
71742087
23756394
21156040
5816533
21579216
55703878
208630908
1875022
1875022
190607794
795721
1455854
886139
218771
112115
48879010
13023729
55646905
391631851
16467792
14098029
5985575
32908562
25574761
179990080
18722055
18730235
18938678
26954883
16163962
12451789
16389843
110586675
342989
35533
17280859
17280859
50267224
50289187
50848840
72371710
23756394
21341710
5867580
21579216
56192747
9496681
7948731
2185383
8037190
22463198
5445789
4662124
5722718
9900987
7532607
50824529
208563
12643
21014
12497532
10219584
12497532
614524
689970
208858
4557271
207038
177245
408035
317103
95989
2094476
62392433
312223
253485
1374791
1374791
612088
34863638
208630908
2217760
190607794
941172
1721971
1048118
112116
258761
57002503
132501
242425
147557
6268
36429
149906
145701
106808
73112
769513
850160
218097
361977
25213412
20617718
84732076
72538883
11480628
172328962
133924780
884338544
177356658
177388547
594295
517634
62735
1190019
925137
7016644
10219584
208563
30829567
26393103
11964280
55900491
43442848
286749051
24144975
67359303
67371414
48624
878
237876
203645
77227
431006
336695
2510962
114878
3464488
2965938
6827877
5306258
1606237
45244592
4072345
4073078
74508
63787
146841
114117
34545
1823678
20617718
2267622
1762274
1291861
1105958
16022979
48711794
2608660
2609129
1542992
88112
68477
50198
42974
1199130
3645500
49829906
49851678
50406463
71742087
23756394
21156040
5816533
21579216
55703878
810107
810461
819481
1166344
384478
343943
94562
347771
918737
208630908
1875022
1875022
190607794
795721
1455854
886139
218771
112115
7464502
41745
41745
6819662
17716
32413
19729
4870
2373
213032293
1263166
26
7453
160832
1345870
2609129
414721054
17548
148992
2609129
571226
575242
677583
3690862
870
63226
693572
2477354
2876746
67371414
10708686255
120
663442
168032
684891
5463483
82219
1485
82219
930100
1909968
177388547
28195909545
1724971
136500
2012248
15267183
251498189
24980152
291400556
1924190156
84732076
72538883
11480628
172328962
133924780
884338544
240165
902655
177356658
177388547
16674545492
594295
517634
62735
1190019
925137
7016644
91537819
92118311
104366902
396780833
35533
91507027
26032507
94525226
623923615
17280859
352670
17280859
50267224
50289187
50848840
72371710
23756394
21341710
5867580
21579216
56192747
43260963
39093141
10748067
44291195
308079010
12643
21014
30829567
26393103
11964280
55900491
43442848
286749051
12497532
10219584
208563
12497532
930551
930958
941318
1339751
439780
395079
108621
399476
1040245
269962
244122
64786
287553
2865756
209
29088
520733
639685
1359556
67359303
67371414
6332921299
44
71
237876
203645
77227
431006
336695
2510962
59461
48624
878
59461
2282970
730322
239651
4073078
647415748
148993
148993
75163
3968056
10283149
11545634
3494935
98445556
3464488
2965938
6827877
5306258
1606237
45244592
816765
1357530
549354
2282970
345153
61882
4072345
4073078
382869838
74508
63787
146841
114117
34545
1823678
1757011123
18677144
612088
3834448
34863638
208630908
2217760
190607794
941172
1721971
1048118
112116
258761
1605227222
7926200
14501799
8826857
6268
2179189
218097
361977
2267622
1762274
1291861
1105958
25213412
20617718
16022979
7464502
79348
6819662
33673
61609
37500
2373
9259
109825377
536063
980782
596976
23
56845
8
3427
116315
472308
795924
285140
1345871
604730
1233080
2608660
2609129
245258578
6245
10379
88113
68477
50198
42975
1886925
1542992
1199130
544805
10301169
62048536
44792799
10019086
16969476
13187762
310449
17374950
41050373
889180
691022
185562
240305
186752
1587287
17302676
40879617
1647296
10229611
7949902
1533260
2641081
2052505
6581
416418
983837
102676
79794
24154
22277
35890
162483
26348
22277
26348
22277
40620
57393
37150
1284107
3033854
9512388
13689380
4036864
1109874
10629068
644635
273570
500524
75213
1390922
2001690
590279
162288
1554205
101816
43208
79054
11879
22413825
97462520
10301169
62048536
44792799
632294875
74840634
36532778
52574715
21800053
28694625
510346
29380263
9512388
13689380
4036864
1109874
10629068
19982402
336590343
1201931
15503769
4262526
40821443
10019086
16969476
13187762
310449
21247831
17374950
1503563
403757
889180
691022
185562
928638
561683
406345
2528974
29258051
644635
273570
500524
75213
12629
27560
495506
238366
436116
65535
240305
186752
1587287
21159447
17302676
3584273
17297814
15447899
14645353
1647296
10229611
7949902
15447899
8660994
13113493
1552158
1390385
2000918
3336148
4465949
4301878
4078387
11128
704145
1390922
2001690
590279
162288
1554205
398847
6568227
25222
590051
171930
1553605
1533260
2641081
2052505
4301878
2444955
6581
509238
416418
173620
52556
234582
23429
58272
260988
102676
79794
24154
141661
234582
22277
35890
162483
14562
14562
44554
59886
44554
44554
68688
62820
2171367
101816
43208
79054
11879
265
616
7281
7281
11306
7281
26348
22277
35415
59886
26348
22277
40620
57393
37150
1570335
1284107
17022031
214892228
167002656
98321
1644535
1278044
17374950
310448
17385115
69304268
53859541
41050373
68105
1142
100179
533452
414570
160905
7816515
6074574
1838811
103338
80309
24311
17302676
2619516
2035746
40879617
362303
36243
28166
855983
3251123
53053019
41229946
19586
480276
373244
416417
6581
3337285
17487851
13590615
983836
1763
29
20553
165462
128589
4164
846796
387493
3792622
3694832
2871424
869198
37555
8581
169489
165119
128321
38844
1983787
1284106
997939
1284106
1284106
997939
3033854
123416
79887
62085
79887
79887
62085
188744
9512388
13689380
4036864
1109874
10629068
226194
325519
95992
26391
252748
644635
273570
500524
75213
21756
9232
16892
2625
1390922
2001690
590279
162288
1554205
32620
46944
13843
3807
36449
101816
43208
79054
11879
3119
2059
2780
567
328202
61284
612638
771315
3900117
217972
902043
115161
51934522
1929
3386348
213932
2780835
37037428
363373133
17022031
214892228
167002656
98321
1644535
1278044
133855735
453391379
37827446
117190413
29380263
5546569776
524952
509391209
9512388
13689380
4036864
1109874
10629068
56805657
15617856
352034059
17385115
69304268
53859541
21247831
17374950
19982401
2621320391
310447
1201929
226194
325519
95992
26391
252748
327330
89994
3028231
100178
533452
414570
83284
68104
80170
24544362
1140
4457
174739
52894
13217378
4000982
7816515
6074574
1838811
103337
80308
24309
15674119
4429484
29258051
644635
273570
500524
75213
6651778
12170112
1828805
2619516
2035746
12627
27558
13827415
21159447
17302676
22488
9543
17461
2623
139282
254831
38293
36242
28165
43
98
289533
443060
362302
74009
33873
44717
279789
371098
2979
3701812
46
131198
230376
112717
42615
812124
35693168
19096109
7073964
89710279
35693168
11293090
3251123
53053019
41229946
230376
66658
19585
480275
373244
11253592
5783543
7261440
29571173
35400613
704143
234159107
11127
17146961
1390922
2001690
590279
162288
1554205
11253592
3420281
3081607
847241
3337285
17487851
13590615
27486675
509237
416417
398845
110664080
6580
25220
32620
46944
13843
3806
36449
74009
20031
18977
5217
20551
165462
128588
288138
2154
1761
1916
1749484
27
104
279209
84518
63504
18669
286599
6247795
1891246
1431895
843128
6413155
3694832
2871424
869198
846796
387493
3792622
6413155
165119
128321
38843
37555
8580
169489
286599
2171367
101816
43208
79054
11879
921484
263
1685949
614
1026192
253348
1983787
1570334
1284106
997938
2171367
4849
2057
3764
565
57327
0
104887
1
63841
11094
123416
97694
79887
62084
135086
94971
65999
22411
68683
38031
5363
426861
228864
591507
58332
7083
80831
158950129
158978708
426861
591507
1210596
1210814
1210814
1677842
7798297
7799700
62670
86842
56985
56985
56985
78964
426861
228864
426861
228864
58332
7083
58332
7083
158978708
158950129
158978708
683383
1210814
683383
426861
426861
261025
404140
1210596
1210814
163543
683383
7799700
7798297
7799700
56983
35575
24551
392
56983
56983
3148451
1776676
22411
2280910
818285
5363
62670
62670
56985
56985
35577
24553
394
56985
56985
56985
56985
16467792
14098029
5985575
32908562
25574761
179990080
5445789
4662124
5722718
9900987
7532607
50824529
208563
10219585
24144976
207038
177245
408035
317103
95989
2094476
149906
145701
106808
73112
769513
850160
20617718
48711794
550101
4113147
2131076
2648488
2267363
945916
5292630
4113147
505283
1301041
674087
940603
773884
887134
1608921
1301041
4443
245060
578984
14561
39897
22277
26049
22300
51338
39897
22277
22277
34344
81243
14561
22277
22277
22277
22277
22277
22277
22277
22277
34344
31410
31410
2675370
6320877
49829906
49851678
50406463
71742087
23756394
21156040
5816533
21579216
55703878
1875022
1875022
2335993
795721
1455854
886139
218771
112115
2134192
3566132
3567690
3607394
5134302
1685361
1514055
416266
1530905
3986509
288192
288192
195369
195369
288192
288192
288192
82910
151693
100485
22795
8263
263295
48879010
13023729
55646905
391631851
37147811
368012462
348893554
16467792
14098029
5985575
32908562
25574761
179990080
22283178
368012462
348893554
329752943
39030712
18722055
18730235
18938678
26954883
751251226
879625779
16163962
12451789
16389843
110586675
10786037
106854109
101302846
342988
35533
17280860
17280860
50267224
50289187
50848840
72371710
23756394
21341710
5867580
21579216
56192747
9467088
167265746
601094
9496681
7948731
2185383
8037190
22463198
179785780
35931195
5445789
4662124
5722718
9900987
7532607
50824529
6378665
106854109
101302846
208563
12644
21015
12497532
10219585
12497532
614524
689970
208858
4557271
654784
6149760
207038
177245
408035
317103
95989
2094476
387227
6149760
520019
520019
312223
1175234
1374791
253485
1374791
199588
1811753
1374791
698594
786758
34863638
2217760
2335993
941172
1721971
1048118
112116
258761
2134192
65487
206443
231495
520019
7388
16311
259764
132501
242425
147557
6268
36429
296278
69011
149906
145701
106808
73112
769513
118033
1811753
850160
638244
279935
465275
25213412
20617718
4685793
2298647
8949601
7861132
2058173
8949601
8904897
9121142
8647282
311392
4685793
550101
4113147
2648488
2267363
945916
5292630
4113147
2131076
9121142
5113844
8647282
7672747
931157
833743
834107
843390
1200373
18850717
22255159
1474237
2001663
2720614
2683119
1930273
2720614
2707024
2562513
2429386
7512
26153
3063609
4147181
414385
7512
414385
3566132
3567690
3607394
5134302
1685361
1514055
416266
1530905
3986509
199721
4701801
10672
394028
353978
97321
357917
932025
4557733
993104
91849
1474237
505283
1301041
940603
773884
887134
1608921
1301041
674087
2562513
1436694
2429386
4443
6259
1408004
3078587
299684
245060
2673
4443
299684
103112
19767
86810
77317
86810
26278
119772
22277
34344
137376
94971
65999
38031
5408
103112
14561
39897
26049
22300
51338
39897
22277
22277
70830
119772
22277
34344
81241
68683
38031
38031
7279
7279
7279
7279
7279
18774
22275
25776
14559
22275
22275
29942
22275
18774
22275
34342
31408
38029
4523930
288192
288192
288192
288192
288192
288192
122302
223765
136200
8263
33626
263295
7281
7281
7281
7281
7281
168
380
7281
7281
7281
7281
7281
7281
7281
224
7281
18776
1688
1688
25778
14561
22277
22277
22277
22277
22277
22277
29943
29943
22277
18776
22277
34344
31410
31410
31410
38031
38031
38031
1609648
3271711
2675370
426861
228864
591507
148115
77175
205245
58332
7083
80831
19444
2361
26943
84732076
72538883
11480628
172328962
133924780
884338544
177356658
177388547
610148
522346
62735
1250034
971460
7016644
10219584
208563
30829567
26393103
11964280
55900491
43442848
286749051
24144975
67359303
67371414
48623
878
237875
203645
77226
433246
336695
2510963
114879
3804906
3257369
7498779
5827647
1764065
45244592
426861
591507
4072345
4073078
74507
63786
146841
114117
34544
1823678
4073078
5644122
20617718
2555986
1986374
1456141
1246599
16022979
48711794
148115
205245
2608660
2609129
1542991
88111
68476
50198
42973
1199130
3645500
2609129
3615507
16891862
5884650
20671148
17696509
2189579
42312468
32882969
239181
79423
20881275
20885030
290609
248790
23686
601462
467424
5669349
245060
4442
7795580
6673773
2365552
14195143
11031700
578983
145238
14833053
14835720
4158
66
211718
181251
48497
390446
303434
9825
2430444
846698
1364277
417678
6164933
3047452
2608915
6005974
4667519
1412887
62670
86842
290733
85115
111788
22178
816127
1379786
1380035
396594
339523
792746
616080
137352
1380035
1912334
4133118
2675369
2079153
1082645
2675369
2675369
2079153
1524154
1304823
6320876
29997
41567
1697895
1025445
750414
290731
1877799
1878174
1025445
1912849
1399811
922239
733508
4676918
1878174
3503518
49829906
49851678
50406463
71742087
23756394
21156040
5816533
21579216
55703878
810107
810461
819481
1166344
384478
343943
94562
347771
918737
426861
228864
426861
228864
1875022
1875022
2335993
795721
1455854
886139
218771
112115
2134192
148115
41745
77175
41745
83578
148115
17716
32413
19729
4870
77175
2373
76358
3566132
3567690
3607394
5134302
1685361
1514055
416266
1530905
3986509
57348
57373
58011
82566
27102
24348
7343
24619
64108
58332
7083
58332
7083
195369
195369
288192
82910
151693
100485
22795
8263
263295
288192
19442
2359
2359
29997
19444
2361
2361
2361
2361
2361
171
27406
29997
38150530
571225
575241
677582
3690861
948
119
706050
168031
732597
16090960
60408
64837
739041
2477352
2876745
1701165
807892
5463483
82218
67609206
1483
2765529
82218
67371414
1811014
136499
2113751
198909
930099
1909966
5027591
2504813
15267183
177388547
251498189
24980152
291400556
43840871
794964862
445856137
1924190156
84732076
72538883
11480628
172328962
133924780
25926689
794964862
445856137
884338544
610147
522345
62733
1250034
971459
117631
240163
902654
5027591
2504813
7016644
104904344
177356658
177388547
91537819
92118311
104366902
396780833
35532
91507027
26032507
94525226
13142394
245510404
134262355
623923615
17280859
4864868002
352669
374735930
17280859
50267224
50289187
50848840
72371710
23756394
21341710
5867580
21579216
56192747
43260963
39093141
10748067
44291195
308079010
12642
21013
30829567
26393103
11964280
55900491
43442848
7772172
245510404
134262355
286749051
12497532
10219584
9473292
2299146717
35974527
1164236489
208562
601093
12497532
930551
930958
941318
1339751
439780
395079
108621
399476
1040245
11700591
269962
244120
64785
287552
2865755
227
42
70
237874
203644
77225
433244
336694
30008
35724
29798
534475
639685
1359555
1701165
807892
2510962
59460
48622
41642
31952251
39982848
166658
16179905
877
2229
59460
39842222
67359303
67371414
221148
248299
75161
32838
2295522
3968056
730321
239650
4073078
11293562
12680098
3838344
2635752
98445556
101051093
3804906
3257368
7498778
5827646
1764064
1558735
45244592
101051093
426861
426861
74506
63785
146839
114115
34543
19420
816763
1357529
549353
2295522
1823678
345151
61880
2408743
4072345
4073078
19672857
18677144
786756
4322057
836848
34863638
2335993
2217760
2134192
941172
1721971
1048118
112115
258761
17973367
7926200
14501799
8826857
6266
2179189
279933
465273
2555986
1986374
1456141
1246598
494896
4390508
12349387
15520160
7386
16309
16476627
25213412
20617718
16022979
69009
8343395
34863638
83578
79348
148115
76358
33673
61609
37500
2371
9258
148115
393425
666405
1229688
536062
980780
596974
21
56843
6
6243
10377
88111
68475
50196
42973
58
125967
11097
3425
3976
22193
116313
472306
795922
285138
1345870
150784
904597
1161499
29
604729
62
1233079
1886924
1542991
1199129
307
544803
2608659
2609129
54621
34999
99905
862573
283062
11439
133243
51534
1017044
999439
331875
20885030
5923766
61355233
25636031
12556588
4764201
71548489
70584183
24589546
311390
5923766
20671148
17696509
25636031
7425736
12556588
2189579
42312468
32882969
16891862
5884650
1387
54621
9037
47215
290608
248789
283062
4359
78797
133243
23684
601461
467423
239181
79422
12351024
20881275
20885030
1901510
26151
5113862
23138514
8145718
4037000
5147093
24003352
5993859
29860043
23689893
414384
236251351
7510
13010190
414384
3566132
3567690
3607394
5134302
1685361
1514055
416266
1530905
3986509
91847
1901510
6258
2416822
7795580
6673773
8145718
2387408
4037000
2184321
600546
2365552
14195143
11031700
2543672
2754717
23184720
17132551
5669349
299683
245059
199719
111652879
993102
56538521
2672
4441
10670
299683
93933
93974
95020
135239
44393
39880
10964
40324
105006
347
32766
91
70506
152978
49506
211716
181250
174642
27546
47269
79931
44780
7189
48495
390445
303433
53064
57466
679927
469136
145238
117226
5084
4157
3028
4220779
1200
7026999
8804540
4361
3008665
39
65
74
5084
8773573
14833053
14835720
9045319
10155833
6508114
4522776
3538007
3074234
2306932
908804
257254
10424626
3047452
2608915
6005974
4667519
2430444
4706673
2078622
846698
1412887
1364277
417677
61565
6164933
5406
10424626
62670
62670
396593
339522
792746
616079
301160
581417
235275
85113
137351
89334
111786
12459
18389
22176
1958
491026
816127
32
309696
1379786
1380035
288192
122302
223765
136200
8261
33625
263295
288192
494305
1602465
2013906
1919864
166
3512588
378
2138018
1609647
222
398767
4133118
3271710
2675369
2079152
1524154
1304823
1686
1686
1082644
58757
4523930
12730
23291
14176
169
3499
27405
29997
