6520
6520
749920724
749920724
6520
6520
749920724
749920724
6520
6520
85685128
6520
6520
85685128
6520
6520
1946328
6520
6520
3601452
3601452
6520
6520
749920724
749920724
6520
6520
749920724
749920724
6520
6520
3601452
3601452
6520
6520
85685128
6520
6520
85685128
6520
6520
1946328
38421
38421
749920724
749920724
38421
38421
749920724
749920724
32054
32054
85685128
32054
32054
85685128
6520
6520
1946327
6520
6520
3601452
3601452
38421
38421
749920724
749920724
38421
38421
749920724
749920724
6520
6520
3601452
3601452
32054
32054
85685128
32054
32054
85685128
6520
6520
1946327
38421
817548270
817548270
38421
38421
817548270
817548270
32054
93412178
32054
32054
93412178
6520
1946327
6520
3926230
3926230
38421
817548270
817548270
38421
38421
817548270
817548270
6520
6520
3926230
3926230
32054
93412177
32054
32054
93412177
6520
6520
1946327
15375360
817548270
817548270
15375360
15375360
817548270
817548270
12827307
93412178
12827307
12827307
93412178
18208130
630736
18208130
18208130
630736
630736
18208130
6547234
6547234
6547234
6547234
78368
1946320
82720
3926230
3926230
15375360
817548270
817548270
15375360
15375360
817548270
817548270
82720
82720
3926230
3926230
12827307
93412178
12827307
12827307
93412178
78368
78368
1946320
93769
2696
93769
18208130
630734
18208130
18208130
630734
630734
18208130
93769
2696
2696
93769
6547234
6547234
6547234
6547234
361379
361379
361379
8760199662
4214362951
8792914925
409508308
193048314
8792914925
28901103
29235913
235676
544914
29235913
13548418
13784330
3675521273
1334485613
3706897661
546643080622
262979433756
548684537772
25553628014
12046360760
548684537772
104978761
34992920
3706897661
1803450676
1824343104
13489765
31190278
1824343104
64304
128453
13784330
601619
622194
853459
1706904
4263343
2564912
6557923
6619596
1045384
2188236
3339056
2003554
9550190901
4594412487
9585856413
446437601
210457333
9585856413
31507392
31872396
235674
544913
31872396
1488921834
1712110663
1488921834
1712110663
315108714
124022489
317883335
454357231
504448312
9578570
4477815
317883335
454357231
504448312
19108610
38216875
15457974
29009870
29282691
19108610
38216875
15457974
29009870
29282691
1282751
1304019
6238821
12477530
6300228
9679964
8862999
72499
72500
1304019
6238821
12477530
6300228
9679964
8862999
8862999
87157884
52375762
87977553
1805582
611309
2378174
48468226
29082696
21346863
1606176
963764
707408
14770208
15027396
4006978285
1454828982
4041184183
595939131083
286694812029
598164686008
27858043785
13132696669
598164686008
114445702
38148567
4041184183
1966085123
1988861622
14706267
34003005
1988861622
64303
128450
15027396
142359253
41928328
144355026
35593139
38021416
117657195
123040731
22656730991
26052966536
22656730991
26052966536
117657195
123040731
19663021978
7739097119
19836160403
6913895233
7676124726
597710046
279419078
19836160403
6913895233
7676124726
2463199
930452
144355026
35593139
38021416
2591984
5183921
7987241
3684180
10520180
290773256
581541250
385554836
315653363
389180755
290773256
581541250
385554836
315653363
389180755
2591984
5183921
7987241
3684180
10520180
80044692
81371778
94935342
189868966
128651290
343129
901881
81371778
94935342
189868966
128651290
128651290
128651290
3063
5305
622194
853459
1706904
4263343
4263343
4263343
9367797
18708548
663930
9367797
18708548
663930
10709808874
5152282308
10749805019
500645634
236011807
10749805019
35333131
35742455
288127
666187
35742455
16563659
16852075
4493519767
1631479465
4531879066
668300169138
321506310588
670795958817
31240666039
14727315169
670795958817
128342105
42780701
4531879066
2204814136
2230356238
16491954
38131770
2230356238
64303
157041
16852075
92100021
6147781922
3653897110
92100021
6147781922
3653897110
8839050295
3938570863
704804006
8892218731
22915941160
27723163
1894136760
1099864983
266334841
118005903
68716619
8892218731
22915941160
27723163
1894136760
1099864983
387827
56873625
387827
56873625
30345452
2437646
30754775
79257456
120502
18393292
45589303
49700528
151835
411389
105779
30754775
79257456
120502
18393292
43741831
45589303
45589303
45589303
49700528
860744
6839
12725977
337559
3029545
13014393
8945
2108912
9367797
18708548
663929
73633960
80274241
248220791
3557554380
1184538441
93268604
837072052
3595913679
3595913679
1715954
130008912
68077311
5566864
430004859
220854985
1401474111
93550002427
55600879770
1401474111
93550002427
55600879770
5566864
430004859
220854985
551563419756
245769798968
14392167611
554881170328
421859798
28822834114
16736503202
16619495428
7363657584
1403200179
554881170328
554881170328
421859798
28822834114
16736503202
11692661
64171052
21390350
5339062
837072052
3595913679
3595913679
3595913679
3595913679
1715954
130008912
68077311
28221
6434288
5901517
865438604
5901517
865438604
28221
6434288
1893579164
49776990
1919121266
1833665
279888350
2844807005
3101350543
8690678
23547363
2160026
1919121266
1919121266
1833665
279888350
2729523346
2844807005
2844807005
2844807005
3101350543
179625
860744
6839
6839
32153
78521
62076
3029545
3029545
13014393
13014393
13014393
13014393
8945
2108912
9367797
18708548
663929
34159616
64818389
68230462
73633960
80274241
20395678
663929
20395678
20395678
663929
735512
760666
1043400
5212164
3135741
8017408
8092807
1278038
2675235
4082173
2449452
11675615078
5616913029
11719218059
545793654
257295255
11719218059
38519459
38965695
288124
666185
38965695
1820285939
1046582534
1820285939
1046582534
385237122
151624074
388629243
555475822
308360203
11710310
5474367
388629243
555475822
308360203
23361290
18898193
35466106
35799644
23361290
23361290
18898193
35466106
35799644
1568232
1594232
7627290
7702363
11834270
10835487
72498
72498
1594232
7627290
7627290
7702363
11834270
10835487
10835487
106555137
64032147
107557226
2207420
747357
2907444
59254978
35555139
26097673
1963636
1178253
864844
18057364
18371789
4898743551
1778605620
4940562076
728567206313
350499618786
731288065289
34057936584
16055418456
731288065289
139915944
46638648
4940562076
2403643378
2431488856
17979192
41570478
2431488856
64302
157038
18371789
174041741
51259606
176481679
43514502
23241810
143842164
75212592
27699055728
15925711068
27699055728
15925711068
143842164
75212592
24039087624
9461456840
24250758534
8452603752
4692277340
730732244
341604648
24250758534
8452603752
4692277340
3011392
1137528
176481679
43514502
23241810
3168838
9764826
4504106
12861479
355485734
471361244
385902984
475794122
355485734
355485734
471361244
385902984
475794122
3168838
3168838
9764826
4504106
12861479
97858884
99481317
116063493
157283028
419494
1102598
99481317
116063493
116063493
157283028
157283028
157283028
3062
5302
760666
1043400
1043400
5212164
5212164
5212164
2851639
8445516
10329155
1753250
3669966
5600045
3360230
30705448022
51662756936
30705448022
30705448022
51662756936
30705448022
9636152253
4293749580
9694115396
24982491405
29623760756
9242692404
15917338689
9242692404
290352809
128647627
9694115396
24982491405
2888242239
9242692404
15917338689
9242692404
129298664
477936323
129298664
477936323
33081992
33528229
86404861
102457232
40174497
154567647
49700528
151831
411386
33528229
86404861
4446037
40174497
154567647
47686452
49700528
49700528
49700528
393677601
1428504052
829575779
326331264
393677601
1428504052
829575779
829575779
310427342
123059571
313820068
808738790
958986998
119375177
439381889
249295877
8228222
3583223
313820068
808738790
75303048
87101068
119375177
439381889
249295877
249295877
16836804
19533552
17185997
37359899
45692434
528459
16836804
19533552
19533552
17185997
37359899
45692434
1267246
1293246
3332798
3951968
5542359
6430078
3457738
3457738
10566328
16234600
14864439
72498
72498
1293246
3332798
221543
256253
5542359
6430078
6430078
2675628
3448333
3457738
3457738
3457738
3369372
72498
10566328
16234600
14864439
14864439
311661
112244889
58230770
137279340
2101021
648685
9248440
81287719
48775584
35801555
11585877
5618882
3493648
12502676
2416902
13873601
14188026
14188026
2982277
17722201
20395678
663924
80274241
3605511849
3878373186
1291359636
3920191711
3920191711
3920191711
572086263
1092527184
572086263
1855950255
3613536855
1855950255
467240831468
786145490828
467240831468
467240831468
786145490828
467240831468
1855950255
3613536855
1855950255
601303184398
267933219382
604920128366
140644854980
242212084278
140644854980
18118234760
8027709228
604920128366
58978192568
604920128366
140644854980
242212084278
140644854980
169840842
69957972
23319324
3920191711
3920191711
3920191711
224407242
3920191711
3920191711
572086263
1092527184
572086263
9408864
54070413
1967521060
7272695229
1967521060
7272695229
9408864
54070413
2064341363
2092186841
611330138
2352035903
3101350543
9474400
25670855
2092186841
90788522
2092186841
611330138
2352035903
2975670651
3101350543
3101350543
3101350543
240807
12502676
2416902
2416902
32151
78519
14188026
14188026
14188026
14188026
336819
14188026
14188026
2982277
17722201
20395678
20395678
663924
37240117
70663685
74383458
80274241
117066457
199620818
127704835
36920323
130144773
130144773
8154369
31750999
15169093
16561812
611388099
27793917
101446461
51294045
55693413
6950045126
21737361422
12623547350
5761102498
6950045126
21737361422
12623547350
12623547350
611388099
20227361
27793917
101446461
51294045
55693413
55693413
19370900842
7679010262
19582609483
2107467810
6686017382
3793503128
513447329
223595840
19582609483
1537695704
19582609483
1537695704
2107467810
6686017382
3793503128
3793503128
4570286
199620818
1706292
568764
130144773
130144773
130144773
5950686
130144773
130144773
5950686
8154369
31750999
15169093
16561812
16561812
3029640
1597356
1597356
9294155
3909437
40911741
297239541
496530642
350939780
607273961
297239541
9329512
297239541
496530642
350939780
607273961
3029640
1597356
1597356
48777
1597356
9294155
3909437
40911741
79077156
80699589
97845667
215765477
378976
806844
80699589
2765432
80699589
97845667
2765432
97845667
166961210
215178598
215765477
215765477
215765477
215765477
210251402
1999784
215765477
11832
312919
41253
41253
999128
1741
5223
380333
380333
380333
380333
16387
380333
380333
521700
521700
16387
521700
661161
661161
10499
3435901
16823888
20293697
3905117
11010116
26229623
30752890
24855897
21055197
12019073
10921
36244344
56610
56610
60821
56609
56610
56610
56609
56609
56609
56609
56609
56609
433532
867056
433532
867056
867056
72501
118604
72501
118604
118604
220066
88376
220066
220066
88376
220066
2167880
82709
56609
82709
1180573
433532
867056
433532
867056
867056
2167880
82709
56609
82709
1180573
1180573
56609
56609
56609
56609
56609
56609
383522
56609
56609
767037
72501
118604
72501
118604
118604
383522
56609
56609
56609
767037
754839
745645
244929
1015858
56609
56609
56610
229224
85237
312292
56609
56609
56609
56610
56610
56610
56609
56609
56609
56609
56609
56609
56609
56609
56609
1613769
3227509
1613769
3227509
3227509
433532
867056
433532
867056
867056
281988
563972
281988
563972
563972
12032
19683
12032
19683
19683
433532
56609
56609
867056
858776
56609
56609
56609
867056
56610
56610
56610
4493788
1476120
4493788
4493788
1476120
4493788
56610
56610
56610
135277351
1381466
420179
1381466
73668668
5632795
11265488
5632795
11265488
11265488
135277351
1381466
420179
1381466
73668668
73668668
433532
867056
433532
867056
867056
858776
56609
56609
56609
867056
867056
56609
56609
56609
56610
56610
56610
56610
56610
56610
56609
56609
56609
987562
56609
56609
1975106
433532
867056
433532
867056
867056
987562
56609
56609
56609
1975106
1943696
41987
68686
41987
68686
68686
433532
56609
56609
56609
867056
717048
1683032
552842
2292941
517392
157367
704889
56609
56610
56609
56609
56609
56609
433532
867056
433532
867056
867056
72500
118603
72500
118603
118603
10143141
3331822
10143141
10143141
3331822
10143141
10671901
3118173
66456687
22163499
948406
3118173
5811651
444365
888723
444365
888723
888723
10671901
3118173
1325797
66456687
441934
948406
3118173
5811651
5811651
57852
57852
57852
57852
57852
57852
383521
56610
383521
56610
767035
72500
118603
72500
118603
118603
383521
56610
44374
72500
383521
56610
56610
767035
754838
34367683
11289107
46822095
209340
69032
285202
10565208
3213454
14393906
79231
56609
107942
160330
218431
160330
56610
56610
56610
62696
85416
62696
56609
56609
56609
7944161
15888179
7944161
15888179
15888179
433532
867056
433532
867056
867056
281987
563970
281987
563970
563970
12032
19683
12032
19683
19683
433532
56609
501114
56609
867056
4227531
390569
38829357
7245660
110495
390569
1749650
1261632
340293
1261632
207123952
68036139
207123952
207123952
68036139
207123952
1261632
340293
1261632
665934725
63673415
4146947529
1383019102
19366545
63673415
362651429
27728766
55457031
27728766
55457031
55457031
665934725
63673415
75887231
4146947529
25295743
19366545
63673415
362651429
362651429
659360
1318709
659360
1318709
1318709
4227531
390569
306712
38829357
122023
110495
390569
1749650
1749650
56610
56610
56610
966263
966263
966263
966263
966263
966263
56610
56610
56610
4861509
309060
21952279
309060
9722930
433532
867056
433532
867056
867056
4861509
309060
44373
110495
21952279
309060
309060
9722930
9568307
41986
68685
41986
68685
68685
433532
56609
147
434
501114
56609
56609
867056
717047
1683032
552842
2292941
517392
157367
704889
56609
56610
56609
56609
56609
56609
433532
867056
433532
867056
867056
72500
118603
72500
118603
118603
10143141
3331822
10143141
10143141
3331822
10143141
10671901
3118173
948406
3118173
5811651
444365
888723
444365
888723
888723
10671901
3118173
948406
3118173
5811651
5811651
57852
57852
57852
57852
57852
57852
383521
56610
56610
767035
72500
118603
72500
118603
118603
383521
56610
56610
56610
767035
754838
34367683
11289107
46822095
209340
69032
285202
10565208
3213454
14393906
79231
56609
107942
160330
218431
160330
56610
56610
56610
62696
85416
62696
56609
56609
56609
7944161
15888179
7944161
15888179
15888179
433532
867056
433532
867056
867056
281987
563970
281987
563970
563970
12032
19683
12032
19683
19683
433532
56609
56609
867056
4227531
390569
110495
390569
1749650
1261632
340293
1261632
207123952
68036139
207123952
207123952
68036139
207123952
1261632
340293
1261632
665934725
63673415
19366545
63673415
362651429
27728766
55457031
27728766
55457031
55457031
665934725
63673415
19366545
63673415
362651429
362651429
659360
1318709
659360
1318709
1318709
4227531
390569
110495
390569
1749650
1749650
56610
56610
56610
966263
966263
966263
966263
966263
966263
56610
56610
56610
4861509
309060
309060
9722930
433532
867056
433532
867056
867056
4861509
309060
309060
309060
9722930
9568307
41986
68685
41986
68685
68685
433532
56609
56609
56609
867056
717047
110494
110494
220988
77572922
25481177
105684365
23847232
7253239
32489166
361889
493033
361889
181213
181213
181213
2447166
655336
3333988
770236
195779
1049359
181213
181213
278424
278424
181213
181213
181213
181213
278424
254926
254926
181213
181213
626707
1253403
626707
1253403
1253403
72500
118603
72500
118603
118603
72499
118601
72499
118601
118601
29173
47724
29173
47724
47724
467509265
153567586
467509265
467509265
153567586
467509265
72449724
24162194
52534957
143720277
43713145
143720277
28609226
2187496
4374952
2187496
4374952
4374952
1325796
72449724
441932
52534957
143720277
43713145
143720277
28609226
28609226
2180999
2180999
2180999
2180999
2180999
2180999
383519
383519
697595
697595
767032
72500
118603
72500
118603
118603
44373
72499
383519
383519
697595
697595
697595
767032
754834
14748353
7935352
3949518
14748353
8321433
14748353
7935352
3949518
14748353
8321433
3058604
677986
1747483
4641987
2363934
1179902
4641987
772218
2410350
171355
342708
171355
342708
342708
72500
3058604
72500
1747483
4641987
2363934
1179902
4641987
772218
772218
2410350
256889
344729
181213
383201
394696
256889
256826
689453
256889
344729
181213
383201
394696
256889
256826
689453
72500
72500
181213
243177
181213
278424
254926
181213
118603
486349
72499
118601
72499
118601
118601
872
2612
72500
72500
181213
243177
181213
278424
254926
254926
181213
181213
118603
118601
486349
1584046769
520328168
2158085218
9648740
2602506
13145321
486962842
148111859
663431997
2987003
714581
4069456
7389811
10067784
7389811
287421
287421
287421
2363640
3220194
2363640
110495
110495
110495
49971378
13382027
68080371
343149
301555
467502
15728299
3997827
21428035
343149
92171
467502
1151297
567081
1185835
870410
1185835
870196
127717
43791
234429
234429
234429
176623
779122
467502
343149
343149
467502
343149
110496
110496
110496
110496
110496
110496
39107013
78213319
39107013
78213319
78213319
929923
1859830
929923
1859830
1859830
281985
563965
281985
563965
563965
12028
19676
12028
19676
19676
3063413
6126771
3063413
6126771
6126771
87835
143689
87835
143689
143689
29171
47721
29171
47721
47721
4851
7935
4851
7935
7935
501113
110495
501113
110495
1002218
20811021
18001797
42330972
7899071
4306573
18001797
8613068
58150129
15684541
58150129
9546585498
3135865329
9546585498
9546585498
3135865329
9546585498
58150129
15684541
58150129
3278221044
2934782292
4520917568
1507739201
892626756
2934782292
1785237356
136501405
273000341
136501405
273000341
273000341
3278221044
2934782292
82730711
4520917568
27576903
892626756
2934782292
1785237356
1785237356
3245859
6491661
3245859
6491661
6491661
20811021
18001797
306710
42330972
122021
4306573
18001797
8613068
8613068
287418
287418
287418
44536224
44536224
44536224
44536224
44536224
44536224
287418
287418
287418
23931927
14244970
23931927
14244970
47863421
984257
1968497
984257
1968497
1968497
23931927
14244970
44372
110495
23931927
14244970
14244970
47863421
47102254
41986
68685
41986
68685
68685
501113
110495
146
435
501113
110495
110495
1002218
717045
129874
483203
621020
3017286
158934
92168
483203
107619
150778
499381
1559369
301552
1559369
430465
120751235
301162847
80649555
301162847
126626179
120751235
301162847
80649555
301162847
126626179
499381
1559369
301552
1559369
430465
35971678
94789847
109044301
190859227
42306867
24093735
94789847
36677987
48187034
10692717
21385242
10692717
21385242
21385242
35971678
94789847
109044301
1467728
190859227
578507
24093735
94789847
36677987
48187034
48187034
250770
501536
250770
501536
501536
129874
483203
621020
8815
3017286
2938
92168
483203
107619
150778
150778
234426
127716
43790
234426
234426
176620
468849
5245706
5092924
3417632
5245706
5245706
5244419
10491318
5245706
5092924
3417632
5245706
5245706
5245706
5244419
10491318
234426
127716
43790
234426
234426
234426
176620
468849
1776092
1776092
3552152
101824
166574
101824
166574
166574
872
1776092
2613
1776092
1776092
1776092
1776092
1776092
1776092
1776092
3552152
3263624
3552152
4860
7950
4860
7950
7950
3
110495
7
110495
110495
110495
110495
110495
110495
110495
220988
67099
220988
56608
60819
56608
56608
56608
56608
221545
45020738
57245700
56608
56608
56608
56608
56608
323901
6066914
7714328
530016
530016
530016
530016
530016
72500
72500
72500
72500
88375
269043
88375
269043
269043
721663
2650348
56608
82708
221546
199155401
530016
530016
530016
530016
530016
721663
721663
2650348
56608
82708
82708
221546
199155401
199155401
56608
56608
56608
56608
56608
468876
56608
1432810
26837826
72500
72500
72500
72500
468876
468876
461420
56608
56608
1432810
26837826
26837826
299439
1241940
911591
56608
56608
56608
85235
381793
280238
45020738
882661
57245700
56608
56608
56608
571548
12675
726746
56608
56608
56608
56608
56608
56608
56608
56608
6066914
7714328
56608
56608
571548
612648
1972918
1972918
1972918
1972918
1972918
530016
530016
530016
530016
530016
344746
344746
344746
344746
12031
12031
12031
12031
530016
56608
612640
530016
1049900
56608
56608
751954
12675
56608
56608
1804636
5493894
1804636
5493894
5493894
56608
56608
56608
45032335
165383738
513691
1688916
199155401
3581575
6886391
6886391
6886391
6886391
6886391
45032335
45032335
165383738
513691
1688916
1688916
199155401
199155401
3581575
530016
530016
530016
530016
530016
530016
530016
1049900
56608
56608
56608
751954
751954
12675
56608
56608
56608
56608
56608
56608
56608
56608
56608
56608
1207347
56608
26837826
530016
530016
530016
530016
1207347
1207347
1188147
56608
56608
26837826
26837826
41986
41986
41986
41986
530016
530016
438319
56608
56608
612640
612640
13179318
11560220
16934922
828575
565608
828575
21591514
27744273
21591514
27744273
27744273
1334885
1334885
1334885
1334884
1334885
56608
56608
56608
56608
56608
62284369
56608
56608
56608
56608
56608
19254633
221545
25718038
32701533
56608
56608
56608
56608
56608
821116
56608
56608
56608
56608
283296
385958
7229282
9192326
530016
530016
530016
530016
530016
530016
530016
530016
530016
186835
72500
72500
186835
72500
72500
72500
72500
72500
181883
56608
187345
375369633
181883
181883
56608
187345
187345
375369633
530016
530016
530016
1938844
56608
56608
57916
116042029
6520
221545
6520
113767267
113767267
583427
583427
583427
583427
583427
583427
583427
583427
583427
530016
530016
530016
530016
1938844
56608
56608
56608
57916
57916
116042029
6520
221545
6520
113767267
113767267
113767267
56608
56608
56608
4667269
56608
56608
56608
56608
56608
4667269
557123
530016
56608
1707322
6520
1707322
6520
31979719
186835
72501
186835
72501
72501
72501
72500
72501
557123
530016
530016
530016
51310
454475
56608
56608
56608
56608
1707322
6520
1707322
6520
31979719
31979719
405143
326979
181314
864813
634777
1271852985
56608
56608
56608
56608
56608
7091648
39545318
34687120
50814229
125408
101213
56608
267348
196235
393181517
25718038
579291
32701533
56608
56608
56608
56608
56608
2289626
15019143
13174020
19299027
429030
8277
429030
56608
56608
56608
56608
56608
15813960
56608
56608
56608
56608
56608
552578
1334885
1334884
1334885
56608
56608
56608
56608
5455974
7229282
9192326
56608
56608
56608
56608
419520
1334885
1081295
1334885
571548
726746
10430239
10430239
10430239
10430239
10430239
10430239
10430239
10430239
10430239
530016
530016
530016
530016
530016
530016
530016
530016
530016
557123
530016
530016
557123
530016
530016
530016
530016
453367
148117
42438
42438
148117
42438
42438
42438
42438
9557
557123
530016
56608
2460794
1334884
1198381
6520
1334884
2393302
6520
2393302
530016
530016
530016
701519
56608
56608
56608
13014392
24605677
6520
3212810
3654267
31617358
61798454
6520
429029
8275
429029
56608
56608
56608
42739283
64786607
10423259
11688174
83248324
162714976
3714082
1092731
3825619
7665085086
3714082
3714082
1092731
3825619
3825619
7665085086
56608
56608
56608
56608
56608
42739283
64786607
10423259
11688174
83248324
83248324
162714976
25861429
28421625
32371272
120985335
1149657
324210
1182654
2369589742
6520
6520
113767267
2393303
113767267
36406316
36406316
36406316
36406316
36406316
36406316
36406316
36406316
36406316
25861429
28421625
28421625
32371272
120985335
1149657
1149657
324210
1182654
1182654
2369589742
6520
6520
113767267
113767267
2393303
113767267
673610
673957
673957
673957
673610
673957
673957
673957
673957
530016
530016
530016
530016
701519
56608
56608
56608
56608
56608
13014392
24605677
6520
3212810
3654267
31617358
31617358
60267950
6520
429029
429029
8275
429029
56608
56608
56608
3140882
1862547
1334425
623368
2083872
3736153
56608
56608
56608
95306105
56608
56608
56608
56608
56608
95306105
56608
56608
56608
56608
56608
3140882
1862547
1334425
623368
1911492
2083872
3736153
1520133
1367977
56608
32881559
6520
6520
31979719
557123
530016
557123
530016
530016
530016
530016
530016
1520133
1367977
1367977
1367977
51309
1170263
56608
56608
56608
56608
32881559
6520
6520
31979719
31979719
148123
148123
148123
148123
148123
148123
33353
148123
557123
530016
530016
530016
190
386397
56608
56608
56608
56608
1731753
1334885
1198382
1125116
6520
1193363
1334885
1334884
1334885
2035810
6520
2268351
2035810
675879
2803242
2057596
192389
861764
632539
221544
45020738
57245700
56608
56608
56608
56608
56608
323900
6066914
7714328
530016
530016
530016
530016
530016
72499
72499
72499
72499
4073329
12400528
4073329
12400528
12400528
3552558
13046965
1159476
3812132
81246826
27096053
221545
199155401
543260
543260
543260
543260
543260
3552558
3552558
13046965
1159476
3812132
3812132
1620858
81246826
540288
221545
199155401
199155401
57850
57850
57850
57850
57850
468875
56608
468875
1432809
26837826
72499
72499
72499
72499
468875
468875
461419
56608
56608
44373
72499
468875
1432809
26837826
26837826
13801532
57242496
42016316
69030
348675
255929
3928618
17597314
12916528
45020738
882660
57245700
56608
107940
79229
571547
12674
726745
267044
196012
196012
56608
56608
56608
85414
62694
6066914
7714328
56608
56608
571547
612647
9712159
9712159
9712159
9712159
9712159
530016
530016
530016
530016
530016
344745
344745
344745
344745
12030
12030
12030
12030
530016
56608
612639
1069529
5168381
114230
477491
751953
47470949
12674
8858204
416027
1542412
83177790
253220021
83177790
253220021
253220021
416027
1542412
1542412
221682313
814140534
23676629
77844129
199155401
5069863377
3581575
1690814231
33899888
33899888
33899888
33899888
33899888
221682313
221682313
814140534
23676629
77844129
77844129
199155401
199155401
92776167
5069863377
3581575
30925389
806103
806103
806103
806103
806103
1069529
1069529
5168381
114230
477491
477491
751953
751953
374972
47470949
12674
149180
56608
56608
1181308
1181308
1181308
1181308
1181308
56608
56608
56608
5943452
377843
26837826
530016
530016
530016
530016
5943452
5943452
5848934
377843
377843
44372
125965
26837826
26837826
26837826
41985
41985
41985
41985
530016
530016
438318
56608
56608
145
433
612639
612639
612639
278922
122300
278922
25759947
22595301
33100551
426876
426876
426876
1184442
828574
828574
565607
828574
828574
278913
122297
278913
278913
122297
278913
42202203
54228224
42202203
54228224
54228224
1357441
1357441
1357441
1357441
426872
426872
426872
426872
426872
426872
1357441
1357441
1357441
1357441
1357441
914468
738041
409254
1952010
1432786
62284369
283064
228453
121424
603445
442932
19254633
221544
25718038
32701533
56608
56608
56608
56608
56608
821115
56608
56608
56608
56608
283295
385956
7229282
9192326
822831
822831
822831
822831
822831
822831
822831
822831
822831
72499
72499
186834
72499
72499
72499
72499
72499
186834
8383230
2466456
8634987
375369633
359295
27998997
14254392
8383230
8383230
2466456
8634987
8634987
375369633
359295
27998997
14254392
2040183
2242155
2553738
9544418
2594946
731790
2669425
116042029
5648214
6520
71261176
18177125
183645608
221544
6520
113767267
113767267
106628
8304573
4230279
2872059
2872059
2872059
2872059
2872059
2872059
2872059
2872059
2872059
2040183
2242155
2242155
2553738
9544418
2594946
2594946
731790
2669425
2669425
116042029
210340
6520
739737
71261176
270145
183645608
221544
6520
113767267
113767267
113767267
106628
8304573
4230279
56608
56608
56608
4667269
7826
790235
56608
56608
56608
56608
56608
4667269
7826
790235
530016
557123
56608
1707321
558707
558707
278481
62076
6520
558707
558707
1439829
1707321
6520
31979719
7826
310482
558707
72500
186834
72500
72500
72500
72499
72500
186834
530016
530016
530016
51309
454474
557123
56608
56608
56608
56608
1707321
558707
558707
278481
62076
6520
476909
558379
558707
558707
29123
72499
558707
1420082
1707321
6520
31979719
31979719
7826
310482
558707
278921
122299
278921
96789
42440
96789
18673535
15070872
8357017
39860253
29257651
1271852985
102949
83087
56608
222254
163135
7091648
77294235
67798529
99320150
5780208
4665039
2479500
12322426
9044730
393181517
25718038
579290
32701533
56608
56608
56608
67677
56608
2289625
29356021
25749592
37721369
429029
8275
429029
96184
77627
199327
146307
146307
15813960
426875
426875
426875
56608
56608
56608
56608
56608
552577
3351930
1862547
1420431
1697133
2393302
2393302
65159
56608
56608
56608
5455974
7229282
9192326
148130
148130
148130
56608
56608
56608
56608
419519
2276608
1592597
1420431
1081294
1592597
571547
726745
1592597
51345317
51345317
51345317
51345317
51345317
51345317
51345317
51345317
51345317
950019
950509
950509
950509
950019
950509
950509
950509
950509
278912
122296
278912
278912
122296
278912
530016
530016
883959
530016
530016
530016
530016
453366
883959
42437
42437
148116
96780
42437
96780
42437
42437
42437
42437
9556
148116
96780
42437
96780
557122
530015
56607
2460793
1862546
6838
1420430
1198380
278480
62075
6519
557122
6519
179624
2393301
7825
310481
2609129
530016
578110
677017
3453397
287775
61744
299382
13014392
48093607
1444279
6520
10968101
6520
2641637
6279675
7142534
429028
55683307
8274
5280666
429028
61798454
7826
564567
310482
943768
211221
983172
42739283
126630191
20373028
22845397
162714976
21604
1919467
857119
171186401
50365292
176327289
7665085086
5467357
426057120
216907245
171186401
171186401
50365292
176327289
176327289
7665085086
5467357
426057120
216907245
943768
943768
211221
983172
983172
42739283
126630191
20373028
22845397
162714976
162714976
162714976
21604
1919467
857119
127308997
139912167
159355238
595578903
52989056
14943224
54509941
2369589742
115337107
6520
6520
113767267
4446751256
2393302
1134266376
113767267
1622549
126369617
64371618
179218696
179218696
179218696
179218696
179218696
179218696
179218696
179218696
179218696
127308997
139912167
139912167
159355238
595578903
52989056
52989056
14943224
54509941
54509941
2369589742
4295177
6520
6520
113767267
113767267
42341659
4446751256
4446751256
2393302
15462694
113767267
1622549
126369617
64371618
3316004
3317713
3317713
3317713
3316004
3317713
3317713
3317713
3317713
530016
578110
578110
677017
3453397
287775
287775
61744
299382
299382
13014392
48093607
62076
6520
10968101
6520
179625
6279675
7142534
429028
429028
187488
55683307
55683307
52126778
8274
74592
429028
60267950
61798454
61798454
7826
564567
310482
56608
56608
56608
3140882
3841514
2907598
2217416
1334424
623367
3736153
7826
484689
881750
881750
881750
95306105
26435
12024911
881750
881750
881750
881750
881750
95306105
26435
12024911
426869
426869
426869
426869
426869
426869
56608
56608
56608
56608
56608
3140882
3841514
2907598
2217416
1334424
623367
3736153
3736153
3736153
7826
484689
7119120
6734191
288241
32881559
24887678
18980047
3721111
829470
6520
6520
31979719
8353
4148714
34863638
883959
840950
883959
840950
840950
840950
530016
840950
7119120
6734191
6734191
6734191
51308
5760899
288241
288241
288241
288241
32881559
24887678
18980047
3721111
62076
6520
6520
27297606
31960911
31979719
29122
73493
31979719
31979719
31979719
31541114
31979719
8353
4148714
34863638
148122
148122
148122
148122
148122
148122
148122
148122
148122
33352
148122
148122
148122
148122
557123
530016
530016
530016
189
386396
56608
56608
56608
56608
1731752
2460794
1862547
6839
6839
1420431
1198381
1125115
278481
1164
6520
557123
557123
6520
789
179625
464430
1463284
1670832
95
1193362
264
1757832
2268350
2035809
1125115
2393302
2393302
7826
310482
2609129
675879
2803242
2057596
192389
861764
632539
221544
49080690
62408094
56608
56608
56608
56608
56608
323900
6614026
8410003
530016
530016
530016
530016
530016
72499
72499
72499
72499
4073329
12400528
4073329
12400528
12400528
3552558
13046965
1159476
3812132
221545
217115154
543260
543260
543260
543260
543260
3552558
3552558
13046965
1159476
3812132
3812132
221545
217115154
217115154
57850
57850
57850
57850
57850
468875
56608
1432809
29258051
72499
72499
72499
72499
468875
468875
461419
56608
56608
1432809
29258051
29258051
13801532
57242496
42016316
69030
348675
255929
49080690
882660
3928618
17597314
12916528
62408094
571547
12674
56608
107940
79229
726745
267044
196012
196012
56608
56608
56608
6614026
85414
62694
8410003
571547
56608
56608
612647
9712159
9712159
9712159
9712159
9712159
530016
530016
530016
530016
530016
344745
344745
344745
344745
12030
12030
12030
12030
530016
56608
612639
1069529
5168381
114230
477491
751953
12674
416027
1542412
83177790
253220021
83177790
253220021
253220021
416027
1542412
1542412
221682313
814140534
23676629
77844129
217115154
3904559
33899888
33899888
33899888
33899888
33899888
221682313
221682313
814140534
23676629
77844129
77844129
217115154
217115154
3904559
806103
806103
806103
806103
806103
1069529
1069529
5168381
114230
477491
477491
751953
751953
12674
56608
56608
1181308
1181308
1181308
1181308
1181308
56608
56608
56608
5943452
377843
29258051
530016
530016
530016
530016
5943452
5943452
5848934
377843
377843
29258051
29258051
41985
41985
41985
41985
530016
530016
438318
56608
56608
612639
612639
12602716
18462106
565607
828574
30246241
30246241
30246241
557084
1334884
557084
557084
557084
1334884
1334884
557084
557084
914468
738041
409254
1952010
1432786
66038828
283064
228453
121424
603445
442932
20415289
221544
28037281
35650544
56608
56608
56608
56608
56608
821115
56608
56608
56608
56608
283295
385956
7881215
10021286
822831
822831
822831
822831
822831
822831
822831
822831
822831
186834
72499
72499
186834
72499
72499
72499
72499
72499
8383230
2466456
8634987
397996661
8383230
8383230
2466456
8634987
8634987
397996661
2040183
2242155
2553738
9544418
2594946
731790
2669425
123036965
221544
6520
124026753
124026753
2872059
2872059
2872059
2872059
2872059
2872059
2872059
2872059
2872059
2040183
2242155
2242155
2553738
9544418
2594946
2594946
731790
2669425
2669425
123036965
221544
6520
6520
124026753
124026753
124026753
56608
56608
56608
4948609
56608
56608
56608
56608
56608
4948609
557123
530016
56608
1707321
1707321
6520
34863638
186834
72500
186834
72500
72500
72500
72499
72500
557123
530016
530016
530016
51309
454474
56608
56608
56608
56608
1707321
1707321
6520
6520
34863638
34863638
18673535
15070872
8357017
39860253
29257651
1348519424
37815190
55396636
102949
83087
56608
222254
163135
7519127
28037281
579290
5780208
4665039
2479500
12322426
9044730
416882233
35650544
14362048
21039406
429029
8275
56608
56608
56608
67677
56608
2289625
429029
96184
77627
199327
146307
146307
16767215
1334884
1334884
56608
56608
56608
56608
56608
552577
7881215
65159
56608
56608
56608
5784857
10021286
1081294
1334884
571547
56608
56608
56608
56608
419519
726745
51345317
51345317
51345317
51345317
51345317
51345317
51345317
51345317
51345317
950019
950509
950509
950509
950019
950509
950509
950509
950509
883959
530016
530016
883959
530016
530016
530016
530016
453366
148116
42437
42437
148116
42437
42437
42437
42437
9556
557122
530015
25
1303
78879
557083
1334883
2609129
6519
56607
2609129
530016
578110
677017
3453397
26
1305
417172
3502540
3983807
34468599
67371414
6520
287775
61744
299382
13798891
429028
8274
429028
11363225
12742209
90755625
177388547
943768
211221
983172
45315579
171186401
50365292
176327289
8127131238
171186401
171186401
50365292
176327289
176327289
8127131238
11363225
12742209
90755625
90755625
177388547
943768
943768
211221
983172
983172
45315579
127308997
139912167
159355238
595578903
6520
52989056
14943224
54509941
2512427011
124026753
2562561
124026753
179218696
179218696
179218696
179218696
179218696
179218696
179218696
179218696
179218696
127308997
139912167
139912167
159355238
595578903
6520
6520
52989056
52989056
14943224
54509941
54509941
2512427011
124026753
124026753
2562561
124026753
3316004
3317713
3317713
3317713
3316004
3317713
3317713
3317713
3317713
530016
578110
578110
677017
3453397
26
1305
417172
3502540
3983807
34468599
34468599
65702890
6520
6520
287775
287775
61744
299382
299382
13798891
429028
429028
8274
429028
557084
1334424
623367
2083870
4073078
56608
56608
56608
3330213
881750
881750
881750
101051093
881750
881750
881750
881750
881750
101051093
557084
557084
557084
557084
1334424
623367
2083870
2083870
4073078
56608
56608
56608
56608
56608
3330213
7119120
6734191
6520
288241
34863638
883959
840950
883959
840950
840950
840950
530016
840950
7119120
6734191
6734191
6734191
51308
5760899
6520
6520
288241
288241
288241
288241
34863638
34863638
34863638
148122
148122
148122
148122
148122
148122
33352
148122
557123
530016
530016
530016
189
386396
26
1305
78880
557084
557084
557084
557084
1193362
1334884
1334884
1334884
2035809
6520
6520
56608
56608
56608
56608
2268350
2035809
1731752
1125115
31152091
129204744
94837014
8867469
39719729
29154506
221543
49080690
62408094
602759
442428
442428
221543
221543
323897
6614026
8410003
801183
4075977
2991790
239350
1282898
941654
76562
1105095
1405172
221543
221543
221543
221543
340389
340389
221543
221543
221543
221543
340389
311661
311661
571547
726745
766183
766183
766183
766183
766183
72498
72498
72498
72498
72498
72498
72498
72498
72498
29172
29172
29172
29172
187744522
571554881
187744522
571554881
571554881
88573632
29539564
17488306
64226772
53441639
175705664
221543
217115154
2674329
2674329
2674329
2674329
2674329
1620856
88573632
540285
17488306
17488306
64226772
53441639
175705664
175705664
221543
217115154
217115154
2666387
2666387
2666387
2666387
2666387
468873
468873
852847
1432806
29258051
72498
72498
72498
72498
44372
72498
468873
468873
468873
461416
852847
852847
1432806
29258051
29258051
4828495
18030645
9701389
5086743
4828495
18030645
18030645
9701389
5086743
3739306
828874
472043
2136391
1442493
5675076
2890034
1473403
76562
4888530
209491
209491
209491
209491
209491
72498
3739306
72498
472043
472043
2136391
1442493
5675076
5675076
2890034
1473403
76562
4888530
4888530
314060
313983
421450
221543
468483
482537
314060
314060
313983
421450
421450
221543
468483
482537
72498
72498
221543
297297
221543
221543
340389
311661
2171369
72498
72498
72498
72498
871
2611
72498
72498
72498
72498
221543
221543
297297
297297
221543
221543
340389
311661
311661
2171369
2171369
636128792
2638373680
1936581219
3181701
16070852
11796096
49080690
882658
181074606
811080816
595337911
62408094
571546
12673
873613
4975126
3651770
726744
12308401
9034436
9034436
351388
351388
351388
6614026
3936858
2889676
8410003
571546
113219
113219
612646
16360238
83231866
61092661
368667
571546
419518
1105092
76561
4887556
26196909
19228680
1405170
11240
177
92170
571546
419518
11240
1407522
693286
1449747
1449747
1064122
1063861
156142
43790
286602
286602
286602
215931
952519
571546
419518
571546
571546
419518
726744
135088
135088
135088
135088
135088
135088
135088
47810398
47810398
47810398
47810398
47810398
1136881
1136881
1136881
1136881
1136881
344741
344741
344741
344741
12026
12026
12026
12026
3745185
3745185
3745185
3745185
3745185
87833
87833
87833
87833
87833
29169
29169
29169
29169
4850
4850
4850
4850
612638
113214
612638
5265014
25442578
5265014
22008152
751950
51751860
12672
9657034
19175184
71091618
3833761744
11671207282
3833761744
11671207282
11671207282
19175184
71091618
71091618
1091283570
4007799158
1091283570
3587927062
217115154
5527061593
3904560
1843291170
166880211
166880211
166880211
166880211
166880211
1091283570
1091283570
4007799158
1091283570
3587927062
3587927062
217115154
217115154
101142684
5527061593
3904560
33714228
3968236
3968236
3968236
3968236
3968236
5265014
5265014
25442578
5265014
22008152
22008152
751950
751950
374970
51751860
12672
149178
351384
351384
54447898
54447898
54447898
54447898
54447898
351384
351384
351384
29258051
17415232
29258051
1203307
1203307
1203307
1203307
29258051
29258051
28792763
17415232
17415232
44370
125964
29258051
29258051
29258051
41978
41978
41978
41978
612638
612638
438317
113214
113214
144
432
612638
612638
612638
158778
65784
92166
590742
759230
11238
3688793
176
194306
610520
263136
368664
1906412
147624792
77404312
98598360
368187560
147624792
77404312
98598360
368187560
368187560
610520
263136
368664
1906412
1906412
43977286
22420596
29455870
115885618
133312444
4888530
233335532
76560
51722390
13072415
13072415
13072415
13072415
13072415
43977286
22420596
29455870
29455870
29455870
115885618
115885618
133312444
4888530
4888530
1794376
233335532
76560
707256
306580
306580
306580
306580
306580
158778
65784
92166
92166
92166
590742
590742
759230
11238
11238
8811
3688793
176
2937
286599
215928
156140
43788
286599
6413155
6411581
6226370
4178237
6413155
6413155
6413155
6411581
6226370
4178237
6413155
6413155
286599
286599
215928
156140
43788
286599
286599
2171367
101816
101816
101816
101816
2171367
870
2171367
2610
2171367
1994995
2171367
2171367
2171367
2171367
2171367
4849
4849
4849
4849
135086
2
135086
6
135086
41016
135086
135086
135086
135086
135086
360319
218342
2639
360319
218342
2639
278921
122299
278921
40957
17959
40957
24632936
36085545
426875
426875
565605
828572
828572
1184440
2900185
4248570
62681
62681
459926
459926
459926
459926
278912
122296
278912
122296
40951
17957
40951
17957
59118504
59118504
59118504
559788
1357439
559788
426871
426871
559788
559788
1357439
1357439
559788
559788
6960380
6960380
6960380
459925
360318
218341
2638
459925
459925
2595814
1440833
2639
2595814
1440833
2639
62678
62678
459926
459926
360319
218342
2639
459926
459926
459926
459926
42148920
34017178
18863018
89970462
66038828
66038828
13046781
10529681
5596598
27813531
20415289
20415289
221543
28037281
35650544
221543
221543
449910
330237
330237
821113
221543
221543
221543
221543
283292
385953
7881215
10021286
508926
2017641
777617
1277083
1030697
457246
2748808
2017641
159259
631383
243340
400488
323222
221543
860189
631383
47522
571547
726745
144993
221543
221543
221543
221543
221543
221543
221543
221543
340389
340389
144993
221543
221543
221543
221543
221543
221543
221543
221543
340389
311661
311661
1022674
1300371
4050583
4050583
4050583
4050583
4050583
4050583
4050583
4050583
4050583
72498
72498
186833
72498
72498
72498
72498
72498
186833
153945
153945
153945
153945
153945
153945
153945
153945
153945
72498
72498
72498
72498
186833
72498
72498
72498
72498
72498
72498
17254
186833
386392918
113681882
397996661
397996661
119786488
235288988
119786488
386392918
386392918
113681882
397996661
397996661
397996661
119786488
235288988
119786488
77687479
19816331
10043285
11037537
12571383
46984653
200206694
237401271
119604105
33729058
123036965
123036965
35549066
69787307
35549066
221543
2562562
124026753
124026753
14138392
14138392
14138392
14138392
14138392
14138392
14138392
14138392
14138392
739734
77687479
270142
10043285
11037537
11037537
12571383
46984653
200206694
8840871
119604105
119604105
33729058
123036965
123036965
123036965
35549066
69787307
35549066
221543
2562562
2562562
124026753
124026753
124026753
1990241
1990241
1990241
4948609
579185
6640727
1990241
1990241
1990241
1990241
1990241
4948609
579185
6640727
558705
558705
531253
1439827
1707319
650603
1707319
297297
2291117
1707319
1376919
2404832
34863638
72498
186833
72498
72498
72498
72498
72498
186833
476905
558376
558705
558705
29122
72498
558705
531253
531253
531253
51308
454471
1420079
221543
650603
650603
650603
650603
1707319
297297
2291117
1707319
1376919
2404832
2404832
34863638
34863638
1141155
7958166
12159732
11707442
2755687
12159732
12159732
5851697
2844965
904045
1141155
7958166
12159732
11707442
11707442
2755687
12159732
12159732
12159732
5851697
2844965
2844965
3772717
524093
260112
285933
325768
1507116
9722586
11528857
340497
2490361
3805164
3671408
873769
3805164
3805164
1809472
920286
47522
85322
1691125
6464106
2516404
47522
2516404
537341
537341
537341
537341
537341
537341
537341
537341
537341
72498
3772717
72498
260112
285933
285933
325768
1507116
9579648
221543
256253
340497
2490361
3805164
3671408
3671408
873769
3805164
3805164
3805164
1809472
920286
920286
47522
85322
1691125
6464106
2516404
2516404
47522
47522
2516404
590491
267373
506121
502296
506121
381605
685070
221543
490740
784368
827092
757606
376351
23624
590491
267373
506121
502296
502296
506121
506121
502191
381605
685070
685070
221543
490740
784368
827092
757606
376351
72496
72496
72496
72496
72496
186832
221542
256252
144992
221542
221542
297296
221542
186832
221542
340388
311660
376350
4523930
72498
72498
72498
186833
72498
72498
72498
72498
72498
60217
72498
186833
72498
72498
72498
72498
72498
541
1621
72498
72498
72498
4546
72498
72498
72498
1081
72498
186833
7156
7156
256253
144993
221543
221543
221543
221543
221543
221543
297297
297297
221543
186833
221543
340389
311661
311661
4546
376351
376351
376351
4350790
4523930
4523930
278918
122297
278918
96787
42438
96787
40955
17957
40955
19605
8596
19605
860685130
694634153
385184706
1837205752
1348519424
1348519424
73912572
108276801
4745046
3829589
1615385
10243964
7519127
7519127
28037281
579288
266416566
215017129
114283094
567955065
416882233
416882233
35650544
28071680
41123067
429028
8273
1446865
1167723
472212
3119354
2289623
2289623
429028
4433237
3577937
9187221
6743472
6743472
16767215
426874
426874
1697131
2486179
178254
178254
178254
178254
178254
552575
2486179
3553982
7881215
3003274
2204420
1449211
1169616
5784857
10021286
148129
148129
1081292
1592595
571546
56612
56612
56612
56612
419518
726744
1592595
2276607
15879017
15879017
26078172
21046941
9337008
56130951
41200436
161686
161686
8702175
12748084
275796
222587
184336
571546
419518
4969046
571546
47521
8178013
6600238
2960566
17565149
12892918
726744
161686
5452166
9055625
5622
89
275796
222587
46088
295376
295376
5622
655795
533493
1474391
576354
2356573
1118858
902998
2336326
1714876
1292981
62680
62680
161686
155340
78073
21897
571546
1053473
1380036
275796
222587
559656
419518
123215
1380036
1380036
1704350
1022672
746285
252034
1022672
1022672
746285
469634
367985
1300369
30006
30006
952518
571545
419517
161685
1053472
1543264
571545
571545
419517
275795
222585
726743
1543264
2206089
252759455
252759455
252759455
252759455
252759455
252759455
252759455
252759455
252759455
4676696
4679106
4679106
4679106
4676696
4679106
4679106
4679106
4679106
278910
122293
278910
122293
1186026
1186026
4139776
1186026
1186026
1186026
1186026
453363
4139776
96778
42434
42434
42434
148115
96778
42434
42434
42434
42434
42434
9554
148115
9606335
9606335
9606335
9606335
9606335
9606335
9606335
9606335
9606335
247555
249142
251589
253035
247555
249142
249142
251589
253035
40948
17954
40948
17954
82565
82565
288192
82565
82565
82565
82565
17251
288192
288192
19599
8593
8593
29997
19600
8594
8594
8594
8594
8594
1139
29997
29997
51366021
2530276
2845885
3332779
17000163
64332
8272
13263889
2845885
13798891
38370905
2093998
1427622
13798891
6845974
7786645
4744327
2093998
13798891
429025
60704805
8272
5756875
429025
67371414
43499388
9735456
45315579
7202784
22210260
24905586
16130208
7202784
45315579
177388547
7890181668
2321395308
8127131238
1822775508
3580362108
1822775508
8127131238
7890181668
7890181668
2321395308
8127131238
8127131238
1822775508
3580362108
1822775508
8127131238
43499388
43499388
9735456
45315579
45315579
7202784
22210260
24905586
16130208
7202784
45315579
177388547
177388547
177388547
626708622
688750707
784463817
2931877887
2562560
2442327670
688750707
2512427011
540945552
1061944437
540945552
2512427011
124026753
4847757474
2562560
1236554057
124026753
882246380
882246380
882246380
882246380
882246380
882246380
882246380
882246380
882246380
626708622
688750707
688750707
784463817
2931877887
2562560
2562560
2442327670
2442327670
688750707
2512427011
2512427011
540945552
1061944437
540945552
2512427011
124026753
124026753
46160013
4847757474
180531480
4847757474
2562560
16857114
124026753
16323816
16332227
16332227
16332227
16323816
16332227
16332227
16332227
16332227
51366021
2530276
2845885
2845885
3332779
17000163
64332
8272
8272
13263889
13263889
2845885
13798891
13798891
582621
2093998
1427622
13798891
6845974
7786645
4744327
2093998
13798891
429025
429025
187485
60704805
60704805
844952
56827550
8272
74589
429025
65702890
67371414
67371414
178250
178250
178250
31300
1679678
3330213
1334422
623366
4073078
40640932
40640932
40640932
8813388
101051093
101051093
40640932
40640932
40640932
40640932
40640932
8813388
101051093
101051093
426861
426861
178250
178250
178250
178250
178250
31300
1679678
1679678
1679678
1679678
3330213
1334422
623366
4073078
4073078
4073078
33340398
33150649
2404830
13285396
2784876
34863638
4139776
4139776
4139776
4139776
4139776
4139776
1582448
4139776
33340398
33150649
33150649
33150649
51305
28359390
2404830
2404830
13285396
13285396
13285396
13285396
2784876
29759294
34843134
34863638
29120
73490
34863638
34863638
34863638
34863638
328804
34385479
34863638
148115
148115
148115
148115
148115
148115
148115
33349
148115
148115
557122
557122
557122
530015
530015
530015
188
386395
25
6519
6519
56607
56607
56607
56607
788
179624
7825
1303
6838
6838
78879
557083
557083
557083
557083
464429
1463283
1670831
94
1193361
263
1757831
2268349
2035807
1731751
1163
1125114
2595078
2609129
54612
442808
505490
937904
317556
118820
131568
184332
980141
980141
980141
20885030
20146128
239067126
89044518
43291470
56271414
248302950
248302950
248302950
15960166
20146128
239067126
239067126
89044518
43291470
43291470
56271414
248302950
248302950
248302950
248302950
54612
54612
442808
505490
937904
937904
317556
118820
131568
131568
184332
980141
980141
980141
980141
20885030
20885030
20885030
6011190
85320
16231197
74970517
27534510
14003883
17842464
77701843
20328186
94045179
77701843
2516400
235420417
47520
32703834
2516400
33530516
33530516
33530516
33530516
33530516
33530516
33530516
33530516
33530516
4078342
6011190
85320
16231197
74970517
74970517
27534510
14003883
14003883
17842464
17842464
17842464
77701843
77701843
20328186
20328186
94045179
77701843
77701843
2516400
2516400
897188
235420417
4078342
231959338
47520
47520
353628
2516400
864083
869620
878162
883209
864083
869620
869620
878162
883209
13653
13653
158
116260
137154
40546
281292
281292
79389
29705
32892
32892
46083
46083
46083
295371
295371
54625
54625
379615
295371
295371
240746
5619
5619
15621
6206055
6213
6206055
6206055
20841
5405708
88
88
2937
5619
10195508
13085079
14835720
10256938
10335060
9942066
9106817
8342324
7792423
6522174
3473521
827802
10424626
10256938
10256938
10335060
10335060
10254791
9942066
9106817
8342324
7792423
6522174
3473521
827802
10424626
23622
10424626
62670
62670
491171
491171
559653
559653
485315
360318
218341
155338
123213
78070
78070
21894
21894
21894
2638
895892
1380035
60
485315
1380035
1380035
288192
288192
288192
288192
60214
288192
288192
288192
2276784
4324267
4467183
4461395
540
4523930
1620
4510683
4350789
1080
1991784
4523930
4523930
4523930
4497643
4305291
4179862
7155
7155
3941102
4545
4523930
29997
29997
29997
1138
29997
29997
29997
