15375360
15375360
817548270
817548270
15375360
15375360
817548270
817548270
12827307
12827307
93412178
12827307
12827307
93412178
78368
78368
1946320
82720
82720
3926230
3926230
15375360
15375360
817548270
817548270
15375360
15375360
817548270
817548270
82720
82720
3926230
3926230
12827307
12827307
93412178
12827307
12827307
93412178
78368
78368
1946320
15375360
15375360
817548270
817548270
15375360
15375360
817548270
817548270
12827307
12827307
93412178
12827307
12827307
93412178
78368
78368
1946320
82720
82720
3926230
3926230
15375360
15375360
817548270
817548270
15375360
15375360
817548270
817548270
82720
82720
3926230
3926230
12827307
12827307
93412178
12827307
12827307
93412178
78368
78368
1946320
15375360
817548270
817548270
15375360
15375360
817548270
817548270
12827307
93412178
12827307
12827307
93412178
78368
1946320
82720
3926230
3926230
15375360
817548270
817548270
15375360
15375360
817548270
817548270
82720
82720
3926230
3926230
12827307
93412178
12827307
12827307
93412178
78368
78368
1946320
15375360
817548270
817548270
15375360
15375360
817548270
817548270
12827307
93412178
12827307
12827307
93412178
18208130
630734
18208130
18208130
630734
630734
18208130
6547234
6547234
6547234
6547234
78368
1946320
82720
3926230
3926230
15375360
817548270
817548270
15375360
15375360
817548270
817548270
82720
82720
3926230
3926230
12827307
93412178
12827307
12827307
93412178
78368
78368
1946320
93769
2696
93769
18208130
630734
18208130
18208130
630734
630734
18208130
93769
2696
2696
93769
6547234
6547234
6547234
6547234
361379
361379
361379
454303386996
350499618786
454303386996
34057936584
16055418456
454303386996
1055531070
1055531070
17979192
41570478
1055531070
18057364
18371789
4898743551
1778605620
4940562076
728567206313
350499618786
731288065289
34057936584
16055418456
731288065289
139915944
46638648
4940562076
2403643378
2431488856
17979192
41570478
2431488856
64302
157038
18371789
735512
760666
1043400
1043400
5212164
213566622
275789978
275789978
67988792
89961496
85471684
85471684
454303386996
350499618786
454303386996
34057936584
16055418456
454303386996
1055531070
1055531070
17979192
41570478
1055531070
27699055728
15925711068
27699055728
15925711068
12398721348
9461456840
12398721348
8452603752
4692277340
730732244
341604648
12398721348
8452603752
4692277340
257044958
257044958
213566622
275789978
275789978
257044958
257044958
213566622
275789978
275789978
31816134
31816134
82685068
82685068
67988792
89961496
85471684
419494
1102598
31816134
82685068
82685068
67988792
89961496
85471684
85471684
471361244
385902984
475794122
9764826
4504106
12861479
157283028
157283028
157283028
5212164
5212164
5212164
18057364
18371789
4898743551
1778605620
4940562076
728567206313
350499618786
731288065289
34057936584
16055418456
731288065289
139915944
46638648
4940562076
2403643378
2431488856
17979192
41570478
2431488856
64302
157038
18371789
174041741
51259606
176481679
43514502
23241810
143842164
75212592
27699055728
15925711068
27699055728
15925711068
143842164
75212592
24039087624
9461456840
24250758534
8452603752
4692277340
730732244
341604648
24250758534
8452603752
4692277340
3011392
1137528
176481679
43514502
23241810
3168838
3168838
9764826
4504106
12861479
355485734
355485734
471361244
385902984
475794122
355485734
355485734
471361244
385902984
475794122
3168838
3168838
9764826
4504106
12861479
97858884
99481317
116063493
116063493
157283028
419494
1102598
99481317
116063493
116063493
157283028
157283028
157283028
3062
5302
760666
1043400
1043400
5212164
5212164
5212164
20395678
20395678
663924
20395678
20395678
663924
454303386996
350499618786
454303386996
34057936584
16055418456
454303386996
1055531070
1055531070
17979192
41570478
1055531070
18057364
18371789
4898743551
1778605620
4940562076
728567206313
350499618786
731288065289
34057936584
16055418456
731288065289
139915944
46638648
4940562076
2403643378
2431488856
17979192
41570478
2431488856
64302
157038
18371789
467240831468
786145490828
467240831468
467240831468
786145490828
467240831468
332370354609
267933219382
529383086542
332370354609
498964306027
140644854980
242212084278
140644854980
18118234760
8027709228
58978192568
332370354609
498964306027
140644854980
242212084278
140644854980
1967521060
5776803846
1967521060
5776803846
803293791
1604023146
803293791
1458632071
611330138
1855905196
803293791
803293791
9474400
25670855
90788522
803293791
1458632071
611330138
1855905196
803293791
803293791
803293791
803293791
803293791
12502676
2416902
13873601
13922369
14188026
14188026
2982277
17722201
20395678
20395678
663924
80274241
80274241
3605511849
3878373186
1291359636
3705838270
3920191711
3920191711
3920191711
572086263
1092527184
572086263
1855950255
3613536855
1855950255
467240831468
786145490828
467240831468
467240831468
786145490828
467240831468
1855950255
3613536855
1855950255
601303184398
267933219382
581250344282
604920128366
140644854980
242212084278
140644854980
18118234760
8027709228
58978192568
604920128366
604920128366
140644854980
242212084278
140644854980
169840842
69957972
23319324
224407242
3920191711
3920191711
3920191711
3920191711
3920191711
572086263
1092527184
572086263
9408864
54070413
1967521060
7272695229
1967521060
7272695229
9408864
54070413
2064341363
1966878186
2092186841
611330138
2352035903
3101350543
3101350543
9474400
25670855
90788522
2092186841
2092186841
611330138
2352035903
2975670651
3101350543
3101350543
3101350543
3101350543
240807
12502676
2416902
2416902
32151
78519
336819
14188026
14188026
14188026
14188026
14188026
14188026
2982277
17722201
20395678
20395678
663924
37240117
70663685
74383458
80274241
80274241
20395678
663924
20395678
20395678
663924
735512
760666
1043400
5212164
213566622
275789978
275789978
67988792
89961496
85471684
85471684
454303386996
350499618786
454303386996
34057936584
16055418456
454303386996
1055531070
1055531070
17979192
41570478
1055531070
27699055728
15925711068
27699055728
15925711068
12398721348
9461456840
12398721348
8452603752
4692277340
730732244
341604648
12398721348
8452603752
4692277340
257044958
213566622
275789978
275789978
257044958
257044958
213566622
275789978
275789978
31816134
31816134
82685068
67988792
89961496
85471684
419494
1102598
31816134
82685068
82685068
67988792
89961496
85471684
85471684
471361244
385902984
475794122
9764826
4504106
12861479
157283028
157283028
157283028
5212164
5212164
5212164
18057364
18371789
4898743551
1778605620
4940562076
728567206313
350499618786
731288065289
34057936584
16055418456
731288065289
139915944
46638648
4940562076
2403643378
2431488856
17979192
41570478
2431488856
64302
157038
18371789
174041741
51259606
176481679
43514502
23241810
143842164
75212592
27699055728
15925711068
27699055728
15925711068
143842164
75212592
24039087624
9461456840
24250758534
8452603752
4692277340
730732244
341604648
24250758534
8452603752
4692277340
3011392
1137528
176481679
43514502
23241810
3168838
9764826
4504106
12861479
355485734
471361244
385902984
475794122
355485734
355485734
471361244
385902984
475794122
3168838
3168838
9764826
4504106
12861479
97858884
99481317
116063493
157283028
419494
1102598
99481317
116063493
116063493
157283028
157283028
157283028
3062
5302
760666
1043400
1043400
5212164
5212164
5212164
167702974
219400984
219400984
54807677
71351061
67645149
67645149
467240831468
786145490828
467240831468
467240831468
786145490828
467240831468
332370354609
267933219382
332370354609
498964306027
529383086542
140644854980
242212084278
140644854980
18118234760
8027709228
332370354609
498964306027
58978192568
140644854980
242212084278
140644854980
1967521060
5776803846
1967521060
5776803846
803293791
803293791
1458632071
1604023146
611330138
1855905196
803293791
9474400
25670855
803293791
1458632071
90788522
611330138
1855905196
803293791
803293791
803293791
803293791
6950045126
21737361422
12623547350
5761102498
6950045126
21737361422
12623547350
12623547350
9400386772
7679010262
9400386772
14936955577
16178151353
2107467810
6686017382
3793503128
513447329
223595840
9400386772
14936955577
1537695704
1537695704
2107467810
6686017382
3793503128
3793503128
182801824
200655964
167702974
219400984
219400984
9329512
182801824
200655964
200655964
167702974
219400984
219400984
25080669
25080669
48073937
54807677
60497517
65792193
25080669
25080669
54807677
71351061
67645149
378976
806844
25080669
48073937
2765432
2765432
60497517
65792193
65792193
25080669
25080669
25080669
25080669
25080669
25080669
1999784
54807677
71351061
67645149
67645149
1999784
496530642
350939780
607273961
9294155
3909437
40911741
215765477
215765477
215765477
30752890
24855897
21055197
12502676
2416902
13873601
14188026
14188026
2982277
17722201
20395678
663924
80274241
3605511849
3878373186
1291359636
3920191711
3920191711
3920191711
572086263
1092527184
572086263
1855950255
3613536855
1855950255
467240831468
786145490828
467240831468
467240831468
786145490828
467240831468
1855950255
3613536855
1855950255
601303184398
267933219382
604920128366
140644854980
242212084278
140644854980
18118234760
8027709228
604920128366
58978192568
604920128366
140644854980
242212084278
140644854980
169840842
69957972
23319324
3920191711
3920191711
3920191711
224407242
3920191711
3920191711
572086263
1092527184
572086263
9408864
54070413
1967521060
7272695229
1967521060
7272695229
9408864
54070413
2064341363
2092186841
611330138
2352035903
3101350543
9474400
25670855
2092186841
90788522
2092186841
611330138
2352035903
2975670651
3101350543
3101350543
3101350543
240807
12502676
2416902
2416902
32151
78519
14188026
14188026
14188026
14188026
336819
14188026
14188026
2982277
17722201
20395678
20395678
663924
37240117
70663685
74383458
80274241
117066457
199620818
127704835
36920323
130144773
130144773
8154369
31750999
15169093
16561812
611388099
27793917
101446461
51294045
55693413
6950045126
21737361422
12623547350
5761102498
6950045126
21737361422
12623547350
12623547350
611388099
20227361
27793917
101446461
51294045
55693413
55693413
19370900842
7679010262
19582609483
2107467810
6686017382
3793503128
513447329
223595840
19582609483
1537695704
19582609483
1537695704
2107467810
6686017382
3793503128
3793503128
4570286
199620818
1706292
568764
130144773
130144773
130144773
5950686
130144773
130144773
5950686
8154369
31750999
15169093
16561812
16561812
3029640
1597356
1597356
9294155
3909437
40911741
297239541
496530642
350939780
607273961
297239541
9329512
297239541
496530642
350939780
607273961
3029640
1597356
1597356
48777
1597356
9294155
3909437
40911741
79077156
80699589
97845667
215765477
378976
806844
80699589
2765432
80699589
97845667
2765432
97845667
166961210
215178598
215765477
215765477
215765477
215765477
210251402
1999784
215765477
11832
312919
41253
41253
999128
1741
5223
380333
380333
380333
380333
16387
380333
380333
521700
521700
16387
521700
661161
661161
10499
3435901
16823888
20293697
3905117
11010116
26229623
30752890
24855897
21055197
12019073
10921
36244344
11671207282
3833761744
11671207282
3587927062
1091283570
3587927062
43061181
43061181
43061181
13483870
13483870
13483870
166880211
166880211
166880211
166880211
166880211
1203307
1203307
1203307
1203307
1203307
11671207282
3833761744
11671207282
11671207282
3833761744
11671207282
2498763162
3587927062
1091283570
3587927062
1091283570
166880211
166880211
166880211
166880211
166880211
2498763162
3587927062
1091283570
3587927062
1091283570
1091283570
43061181
43061181
43061181
43061181
43061181
43061181
6368548
13483870
13483870
6368548
1203307
1203307
1203307
1203307
1203307
6368548
13483870
13483870
13483870
6368548
6368548
11671207282
3833761744
11671207282
71091618
19175184
71091618
3587927062
1091283570
3587927062
22008152
5265014
22008152
54447898
54447898
54447898
351384
351384
351384
17415232
17415232
17415232
113214
113214
113214
166880211
166880211
166880211
166880211
166880211
3968236
3968236
3968236
3968236
3968236
1203307
1203307
1203307
1203307
1203307
41978
41978
41978
41978
41978
612638
113214
113214
612638
25442578
22008152
5265014
22008152
5265014
71091618
19175184
71091618
11671207282
3833761744
11671207282
11671207282
3833761744
11671207282
71091618
19175184
71091618
4007799158
3587927062
1091283570
3587927062
1091283570
166880211
166880211
166880211
166880211
166880211
4007799158
3587927062
1091283570
3587927062
1091283570
1091283570
3968236
3968236
3968236
3968236
3968236
25442578
22008152
5265014
22008152
5265014
5265014
351384
351384
351384
54447898
54447898
54447898
54447898
54447898
54447898
351384
351384
351384
29258051
17415232
17415232
29258051
1203307
1203307
1203307
1203307
1203307
29258051
17415232
17415232
17415232
29258051
28792763
41978
41978
41978
41978
41978
612638
113214
113214
113214
612638
438317
11671207282
3833761744
11671207282
3587927062
1091283570
3587927062
43061181
43061181
43061181
13483870
13483870
13483870
166880211
166880211
166880211
166880211
166880211
1203307
1203307
1203307
1203307
1203307
11671207282
3833761744
11671207282
11671207282
3833761744
11671207282
2498763162
3587927062
2498763162
1843291170
1091283570
3587927062
1091283570
166880211
166880211
166880211
166880211
166880211
2498763162
3587927062
101142684
2498763162
33714228
1091283570
3587927062
1091283570
1091283570
43061181
43061181
43061181
43061181
43061181
43061181
6368548
13483870
6368548
13483870
6368548
1203307
1203307
1203307
1203307
1203307
6368548
13483870
44370
125964
6368548
13483870
13483870
6368548
6368548
11671207282
3833761744
11671207282
71091618
19175184
71091618
3587927062
1091283570
3587927062
22008152
5265014
22008152
54447898
54447898
54447898
351384
351384
351384
17415232
17415232
17415232
113214
113214
113214
166880211
166880211
166880211
166880211
166880211
3968236
3968236
3968236
3968236
3968236
1203307
1203307
1203307
1203307
1203307
41978
41978
41978
41978
41978
612638
113214
612638
113214
612638
25442578
22008152
51751860
9657034
5265014
22008152
5265014
71091618
19175184
71091618
11671207282
3833761744
11671207282
11671207282
3833761744
11671207282
71091618
19175184
71091618
4007799158
3587927062
5527061593
1843291170
1091283570
3587927062
1091283570
166880211
166880211
166880211
166880211
166880211
4007799158
3587927062
101142684
5527061593
33714228
1091283570
3587927062
1091283570
1091283570
3968236
3968236
3968236
3968236
3968236
25442578
22008152
374970
51751860
149178
5265014
22008152
5265014
5265014
351384
351384
351384
54447898
54447898
54447898
54447898
54447898
54447898
351384
351384
351384
29258051
17415232
29258051
17415232
29258051
1203307
1203307
1203307
1203307
1203307
29258051
17415232
44370
125964
29258051
17415232
17415232
29258051
28792763
41978
41978
41978
41978
41978
612638
113214
144
432
612638
113214
113214
612638
438317
11671207282
3833761744
11671207282
3587927062
1091283570
3587927062
43061181
43061181
43061181
13483870
13483870
13483870
166880211
166880211
166880211
166880211
166880211
1203307
1203307
1203307
1203307
1203307
11671207282
3833761744
11671207282
11671207282
3833761744
11671207282
2498763162
3587927062
1091283570
3587927062
1091283570
166880211
166880211
166880211
166880211
166880211
2498763162
3587927062
1091283570
3587927062
1091283570
1091283570
43061181
43061181
43061181
43061181
43061181
43061181
6368548
13483870
13483870
6368548
1203307
1203307
1203307
1203307
1203307
6368548
13483870
13483870
13483870
6368548
6368548
11671207282
3833761744
11671207282
71091618
19175184
71091618
3587927062
1091283570
3587927062
22008152
5265014
22008152
54447898
54447898
54447898
351384
351384
351384
17415232
17415232
17415232
113214
113214
113214
166880211
166880211
166880211
166880211
166880211
3968236
3968236
3968236
3968236
3968236
1203307
1203307
1203307
1203307
1203307
41978
41978
41978
41978
41978
612638
113214
113214
612638
25442578
22008152
5265014
22008152
5265014
71091618
19175184
71091618
11671207282
3833761744
11671207282
11671207282
3833761744
11671207282
71091618
19175184
71091618
4007799158
3587927062
1091283570
3587927062
1091283570
166880211
166880211
166880211
166880211
166880211
4007799158
3587927062
1091283570
3587927062
1091283570
1091283570
3968236
3968236
3968236
3968236
3968236
25442578
22008152
5265014
22008152
5265014
5265014
351384
351384
351384
54447898
54447898
54447898
54447898
54447898
54447898
351384
351384
351384
29258051
17415232
17415232
29258051
1203307
1203307
1203307
1203307
1203307
29258051
17415232
17415232
17415232
29258051
28792763
41978
41978
41978
41978
41978
612638
113214
113214
113214
612638
438317
110494
110494
220988
11671207282
3833761744
11671207282
3587927062
1091283570
3587927062
43061181
43061181
43061181
13483870
13483870
13483870
368187560
98598360
368187560
115885618
29455870
115885618
1384176
1384176
2097252
2097252
1384176
1384176
443084
443084
680776
623320
623320
443084
443084
166880211
166880211
166880211
166880211
166880211
1203307
1203307
1203307
1203307
1203307
13072415
13072415
13072415
13072415
13072415
101816
101816
101816
101816
101816
11671207282
3833761744
11671207282
11671207282
3833761744
11671207282
2498763162
1843291170
2498763162
3587927062
1091283570
3587927062
1091283570
166880211
166880211
166880211
166880211
166880211
101142684
2498763162
33714228
2498763162
3587927062
1091283570
3587927062
1091283570
1091283570
43061181
43061181
43061181
43061181
43061181
43061181
6368548
6368548
13483870
13483870
6368548
1203307
1203307
1203307
1203307
1203307
44370
125964
6368548
6368548
13483870
13483870
13483870
6368548
6368548
368187560
147624792
98598360
368187560
77404312
368187560
147624792
98598360
368187560
77404312
68904754
51722390
68904754
115885618
43977286
29455870
115885618
29455870
22420596
13072415
13072415
13072415
13072415
13072415
1794376
68904754
707256
68904754
115885618
43977286
29455870
115885618
29455870
29455870
22420596
1384176
1838700
1384176
2097252
2097252
1384176
1384176
1838700
1384176
1838700
1384176
2097252
2097252
1384176
1384176
1838700
144992
144992
443084
594592
443084
680776
623320
443084
144992
594592
101816
101816
101816
101816
101816
870
2610
144992
144992
443084
594592
443084
680776
623320
623320
443084
443084
144992
144992
594592
11671207282
3833761744
11671207282
71091618
19175184
71091618
3587927062
1091283570
3587927062
22008152
5265014
22008152
54447898
54447898
54447898
351384
351384
351384
17415232
17415232
17415232
113214
113214
113214
368187560
98598360
368187560
1906412
368664
1906412
115885618
29455870
115885618
590742
92166
590742
6226370
4178237
6413155
6413155
6413155
6411581
156140
43788
286599
286599
286599
215928
2171367
2171367
2171367
2171367
2171367
2171367
110494
110494
110494
110494
110494
110494
166880211
166880211
166880211
166880211
166880211
3968236
3968236
3968236
3968236
3968236
1203307
1203307
1203307
1203307
1203307
41978
41978
41978
41978
41978
13072415
13072415
13072415
13072415
13072415
306580
306580
306580
306580
306580
101816
101816
101816
101816
101816
4849
4849
4849
4849
4849
612638
113214
612638
113214
612638
25442578
22008152
51751860
9657034
5265014
22008152
5265014
71091618
19175184
71091618
11671207282
3833761744
11671207282
11671207282
3833761744
11671207282
71091618
19175184
71091618
4007799158
3587927062
5527061593
1843291170
1091283570
3587927062
1091283570
166880211
166880211
166880211
166880211
166880211
4007799158
3587927062
101142684
5527061593
33714228
1091283570
3587927062
1091283570
1091283570
3968236
3968236
3968236
3968236
3968236
25442578
22008152
374970
51751860
149178
5265014
22008152
5265014
5265014
351384
351384
351384
54447898
54447898
54447898
54447898
54447898
54447898
351384
351384
351384
29258051
17415232
29258051
17415232
29258051
1203307
1203307
1203307
1203307
1203307
29258051
17415232
44370
125964
29258051
17415232
17415232
29258051
28792763
41978
41978
41978
41978
41978
612638
113214
144
432
612638
113214
113214
612638
438317
158778
590742
759230
3687308
194306
92166
590742
65784
92166
610520
1906412
368664
1906412
263136
147624792
368187560
98598360
368187560
77404312
147624792
368187560
98598360
368187560
77404312
610520
1906412
368664
1906412
263136
43977286
115885618
133312444
233335532
51722390
29455870
115885618
22420596
29455870
13072415
13072415
13072415
13072415
13072415
43977286
115885618
133312444
1794376
233335532
707256
29455870
115885618
22420596
29455870
29455870
306580
306580
306580
306580
306580
158778
590742
759230
8811
3687308
2937
92166
590742
65784
92166
92166
286599
156140
43788
286599
286599
215928
286599
6413155
6226370
4178237
6413155
6413155
6411581
6413155
6413155
6226370
4178237
6413155
6413155
6413155
6411581
6413155
286599
156140
43788
286599
286599
286599
215928
286599
2171367
2171367
2171367
101816
101816
101816
101816
101816
870
2171367
2610
2171367
2171367
2171367
2171367
2171367
2171367
2171367
2171367
1994995
2171367
4849
4849
4849
4849
4849
2
110494
6
110494
110494
110494
110494
110494
110494
110494
135086
41016
135086
3833761744
11671207282
11671207282
1091283570
3587927062
3587927062
3904560
217115154
217115154
43061181
43061181
43061181
13483870
13483870
13483870
29258051
29258051
166880211
166880211
166880211
166880211
166880211
1203307
1203307
1203307
1203307
3833761744
11671207282
3833761744
11671207282
11671207282
1091283570
2498763162
1091283570
3587927062
3904560
217115154
166880211
166880211
166880211
166880211
166880211
1091283570
1091283570
2498763162
1091283570
3587927062
3587927062
3904560
217115154
217115154
43061181
43061181
43061181
43061181
43061181
6368548
13483870
13483870
29258051
1203307
1203307
1203307
1203307
6368548
6368548
6368548
13483870
13483870
13483870
29258051
29258051
3833761744
11671207282
11671207282
19175184
71091618
71091618
1091283570
3587927062
3587927062
217115154
3904560
217115154
5265014
22008152
22008152
751950
12672
751950
54447898
54447898
54447898
351384
351384
351384
17415232
17415232
29258051
29258051
113214
113214
612638
612638
166880211
166880211
166880211
166880211
166880211
3968236
3968236
3968236
3968236
3968236
1203307
1203307
1203307
1203307
41978
41978
41978
41978
612638
113214
612638
5265014
25442578
5265014
22008152
751950
12672
19175184
71091618
3833761744
11671207282
3833761744
11671207282
11671207282
19175184
71091618
71091618
1091283570
4007799158
1091283570
3587927062
217115154
3904560
166880211
166880211
166880211
166880211
166880211
1091283570
1091283570
4007799158
1091283570
3587927062
3587927062
217115154
217115154
3904560
3968236
3968236
3968236
3968236
3968236
5265014
5265014
25442578
5265014
22008152
22008152
751950
751950
12672
351384
351384
54447898
54447898
54447898
54447898
54447898
351384
351384
351384
29258051
17415232
29258051
1203307
1203307
1203307
1203307
29258051
29258051
28792763
17415232
17415232
29258051
29258051
41978
41978
41978
41978
612638
612638
438317
113214
113214
612638
612638
170609441
170609441
170609441
3104497
3104497
3104497
170609441
170609441
170609441
170609441
170609441
3104497
3104497
3104497
3104497
3104497
7890181668
7890181668
2321395308
8127131238
8127131238
8127131238
2442327670
2442327670
688750707
2512427011
2512427011
2512427011
2562560
124026753
124026753
30461874
30461874
30461874
30461874
30461874
30461874
9647865
9647865
9647865
9647865
9647865
9647865
34863638
34863638
882246380
882246380
882246380
882246380
882246380
882246380
882246380
882246380
882246380
4139776
4115869
4115869
4139776
4115869
4115869
4115869
4115869
1582448
7890181668
2321395308
8127131238
8127131238
7890181668
7890181668
2321395308
8127131238
8127131238
8127131238
626708622
688750707
784463817
1609338896
2442327670
688750707
2512427011
2512427011
2562560
2562560
2562560
124026753
124026753
882246380
882246380
882246380
882246380
882246380
882246380
882246380
882246380
882246380
626708622
688750707
688750707
784463817
1609338896
2442327670
2442327670
688750707
2512427011
2512427011
2512427011
2562560
2562560
2562560
124026753
124026753
124026753
30461874
30461874
30461874
30461874
30461874
30461874
30461874
30461874
30461874
30461874
8328885
3984117
9647865
9647865
2404830
9647865
2404830
34863638
4139776
4139776
4139776
4139776
4139776
4139776
1582448
4139776
8328885
3984117
3984117
3984117
51305
3984117
9647865
9647865
9647865
9647865
9647865
2404830
9647865
2404830
34863638
34863638
7890181668
7890181668
2321395308
8127131238
8127131238
8127131238
43499388
43499388
9735456
45315579
45315579
45315579
177388547
177388547
177388547
2442327670
2442327670
688750707
2512427011
2512427011
2512427011
124026753
2562560
124026753
13263889
13263889
2845885
13798891
13798891
13798891
62147158
62147158
62147158
429025
8272
429025
40640932
40640932
40640932
40640932
40640932
101051093
178250
178250
178250
178250
178250
3330213
4013078
4013078
4013078
13285396
13285396
13285396
13285396
34863638
34863638
34863638
56607
56607
56607
56607
1731751
1334883
1334883
1334883
2035807
2268349
882246380
882246380
882246380
882246380
882246380
882246380
882246380
882246380
882246380
16143867
16143867
16143867
16143867
16143867
16143867
16143867
16143867
16143867
4139776
4115869
4115869
4139776
4115869
4115869
4115869
4115869
1582448
148115
124601
124601
148115
124601
124601
124601
124601
33349
557122
530015
56607
2460793
1334883
1198380
6519
1334883
2393301
6519
2393301
2530276
2845885
3332779
17000163
13263889
2845885
13798891
13798891
62147158
8272
6845974
7786645
62147158
67371414
8272
429025
8272
429025
43499388
9735456
45315579
45315579
177388547
22210260
24905586
177388547
177388547
7890181668
2321395308
8127131238
8127131238
7890181668
7890181668
2321395308
8127131238
8127131238
8127131238
43499388
43499388
9735456
45315579
45315579
45315579
177388547
22210260
24905586
177388547
177388547
177388547
626708622
688750707
784463817
2931877887
2442327670
688750707
2512427011
2512427011
2562560
2562560
124026753
2562560
124026753
882246380
882246380
882246380
882246380
882246380
882246380
882246380
882246380
882246380
626708622
688750707
688750707
784463817
2931877887
2442327670
2442327670
688750707
2512427011
2512427011
2512427011
2562560
2562560
124026753
124026753
2562560
124026753
16323816
16332227
16332227
16332227
16323816
16332227
16332227
16332227
16332227
2530276
2845885
2845885
3332779
17000163
13263889
13263889
2845885
13798891
13798891
13798891
62147158
8272
6845974
7786645
62147158
62147158
65702890
8272
429025
429025
8272
429025
178250
178250
178250
3330213
4013078
1334422
623366
4013078
4073078
40640932
40640932
40640932
101051093
40640932
40640932
40640932
40640932
40640932
101051093
178250
178250
178250
178250
178250
3330213
4013078
1334422
623366
4013078
4013078
4073078
33340398
33150649
13285396
34863638
2404830
2404830
34863638
4139776
4139776
4139776
4139776
4139776
4139776
1582448
4139776
33340398
33150649
33150649
33150649
51305
28359390
13285396
13285396
13285396
13285396
34863638
2404830
2404830
34863638
34863638
148115
148115
148115
148115
148115
148115
33349
148115
557122
530015
530015
530015
188
386395
56607
56607
56607
56607
1731751
1334883
1198380
1125114
6519
1193361
1334883
1334883
1334883
2035807
6519
2268349
2035807
3833761744
11671207282
11671207282
1091283570
3587927062
3587927062
3904560
217115154
217115154
43061181
43061181
43061181
13483870
13483870
13483870
29258051
29258051
166880211
166880211
166880211
166880211
166880211
1203307
1203307
1203307
1203307
3833761744
11671207282
3833761744
11671207282
11671207282
1091283570
2498763162
1091283570
3587927062
2498763162
1843291170
3904560
217115154
166880211
166880211
166880211
166880211
166880211
1091283570
1091283570
2498763162
1091283570
3587927062
3587927062
101142684
2498763162
33714228
3904560
217115154
217115154
43061181
43061181
43061181
43061181
43061181
6368548
13483870
6368548
13483870
29258051
1203307
1203307
1203307
1203307
6368548
6368548
6368548
13483870
13483870
44370
125964
6368548
13483870
29258051
29258051
3833761744
11671207282
11671207282
19175184
71091618
71091618
1091283570
3587927062
3587927062
217115154
3904560
217115154
5265014
22008152
22008152
751950
12672
751950
54447898
54447898
54447898
351384
351384
351384
17415232
17415232
29258051
29258051
113214
113214
612638
612638
166880211
166880211
166880211
166880211
166880211
3968236
3968236
3968236
3968236
3968236
1203307
1203307
1203307
1203307
41978
41978
41978
41978
612638
113214
612638
5265014
25442578
5265014
22008152
751950
51751860
12672
9657034
19175184
71091618
3833761744
11671207282
3833761744
11671207282
11671207282
19175184
71091618
71091618
1091283570
4007799158
1091283570
3587927062
217115154
5527061593
3904560
1843291170
166880211
166880211
166880211
166880211
166880211
1091283570
1091283570
4007799158
1091283570
3587927062
3587927062
217115154
217115154
101142684
5527061593
3904560
33714228
3968236
3968236
3968236
3968236
3968236
5265014
5265014
25442578
5265014
22008152
22008152
751950
751950
374970
51751860
12672
149178
351384
351384
54447898
54447898
54447898
54447898
54447898
351384
351384
351384
29258051
17415232
29258051
1203307
1203307
1203307
1203307
29258051
29258051
28792763
17415232
17415232
44370
125964
29258051
29258051
29258051
41978
41978
41978
41978
612638
612638
438317
113214
113214
144
432
612638
612638
612638
426861
372600
426861
170609441
170609441
170609441
426861
426861
426861
3104497
3104497
3104497
3104497
3104497
3104497
426861
372600
426861
426861
372600
426861
170609441
170609441
170609441
170609441
170609441
3104497
3104497
3104497
3104497
426861
426861
426861
426861
426861
426861
3104497
3104497
3104497
3104497
3104497
7890181668
7890181668
2321395308
8127131238
8127131238
8127131238
2442327670
2442327670
688750707
2512427011
2512427011
2512427011
2562560
124026753
124026753
30461874
30461874
30461874
30461874
30461874
30461874
9647865
9647865
9647865
9647865
9647865
9647865
34863638
34863638
882246380
882246380
882246380
882246380
882246380
882246380
882246380
882246380
882246380
4115869
4115869
4139776
4115869
4115869
4115869
4115869
1582448
4139776
7890181668
2321395308
8127131238
8127131238
1822775508
3580362108
1822775508
7890181668
7890181668
2321395308
8127131238
8127131238
8127131238
1822775508
3580362108
1822775508
626708622
688750707
784463817
1609338896
2442327670
688750707
2512427011
2512427011
2983623151
2562560
1609338896
1236554057
2723992351
2562560
2562560
124026753
124026753
540945552
1061944437
540945552
882246380
882246380
882246380
882246380
882246380
882246380
882246380
882246380
882246380
626708622
688750707
688750707
784463817
1609338896
2442327670
2442327670
688750707
2512427011
2512427011
2512427011
180531480
2562560
46160013
1609338896
16857114
2723992351
2562560
2562560
124026753
124026753
124026753
540945552
1061944437
540945552
30461874
30461874
30461874
30461874
8813388
36825210
30461874
30461874
30461874
30461874
30461874
30461874
8813388
36825210
3984117
8328885
9647865
9647865
3984117
3984117
3984117
9647865
2404830
3984117
3984117
8328885
9647865
2404830
34863638
2784876
12013420
3984117
4139776
4139776
4139776
4139776
4139776
1582448
4139776
4139776
3984117
3984117
3984117
51305
3984117
8328885
9647865
9647865
9647865
9647865
9647865
3984117
3984117
3984117
328804
2404830
3984117
3984117
3984117
3984117
29120
73490
3984117
8328885
9647865
2404830
34863638
34863638
2784876
12013420
3984117
426861
372600
426861
147687
124601
147687
7890181668
7890181668
2321395308
8127131238
8127131238
8127131238
43499388
43499388
9735456
45315579
45315579
45315579
177388547
177388547
177388547
2442327670
2442327670
688750707
2512427011
2512427011
2512427011
124026753
2562560
124026753
13263889
13263889
2845885
13798891
13798891
13798891
66182273
67371414
67371414
429025
8272
429025
40640932
40640932
40640932
40640932
40640932
101051093
426861
426861
426861
178250
178250
178250
178250
178250
3330213
4073078
4073078
4073078
4073078
4073078
4073078
13285396
13285396
13285396
13285396
34863638
34863638
34863638
148115
148115
148115
56607
56607
56607
56607
1731751
2460793
1862546
1420430
2393301
2393301
2035807
2268349
2393301
882246380
882246380
882246380
882246380
882246380
882246380
882246380
882246380
882246380
16143867
16143867
16143867
16143867
16143867
16143867
16143867
16143867
16143867
426861
372600
426861
426861
372600
426861
4115869
4115869
4139776
4115869
4115869
4115869
4115869
1582448
4139776
124601
124601
148115
147687
124601
147687
124601
124601
124601
124601
33349
148115
147687
124601
147687
557122
530015
56607
2460793
1862546
6838
1420430
1198380
278480
62075
6519
557122
6519
179624
2393301
7825
310481
2609129
2530276
2845885
3332779
17000163
13263889
2845885
13798891
13798891
66182273
23200020
8272
51366021
8272
38370905
6845974
7786645
429025
60704805
8272
5756875
429025
67371414
2093998
4744327
2093998
43499388
9735456
45315579
45315579
177388547
22210260
24905586
177388547
7202784
16130208
7202784
7890181668
2321395308
8127131238
8127131238
1822775508
3580362108
1822775508
7890181668
7890181668
2321395308
8127131238
8127131238
8127131238
1822775508
3580362108
1822775508
43499388
43499388
9735456
45315579
45315579
45315579
177388547
22210260
24905586
177388547
177388547
177388547
7202784
16130208
7202784
626708622
688750707
784463817
2931877887
2442327670
688750707
2512427011
2512427011
3540711584
2562560
2562560
124026753
4847757474
2562560
1236554057
124026753
540945552
1061944437
540945552
882246380
882246380
882246380
882246380
882246380
882246380
882246380
882246380
882246380
626708622
688750707
688750707
784463817
2931877887
2442327670
2442327670
688750707
2512427011
2512427011
2512427011
180531480
2562560
2562560
124026753
124026753
46160013
4847757474
4847757474
2562560
16857114
124026753
540945552
1061944437
540945552
16323816
16332227
16332227
16332227
16323816
16332227
16332227
16332227
16332227
2530276
2845885
2845885
3332779
17000163
13263889
13263889
2845885
13798891
13798891
13798891
66182273
844952
8272
51366021
8272
582621
6845974
7786645
429025
429025
187485
60704805
60704805
56827550
8272
74589
429025
65702890
67371414
67371414
2093998
4744327
2093998
178250
178250
178250
3330213
4073078
4073078
4073078
1334422
623366
4073078
31300
939872
40640932
40640932
40640932
101051093
8813388
90457883
40640932
40640932
40640932
40640932
40640932
101051093
8813388
90457883
426861
426861
426861
426861
426861
426861
178250
178250
178250
178250
178250
3330213
4073078
4073078
4073078
1334422
623366
4073078
4073078
4073078
31300
939872
33340398
33150649
13285396
34863638
34863638
34863638
28985802
13990768
2404830
2404830
34863638
2784876
29856729
34863638
4139776
4139776
4139776
4139776
4139776
4139776
1582448
4139776
33340398
33150649
33150649
33150649
51305
28359390
13285396
13285396
13285396
13285396
34863638
34863638
34863638
28985802
328804
2404830
2404830
29759294
34843134
34863638
29120
73490
34863638
34863638
34863638
34385479
34863638
2784876
29856729
34863638
148115
148115
148115
148115
148115
148115
148115
148115
148115
33349
148115
148115
148115
148115
557122
530015
530015
530015
188
386395
56607
56607
56607
56607
1731751
2460793
1862546
6838
6838
1420430
1198380
1125114
278480
1163
6519
557122
557122
6519
788
179624
464429
1463283
1670831
94
1193361
263
1757831
2268349
2035807
1125114
2393301
2393301
7825
310481
2609129
3833761744
11671207282
11671207282
1091283570
3587927062
3587927062
3904560
217115154
217115154
43061181
43061181
43061181
13483870
13483870
13483870
29258051
29258051
166880211
166880211
166880211
166880211
166880211
1203307
1203307
1203307
1203307
3833761744
11671207282
3833761744
11671207282
11671207282
1091283570
2498763162
1091283570
3587927062
3904560
217115154
166880211
166880211
166880211
166880211
166880211
1091283570
1091283570
2498763162
1091283570
3587927062
3587927062
3904560
217115154
217115154
43061181
43061181
43061181
43061181
43061181
6368548
13483870
13483870
29258051
1203307
1203307
1203307
1203307
6368548
6368548
6368548
13483870
13483870
13483870
29258051
29258051
3833761744
11671207282
11671207282
19175184
71091618
71091618
217115154
3904560
1091283570
3587927062
3587927062
217115154
751950
12672
5265014
22008152
22008152
751950
54447898
54447898
54447898
351384
351384
351384
29258051
17415232
17415232
29258051
612638
113214
113214
612638
166880211
166880211
166880211
166880211
166880211
3968236
3968236
3968236
3968236
3968236
1203307
1203307
1203307
1203307
41978
41978
41978
41978
612638
113214
612638
5265014
25442578
5265014
22008152
751950
12672
19175184
71091618
3833761744
11671207282
3833761744
11671207282
11671207282
19175184
71091618
71091618
1091283570
4007799158
1091283570
3587927062
217115154
3904560
166880211
166880211
166880211
166880211
166880211
1091283570
1091283570
4007799158
1091283570
3587927062
3587927062
217115154
217115154
3904560
3968236
3968236
3968236
3968236
3968236
5265014
5265014
25442578
5265014
22008152
22008152
751950
751950
12672
351384
351384
54447898
54447898
54447898
54447898
54447898
351384
351384
351384
29258051
17415232
29258051
1203307
1203307
1203307
1203307
29258051
29258051
28792763
17415232
17415232
29258051
29258051
41978
41978
41978
41978
612638
612638
438317
113214
113214
612638
612638
170609441
170609441
3104497
3104497
170609441
170609441
170609441
1679678
3104497
1679678
1679678
1679678
3104497
3104497
1679678
1679678
7890181668
7890181668
2321395308
8127131238
8127131238
8127131238
2442327670
2442327670
688750707
2512427011
2512427011
2512427011
2562560
124026753
124026753
30461874
30461874
30461874
30461874
30461874
30461874
9647865
9647865
9647865
9647865
9647865
9647865
34863638
34863638
882246380
882246380
882246380
882246380
882246380
882246380
882246380
882246380
882246380
4139776
4115869
4115869
4139776
4115869
4115869
4115869
4115869
1582448
7890181668
2321395308
8127131238
8127131238
7890181668
7890181668
2321395308
8127131238
8127131238
8127131238
626708622
688750707
784463817
1609338896
2442327670
688750707
2512427011
2512427011
2562560
2562560
124026753
124026753
882246380
882246380
882246380
882246380
882246380
882246380
882246380
882246380
882246380
626708622
688750707
688750707
784463817
1609338896
2442327670
2442327670
688750707
2512427011
2512427011
2512427011
2562560
2562560
2562560
124026753
124026753
124026753
30461874
30461874
30461874
30461874
30461874
30461874
30461874
30461874
30461874
30461874
8328885
3984117
9647865
9647865
9647865
2404830
34863638
4139776
4139776
4139776
4139776
4139776
4139776
1582448
4139776
8328885
3984117
3984117
3984117
51305
3984117
9647865
9647865
9647865
9647865
9647865
9647865
2404830
2404830
34863638
34863638
7890181668
7890181668
2321395308
8127131238
8127131238
8127131238
177388547
177388547
43499388
43499388
9735456
45315579
45315579
45315579
124026753
2562560
2442327670
2442327670
688750707
2512427011
2512427011
2512427011
124026753
62147158
62147158
429025
8272
13263889
13263889
2845885
13798891
13798891
13798891
429025
40640932
40640932
40640932
40640932
40640932
101051093
4013078
4013078
178250
178250
178250
178250
178250
3330213
34863638
13285396
13285396
13285396
13285396
34863638
34863638
1334883
1334883
2035807
56607
56607
56607
56607
1731751
2268349
882246380
882246380
882246380
882246380
882246380
882246380
882246380
882246380
882246380
16143867
16143867
16143867
16143867
16143867
16143867
16143867
16143867
16143867
4139776
4115869
4115869
4139776
4115869
4115869
4115869
4115869
1582448
148115
124601
124601
148115
124601
124601
124601
124601
33349
557122
530015
25
1303
78879
557083
1334883
2609129
6519
56607
2609129
2530276
2845885
3332779
17000163
64332
1427622
13798891
6845974
7786645
62147158
67371414
8272
13263889
2845885
13798891
13798891
429025
8272
429025
22210260
24905586
177388547
177388547
43499388
9735456
45315579
45315579
7890181668
2321395308
8127131238
8127131238
7890181668
7890181668
2321395308
8127131238
8127131238
8127131238
22210260
24905586
177388547
177388547
177388547
43499388
43499388
9735456
45315579
45315579
45315579
626708622
688750707
784463817
2931877887
2562560
2442327670
688750707
2512427011
2512427011
124026753
2562560
124026753
882246380
882246380
882246380
882246380
882246380
882246380
882246380
882246380
882246380
626708622
688750707
688750707
784463817
2931877887
2562560
2562560
2442327670
2442327670
688750707
2512427011
2512427011
2512427011
124026753
124026753
2562560
124026753
16323816
16332227
16332227
16332227
16323816
16332227
16332227
16332227
16332227
2530276
2845885
2845885
3332779
17000163
64332
1427622
13798891
6845974
7786645
62147158
62147158
65702890
8272
8272
13263889
13263889
2845885
13798891
13798891
13798891
429025
429025
8272
429025
1679678
1334422
623366
4013078
4073078
178250
178250
178250
3330213
40640932
40640932
40640932
101051093
40640932
40640932
40640932
40640932
40640932
101051093
1679678
1679678
1679678
1679678
1334422
623366
4013078
4013078
4073078
178250
178250
178250
178250
178250
3330213
33340398
33150649
2404830
13285396
34863638
4139776
4139776
4139776
4139776
4139776
4139776
1582448
4139776
33340398
33150649
33150649
33150649
51305
28359390
2404830
2404830
13285396
13285396
13285396
13285396
34863638
34863638
34863638
148115
148115
148115
148115
148115
148115
33349
148115
557122
530015
530015
530015
188
386395
25
1303
78879
557083
557083
557083
557083
1193361
1334883
1334883
1334883
2035807
6519
6519
56607
56607
56607
56607
2268349
2035807
1731751
1125114
3833761744
11671207282
11671207282
1091283570
3587927062
3587927062
3904560
217115154
217115154
43061181
43061181
43061181
13483870
13483870
13483870
29258051
29258051
98598360
368187560
368187560
29455870
115885618
115885618
76560
4888530
4888530
1384176
1384176
1384176
1384176
2097252
2097252
443084
443084
443084
443084
680776
623320
623320
2171367
2171367
166880211
166880211
166880211
166880211
166880211
1203307
1203307
1203307
1203307
13072415
13072415
13072415
13072415
13072415
101816
101816
101816
101816
3833761744
11671207282
3833761744
11671207282
11671207282
2498763162
1843291170
1091283570
2498763162
1091283570
3587927062
3904560
217115154
166880211
166880211
166880211
166880211
166880211
101142684
2498763162
33714228
1091283570
1091283570
2498763162
1091283570
3587927062
3587927062
3904560
217115154
217115154
43061181
43061181
43061181
43061181
43061181
6368548
6368548
13483870
13483870
29258051
1203307
1203307
1203307
1203307
44370
125964
6368548
6368548
6368548
6368548
13483870
13483870
13483870
29258051
29258051
98598360
368187560
147624792
77404312
98598360
368187560
368187560
147624792
77404312
68904754
51722390
29455870
68904754
29455870
115885618
43977286
22420596
76560
4888530
13072415
13072415
13072415
13072415
13072415
1794376
68904754
707256
29455870
29455870
68904754
29455870
115885618
115885618
43977286
22420596
76560
4888530
4888530
1384176
1384176
1838700
1384176
2097252
2097252
1384176
1384176
1384176
1838700
1838700
1384176
2097252
2097252
144992
144992
443084
594592
443084
443084
680776
623320
2171367
101816
101816
101816
101816
870
2610
144992
144992
144992
144992
443084
443084
594592
594592
443084
443084
680776
623320
623320
2171367
2171367
3833761744
11671207282
11671207282
19175184
71091618
71091618
217115154
3904560
1091283570
3587927062
3587927062
217115154
751950
12672
5265014
22008152
22008152
751950
54447898
54447898
54447898
351384
351384
351384
29258051
17415232
17415232
29258051
612638
113214
113214
612638
98598360
368187560
368187560
368664
1906412
1906412
4888530
76560
29455870
115885618
115885618
4888530
11238
176
92166
590742
590742
11238
6226370
4178237
6413155
6413155
6413155
6411581
156140
43788
286599
286599
286599
215928
2171367
2171367
2171367
2171367
2171367
2171367
2171367
135086
135086
135086
135086
135086
135086
135086
166880211
166880211
166880211
166880211
166880211
3968236
3968236
3968236
3968236
3968236
1203307
1203307
1203307
1203307
41978
41978
41978
41978
13072415
13072415
13072415
13072415
13072415
306580
306580
306580
306580
306580
101816
101816
101816
101816
4849
4849
4849
4849
612638
113214
612638
5265014
25442578
5265014
22008152
751950
51751860
12672
9657034
19175184
71091618
3833761744
11671207282
3833761744
11671207282
11671207282
19175184
71091618
71091618
1091283570
4007799158
1091283570
3587927062
217115154
5527061593
3904560
1843291170
166880211
166880211
166880211
166880211
166880211
1091283570
1091283570
4007799158
1091283570
3587927062
3587927062
217115154
217115154
101142684
5527061593
3904560
33714228
3968236
3968236
3968236
3968236
3968236
5265014
5265014
25442578
5265014
22008152
22008152
751950
751950
374970
51751860
12672
149178
351384
351384
54447898
54447898
54447898
54447898
54447898
351384
351384
351384
29258051
17415232
29258051
1203307
1203307
1203307
1203307
29258051
29258051
28792763
17415232
17415232
44370
125964
29258051
29258051
29258051
41978
41978
41978
41978
612638
612638
438317
113214
113214
144
432
612638
612638
612638
158778
65784
92166
590742
759230
11238
3688793
176
194306
610520
263136
368664
1906412
147624792
77404312
98598360
368187560
147624792
77404312
98598360
368187560
368187560
610520
263136
368664
1906412
1906412
43977286
22420596
29455870
115885618
133312444
4888530
233335532
76560
51722390
13072415
13072415
13072415
13072415
13072415
43977286
22420596
29455870
29455870
29455870
115885618
115885618
133312444
4888530
4888530
1794376
233335532
76560
707256
306580
306580
306580
306580
306580
158778
65784
92166
92166
92166
590742
590742
759230
11238
11238
8811
3688793
176
2937
286599
215928
156140
43788
286599
6413155
6411581
6226370
4178237
6413155
6413155
6413155
6411581
6226370
4178237
6413155
6413155
286599
286599
215928
156140
43788
286599
286599
2171367
101816
101816
101816
101816
2171367
870
2171367
2610
2171367
1994995
2171367
2171367
2171367
2171367
2171367
4849
4849
4849
4849
135086
2
135086
6
135086
41016
135086
135086
135086
135086
135086
1168300
1168300
827802
1168300
1168300
827802
426861
372600
426861
58797
25779
58797
170609441
170609441
426861
426861
3104497
3104497
3104497
3104497
15586669
15586669
62670
62670
459925
459925
459925
459925
426861
372600
426861
372600
58797
25779
58797
25779
170609441
170609441
170609441
1679678
3104497
1679678
426861
426861
1679678
1679678
3104497
3104497
1679678
1679678
15586669
15586669
15586669
459925
360318
218341
2638
459925
459925
9942066
9106817
827802
9942066
9106817
827802
62670
62670
459925
459925
360318
218341
2638
459925
459925
459925
459925
7890181668
7890181668
2321395308
8127131238
8127131238
8127131238
2442327670
2442327670
688750707
2512427011
2512427011
2512427011
2562560
124026753
124026753
30461874
30461874
30461874
30461874
30461874
30461874
9647865
9647865
9647865
9647865
9647865
9647865
34863638
34863638
219750531
248302950
248302950
239067126
239067126
56271414
248302950
248302950
68593310
77701843
77701843
74970517
74970517
17842464
77701843
77701843
47520
2516400
2516400
474226
703876
703876
703876
703876
703876
703876
703876
703876
1060414
1060414
144992
221542
221542
221542
221542
221542
221542
221542
221542
340388
311660
311660
4523930
4523930
882246380
882246380
882246380
882246380
882246380
882246380
882246380
882246380
882246380
4115869
4115869
4139776
4115869
4115869
4115869
4115869
1582448
4139776
33438702
33438702
33438702
33438702
33438702
33438702
33438702
33438702
33438702
288192
288192
272446
272446
288192
288192
288192
272446
272446
272446
272446
60214
288192
7890181668
2321395308
8127131238
8127131238
1822775508
3580362108
1822775508
7890181668
7890181668
2321395308
8127131238
8127131238
8127131238
1822775508
3580362108
1822775508
1609338896
1236554057
626708622
688750707
784463817
1609338896
2723992351
2983623151
2442327670
688750707
2512427011
2512427011
540945552
1061944437
540945552
2562560
2562560
124026753
124026753
882246380
882246380
882246380
882246380
882246380
882246380
882246380
882246380
882246380
46160013
1609338896
16857114
626708622
688750707
688750707
784463817
1609338896
2723992351
180531480
2442327670
2442327670
688750707
2512427011
2512427011
2512427011
540945552
1061944437
540945552
2562560
2562560
2562560
124026753
124026753
124026753
30461874
30461874
30461874
30461874
8813388
36825210
30461874
30461874
30461874
30461874
30461874
30461874
8813388
36825210
3984117
3984117
3984117
8328885
9647865
9647865
9647865
2784876
12013420
9647865
8328885
2404830
34863638
4139776
4139776
4139776
4139776
4139776
1582448
4139776
4139776
3984117
3984117
3984117
3984117
29120
73490
3984117
3984117
3984117
3984117
51305
3984117
8328885
328804
9647865
9647865
9647865
9647865
9647865
2784876
12013420
9647865
8328885
2404830
2404830
34863638
34863638
20146128
219750531
248302950
239067126
56271414
248302950
248302950
89044518
43291470
15960166
20146128
219750531
248302950
239067126
239067126
56271414
248302950
248302950
248302950
89044518
43291470
43291470
41971896
32703834
16231197
17842464
20328186
41971896
80768750
90869360
6011190
68593310
77701843
74970517
17842464
77701843
77701843
27534510
14003883
47520
85320
20328186
77701843
2516400
47520
2516400
33530516
33530516
33530516
33530516
33530516
33530516
33530516
33530516
33530516
897188
41971896
353628
16231197
17842464
17842464
20328186
41971896
80768750
4078342
4078342
6011190
68593310
77701843
74970517
74970517
17842464
77701843
77701843
77701843
27534510
14003883
14003883
47520
85320
20328186
77701843
2516400
2516400
47520
47520
2516400
808006
474226
703876
703876
703876
703876
931138
703876
1060414
1060414
1168300
1168300
827802
23622
808006
474226
703876
703876
703876
703876
703876
703876
703876
931138
931138
703876
1060414
1060414
1168300
1168300
827802
72496
72496
72496
72496
72496
186832
221542
256252
144992
221542
221542
297296
221542
186832
221542
340388
311660
376350
4523930
288192
288192
288192
288192
288192
288192
288192
288192
288192
60214
288192
288192
72496
72496
72496
72496
72496
540
1620
72496
72496
72496
4545
72496
72496
72496
1080
72496
186832
7155
7155
256252
144992
221542
221542
221542
221542
221542
221542
297296
297296
221542
186832
221542
340388
311660
311660
4545
376350
376350
376350
4350789
4523930
4523930
426861
372600
426861
147687
124601
147687
58797
25779
58797
19599
8593
19599
7890181668
7890181668
2321395308
8127131238
8127131238
8127131238
177388547
177388547
43499388
43499388
9735456
45315579
45315579
45315579
124026753
2562560
2442327670
2442327670
688750707
2512427011
2512427011
2512427011
124026753
67371414
67371414
429025
8272
13263889
13263889
2845885
13798891
13798891
13798891
429025
40640932
40640932
40640932
40640932
40640932
101051093
426861
426861
4073078
4073078
178250
178250
178250
178250
178250
3330213
4073078
4073078
34863638
13285396
13285396
13285396
13285396
34863638
34863638
148115
148115
2595078
2609129
2035807
56607
56607
56607
56607
1731751
2268349
2609129
2609129
248302950
248302950
239067126
239067126
56271414
248302950
248302950
980141
980141
20885030
20885030
937904
937904
184332
980141
980141
77701843
2516400
47520
74970517
74970517
17842464
77701843
77701843
2516400
295371
13085079
14087402
5619
88
281292
281292
46083
295371
295371
5619
10254791
8342324
6522174
3473521
10424626
10256938
10256938
10335060
10335060
7792423
62670
62670
485315
155338
78070
21894
1380035
1380035
1380035
491171
491171
559653
559653
123213
1380035
1380035
4523930
4523930
4497643
3941102
4523930
4523930
4497643
4305291
4179862
4523930
29997
29997
952518
571545
419517
161685
1053472
1543264
571545
571545
419517
275795
222585
726743
1543264
2206089
882246380
882246380
882246380
882246380
882246380
882246380
882246380
882246380
882246380
16143867
16143867
16143867
16143867
16143867
16143867
16143867
16143867
16143867
426861
372600
426861
372600
4115869
4115869
4139776
4115869
4115869
4115869
4115869
1582448
4139776
147687
124601
124601
124601
148115
147687
124601
124601
124601
124601
124601
33349
148115
33438702
33438702
33438702
33438702
33438702
33438702
33438702
33438702
33438702
774665
774665
774665
774665
774665
774665
774665
774665
774665
58797
25779
58797
25779
272446
272446
288192
272446
272446
272446
272446
60214
288192
288192
19599
8593
8593
29997
19599
8593
8593
8593
8593
8593
1138
29997
29997
51366021
2530276
2845885
3332779
17000163
64332
8272
13263889
2845885
13798891
38370905
2093998
1427622
13798891
6845974
7786645
4744327
2093998
13798891
429025
60704805
8272
5756875
429025
67371414
43499388
9735456
45315579
7202784
22210260
24905586
16130208
7202784
45315579
177388547
7890181668
2321395308
8127131238
1822775508
3580362108
1822775508
8127131238
7890181668
7890181668
2321395308
8127131238
8127131238
1822775508
3580362108
1822775508
8127131238
43499388
43499388
9735456
45315579
45315579
7202784
22210260
24905586
16130208
7202784
45315579
177388547
177388547
177388547
626708622
688750707
784463817
2931877887
2562560
2442327670
688750707
2512427011
540945552
1061944437
540945552
2512427011
124026753
4847757474
2562560
1236554057
124026753
882246380
882246380
882246380
882246380
882246380
882246380
882246380
882246380
882246380
626708622
688750707
688750707
784463817
2931877887
2562560
2562560
2442327670
2442327670
688750707
2512427011
2512427011
540945552
1061944437
540945552
2512427011
124026753
124026753
46160013
4847757474
180531480
4847757474
2562560
16857114
124026753
16323816
16332227
16332227
16332227
16323816
16332227
16332227
16332227
16332227
51366021
2530276
2845885
2845885
3332779
17000163
64332
8272
8272
13263889
13263889
2845885
13798891
13798891
582621
2093998
1427622
13798891
6845974
7786645
4744327
2093998
13798891
429025
429025
187485
60704805
60704805
844952
56827550
8272
74589
429025
65702890
67371414
67371414
178250
178250
178250
31300
1679678
3330213
1334422
623366
4073078
40640932
40640932
40640932
8813388
101051093
101051093
40640932
40640932
40640932
40640932
40640932
8813388
101051093
101051093
426861
426861
178250
178250
178250
178250
178250
31300
1679678
1679678
1679678
1679678
3330213
1334422
623366
4073078
4073078
4073078
33340398
33150649
2404830
13285396
2784876
34863638
4139776
4139776
4139776
4139776
4139776
4139776
1582448
4139776
33340398
33150649
33150649
33150649
51305
28359390
2404830
2404830
13285396
13285396
13285396
13285396
2784876
29759294
34843134
34863638
29120
73490
34863638
34863638
34863638
34863638
328804
34385479
34863638
148115
148115
148115
148115
148115
148115
148115
33349
148115
148115
557122
557122
557122
530015
530015
530015
188
386395
25
6519
6519
56607
56607
56607
56607
788
179624
7825
1303
6838
6838
78879
557083
557083
557083
557083
464429
1463283
1670831
94
1193361
263
1757831
2268349
2035807
1731751
1163
1125114
2595078
2609129
54612
442808
505490
937904
317556
118820
131568
184332
980141
980141
980141
20885030
20146128
239067126
89044518
43291470
56271414
248302950
248302950
248302950
15960166
20146128
239067126
239067126
89044518
43291470
43291470
56271414
248302950
248302950
248302950
248302950
54612
54612
442808
505490
937904
937904
317556
118820
131568
131568
184332
980141
980141
980141
980141
20885030
20885030
20885030
6011190
85320
16231197
74970517
27534510
14003883
17842464
77701843
20328186
94045179
77701843
2516400
235420417
47520
32703834
2516400
33530516
33530516
33530516
33530516
33530516
33530516
33530516
33530516
33530516
4078342
6011190
85320
16231197
74970517
74970517
27534510
14003883
14003883
17842464
17842464
17842464
77701843
77701843
20328186
20328186
94045179
77701843
77701843
2516400
2516400
897188
235420417
4078342
231959338
47520
47520
353628
2516400
864083
869620
878162
883209
864083
869620
869620
878162
883209
13653
13653
158
116260
137154
40546
281292
281292
79389
29705
32892
32892
46083
46083
46083
295371
295371
54625
54625
379615
295371
295371
240746
5619
5619
15621
6206055
6213
6206055
6206055
20841
5405708
88
88
2937
5619
10195508
13085079
14835720
10256938
10335060
9942066
9106817
8342324
7792423
6522174
3473521
827802
10424626
10256938
10256938
10335060
10335060
10254791
9942066
9106817
8342324
7792423
6522174
3473521
827802
10424626
23622
10424626
62670
62670
491171
491171
559653
559653
485315
360318
218341
155338
123213
78070
78070
21894
21894
21894
2638
895892
1380035
60
485315
1380035
1380035
288192
288192
288192
288192
60214
288192
288192
288192
2276784
4324267
4467183
4461395
540
4523930
1620
4510683
4350789
1080
1991784
4523930
4523930
4523930
4497643
4305291
4179862
7155
7155
3941102
4545
4523930
29997
29997
29997
1138
29997
29997
29997
