1
254
6445500
6445500
1
59
1852708
1852708
18
9581
93412178
2
2166
26850581
1
1366
1735096
1
4
63031
63031
1
254
6445500
6445500
1
59
1852708
1852708
1
2
18118
18118
18
9581
93412178
2
2166
26850581
1
1101
559455
1
254
6445500
6445500
1
59
1852708
1852708
18
9581
93412178
2
2166
26850581
1
1366
1735096
1
4
63031
63031
1
254
6445500
6445500
1
59
1852708
1852708
1
2
18118
18118
18
9581
93412178
2
2166
26850581
1
1101
559455
254
6445500
6445500
31
59
1852708
1852708
32275
93412178
6568
7805
26850581
4864
1946320
4
63031
63031
254
6445500
6445500
31
59
1852708
1852708
2
2
18118
18118
32275
93412178
6568
7805
26850581
576
1101
559455
254
6445501
6445501
31
59
1852708
1852708
233394
93412178
27561
52762
26850582
267059
4184
267059
76764
495
947
76764
6547234
773100
1881951
1480054
4862
1946320
2
63030
63030
252
6445499
6445499
29
57
1852707
1852707
0
0
18117
18117
233393
93412178
27559
52760
26850581
574
1099
559454
4311
67
4311
267057
4182
267057
76763
493
945
76763
1239
7
15
1239
6547234
773099
1881949
1480054
42671
103875
81692
6928520
108462
7165471
35
22
1225906
22835
23616
13
35
4040
387982
400711
24516236
383791
25354674
3241605645
50745878
3352466308
3846
22
573557681
31
2
4337812
29699298
30714994
13
37
5254883
2
2
69141
52885
54694
75025
75025
4341510
3288
26075
460934
69097
145973
214581
128756
6928520
108462
7165471
35
22
1225906
22835
23616
13
35
4040
83062
34413
83062
7779
168988
2645
174767
20765
8603
35
2
29900
20765
1944
23676
23676
19819
115348
2039010
23676
5352
3288
26075
460934
1087
1124
7650
7650
416432
645734
569574
2
3
192
7650
1729
69097
145973
214581
128756
6084612
1252487
107557038
158593
33857
2799227
59254916
35555077
26097611
1635623
981608
720376
387982
400711
24516236
383791
25354674
3241605645
50745878
3352466308
3846
22
573557681
31
2
4337812
29699298
30714994
13
37
5254883
2
2
69141
1178939
18755
1219258
21742
9009
65672
27209
6610992
2739029
6610992
619180
65672
6151
115758277
1812144
119717129
2100670
870338
138
2
20481840
2100670
196748
3
2
211976
21742
2037
178395
185129
700507
196534
12382790
6848567
6848567
26916163
7548385
475794122
6848567
1548173
6084612
1252487
107557038
178395
41850
158593
33857
2799227
1595885
1650463
2263928
2263928
157283028
2
3
282370
2263928
511780
59254916
35555077
26097611
2
2
9357
75025
16960
1635623
981608
720376
60658
944781
8129
8172
420915
3860
6928520
108462
7165471
35
22
1225906
22835
23616
13
35
4040
390763
404127
24516237
383791
25354675
3241605645
50745878
3352466308
3847
22
573557681
31
2
4337813
29699299
30714994
13
37
5254885
2
2
69141
85
1702772
705482
19
1702772
705482
3464260
54231
11778113
3582735
10543479
21
425693
176370
35
19
69
612953
674253
4
425693
176370
65
329036
14
329036
11417
45883
11808
34750
16
96771
1125285
1125285
14
35
12
2020
2222
3
96771
12284
126971
173159
1125285
1125285
37612
116
646762
197
117003
654670
1
2416
60658
944781
8129
51741944
80274241
740121
23390016
384301
29960
4237589
24189938
57826616
1
6274
2599
1
23760
9844
85
7449068
3086255
19
7449068
3086255
1
23760
9844
2860255898
44789490
11778113
2957979122
21
1930870
799987
3395
19
69
506133627
189166690
4
1930870
799987
7
31
2
12
399154
4184825
5481601
1623583
13074405
1
6274
2599
1
7070
65
1999136
14
1999136
1
7070
31206679
47721
32273726
16
542849
3075568142
3101350543
14
39
12
5567848
2081200
3
542849
33576485
347034993
473271781
3075568142
3101350543
1
4060
10
116
1
1
6
16908
32742
144116
190423
53870
654670
1
2416
8172
420915
3860
664323
5838455
7962241
51741944
80274241
1464345
23255
420915
93645
3860
52885
54694
75023
5212164
3288
26075
460934
69097
145973
214581
128756
6928520
108462
7165471
35
22
1225906
22835
23616
13
35
4040
83062
34413
83062
7779
168988
2645
174767
20765
8603
35
2
29900
20765
1944
23676
19819
115348
2039010
5352
23676
3288
26075
460934
1087
1124
7650
416432
645734
569574
2
3
192
1729
7650
69097
145973
214581
128756
6084612
1252486
107557038
164478
33858
2907439
59254916
35555077
26097611
1963634
1178251
821654
390762
404126
24516236
383790
25354674
3241605645
50745878
3352466308
3846
20
573557681
29
0
4337812
29699298
30714994
11
35
5254883
0
0
69140
1198033
18754
1239004
21740
9007
65670
27208
6610991
2739028
6610991
619179
65670
6150
115758277
1812143
119717129
2100670
870337
137
0
20481840
2100670
196746
1
0
211975
21740
2036
185127
727587
204044
12861479
6848566
26916163
7548385
475794122
1548172
6848566
6084612
1252486
107557038
41849
185127
164476
33856
2907439
1595884
1650462
2263927
157283028
0
1
282369
511778
2263927
59254916
35555077
26097611
0
0
9357
16959
75023
1963634
1178251
864842
1688
20445
361404
35383
95334
132572
79547
2115
1702772
705482
478
1702772
705482
3464260
54231
3582735
10543479
13921486
528
425693
176370
35
19
612953
674253
136
237
425693
176370
986
329036
237
329036
11417
11808
34750
45883
328
96771
1125285
14
35
2020
2222
136
237
96771
12284
126971
173159
1125285
5123
41531
17206
8
5123
41531
3889
17206
84494
1322
87383
257158
339548
1280
10382
4301
35
2
14950
16445
136
4
1280
10382
972
4301
11539
16088
10175
90441
1598724
53
11539
3636
16088
1688
20445
361404
558
577
1699
2237
3572
4562
55020
55020
213247
398876
336928
2
4
98
108
15
20
3572
1031
4562
600
6208
8466
55020
12437
3518
35
35383
95334
132572
79547
271
7515359
1500203
132787517
260453
63347
4604011
78414625
44948990
31743141
3978169
1685774
1031475
47712
239
814508
179868
842364
3465
1155465
1464344
23253
80274241
1438043
24548838
384301
5421131
25388391
60691546
553
445488
184572
1675
1348172
558567
203642
163889008
67901563
46035
163889008
67901563
378
1348172
558567
2861116385
44789490
2958964580
64514
51920791
21511527
3394
17
506235322
17554
189225138
14584
51920791
21511527
5
29
0
509547
4343580
5739247
150
1623582
13719805
125
445488
184572
8235
2745998
407087
135737190
92025
135737190
1861
2745998
31468089
32544276
133881
44640746
3101350543
12
37
5567847
193
2081199
30264
44640746
33857956
349942011
477236250
3101350543
0
4058
8
239
0
0
16906
32740
144116
190423
4
53869
842364
783
1155465
420914
93644
3858
876367
9057773
12352611
80274241
1662979
12693140
1954405
30595
2021245
4831833
6099
35466
13270
14694
30849009
14823
86197
511
35712
1043449
6067416
2513817
6
1043449
6067416
568268
2513817
30849009
0
14823
86197
66
8073
35712
108121853
1692598
111819545
337432
1962091
812922
128
0
19130679
663
7150835
2
337432
1962091
183767
812922
6
12693140
2
0
189982
345805
456918
11
129258
1092274
0
6099
35466
1720
3321
14694
1127791
9342
588882
2314419
649057
40911741
8741083
34354112
9634289
607273961
1975991
51
8741083
7766019
1598595
137279100
1127791
1211
133121
3
588882
523192
107696
9248423
2189280
2264152
3105721
215765477
0
2
387363
13
144792
702073
18
3105721
2355547
24345975
33202021
81287634
48775499
35801469
13798155
768
215765477
1
26616
1516
41253
999128
0
0
35748
65069
69231
85977
2
24322
380332
67632
117934
3
521700
190045
42281
1742
395685
4089643
5577284
473899
2064067
9310994
13654719
8193321
6013940
2317817
129
36244344
2358
136
3213
1454
226
1981
136
155
136
136
136
136
133328
16185
41825
2453
131
39331
39331
12338
5962
319
14215
488
14215
2358
136
3213
27139
8763
1367
8763
3294
133328
16185
41825
2453
131
8513
1454
226
1981
499
35
689
689
151
136
155
136
1023
424
424
1023
39331
39331
12338
5962
319
321
136
136
136
155
35
274719
17563
373438
4645
161
6329
202963
31913
276514
3710
580
5054
38604
52594
18027
2523
3438
557
31238
41195
31238
2206
3005
2206
859946
104392
271243
15959
854
18633
2462
5935
379
21
229551
229551
72010
35862
1982
6299
6299
2246
1293
70
124450
13292
13292
124450
248075
18021
3488
18021
32655
18317
962
18317
1651957
56869
1651957
274719
17563
373438
4645
161
6329
28101680
1223203
190840
1223203
3411376
867425
105300
272110
15962
854
8815458
202963
31913
276514
528680
28290
20627
2505
6470
379
21
84385
3710
580
5054
4951
266
15202
15202
3348
232657
232657
51221
38604
52594
18027
2524
3438
557
5228783
182234
182234
5228783
244438
244438
76679
37054
1982
1640262
31238
41195
31238
792635
48211
8527
8527
2675
1293
70
39040
2206
3005
2206
18866
1011
2358
136
3213
1454
226
1981
136
155
136
136
136
136
133328
16185
41825
2453
131
39331
39331
12338
5962
319
14215
488
14215
2358
136
3213
27139
8763
2184136
34191
1367
8763
3294
133328
16185
41825
2453
131
8513
1454
35
373673
16
226
1981
499
35
689
689
151
136
155
136
1023
424
5040
424
1023
39331
39331
12338
5962
319
321
136
13
35
862
136
136
155
35
274719
17563
373438
4645
161
6329
202963
31913
276514
3710
580
5054
38604
52594
18027
2523
3438
557
31238
41195
31238
2206
3005
2206
859946
104392
271243
15959
854
18633
2462
5935
379
21
229551
229551
72010
35862
1982
6299
6299
2246
1293
70
124450
13292
561044
13292
124450
269001
18021
21541700
338903
3488
18021
32655
18317
962
18317
1651957
56869
1651957
274719
17563
373438
4645
161
6329
28729075
1223203
2312071691
36194442
190840
1223203
3487538
867425
105300
272110
15962
854
9012271
202963
2745
395561463
16
31913
276514
528680
28290
20627
2505
6470
379
21
84385
3710
27
3685468
2
580
5054
4951
266
15202
15202
3348
232657
232657
51221
38604
52594
18027
2524
3438
557
5943442
182234
29258051
182234
5943442
244438
244438
76679
37054
1982
1864450
31238
13
36
5005622
41195
31238
900972
48211
8527
8527
2675
1293
70
39040
2206
1
1
104814
3005
2206
18866
1011
2358
136
3213
1454
226
1981
136
155
136
136
136
136
133328
16185
41825
2453
131
39331
39331
12338
5962
319
14215
488
14215
2358
136
3213
27139
8763
1367
8763
3294
133328
16185
41825
2453
131
8513
1454
226
1981
499
35
689
689
151
136
155
136
1023
424
424
1023
39331
39331
12338
5962
319
321
136
136
136
155
35
432213
17563
588565
4645
161
6329
330751
61804
450611
3710
580
5054
81874
108813
28804
2523
3438
557
70569
86526
70569
2206
3005
2206
859946
104392
271243
15959
854
18633
2462
5935
379
21
229551
229551
72010
35862
1982
6299
6299
2246
1293
70
124450
13292
13292
124450
248075
22354
3488
22354
32655
27993
962
27993
2603603
98502
2603603
432213
17563
588565
4645
161
6329
28101680
1993344
310996
1993344
3411376
867425
105300
272110
15962
854
8815458
330751
61804
450611
528680
28290
20627
2505
6470
379
21
84385
3710
580
5054
4951
266
15202
15202
3348
479166
479166
106070
81874
108813
28805
2524
3438
557
5228783
377836
377836
5228783
244438
244438
76679
37054
1982
1640262
70569
86526
70569
792635
48211
8527
8527
2675
1293
70
39040
2206
3005
2206
18866
1011
67543
67543
135086
2358
136
3213
1454
226
1981
136
155
136
136
136
136
1959
136
2668
1319
205
1797
136
136
339
613
136
136
136
136
339
271
271
136
136
133328
16185
41825
2453
131
39331
39331
12338
5962
319
82042
9959
25736
1509
80
19915
19915
6247
3018
161
14215
488
14215
2358
136
3213
2184136
34191
27139
8763
1367
8763
3294
133328
16185
41825
2453
131
35
373673
16
8513
1454
226
1981
499
35
689
689
151
136
155
136
5040
1023
424
424
1023
39331
39331
12338
5962
319
13
35
862
321
136
136
136
155
35
11806
13636
405
11806
5649
1959
13636
136
2668
1277
43001
673
2630
7952
3724
1240
7952
319
1543
82042
9959
25736
1509
80
35
7356
2
825
1319
3724
205
1797
48
35
348
441
1896
136
339
2712
441
136
1896
136
1896
136
339
613
136
136
428
70
70
272
474
272
678
542
272
70
474
19915
19915
6247
3018
161
1
4
35
35
136
474
136
339
271
271
136
136
35
35
237
511307
17563
696598
4645
161
6329
396139
61804
539694
3710
580
5054
130829
178240
28804
2523
3438
557
105328
143497
105328
2207
3006
2207
970694
33342
1322463
14185
488
19326
770831
120264
1050171
12186
1902
16603
82014
16883
1449745
431539
587923
95008
3667
756
64789
19286
26275
4247
818042
490855
360291
360291
490855
360291
50893
30538
22415
22415
30538
22415
859946
104392
271243
15959
854
18633
2462
5935
379
21
229551
229551
72010
35862
1982
6299
6299
2246
1293
70
325400
39501
103287
6155
329
6527
952
2299
144
9
91603
91603
29416
13886
826
2425
2425
1521
736
40
124450
13292
561044
13292
124450
269001
22354
21541700
338903
3488
22354
32655
27993
962
27993
3081502
105847
3081502
511307
17563
696598
4645
161
6329
28729075
2387416
2312071691
36194442
372479
2387416
3487538
867425
105300
272110
15962
854
9012271
396139
2745
395561463
16
61804
539694
528680
28290
20626
2503
6470
379
21
84386
3710
27
3685468
2
580
5054
4951
266
15202
15202
3348
788472
788472
173590
130829
178240
28805
2524
3438
557
5943441
634776
29258051
634776
5943441
244438
244438
76679
37054
1982
1864450
105328
13
36
5005622
143497
105328
900972
48211
8527
8527
2676
1293
70
39041
2207
2
2
104814
3006
2207
18867
1011
19740
73442
94389
1426351
24157
11459
73442
8179
11459
56659
85487
2937
85487
23474
3877280
5850102
200944
5850102
1606412
3877280
970694
33342
1322463
363143
56659
14185
488
19326
5307
1248627
4645581
5970568
97608551
1528019
724792
4645581
517324
724792
334495
40605
104930
6155
329
1248627
770831
1872960
117
16699387
2
120264
1050171
116946
109872
5879
7844
952
2460
144
9
19740
12186
29610
3
245438
2
1902
16603
1850
1738
94
82336
16215
4548
203031
82336
25590
286599
2600761
362799
101744
6413155
2600761
572584
6413155
431539
82014
16883
1449745
6413155
587923
95008
1449745
19286
3667
756
64789
203031
26275
4247
64789
2168299
2168299
2171367
101816
101816
31939
15434
826
2
681155
4
371490
818042
490855
360291
2168299
490855
360291
329160
17613
490855
4849
4849
1521
736
40
1
42377
1
23112
50893
30538
22415
67543
30538
22415
20478
1096
30538
136
3213
2358
226
1981
1454
136
473222
601721
155
136
136
136
136
4427
6614015
8409993
16185
133328
2453
131
41825
39331
5962
12338
319
488
14215
136
3213
2358
3294
27139
1367
8763
136
2093365
16185
133328
2453
131
41825
499
35
8513
226
1981
1454
136
601721
473222
689
151
155
136
136
1023
424
19584
29258051
39331
5962
12338
319
155
321
35
136
136
4427
8409993
6614015
17563
373438
274719
161
6329
4646
31913
276514
202963
473222
7412
601721
580
5055
3711
4432
71
5635
52594
38604
18027
3438
2523
557
41195
31238
6614015
8409993
3005
2206
138492
176098
104392
859946
15960
854
271243
2461
18633
380
22
5935
229551
35862
72010
1983
6299
1293
2246
70
124451
13292
612638
32655
248074
3489
18021
19602
308
963
18317
56869
1651957
17563
373438
274719
161
6329
4646
3411376
28101680
190840
1223203
2093365
32785
105300
867425
15963
854
272110
528679
28290
8815458
31913
276514
202963
601721
473222
7412
2505
20627
380
22
6471
4952
266
84385
580
5055
3711
5635
4432
71
15203
3348
232657
51221
52594
38604
18027
3438
2524
557
5228783
182234
29258051
244438
37054
76679
1983
792635
1640262
48210
41195
31238
8409993
6614015
8528
1293
2675
70
18866
39040
1011
3005
2206
176098
138492
74190080
39699968
95279140
201818
176194
422862
74190080
95279140
74190080
39699968
95279140
201818
422862
201818
176194
422862
648
523
136
1606
1179
54360
455
367
136
990
727
33511
136
415061
527766
136
136
136
136
136
2635
136
136
136
136
2121
2889
7520886
9561707
92798
105471
125021
868831
15876
15988
855
18952
272551
282714
101098
101098
106510
15325
31714
17296
820
2
5940
244
7107
327613
648
523
136
1606
1179
54360
1449
1647
1952
13569
4172
683
4381
201963
1
136
73
1836079
1836079
92798
105471
125021
868831
15876
15988
855
18952
272551
247
249
35
295
4256
455
367
136
990
727
33511
1
136
18
527766
415061
527766
302
344
136
15884
136
136
136
136
136
2635
2067
668
277
12784
1
12784
1843
33264826
282714
101098
106510
15325
31714
17296
2
820
778
101
209
114
7
35
136
136
136
136
2121
1
2889
1366
9561707
7520886
99067
79954
15076
242426
177942
20229024
2834
2288
178
7026
5157
237648
74190080
65027639
156065051
84930
68282
22793
184815
135655
16014707
415061
6502
527766
3025
2441
755
6580
4830
222565
23663292
21326212
51182489
5770
92
7336
18942
18356
36465
26885
17977
6769571
3432
2770
8102
5948
1311
200547
201818
686425
1647407
28147
21339
18754
17980
5642628
7520886
9561707
12797
9393
6175
4984
174914
64463
454815
546326
180140
546326
449142
506940
605100
4175990
78106
78657
4515
91727
1340848
6945
7894
9534
64952
1552
1563
85
1852
20785
883957
621865
621865
333023
94694
199641
106392
5202
2
31626
13557
13557
11916
2206
4252
2477
245
2
292019
132504
17977
828527
64463
8129
1
546326
546326
1366
546326
37404
42511
50391
191656
17980
4542
17981
1341328
23663292
1
527956
622839
51182489
51182489
2
25518
401
25518
17982
1069
17986
1432233
74190080
22054
92772
156065051
156065051
908190
36835
1072409
121914682
99067
79954
15076
242426
177942
20229024
2834
2288
179
7026
5157
237648
74190080
1610
15873
65027639
156065051
35280597
2437345
2770191
3285105
22819831
775607
127553
814427
96516177
1
73
1836079
28756
1836079
489803
556693
659880
4585822
83799
84390
4515
100031
1438566
425808
428625
24813
503159
7161663
84930
68282
22793
184815
135655
16014708
1
18
527767
415061
6502
527767
9068
10306
12217
84894
1552
1563
85
1852
26632
6400
6446
346
7640
109855
3025
2441
755
6580
4830
222565
23663292
1
38514
106559
21326212
51182489
11570595
2
7336
5770
92
7336
17977
17977
7891
1011409
201818
230420
64620
1647407
1647407
141573
161312
35514
40971606
18942
18356
36465
26885
17977
6799683
3432
2770
8103
5948
1311
274077
201818
39423
4715
686425
1647407
546326
6280226
4371494
124514
34448148
1
1843
33264826
883957
840948
333023
127481
263804
143875
2
6822
2366016
662678
1371331
747898
7
57447
28147
21339
18754
17980
5784843
1
1366
9561707
7520886
31626
30088
11916
4562
9439
5148
2
245
209891
80347
132504
90679
1
4300
12797
9393
6175
4984
432927
64463
8129
8129
1
190330
446384
546326
546326
546326
1366
546326
546326
136
3213
2358
226
1981
1454
136
473222
601721
155
136
136
136
136
4427
6614015
8409993
16185
133328
2453
131
41825
39331
5962
12338
319
488
14215
136
3213
2358
3294
27139
1367
8763
2184136
34191
136
2093365
16185
133328
2453
131
41825
499
35
8513
226
1981
1454
35
373673
16
136
601721
473222
689
151
155
136
136
1023
424
5040
19584
29258051
39331
5962
12338
319
155
321
35
136
136
13
35
862
4427
8409993
6614015
17563
373438
274719
161
6329
4646
31913
276514
202963
473222
7412
601721
580
5055
3711
4432
71
5635
52594
38604
18027
3438
2523
557
41195
31238
6614015
8409993
3005
2206
138492
176098
104392
859946
15960
854
271243
2461
18633
380
22
5935
229551
35862
72010
1983
6299
1293
2246
70
124451
13292
612638
32655
269001
3489
18021
19602
21648757
308
338902
963
18317
56869
1651957
17563
373438
274719
161
6329
4646
3487540
28729077
190840
1223203
2093365
2312071691
32785
36194443
105300
867425
15963
854
272110
528679
28290
9012272
31913
276514
202963
601721
473222
2745
395561463
7412
16
2505
20627
380
22
6471
4952
266
84385
580
5055
3711
5635
4432
27
3703785
71
2
15203
3348
232657
51221
52594
38604
18027
3438
2524
557
5943442
182234
29258051
244438
37054
76679
1983
900972
1864450
48210
41195
31238
13
36
5005623
8409993
6614015
8528
1293
2675
70
18866
39040
1011
3005
2206
1
1
104814
176098
138492
307059
180261
307059
74190080
39699968
95279140
426861
426861
426861
422862
201818
57695
176194
422862
422862
307059
180261
307059
307059
180261
307059
74190080
95279140
74190080
39699968
95279140
422862
201818
57695
422862
426861
426861
426861
426861
426861
426861
422862
201818
57695
176194
422862
648
523
136
1606
1179
54360
455
367
136
990
727
33511
136
415061
527766
136
136
136
136
136
2635
136
136
136
136
2121
2889
7520886
9561707
92798
105471
125021
868831
15876
15988
855
18952
272551
101098
101098
282714
15325
31714
17296
820
2
106510
5940
244
7107
327613
9
374114
155000
648
523
136
1606
1179
54360
2
374114
155000
1449
1647
1952
13569
4172
683
4381
201963
1775149
1
1092068
17095
3213801
136
73
1836079
1836079
2
94596
38750
92798
105471
125021
868831
15876
15988
855
18952
272551
247
249
35
295
4256
455
367
136
990
727
33511
12
1
35
186836
14
205521
136
18
527766
415061
527766
1
94596
38750
302
344
136
15884
5
68256
136
136
136
136
136
2635
1
68256
668
2067
277
12784
3290
3290
3290
6480
1
3290
3290
9682
12784
1843
33264826
1
21347
3290
101098
282714
15325
31714
17296
2
820
106510
101
209
114
7
35
778
136
136
136
136
2121
3290
3290
3290
12
1
36
371
506
3290
15
35
562
619
2889
1366
9561707
7520886
1
21347
3290
307059
180261
307059
104136
59539
104136
99067
79954
15076
242426
177942
20229024
2834
2288
178
7026
5157
237648
74190080
65027639
156065051
84930
68282
22793
184815
135655
16014707
415061
6502
527766
3025
2441
755
6580
4830
222565
23663292
21326212
51182489
5770
92
7336
18942
18356
36465
26885
17977
6769571
426861
426861
426861
3432
2770
8102
5948
1311
200547
2494010
201818
57695
686425
1647407
1647407
28147
21339
18754
17980
5642628
7520886
9561707
148115
148115
148115
12797
9393
6175
4984
174914
828527
64463
16422
454815
546326
180140
546326
546326
449142
506940
605100
4175990
78106
78657
4515
91727
1340848
6945
7894
9534
64952
1552
1563
85
1852
20785
307059
180261
307059
307059
180261
307059
621865
621865
883957
94694
199641
106392
5202
2
333023
13557
13557
31626
104136
59539
104136
2206
4252
2477
245
2
11916
104136
59539
104136
292018
277810
17975
828525
64462
115
16421
8127
122
11
0
116655
1365
37611
546325
0
155
2609129
37404
42511
50391
336963
17980
4542
17981
1341328
23663292
14743
1
2886424
2
485253
527956
622839
25518
21410578
401
441188
25518
51182489
1
1343
556
17982
1069
17986
1432233
74190080
22054
92772
156065051
1
4847
1949
908190
36835
1072409
121914682
9
1188387
492365
99067
79954
15076
242426
177942
20229024
2
1188387
492365
2834
2288
179
7026
5157
237648
74190080
1610
15873
35280597
65027639
156065051
1
4847
1949
2648734
3001367
3549939
24619042
775607
127553
814427
96516177
1775149
1
73
1836079
2021035646
28756
31647487
1836079
2
248918
103130
489803
556693
659880
4585822
83799
84390
4515
100031
1438566
460454
463702
24813
549654
7723595
84930
68282
22793
184815
135655
16014708
12
1
18
527767
415061
2408
345769476
129246707
6502
14
527767
1
248918
103130
9068
10306
12217
84894
1552
1563
85
1852
26632
6400
6446
346
7640
109855
3025
2441
755
6580
4830
222565
23663292
12
1
271302
2
9
38514
106559
7336
5770
35
3663157
4840653
1432234
92
2
7336
11570595
21326212
51182489
1
1343
556
17977
17977
7891
1011409
2494010
201818
57695
230420
64620
1647407
1
628
141573
161312
35514
40971606
5
273180
18942
18356
36465
26885
17977
6799683
1
273180
426861
426861
426861
426861
426861
426861
3432
2770
8103
5948
1311
274077
2494010
201818
57695
39423
4715
546326
686425
1647407
1
628
6280226
5888043
124514
34448148
14298820
5286603
65370
6480
1
1843
33264826
1
80160
34863638
883957
840948
333023
127481
263804
143875
2
6822
2366016
892573
1847071
1007357
7
57447
28147
21339
18754
17980
5784843
14298820
5286603
65370
12
1
1366
380613
3760920
5119550
15
43
5691122
9561707
7520886
2174431
33264826
1
80160
34863638
31626
30088
148115
148115
148115
11916
4562
9439
5148
2
245
148115
148115
148115
209891
80347
166265
90679
1
4300
12797
9393
6175
4984
432927
828527
64463
116
116
16422
8129
8129
123
12
1
52366
101413
1366
1
15279
28485
294403
401494
2
190330
4
446384
546326
546326
166854
546326
546326
1
157
2609129
136
3213
2358
226
1981
1454
136
473222
601721
155
136
136
136
136
4427
6614015
8409993
16185
133328
2453
131
41825
39331
5962
12338
319
488
14215
136
3213
2358
3294
27139
1367
8763
136
2093365
16185
133328
2453
131
41825
499
35
8513
226
1981
1454
136
601721
473222
689
151
155
136
136
1023
424
19584
29258051
39331
5962
12338
319
155
321
35
136
136
4427
8409993
6614015
17563
588565
432213
161
6329
4646
473222
7412
61805
450611
330751
601721
4432
71
580
5055
3711
5635
108813
81874
28804
3438
2523
557
6614015
86526
70569
8409993
138492
3005
2206
176098
104392
859946
15960
854
271243
2461
18633
380
22
5935
229551
35862
72010
1983
6299
1293
2246
70
124451
13292
612638
32655
248074
3489
22355
19602
308
963
27994
98502
2603603
17563
588565
432213
161
6329
4646
3411376
28101680
310996
1993344
2093365
32785
105300
867425
15963
854
272110
528679
28290
8815458
61805
450611
330751
601721
473222
7412
2505
20627
380
22
6471
4952
266
84385
580
5055
3711
5635
4432
71
15203
3348
479166
106070
108813
81874
28804
3438
2524
557
5228783
377836
29258051
244438
37054
76679
1983
792635
1640262
48210
86526
70569
8409993
6614015
8528
1293
2675
70
18866
39040
1011
3005
2206
176098
138492
39699968
95279140
176194
422862
95279140
39699968
95279140
91910
422862
91910
13171
21037
176194
422862
12457
91910
648
523
136
1606
1179
54360
455
367
136
990
727
33511
136
415061
527766
136
136
136
136
136
2635
136
136
136
136
2121
2889
7521838
10021273
92798
105471
125021
868831
15876
15988
855
18952
272551
282714
101098
101098
106510
15325
31714
17296
820
2
5940
244
7107
327613
648
523
136
1606
1179
54360
1449
1647
1952
13569
4172
683
4381
201963
136
73
1836079
1836079
92798
105471
125021
868831
15876
15988
855
18952
272551
247
249
35
295
4256
455
367
136
990
727
33511
136
10
18
527766
415061
527766
302
344
136
15884
136
136
136
136
136
2635
2067
668
277
12784
12784
7495
34863638
282714
101098
106510
15325
31714
17296
2
820
778
101
209
114
7
35
136
136
136
136
2121
2889
6519
6519
10021273
7881202
173285
139852
15076
428226
314320
20229024
67544139
162104600
2834
2288
178
7026
5157
237648
415061
6502
152844
124205
54209
332601
244131
16014707
527766
22076747
52983758
5770
92
3025
2441
755
6580
4830
222565
7336
57572
56986
82944
65515
32480
6769571
818872
1965278
3432
2770
8102
5948
1311
200547
7521838
67857
60059
57384
56610
5642628
10021273
454815
652283
180140
12797
9393
6175
4984
174914
581919
449142
506940
605100
4175990
78106
78657
4515
91727
1340848
6945
7894
9534
64952
1552
1563
85
1852
20785
883957
621865
621865
333023
94694
199641
106392
5202
2
31626
13557
13557
11916
2206
4252
2477
245
2
417841
132503
6
325
19719
139270
652282
2609129
6519
56607
2609129
37404
42511
50391
191656
7
125
19733
527956
622839
52983758
67371414
2
27715
4542
29102
1341328
25518
401
25518
22054
92772
162104600
177388547
25972
1069
31073
1432233
1588568
76472
1894320
121914682
173285
139852
15076
428226
314320
20229024
1610
15873
67544139
162104600
40100090
2834
2288
179
7026
5157
237648
2437345
2770191
3285105
22819831
73
1399783
229550
1469844
96516177
1836079
28756
1836079
489803
556693
659880
4585822
83799
84390
4515
100031
1438566
425808
428625
24813
503159
7161663
10
18
152844
124205
54209
332601
244131
16014708
527767
415061
6502
527767
9068
10306
12217
84894
1552
1563
85
1852
26632
6400
6446
346
7640
109855
2
22
11657
38514
106559
22076747
52983758
15229844
2
2
3025
2441
755
6580
4830
222565
7336
5770
92
7336
139271
230420
64620
1965278
4073078
31453
35838
7891
1651777
315377
359349
81115
40979792
57572
56986
82944
65515
32480
6799683
102691
139271
55616
139271
39423
4715
818872
1965278
920753
3432
2770
8103
5948
1311
274077
6830892
4371494
7495
288236
34863638
883957
840948
333023
127481
263804
143875
2
6822
2573475
662678
1371331
747898
7
57447
6519
6519
67857
60059
57384
56610
10021273
7881202
5784843
31626
30088
11916
4562
9439
5148
2
245
209891
80347
132504
90679
1
4300
2
217
19720
65782
125934
35626
139271
190330
446384
652283
652283
589815
771
1474
12797
9393
6175
4984
749974
589815
432927
166854
136
3213
2358
226
1981
1454
136
473222
601721
155
136
136
136
136
4427
6614015
8409992
136
2668
1959
205
1797
1319
136
19979
25404
136
136
136
136
339
613
136
136
136
136
339
271
271
490856
624143
16185
133328
2453
131
41825
39331
5962
12338
319
9959
82042
1509
80
25736
19915
3018
6247
161
488
14215
136
3213
2358
2184136
34191
3294
27139
1367
8763
136
2093364
16185
133328
2453
131
41825
35
373673
16
499
35
8513
226
1981
1454
136
601721
473222
689
151
155
136
136
5040
1023
424
19584
29258051
39331
5962
12338
319
13
35
862
155
321
35
136
136
4427
8409993
6614016
405
11806
13636
5649
136
2668
1959
13636
1277
43001
673
319
2630
1240
7952
3724
1543
136
88377
9959
82042
1509
80
25736
35
7356
2
48
35
825
205
1797
1319
3724
348
136
25404
19979
441
136
1896
136
339
2712
136
136
136
428
1896
136
339
613
70
70
272
474
272
272
678
542
2171367
19915
3018
6247
161
1
4
35
35
35
35
136
136
237
474
136
136
339
271
271
624143
490856
17563
696598
511307
161
6328
4645
473223
7412
61804
539694
396139
601722
4431
71
579
5054
3710
5635
178240
130830
28803
3437
2523
557
6614014
143497
105328
8409992
138492
3006
2207
176098
33342
1322462
970694
488
19325
14186
19978
314
120263
1050171
770831
25403
317
6
1902
16602
12187
403
82013
16883
1449744
587923
431539
95008
3667
756
64788
26275
19286
4247
818043
490855
360291
490855
490855
360291
624143
50893
30538
22415
30538
30538
22415
38830
104392
859946
15959
855
271243
2461
18633
380
22
5935
229551
35862
72010
1983
6299
1294
2246
71
39501
325400
6156
330
103287
953
6527
146
9
2299
91603
13886
29416
827
2425
736
1522
41
124450
13291
612638
32655
269000
3487
22354
19600
21648756
306
338901
961
27993
105845
3081502
17562
696598
511306
159
6328
4644
3487538
28729075
372478
2387416
2093363
2312071691
32784
36194442
105300
867425
15962
854
272110
528678
28288
9012271
61804
539694
396138
601720
473221
2743
395561463
7411
14
2503
20626
379
20
6470
4950
264
84385
578
5053
3709
5634
4430
25
3703783
69
0
15201
3346
788471
173589
178240
130829
28803
3436
2522
555
5943441
634775
29258051
244438
37054
76679
1982
900971
1864449
48209
143495
105326
11
34
5005622
8409992
6614014
8527
1292
2675
69
18865
39039
1009
3004
2205
0
0
104813
176097
138491
19739
8178
11458
73441
94388
1397
1543090
21
24156
56657
23473
2936
85485
3877280
1606412
200943
5850101
3877280
363142
33342
1322461
970693
56657
5306
487
19324
14184
1248626
517323
724791
4645581
5970567
88375
97608551
1384
1528017
40605
334495
6155
329
104930
1248626
116945
109871
5879
120262
1050170
770830
1872958
25402
19977
115
16699387
312
0
952
7844
144
7
2460
19739
1848
1736
92
1901
16602
12186
29609
401
315
1
264000
4
0
116226
25588
16213
4546
286599
2600761
572582
362798
101743
6413155
587922
431538
95007
82013
16882
1449744
6413155
26273
19285
4245
3665
754
64787
286599
2171367
101816
15434
31939
825
329159
0
681154
2
371488
17612
818042
624142
490854
360289
2171367
4849
735
1521
39
20477
0
42376
0
23111
1095
50892
38829
30537
22414
135086
458
439
24
439
439
24
307059
180261
307059
15000
5001
15000
39699968
95279140
426861
426861
176193
422862
422862
422862
1467746
3514139
62670
62670
12214
12214
12214
12214
307059
180261
307059
180261
15000
5001
15000
5001
95279140
39699968
95279140
91909
422862
91909
426861
426861
13170
21036
176193
422862
12456
91909
3514139
1464236
3514139
12212
3188
1932
23
12212
12212
249791
102081
24
71800
16938
24
62670
62670
12214
12214
3190
1934
24
12214
12214
12214
12214
648
523
136
1606
1179
54360
455
367
136
990
727
33511
136
415061
527766
136
136
136
136
136
2635
136
136
136
136
2121
2889
7521838
10021273
87
1306
503
717
579
136
1779
1306
258
1040
401
642
518
172
1417
1040
136
20158
25631
69
136
136
136
136
136
136
136
136
339
339
69
136
136
136
136
136
136
136
136
339
271
271
761109
1300368
92798
105471
125021
868831
15876
15988
855
18952
272551
101098
101098
282714
15325
31714
17296
820
2
106510
8762
9959
11805
82042
1499
1509
80
1789
25736
19915
19915
19915
19915
51282
19915
19915
3018
6247
3407
161
2
19320
5940
244
7107
327613
470
374114
155000
648
523
136
1606
1179
54360
237
374114
155000
1092068
17095
1449
1647
1952
13569
3213801
4243465
4172
683
4381
201963
237
94596
38750
136
73
1836080
1836080
92798
105471
125021
868831
15876
15988
855
18952
272551
35
186836
14
247
249
35
295
4256
205521
136
455
367
136
990
727
33511
237
94596
38750
136
10
18
527766
415061
527766
302
344
136
15884
237
68256
136
136
136
136
136
2635
237
68256
3290
3290
668
9682
12784
277
12784
237
21347
12784
2067
87109
34863638
101098
282714
15325
31714
17296
2
820
106510
35
371
506
3290
15
35
562
101
209
114
7
35
619
136
136
136
136
136
2121
237
21347
2889
778
10287
19693
10021273
7881202
1065
1362
7872
6579
270
7872
7872
8123
3365
5
1065
87
1306
717
579
136
1779
1306
503
8123
760
3365
43001
673
280
319
378
2630
109157
130047
328
4034
6271
5894
965
6271
6271
2389
990
136
439
2644
16152
89166
1398
89166
8762
9959
11805
82042
1499
1509
80
1789
25736
35
7356
2
48
48
35
57
825
6980
136
3
328
258
1040
642
518
172
1417
1040
401
2389
270
990
136
162
495
4642
25631
20158
166
317
25631
680
69
220
193
220
136
948
136
339
1356
458
439
439
63
680
69
136
136
136
136
136
136
136
237
948
136
339
339
439
439
439
33
33
33
33
33
101
134
168
67
134
134
236
134
101
134
337
269
438
4523930
19915
19915
19915
51282
19915
19915
3018
6247
3407
2
161
19320
35
35
35
35
35
2
6
35
35
35
17
35
35
35
4
35
103
27
27
170
69
136
136
136
136
136
136
237
237
136
103
136
339
271
271
17
439
439
439
534188
1300368
1022671
307059
180261
307059
104136
59539
104136
15000
5001
15000
5000
1667
5000
241152
194625
15076
597931
438885
20229023
71037541
177388547
2833
2287
178
7025
5157
237648
415061
6501
217531
175562
54209
473364
347452
16014707
527766
23501180
62555605
5769
92
3024
2440
755
6579
4829
222564
7335
85118
68696
200985
147524
32479
6769571
426861
426861
1301655
4073078
3432
2770
8102
5948
1311
200546
4073078
4073078
7521838
170990
125508
82510
66591
5642628
10021273
148115
148115
454814
1615093
180139
12798
9394
6176
4985
174913
581918
1615093
2263981
325662
94441
512469
413597
32037
1270655
932667
10784
2994
6430350
20738374
15375
12408
962
38120
27980
260740
20157
317
485744
385351
121338
1059554
777719
25631
18889
2173140
8024345
1272
21
30685
24765
7647
66772
49010
1617
161325
45268
133315
27442
2110465
360428
276695
955673
671437
154436
62670
62670
23098
9935
17650
3634
81650
188229
1083824
53580
43243
126515
92863
20446
1083824
1380035
1436529
761108
510644
134743
761108
892877
615130
363765
276419
1300368
29997
29997
136074
81649
59931
23097
150496
361187
81649
163298
119862
78798
63595
415281
361187
722374
449142
506940
605100
4175990
78106
78657
4516
91727
1340848
6945
7894
9534
64952
1552
1563
85
1853
20785
307059
180261
307059
180261
621865
621865
883958
94694
199641
106392
5201
2
333023
104136
13557
59539
13557
31628
104136
2206
4252
2477
245
59539
2
11916
76330
86327
102757
707307
13059
13151
846
15688
224014
1705
1753
1827
10392
414
417
24
494
3743
15000
5001
15000
5001
145803
145803
288192
22102
51753
24944
1802
2
108574
288192
4999
1666
1666
29997
5000
1667
1667
1667
244
1667
1
11302
29997
6017795
37403
42510
50390
350189
10
0
27713
4540
29101
1940222
447
123
40550
527955
622838
360518
149367
1341327
25516
28182703
399
441187
25516
67371414
25971
1067
31073
1179
22053
92772
949242
393284
1432232
177388547
2210721
90853
2645029
100401
80801560
33477244
121914680
241151
194625
15075
597930
438883
22696
80801560
33477244
20229022
2833
2286
177
7024
5155
266
1608
15872
949242
393284
237647
40100089
73912502
177388547
2691366
3058902
3625904
25198125
71
1994179
326698
2093990
32233
25941350
10747873
96516176
1836078
2027906263
28755
31745960
1836078
489803
556691
659880
4585822
83798
84389
4515
100031
1438566
460453
463701
24811
549653
7904617
8
16
217530
175561
54208
473363
347451
7286
25941350
10747873
16014707
527766
415060
2406
346944937
12031
129684162
6500
12
527766
9067
10305
12215
84893
1551
1562
83
1851
26630
565629
6399
6444
344
7638
109853
0
0
0
3023
2439
753
6578
4828
7
101
20
11656
38513
106558
360518
149367
222563
7334
5768
33
4821646
6370923
167
1802277
90
0
7334
15229842
28071653
67371414
31451
35836
7889
12215
869655
1651777
230418
64618
4073078
780293
889087
195741
303060
40979792
101051093
85116
68694
200985
147524
32478
68509
6799682
101051093
426861
426861
3430
2768
8101
5946
1309
2761
102689
196592
55614
869655
274075
39421
4713
920751
1697129
4073078
7444361
7082153
87108
756392
104559
34863638
883957
840948
333022
127480
263804
143873
0
6821
2804593
1073589
2221661
1211652
5
57445
10285
19691
170988
125506
82509
66590
23636
380612
3933851
5364821
13
41
5964655
10021273
7881202
5784843
206
2229522
34863638
31626
30087
148115
11915
4561
9438
5147
0
244
148115
52365
101411
209890
80345
166264
90677
0
4299
1
769
1473
12796
9392
6174
4983
0
15278
1768
216
251
6838
22673
65780
125933
35625
557083
28484
294402
401493
1
190329
3
446383
749973
589814
432926
15
166853
1087146
2609129
19220
2596
10922
140937
111760
663
46303
5792
168625
168625
46803
20885030
640676
4697977
3725386
1543480
193071
5620921
5620921
1560150
3
640676
512467
413595
3725386
348916
1543480
32035
1270653
932666
359456
99771
0
19220
189
1868
15373
12407
111760
86
10467
46303
961
38119
27979
10783
2993
4721226
8702167
20885030
216652
2507
643403
4463678
1259783
521946
731267
4687090
866816
6023915
4687090
89165
98480697
1396
1541671
89165
91638
104153
123459
857975
15678
15788
844
18715
269145
1
216652
160
110076
486909
392968
1259783
117990
521946
110853
5931
121337
1059554
777718
131401
143828
1889693
1347266
299738
25629
20156
116
16848599
584
6297819
164
315
0
25629
2413
2743
3251
22599
412
415
22
492
7089
0
13653
10
8480
23465
6936
30684
24764
79389
3850
7435
32892
6985
373
7646
66770
49010
8280
9063
119084
84902
18888
15395
1615
1270
24
583324
7
1061764
1402928
36
396875
10
19
0
1615
3353732
6181600
14835720
3710249
4227554
2721800
1649322
1173405
930736
589731
165384
19927
10424626
404723
326639
955672
701468
270351
782359
273668
75039
154435
133313
27441
1274
2356569
61
10424626
62670
62670
53578
43241
126514
92861
35789
103570
36228
9933
20444
13356
17648
1597
2838
3632
168
162955
311967
8
88252
575019
1380035
288192
43687
90405
49305
0
2337
108573
288192
49388
510459
696142
685786
1
1419150
5
773977
534187
3
36695
1704348
1300367
1022670
750645
493482
398273
26
26
289304
16
4523930
4547
9410
5132
0
243
11301
29997
