5526
10377
237649027
237649027
3824
8883
152984506
152984506
2715
8195
53771559
1776
6688
34620111
1670
3928
1512286
1872
5878
1666099
1666099
40269
45120
250082913
250082913
23246
30181
160983620
160983620
1780
5076
1283987
1283987
23305
48855
56701374
13028
30999
36499864
1670
3813
1252894
41065
44207
237649027
237649027
23249
27472
152984506
152984506
26688
54125
53771559
14919
33180
34620111
1785
3924
1512282
3738
5877
1666098
1666098
388323
391172
250082913
250082913
217477
240464
160983620
160983620
2824
5074
1283986
1283986
229266
455453
56701374
128169
279206
36499864
1671
3810
1252891
48192
411996884
411996884
28100
30184
265211041
265211041
80465
93412178
44983
49327
60131379
6636
1946321
8589
1994632
1994632
394784
411996884
411996884
222328
243176
265211041
265211041
7675
7786
1283986
1283986
657765
93412178
367717
403229
60131379
6522
6522
1252891
3860996
411996884
411996884
2158452
2366902
265211041
265211041
6530350
93412178
3650729
4003294
60131379
9237593
317459
9237593
5946433
177473
194612
5946433
6547234
3660168
4214593
4013645
41615
1946320
20775
1994630
1994630
3860994
411996884
411996884
2158450
2366901
265211041
265211041
11614
12736
1283985
1283985
6530350
93412178
3650728
4003293
60131379
23264
25511
1252887
49040
1381
49040
9237593
317458
9237593
5946433
177471
194611
5946433
31568
772
847
31568
6547234
3660166
4214591
4013644
202025
232627
221535
5696809340
3753474714
5701707833
275123258
92042848
3338593095
17935016
17983713
324778
804745
10530230
3880621
3949572
739507104
193977346
746044326
109839156905
37837677935
110284571279
2566117355
858486690
64576319750
10542228
2493795
436840769
511861277
517932316
1910278
4767185
303271459
16243
39666
2312643
273214
282558
387583
705254
3583708
758219
1526836
2922194
573472
934294
1149281
859748
9385158166
6183628721
9393228143
453249378
151635177
5500135667
29546884
29627108
339825
842031
17347935
639622846
668798920
639622846
409993112
254342586
162050317
254807258
194904209
196270881
10389826
3226287
149200516
194904209
120319736
9550410
17378109
7871360
12447928
23651954
9550410
10653284
4588718
7630940
14499333
926061
930486
3108740
5656724
5382272
7718793
7212951
46730
63411
544839
3108740
3467735
3140065
4731843
4967080
4421747
20794381
13575393
39712194
437875
227728
1073484
19564985
13127640
10853585
648359
435033
359674
6393095
6506688
1218294439
319566263
1229064127
180953547625
62335347877
181687341596
4227527342
1414306305
106385686858
17367701
4108380
719669461
843261335
853263013
3147070
7853658
499621883
16242
39665
3809943
43475482
9223621
44099180
7889030
7669275
26024889
24778975
4953289233
5174013365
4953289233
3171820081
26024889
15190229
5975736148
1683632788
6030081129
1509822670
1518919166
96906257
30091694
3530869664
1509822670
931141451
423610
103477
25821950
7889030
4701487
1162298
2114939
3636087
1631583
8914147
125564931
228480347
172675256
136348378
329767599
125564931
140065072
105854934
79486175
202157091
1162298
1296519
2229026
951154
5464630
34465495
35046654
41005707
74614768
109011112
99614
193008
20521310
41005707
45741014
75040016
66826969
63549537
775
1339
165450
387583
432341
2467168
2196917
2089172
3352064
6634538
343593
1766998
4270791
200304
8219450312
5415575116
8226517937
396952366
132800937
4816977085
25876937
25947197
490307
1214898
15193190
5599024
5698508
1066973026
279873708
1076405037
158477744036
54592824705
159120395228
3702436370
1238638731
93171777355
15210501
3598088
630281054
738521879
747281273
2756180
6878174
437565054
16242
39664
3336719
600296784
4038847269
2416869758
367999319
4038847269
2416869758
5923481288
3835663577
2140380294
5931171836
10673812140
173090774
1242579208
730002013
223868242
66400777
142960296
3511031814
5678200047
106109659
1242579208
730002013
2197023
48294744
1346838
48294744
20093254
8653527
20161914
41586333
672077
15357102
43841996
72227109
275378
769621
320044
11805660
22122885
412002
15357102
22105971
24394461
25294204
43841996
72227109
463578
36547
4457855
504953
956811
4561738
29007
1410510
3352064
6634538
343591
48312651
80274241
94069466
847374963
204421302
112863875
181620408
856807547
1208201956
7114619
44108215
23306490
24306187
150496025
80382098
5943525970
31250951882
18684902215
3643553601
31250951882
18684902215
14900396
150496025
80382098
130890876363
41873577133
19260921190
131719697296
1644878013
9616256142
5644580043
2088071008
619322248
1277820621
77127500169
70071571580
1008357873
9616256142
5644580043
2210622
7605436
1799057
4451243
99345705
501697358
525247847
455692573
740662800
4361468
44108215
23306490
95823
4279024
21476454
567965393
13165688
567965393
58742
4279024
636080216
81920145
644857969
6567619
183712199
1882525838
3101350543
1709074
4357376
2862254
377591842
343048247
4026141
183712199
913394871
1047470661
1086104587
1882525838
3101350543
41231
269071
18945
36547
8121
24364
40355
554398
577917
2671092
2796477
2400759
4561738
17782
1410510
1766998
4270791
200301
11568390
24174525
26292658
48312651
80274241
10930011
343591
7035877
5735354
200301
394198
407680
559211
5212164
1093971
2202944
4216190
827415
1348015
1658202
1240459
13541060724
8921841330
13552704221
653955665
218781730
7935686298
42630731
42746480
490305
1214897
25029887
922858374
530305541
922858374
325092659
366969671
233808866
367640107
281211001
155627548
14990613
4654941
215268961
281211001
95404195
13779489
11356928
17960075
34125429
8447226
13779489
6620678
11010046
20919877
1336136
1342521
4485342
7765630
11136802
10406964
46727
63409
786103
2749644
4485342
4530538
6827182
7166584
6379770
30002476
19586801
57297407
631773
328570
1548840
28228682
18940775
15659731
935463
627673
518944
9224063
9387957
1757775276
461075466
1773313958
261082757832
89938466240
262141487855
6099546054
2040584423
153495020591
25058405
5927639
1038350948
1216671338
1231101925
4540645
11331387
720862679
16240
39663
5497049
62727141
13307993
63627022
11382423
6081138
37549139
19647800
7146687259
4102590292
7146687259
2515006699
37549139
12044671
8621890502
2429173107
8700300336
2178397007
1204384794
139817944
43416791
5094396885
2178397007
738322769
611192
144576
37256335
11382423
3727914
1676982
5246206
2354075
12861479
181167150
249138703
196725684
475794122
111060711
181167150
152729242
114683962
291675580
1028039
1676982
3216076
1372340
7884459
49727384
50565889
59163710
157283028
105947
278475
29608484
36269068
59163710
108268972
96419052
91690319
773
1339
238714
342813
559211
3587899
3195207
3038503
995737
2144138
4713089
981488
1641910
2011568
1512634
7865080912
26298602120
15737236866
4821522446
26298602120
15737236866
9758586861
6319030038
9771256585
17584477411
19333434528
2374815961
8090946259
4753344509
368809756
109391374
5784218311
9354500450
1408726343
1455830981
8090946259
4753344509
65334537
314467022
40051964
314467022
33102454
33215567
68511037
78164805
20264461
99996432
72227109
275376
769619
19449131
36446151
3155453
12422701
99996432
36418286
40188440
41670713
72227109
227966548
725713977
422589711
107434840
227966548
725713977
259059735
422589711
277503905
175535807
278146226
512949758
572607291
68266397
222785944
126311996
10872853
3046879
162866477
272876391
34779255
25334840
68266397
222785944
77432913
126311996
9712744
11022269
9215439
16509392
34803322
377997
9712744
6772054
11022269
5372268
10120735
21335445
1028752
1035128
2286023
2599625
3149848
3558510
3010629
3010629
8090937
11800822
10903469
45546
55958
606112
1216106
179429
197083
3149848
2208516
3558510
1346965
1674463
1738418
3010629
1847160
1583038
134158
4717712
7235286
7565503
6685182
253857
31965842
17950102
73130839
694014
310963
4749571
38724935
25927277
21294584
5073312
2591596
1747444
3433243
606750
7344054
4553534
7515195
771529
9438833
10930011
343588
80274241
691413298
1396000388
336772066
856049217
1411540016
1990441628
75231202
287213311
151762162
282112151
979964195
523410327
60689473964
203487850498
121665112889
37204405685
203487850498
121665112889
172942921
979964195
523410327
215635016664
68984254318
217000450380
18324846645
62615590346
36754191180
3439974115
1020296961
127063018036
11542310750
115438790885
11233661855
62615590346
36754191180
16232313
12529509
2963840
468255819
826516876
865314921
40206791
750726700
1220198380
46118906
287213311
151762162
2428673
28408205
506020862
3704216209
310205447
3704216209
1488846
28408205
1047904726
1062365558
157006063
1198338324
3101350543
2392840
7178521
622060340
25853913
565151802
96249265
1198338324
1504764303
1725646277
1789293396
3101350543
41230
1862635
314526
606750
8120
24362
2490766
2691201
4400467
4607032
98203
3955109
7515195
472969
9438833
7035877
5735354
200299
19058242
39860729
43368034
80274241
42918970
106156979
46938144
9550914
47859951
67488303
2120579
8277617
3942996
4304823
321118554
7188028
26403207
6744078
14414436
1821360153
5625186788
3271332944
856007037
1821360153
5625186788
2005421864
3271332944
321118554
2598949
7188028
26403207
3809188
8836467
14414436
6960173804
1973190230
7038375649
545571001
1727425518
978116753
101411459
28418348
4121269105
284957353
3744239117
201860047
545571001
1727425518
599613905
978116753
912475
106156979
305605
72289
26063804
27982488
29339537
1161514
25301273
41351037
755243
2120579
8277617
2227082
2638981
4304823
2078715
422214
1093119
5804287
2279247
40911741
152990312
265442377
180287034
607273961
93787493
2519555
152990312
162723867
105100823
372276530
2078715
238474
670113
12758
1093119
3558196
1328718
25080082
40633218
41481870
50475694
215765477
95713
203781
24289404
721639
22067313
30943062
724451
50475694
84658378
119762286
124483749
148526555
132270488
125783473
112024778
1000276
215765477
3130
169767
21384
41253
999128
439
1319
194501
222701
224782
233155
4325
163083
380333
294666
319817
4342
521700
425603
254721
6120
1915793
10456765
12935490
2189508
6537091
17770308
22203804
16524609
13534568
7168445
5525
36244344
160044
66736
171792
98530
50706
99632
36492
36493
36491
36491
36491
36491
213239
399677
204080
372560
367959
42369
53434
39985
49784
49162
2087059
549468
2087059
1216482
320701
1279237
1980864
901570
293279
901570
2040427
313125
568426
300852
541326
536733
1301129
523345
170663
552689
1174868
1028574
36676
36676
36538
36492
36491
36491
193659
36493
36493
369754
89089
134412
81838
96070
89488
152123
36491
36491
36491
255072
254632
1380946
343522
1495125
36543
36492
36558
598404
182827
647900
36492
36491
36493
36491
36492
36491
36490
36490
36490
36493
36492
36493
36490
36490
36490
384124
687489
300949
541476
536849
184278
350593
134631
220799
193290
121524
231841
89066
133496
116870
6947
8761
5596
6807
6657
178129
36490
36490
336161
327171
78336
47701
78336
521688
115660
60474
115660
18960562
4782727
18960562
11111129
2802501
11639506
98559
49042
99007
39533830
8306931
2563025
8306931
19217602
1630720
2902245
1071137
1671099
1462893
25967769
4883555
1491415
5123671
11065407
9686741
260695
486652
231668
422447
411601
301536
50845
41363
54185
448740
434197
36491
36491
36491
147703
147703
110361
101209
102326
96281
36491
36491
36490
556955
98401
98401
1013447
225844
426877
207776
388123
381534
391919
56864
59235
56864
650718
593661
25262
31859
16599
18354
16064
162675
36490
36490
36490
267628
168161
1374914
345043
1494115
595692
183631
645737
36492
36490
36492
36493
36491
36493
312767
568472
281218
459009
402568
42367
53431
39980
49780
49158
18294841
4792914
18294841
10665231
2808440
11215267
10320004
7919127
63667574
39091052
2568292
7919127
10630319
910880
1621122
598311
933434
846511
6778687
4616564
1617751
37280079
607354
1494486
4854654
6120889
5358720
116407
116407
101838
98278
99111
82676
227840
82248
378748
82248
433764
89742
134407
81833
96065
89482
152841
53104
22195
41706
226474
53375
53104
255068
254629
11894780
2999370
12843460
99205
49286
99967
5226957
1596253
5651266
53075
41622
57212
102413
104887
98849
36491
36491
36490
61535
66629
61535
36490
36490
36490
2100980
3739968
1380287
2153008
1884755
205915
383454
135257
220794
193286
121767
231836
89495
133494
116862
6945
8759
5595
6806
6657
247679
36492
409286
36492
464793
1328689
453141
15440050
2102676
123027
453141
703533
1019384
211453
1019384
167120440
42072272
167120440
97425175
24526613
102449671
594264
132305
624912
205965298
73237052
1648986317
395355704
22398643
73237052
100120814
8495809
15120261
5580466
8706177
7621453
135288164
42694554
15088823
965551812
3569246
13057599
44896434
57649107
50466464
362130
655447
332960
591241
580396
872748
264164
90349
9040807
37542
99665
277788
617537
602993
36492
36492
36492
1219755
1219755
945304
711073
747745
551078
36492
36493
36492
2904707
557152
12309045
557152
5285461
327360
595672
298345
525654
460162
1907955
338720
22193
63001
7207471
345576
338720
3043344
2622139
25261
31858
16595
18348
16061
162689
36492
76
221
241081
36491
36492
267627
168158
1579926
416265
1778120
693199
221579
765505
56611
56611
56611
56612
56613
56612
220387
399673
207503
372555
367954
42367
53431
39980
49780
49158
19422602
5380071
19422602
11322674
3166670
11906617
8319021
8407290
2895930
8407290
8569168
734266
1306797
482302
752447
677713
5464343
4901146
1685486
5153912
4934088
4319698
130352
130352
105018
100045
101147
96537
197736
96372
96372
369749
89742
134407
81833
96065
89482
152841
73223
73494
73223
255068
254629
13697396
3462879
14956529
101282
69406
102125
6014998
1843368
6576341
73194
61742
77333
126480
137867
102846
56610
56611
56610
83425
93558
83425
36878
38780
36878
1517932
2702299
997312
1555523
1361712
186621
350591
135257
220794
193286
121767
231836
89495
133494
116862
6945
8759
5595
6806
6657
184742
56613
56613
336160
1071065
483444
136972
483444
534735
1087447
225457
1087447
177961139
44716788
177961139
103744911
26068270
109095334
633942
146249
666636
166029950
77994419
23813012
77994419
80708032
6848527
12188540
4498450
7018105
6143702
109056659
45467927
13882125
47812838
46471316
40681341
269364
486649
240195
422443
411598
703528
281831
102076
296365
448738
434195
56612
56612
56611
1622982
1622982
1257803
946140
994935
733253
56610
56612
56613
2339043
738752
738752
4256169
234595
426873
217342
388120
381530
1536399
430970
452974
430970
2450682
2113723
25261
31858
16595
18348
16061
162689
36879
38781
36879
267627
168158
89018
89018
178037
13218167
3583648
14876327
5799526
1907237
6404462
102180
103958
100063
98631
99002
98631
819270
184653
881301
352616
129127
402684
96122
91309
118078
118078
96606
95390
93750
91402
118078
108098
108098
94232
93750
447966
797275
294246
459007
402565
42363
53426
39977
49776
49152
98540
127151
79181
91898
86045
25866
32622
16990
18786
16443
162495709
45526137
162495709
94729124
26540092
99614577
104888582
64400208
43340850
70338088
24231526
70338088
44644077
3825417
6808216
2512722
3920139
3431720
2665150
61416737
630438
28468408
41004562
14126103
43119285
25705856
22504979
995442
995442
771462
589157
619541
449734
396267
238382
442245
442245
433764
97643
134399
81831
96060
89478
22194
41705
236962
159908
257813
271109
257813
255067
254628
9418082
6735076
2298086
9418082
6404780
5490401
6735076
1339701
5773557
3929661
2977442
1644532
1888236
4141096
2007938
1261303
4141096
2003439
1858678
498131
886540
330121
521146
461629
96117
1743419
53833
1240286
2499308
2007938
736915
2542606
1153571
1009845
1142443
104016
197224
99568
119563
225303
104016
100309
358872
99519
197224
99083
118078
150260
99559
99325
238756
36268
36268
99330
103860
99330
118078
108098
99330
45740
187620
44646
56306
41417
51281
50477
439
1308
36268
36268
98640
103860
98640
118078
108098
108098
98689
98640
45740
45740
187621
166005588
41709387
204748863
1014595
287220
1251387
72750993
22211483
89730010
451070
235502
556343
1531151
1888500
1186634
79664
83769
61740
697372
860129
697372
36879
38780
36879
10388655
2122119
12813216
204857
63753
265324
4656794
1166047
5743622
129548
30208
135716
322587
220885
535274
358015
433084
311628
52833
14093
116807
89020
89020
70402
404425
266985
212174
252000
321243
252000
89020
82814
78753
78753
82814
78753
9060719
16125648
5951527
9285074
8128224
215454
383450
141521
220789
193280
127406
231831
96591
133488
116856
6941
8754
5592
6799
6651
1179853
2099822
774985
1209067
1058427
39924
49247
26225
28358
24824
25857
32610
16985
18777
16439
4856
6124
3193
3528
3091
254786
63254
423529
63254
464792
5580088
4045900
25436574
3464035
1005038
4045900
2058193
9100477
1879778
9100477
1488997554
374114969
1488997554
868031748
218095503
912798636
5305249
1095842
5578856
864991023
652544600
2716607925
651325258
199227292
652544600
420476685
35679793
63500457
23436248
36563273
32007765
568168759
380409913
24857949
1590689794
5880122
116142309
400028744
242108554
211943657
848427
1509974
557289
869436
761111
3665277
2358613
102315
14894199
37541
585900
2480254
1185098
1037444
101357
101357
97885
13733761
13733761
10643592
8006286
8419193
6204829
79659
83767
61736
12198880
6255129
20278428
6255129
22197316
501708
912917
329546
525653
460161
8012826
3646514
22192
63001
11873884
3834575
3646514
12781113
11012182
25253
31848
16589
18338
16054
167443
36875
73
218
247998
38776
36875
267625
168156
89262
230169
295816
1807427
98771
51814
230169
46641
65346
231206
515625
99070
515625
180731
52502198
93181700
19034482
93181700
49822492
52502198
54321562
11096415
57123081
30542631
231206
300591
63749
316093
110795
15672787
41769415
48267750
114686826
18453631
10458939
41769415
14464167
19031286
4646090
8268793
3051781
4761133
4167932
15672787
24350059
31704639
441045
67154028
123353
6097183
25605861
8866953
10958128
9592828
108962
193923
99331
111661
97748
89262
134180
194307
3126
1058326
740
30205
141100
28593
37626
32940
138251
86179
24171
196724
138251
90229
361446
3123722
2283439
1483203
4444886
3123722
2420322
8087999
1821017
1399814
864653
2724844
4444886
1914932
1410960
4958178
89020
52832
14092
120598
196724
89020
70400
221577
1504950
1504950
2738436
99180
128406
66877
73935
64724
435
988525
1306
881212
1035963
922578
877331
1504950
922578
877331
1576779
1269107
1678740
4852
6120
3190
3525
3089
3
88732
6
79100
89020
82812
78751
89020
82812
78751
98095
26557
104438
66735
247864
230914
50704
110725
101478
122785
7499719
12080566
36489
36489
36489
36489
36489
176872
2019963
3227804
316913
317981
295411
291763
300259
42368
39472
39982
38978
792782
3011243
462713
1845705
1755160
1617900
2858023
423148
1300801
306056
62321993
450717
451782
429229
425588
434075
931579
815579
1877290
246235
797428
755091
230504
40206578
38465565
36673
36536
36489
36489
36489
293187
36489
1496746
16768913
106577
76174
81837
70954
202253
230724
201904
36489
36489
917551
10841061
10324169
495640
2157191
1992452
36489
36554
36540
263786
934801
863387
8011861
390840
12893836
36489
36489
36489
236500
3985
248339
36489
36489
36489
36489
36489
36489
36489
36489
2138709
3441914
36489
36489
281616
394373
545125
554220
429348
425679
434215
277993
278336
175077
153264
204195
183832
105851
120752
92665
6944
5396
5593
5276
266550
36489
612640
413658
472048
47697
78335
385780
6492
60472
166876
6900598
27356611
4043495
16793672
16031320
49039
105802
102681
15238064
57040061
3697975
11985378
66529999
1665043
2301255
2352830
1325052
1159960
1545455
8774008
7680832
37466725
2151838
7392516
7046074
42826756
40784816
1206855
385877
388645
334968
326368
346560
355816
344285
435062
41359
54182
50843
248336
236496
3982
36489
36489
213109
159231
135106
125187
96281
36489
36489
36489
803585
100887
17759694
338480
307752
313589
302526
515969
565467
470727
59234
56863
11432287
10887206
25258
14551
16595
12734
212209
242081
133337
36489
36489
394370
375567
3174806
2243187
4457251
365452
236333
365452
8268957
11643643
8268957
7776170
11643643
856222
856222
856222
618697
856222
137538
137156
53665
171673
160070
16967226
65700
64823
43979
77258
74191
7556981
118665
4302332
6927410
36489
36489
36489
36489
36489
354356
36489
36489
36489
36489
168084
181456
2386336
3938225
426721
426732
426747
427332
415462
415228
413313
415236
417839
115993
57470
57470
108069
47589
49409
47761
45981
40913
1947102
486209
2032433
195805318
1071337
1049829
283680
1237864
1177148
114141984
929114
1021343
1163682
1764247
857967
266898
863876
84165367
2304
238946
7155
36251233
36251233
1303901
1304386
1305135
1333620
763489
751059
663976
751490
875987
572482
607974
548839
673980
1246638
476869
467820
155439
529579
503605
55236568
2021
189360
6906
23335679
22359869
23335679
36489
36489
36489
1777158
36489
36489
36489
36489
36489
1628404
420871
278019
36489
1312890
1670
1312890
6521
20240461
338162
278779
259133
172804
192602
175061
83744
154863
420871
160084
182618
162793
15446
129114
36489
36489
36489
36489
767412
1670
806990
6521
13029209
12240209
1184461
1163220
303934
1513089
1371571
209350908
36489
36489
36489
36490
36489
1647629
14905020
9173605
20925819
538772
522468
166573
656118
607196
92745581
4600165
349548
7403246
36489
36489
36489
36489
36489
843980
5660863
3308393
7947536
139328
2664
146304
36489
36489
36489
36489
36489
5022708
36489
36489
36489
36489
36489
317692
963507
801376
993585
36489
36489
36489
36489
2465641
2546634
4101355
34706
33004
31396
30800
266489
963507
535101
993585
284954
582405
2695045
2696049
2697596
2756132
1577825
1552137
1358875
1553028
1810436
314224
314242
314267
315351
293757
293329
289828
293280
297931
422703
289670
289670
422002
279236
281249
279527
277581
120876
89879
20059
20059
61871
11552
13177
11747
10159
5639
420871
266549
36489
1644661
963507
603256
1670
993584
1469815
3809
1469815
344952
354271
368730
436426
53067
42295
53510
4841597
12507788
1689
1501171
1506493
17560239
38511063
2085
227274
4339
227274
102257
47344
109047
10987305
33834808
1636756
1864832
47502188
102770691
17877179
4232918
19094698
1891832665
9935908
9748534
2479161
11705603
11189274
1102732185
61085
60112
41556
69939
69853
6403781
33834808
1396579
1505947
32477227
47502188
62678888
8795116
9672526
11026117
41985397
8168798
2332670
8398845
833145594
8084
12935
38199492
1295660
38199492
12161529
12166055
12173038
12438722
7121093
7005159
6132369
7009180
8170366
5150019
5569492
4875638
6348976
27578079
4529936
4443977
1355897
5188871
4955837
485582808
5252
10450
24589814
23417395
794279
24589814
447801
447821
447844
448967
427525
427102
423621
427049
431689
311555
315922
309411
323925
411695
38352
38171
37710
41984
38891
2888436
12507788
1164
1175455
1221834
12519225
17560239
23162116
1279
146301
139326
2660
146301
36489
36489
36489
1644661
963507
782425
343996
1469815
2322775
145117
150428
116535
45345401
80473
78946
106332
87694
67935
26567243
36489
36489
36489
36489
36489
1452164
963507
458144
184548
993584
1469815
1469815
1328071
849111
68666
22619862
4663
12043
21162296
444228
423445
436521
407862
415098
410689
314088
389900
914204
537159
587642
543462
15443
457894
43283
41976
40740
40282
12977413
2607
8493
13622614
12973100
89877
89109
61875
51313
58537
52183
10032
44921
383510
266550
266550
266550
60
118413
34705
33003
31394
30798
1082342
963507
603257
603257
1670
691848
993585
993584
993585
1312813
3810
1469816
1312813
497833
2155734
1983749
264945
931680
859474
122785
7499719
12080566
36489
36489
36489
36489
36489
176871
2019961
3227804
450754
451822
363959
319205
424546
42364
39469
39978
38977
6915296
26396098
4052063
16181573
15387971
8429016
14889872
3705575
11425847
91860624
56401214
306054
62321993
1285423
1314232
740141
671217
863253
4853389
4249048
9780402
2156269
7004375
6660855
2334118
53788313
909608
230502
40206578
38465565
167955
131402
110210
102317
82675
343941
82247
571741
1496743
16768913
106573
76171
81832
70952
202249
230720
201901
53373
53101
22194
41706
341893
917547
10841061
10324169
4327540
18530756
17161985
49284
113750
107406
2303101
8153740
7541539
8011861
390840
12893836
41621
57212
53073
236498
3982
248337
151333
135811
104514
36489
36489
36489
66628
61535
2138707
3441914
36489
36489
281615
394372
2965504
3031329
1707168
1494464
1991501
304049
310863
175072
153261
204193
183828
105850
120748
92662
6942
5393
5591
5274
368545
36489
612639
557847
1917055
177505
653799
385777
22277158
6491
3033776
305088
1470785
60702567
241124123
35387402
147816073
140566647
190891
901633
857414
79388021
297170123
32317132
105667624
66529999
2379184608
1665042
570425719
11989191
12257894
6903321
6043220
8051589
45711259
40015982
195195991
18839719
64777315
61600405
42826756
40784816
21770403
1393114052
1206854
5149766
519718
522487
468808
460209
480401
489658
478127
1259216
117134
400797
381141
248334
236494
132980
13044226
3981
37541
36489
36489
1759883
1363900
1078859
1025948
795104
36489
36489
36489
4190960
803869
17759694
472321
416803
447429
364872
2413135
2752829
2079153
498603
488711
22192
63000
10399058
11432287
10887206
25255
14546
16591
12731
212208
242080
133336
36489
36489
74
218
358728
394369
375566
179762
76172
179762
7170984
5380021
10067663
239215
239215
239215
479739
365450
365450
236332
365450
365450
198355
96741
198355
198355
96741
198355
18732705
26299676
18732705
18631256
26299676
856221
856221
718428
856221
275067
275067
275067
275067
275067
275067
856221
856221
718428
618696
856221
1181332
1159855
305235
1502753
1360096
17488481
537213
520810
167452
650643
602017
7953499
118664
4302332
6927410
36489
36489
36489
36489
36489
354354
36489
36489
36489
36489
168083
181454
2386335
3938225
795754
796050
796507
814026
589246
585806
560072
585925
620184
57469
57469
115990
47584
49406
47757
45977
40911
108066
17022930
4241281
17769207
206069489
4246297
36138661
18350614
9439918
9260789
2484036
10893038
10358805
120131063
2603103
36138661
18350614
4840547
5321047
6062608
9191462
7568350
2337086
7620432
88581560
24447079
8086
59668311
34437333
118451026
238944
10225
36251233
36251233
1240783
10727588
5449556
6793128
6795656
6799557
6947961
3977666
3912908
3425389
3915154
4563763
2834346
3063834
2682104
3490822
6494799
4206592
4126769
1358483
4671546
4442436
58134854
858359
5253
1637070
34938340
460422
63012971
189359
7739
23335679
22359869
23335679
760636
10727588
5449556
111839
115518
92008
1922866
19463
802665
67052
65994
77511
72054
58357
1628402
11962
802665
278015
468076
60187
1312888
467171
467171
178979
146244
5309
467171
467171
1126406
1312888
10847
20240461
6240
310099
467171
278775
338158
172798
192601
175056
83742
154860
259128
160081
182614
162790
15444
129110
445280
41782
40549
39382
38951
767409
467171
467171
178979
32109
2968
246404
262790
272560
467171
14571
36769
276623
596638
806986
6649
13029209
12240209
3858
310099
467171
179759
76169
179759
62082
26659
62082
10332620
10026427
2653482
12918507
11978793
220319361
62691
61238
41771
75242
72859
1749715
33666197
21184957
47265468
4711304
4571037
1451635
5723116
5303597
97049535
4600165
349546
7403246
38675
38410
38003
43941
39444
843979
12786278
7940603
17951223
139324
2662
146301
84882
82121
118854
95951
74295
5283377
426867
426867
426867
36489
36489
36489
36489
36489
317691
1714977
963507
718428
801375
1469815
1469815
47950
44079
41907
41125
2590719
2546633
4101355
148120
148120
148120
34705
33003
31395
30799
266488
1644661
963507
718428
535100
1133785
284953
582404
1133785
15664729
15670559
15679554
16020498
9171364
9022050
7898681
9027229
10523515
448063
448082
448108
449190
427596
427169
423667
427120
431773
198350
96736
198350
198350
96736
198350
423509
423509
445826
358764
409178
364837
314842
120873
437137
20055
20055
89874
68363
33312
68363
11549
13175
11745
10156
5637
61868
68363
33312
68363
420867
400390
36486
1644659
963504
2908
718425
603253
139301
31043
1668
325367
3807
104903
1469813
2189
155318
2609129
478794
488114
502571
1322075
420279
122360
436134
5051638
28197408
1541990
1874
4563404
2083
1717532
2237994
2552286
227274
26897454
4337
1881118
227274
40511801
54735
393206
259013
868479
170735
938027
11453872
76344497
3569177
4212126
107675194
182480
1294253
578555
157428498
37213001
168153835
1976168349
42006894
280867272
142427174
87300608
85655446
21693834
103083172
98027607
1152034711
25751443
280867272
142427174
481607
472469
113465
575038
546836
6677193
76344497
1914769
2466379
66008013
76270114
107675194
111967
1294253
578555
45831148
50403812
57457732
218817876
71957487
20428206
74051433
870491902
219952143
65888
68027
38199492
2086770660
1295659
384930294
38199492
12260386
83459491
42340855
63359733
63383316
63419697
64803867
37099826
36495823
31948719
36516772
42566375
26836092
29022285
25406327
33084122
143730371
39903400
39146204
11908905
45395674
43169309
507465311
7675864
37567
43173
24589814
23417395
9936281
1221893215
1110109593
794277
2574903
24589814
7515972
83459491
42340855
1172318
1173357
1174031
1199655
688645
684002
647988
684170
787992
445397
449765
443253
457768
868404
234616
230310
84805
267853
255003
2944922
28197408
64824
1163
2462646
1278
110435
1651685
1698064
146301
139325
79370
15561802
16402621
13096245
2658
18773
146301
24411935
28696129
40511801
33554
393206
259013
36489
36489
36489
1722851
2718021
1643601
1225747
782424
343995
2472366
2191
265660
1238310
1283629
994418
47389585
190197
12468095
686694
673663
786902
748309
579709
27626415
116596
12468095
426862
426862
426862
426862
426862
426862
36489
36489
36489
36489
36489
1452163
2718021
1643601
1225747
458143
184546
1531574
1751815
2472366
2191
265660
4903776
4684258
583975
23264986
15055886
12054860
3880097
1225307
45920
92106
21162296
60426
4178470
34863638
671498
648838
592090
541702
562147
544530
447932
523740
3375614
2697568
3076851
2743233
15442
2050543
357993
340436
323838
317693
13562646
15055886
12054860
3880097
46920
25671
56463
9147490
11768852
12209376
14567
36766
12391427
13622614
12973100
11112688
21162296
37043
4178470
34863638
89873
89105
148118
148118
148118
61870
51308
58532
52178
10031
44916
148118
148118
148118
383509
305182
348142
310348
59
118412
34704
33002
31393
30797
1082341
1644661
963507
2911
2911
718428
603256
603256
139303
592
1670
269138
325370
3809
254
97453
246459
878844
1036164
49
691847
135
1102109
1469815
1312812
645986
1469815
1469815
2191
155320
2609129
600594
2565501
2279543
319698
1104483
1000159
122785
13199069
21241837
56609
56609
56609
56609
56609
176871
3523394
5670352
316910
317978
295407
291759
300257
42364
39469
39978
38977
7762456
28023250
4568924
17179064
16336541
6794684
12002821
4178295
12130177
306054
109604258
1036188
1059411
596632
537373
695873
3912348
3425185
7884045
2431848
7436150
7071455
230502
70554561
67190585
188075
151522
130330
122437
102795
293182
102367
1496743
29258051
106573
76171
81832
70952
202249
230720
201901
73493
73221
917547
18834021
17936032
4996299
21579526
19762828
69404
133870
127526
13199069
390840
2659643
9488453
8678538
21241837
236498
3982
61741
77332
73193
248337
198917
182488
140260
56609
56609
56609
3523394
93557
83424
5670352
281615
38779
36877
394372
2142713
2190098
1233409
1079732
1438939
277991
278332
175072
153261
204193
183828
105850
120748
92662
6942
5393
5591
5274
266549
56609
612639
424003
1545350
197625
697522
385777
6491
325294
1568987
64518118
256765262
37611730
157404544
149684866
211011
961834
914663
63995194
239550746
34357807
112531632
109604258
1968674
9664564
9881167
5564812
4871478
6490438
36848140
32257140
157348743
20029359
68985150
65601873
70554561
67190585
1206854
385874
388643
334964
326365
346557
355814
344283
1015062
137254
427601
406630
248334
236494
3981
56609
56609
2341666
1814779
1435509
1365106
1057950
56609
56609
56609
3374811
1065883
29258051
338477
307749
313585
302523
1943200
2216742
1676018
653558
621811
18834021
17936032
25255
14546
16591
12731
212208
242080
133336
38778
36876
394369
375566
3924030
7343060
236332
365450
19182217
13589095
19182217
280162
856221
280162
246153
250738
618696
856221
243549
280162
1378829
1329365
368444
1700048
1540470
26207283
627543
604984
202138
743865
680487
11918679
118664
7578502
12196413
56609
56609
56609
56609
56609
354354
56609
56609
56609
56609
168083
181454
4195430
6756742
641462
641701
642069
656192
455402
451962
426228
452081
486340
115990
57469
57469
108066
47584
49406
47757
45977
40911
18072286
4775327
18864565
308804475
10021829
9831657
2802760
11564525
10997359
180021846
3901996
4289330
4887107
7409297
8034891
2636885
8090183
132743485
238944
12937
62931415
62931415
5475984
5478022
5481167
5600796
3206422
3154220
2761228
3156030
3678879
2284785
2469777
2162061
2813974
5235499
4465902
4381158
1524979
4959517
4716284
87117716
189359
10104
10451
40510273
38578781
40510273
131959
135638
112128
2793316
87172
86114
97631
92174
78477
1628402
534688
278015
80307
1312888
1312888
15481
34863638
338158
278775
259128
172798
192601
175056
83742
154860
462189
160081
182614
162790
15444
129110
61902
60669
59502
59071
767409
806986
8940
9741
22442455
21372420
11784378
11389284
3065639
15044383
13799755
330158555
15451691
34474055
82811
81358
61891
95362
92979
1913600
7578502
349546
5374122
5193229
1669494
6658386
6104618
145433130
12196413
5791645
13093099
139324
2662
58795
58530
58123
64061
59564
843979
146301
119059
115038
150696
136450
104636
7917380
801375
993584
50122
49170
56609
54620
42332
317691
4195429
69732
64199
62027
61245
3882311
6756742
535100
993584
284953
34705
33003
31395
30799
266488
582404
11318365
11322578
11329077
11574909
6626383
6518503
5706862
6522244
7603278
314219
314238
314264
315346
293752
293325
289823
293276
297929
512438
289665
289665
503749
279232
281247
279522
277577
120873
89874
20055
20055
61868
11549
13175
11745
10156
5637
487481
266547
12
655
39668
280159
993582
2609129
6519
56607
2609129
344950
354270
368727
1064224
1119
21420
417478
1632328
1861563
28929461
67371414
2083
449108
142480
466087
7570109
227274
4337
227274
2603254
3072202
78257060
177388547
927598
190855
1001927
17164147
167799374
39592050
179244824
2961377893
93051688
91287898
23080734
109882270
104493253
1726376260
1396577
1798905
55432427
78257060
108744318
514391
504630
133585
614210
584087
10006077
36936791
40621642
46306309
176325779
70739
76710250
21739415
78949143
1304471593
62931415
1295659
62931415
51074688
51093698
51123025
52238814
29906408
29419518
25754068
29436404
34313029
21628500
23390157
20476186
26663751
115819466
42418
45885
42539004
41731795
12673293
48398112
46024496
760459783
40510273
38578781
794277
40510273
945013
945851
946394
967049
554801
550158
514144
550326
635205
311553
315921
309409
323924
700026
595
12487
269698
1175454
1221833
20492058
28929461
40466366
1163
1278
254736
250430
104925
287973
275123
4413100
146301
139325
2658
146301
280162
782424
343995
1694882
4073078
56609
56609
56609
2490996
1691222
1753117
1358054
71015442
937852
920056
1074711
1022003
791696
41399435
280162
280162
280162
280162
458143
184546
1200544
1694882
2496915
50120
49170
56609
54618
42330
1452163
5416798
3566008
123733
815887
34863638
738110
514994
658702
407858
428303
410686
314088
389896
3728763
2054155
2342330
2088929
15442
1651776
69458
76103
500162
475632
452443
443857
22442455
21372420
20324240
89873
89105
61870
51308
58532
52178
10031
44916
383509
266549
266549
266549
59
118412
15
657
39670
280162
280162
232369
280162
691847
993584
993584
993584
1312812
3646
3998
34704
33002
31393
30797
1509163
1312812
1082341
645986
5170547
21463810
19071389
2751793
9240463
8367651
122783
13199069
21241837
149471
133718
115838
110840
110840
176868
3523394
5670352
266420
1271556
1182056
186306
580999
508761
23894
421675
723227
110840
110840
110840
110840
170365
170365
110840
110840
110840
110840
170365
155967
155967
385213
686300
632177
646334
363957
319203
424544
42361
39467
39975
38973
100821
102307
72867
68226
79179
25862
14892
16987
13036
65685860
234451484
38292481
143725552
136676740
151334973
92917681
35399282
62532893
34961644
101484951
306052
109604258
5398386
5519375
3108366
2721087
3625397
3845323
88613080
909607
20382745
17844698
41074687
20381375
62213215
59162058
230500
70554561
67190585
1436240
1113079
893885
850045
648884
571740
343941
638079
1496742
29258051
106567
76166
81829
70948
22192
41703
341893
202248
230718
201900
391161
371977
917546
18834021
17936032
3315717
13588564
9717478
5078492
1932943
8330183
7921641
9717478
3115915
4295902
2372758
1588572
2724378
1819829
5974842
2897087
1473787
38973
2488453
702957
718712
413228
366036
476304
99363
2515434
53832
914692
800728
1789506
1063233
3668513
3606043
2897087
905868
23893
1601871
1525494
149978
116215
284558
110840
172508
325070
110840
110840
110840
189315
284558
110840
170365
216798
36268
36268
110840
148768
110840
110840
170365
155967
2171368
44644
40660
41415
40023
437
1307
36268
36268
36268
36268
110840
110840
148768
148768
110840
110840
170365
155967
155967
1397756
1331112
60178990
295415032
239515596
414406
1805521
1463874
13199069
390838
32047093
129463936
104966330
21241837
236497
3980
339786
802701
650811
248335
2724759
2209170
1712095
83767
79660
61736
3523394
1241008
1006180
5670352
281612
38777
36876
394371
3061828
18487119
14988923
63751
390518
295571
421674
23892
1682393
8286993
6718900
723225
3875
63
30207
203585
193601
4068
465434
318697
772302
624862
516551
449623
52832
14092
175698
123475
117419
70401
583512
385211
306129
385211
463495
363590
686298
92990
82813
78752
82813
82813
78752
86959
12786385
13072955
7362342
6445050
8586961
304046
310861
175068
153256
204188
183824
105845
120744
92657
6937
5388
5587
5269
1664995
1702311
958696
839250
1118162
39048
39923
22483
19682
26223
25855
14887
16983
13032
4851
2794
3188
2446
368544
63252
612638
1631987
8051042
1450085
5837492
385775
36700308
6489
4997967
2712174
13130318
539779238
2148350187
314671783
1317000901
1252410498
1581099
8049265
7654501
333405317
1248023290
287448417
941502093
109604258
3919566642
1968672
939742806
50350925
51479393
28991832
25379669
33814204
191973258
168054840
819763240
167572036
577168058
548861686
70554561
67190585
35865458
2295073425
1206853
8483937
1197292
1224125
689395
603501
804066
939690
822612
5288322
845347
3578551
3403046
248331
236491
132978
21489595
3978
37539
136642
105896
19815297
15356751
12147351
11551602
8952430
83765
79657
61734
17600746
9025003
29258051
723872
416802
475475
364872
10134429
11561038
8731804
5532588
5261250
22190
62999
17131836
18834021
17936032
25252
14540
16587
12728
212206
242078
133333
38775
36874
72
216
358725
394367
375564
89258
36981
51812
332091
426809
6317
2615941
98
109231
333588
143304
109350
743953
75751036
39505362
27463265
134444091
75751036
24217931
16010090
82418122
78376045
333588
87850
63747
456064
433697
22612956
11468959
15090330
60265599
69641505
2488452
165472041
38972
26625203
6556510
6703455
3775208
3304846
4403160
22612956
7030804
8688943
7606366
8797117
36944558
35132666
45743975
1601869
1525493
636347
96890937
23890
177977
153766
157212
88537
77506
103264
89258
22670
29833
26116
30204
203581
193597
280349
4066
3872
3125
1531745
60
739
201412
120758
86176
24167
286599
4506958
3492081
3294584
2139990
6413155
2762895
2627393
2035757
2019675
1247536
3931449
6413155
123471
117416
70397
52828
14088
175693
286599
2171367
101816
58625
66877
51320
1250263
435
1426260
1306
1271427
1006303
1494704
1397754
1331110
1265828
2171367
4849
2792
3185
2444
77781
1
88731
3
79098
21055
92989
86957
82811
78750
135086
135962
83147
1850
125686
74886
1084
179760
76168
179760
25815
10771
25815
8863268
16585882
239208
239208
236329
365448
365448
479737
994626
1880316
62677
62677
236070
236070
236070
236070
198351
96738
198351
96738
26826
11192
26826
11192
43327168
30693898
43327168
317011
856219
317011
275063
275063
246150
250735
618694
856219
243546
317011
4402011
3118143
4402011
236068
121694
73743
890
236068
236068
991502
626835
17408
638250
365533
9260
62673
62673
236070
236070
121698
73745
894
236070
236070
236070
236070
11535730
11121900
3169016
14223148
12888071
26207283
5250233
5061491
1739383
6223418
5693173
11918679
118662
7578502
12196413
110840
110840
112342
111205
110840
354352
110840
110840
110840
110840
168079
181450
4195430
6756742
341807
779858
624528
652630
628374
191387
833652
779858
185895
336365
269219
292409
281346
147364
392901
336365
14996
350789
648710
72532
110840
110840
110840
110840
110840
110840
110840
110840
170365
170365
72532
110840
110840
110840
110840
110840
110840
110840
110840
170365
155967
155967
530795
876763
3341924
3343168
3345087
3418662
1956678
1924353
1684287
1925457
2245214
57466
57466
115985
47580
49403
47754
45973
40908
108061
211120
211198
211319
219217
132118
130464
118013
130522
147312
37077
37077
37055
37055
94279
37077
37077
36504
36606
36512
34548
8100
93827
151198533
40256480
157826998
308804475
60346813
235313748
119488430
83845835
82254799
23468072
96752522
92007434
180021846
36994344
235313748
119488430
98300031
56733481
20328812
22346767
25461094
38601322
195141096
220823375
67222473
22090269
67685069
132743485
19509963
69851761
35484313
238942
643745
62931415
62931415
28529054
28539672
28556054
29179305
16704977
16433013
14385583
16442445
19166407
1754963
57558860
460420
11903386
12867166
11264014
14660381
27276162
103810163
8462095
37363170
36654176
12878749
41492908
39457948
87117716
11960173
69851761
35484313
189357
359881
394635
40510273
38578781
40510273
925031
958885
742451
2793316
586634
5226486
512968
503234
587824
558995
432822
1628402
400065
5226486
467171
467171
278014
1126406
1312887
458531
1312887
262006
1720076
1312887
671425
1245971
34863638
278771
338153
172795
192596
175052
83740
154855
259124
246403
262789
272559
467171
14568
36767
276623
160079
182613
162789
15441
129109
596637
123085
281092
267307
254274
249449
767408
203835
1720076
806985
462189
696548
763818
22442455
21372420
1282878
5086933
8705681
8318357
1899104
8705681
8705681
5885000
2852968
526794
1282878
2706121
5075097
4612872
4525340
1107728
5336835
5075097
4631204
5885000
1750162
2852968
3110235
1443051
876124
963244
1097741
1705477
6782818
7875517
427011
2739588
3902181
3866818
1106080
3902181
3902181
1821529
926329
24460
43915
1430710
5510006
1302784
24460
1302784
1802403
1803074
1804109
1843485
1055384
1038202
908849
1038797
1210891
73347
1821175
45009
513008
554672
485685
632126
1120241
3601261
274114
241602
427011
1457257
2350935
2144310
2103620
646325
2392150
2350935
2075656
1821529
577048
926329
14995
23363
837680
3546906
838630
798645
13675
14995
838630
308289
84793
186685
179197
186685
120323
357084
110840
170365
408353
275432
236572
188396
11844
308289
72532
111167
110840
110840
114443
111167
110840
110840
218903
357084
110840
170365
250332
188396
188396
188396
36264
36264
36264
36264
36264
93466
110838
128210
72529
110838
110838
148766
110838
93466
110838
170362
155964
188394
4523930
56310
56310
56310
113512
56310
56310
46168
48062
46396
30108
44653
106149
36268
36268
36268
36268
36268
273
815
36268
36268
36268
2284
36268
36268
36268
544
36268
93470
3593
3593
128213
72532
110840
110840
110840
110840
110840
110840
148768
148768
110840
93470
110840
170365
155967
155967
2284
188396
188396
188396
2442490
2912149
2773301
179755
76164
179755
62078
26655
62078
25812
10766
25812
12301
5131
12301
124570259
113366330
36930509
206246894
167220156
330158555
34900971
77867077
689064
627089
336289
1153596
935309
1913599
7578502
349544
56948616
51826621
20279586
90843548
73653824
145433130
12196413
13081677
29573584
139323
2661
376523
340029
308276
587931
483244
843977
146299
1288146
1172290
2069621
1678000
1297004
7917380
426862
426862
801372
1787932
50121
49168
57433
54617
42329
317689
1787932
2530282
4195429
965428
782746
622880
566858
3882311
6756742
148116
148116
535098
1133782
284950
34704
33001
31392
30798
266485
582402
1133782
1649104
6234077
4933967
7586546
6904207
1774083
12667223
10270288
94952
91026
4109103
9167763
186114
153259
39566
300703
276428
2783807
350787
14995
3523625
3206708
1035375
5664562
4592695
648709
84189
2388520
6286651
3446
55
155993
143360
26866
181073
172194
3618
449460
318747
476473
297278
1255383
618636
557604
1001236
811779
500434
62672
62672
76645
58546
47861
12767
270929
499376
952228
168511
136000
343086
256325
71831
952228
1380036
811941
530793
425283
233889
530793
616154
488149
364369
318234
876759
29998
29998
451519
270927
198862
76643
499373
952225
270927
349211
256323
168509
135998
564849
952225
1464231
67532153
67557289
67596066
69074864
39542956
38899178
34056857
38921506
45375119
1236074
1236924
1237634
1265372
723774
712215
623836
712624
831158
198346
96733
198346
96733
622931
622931
2511866
358759
409172
364832
314838
120872
1729094
68359
20051
33306
20051
89870
68359
11545
13170
11740
10150
33306
5635
61864
4240490
4242068
4244503
4337142
2482988
2442563
2138238
2443965
2848848
101518
101983
102699
105338
59443
58721
51405
59134
69191
26819
11187
26819
11187
68533
68533
288192
39461
45016
40129
34544
8099
198382
288192
12299
5129
5129
29997
12301
5131
5131
5131
5131
5131
571
20650
29997
23314212
844497
945446
1101183
5552310
16389
2080
3761223
903071
3903475
15250132
623810
358692
3718323
3686964
4204741
2552422
1121682
7570109
227270
44443754
4335
3099031
227270
67371414
7766896
1385175
8389315
1817184
5880009
6939230
8539725
3798034
17164147
177388547
1404113274
331250524
1499891698
465652597
1830581834
928126376
2961377893
778638843
763863596
193107081
919477062
874382640
285458531
1830581834
928126376
1726376260
4307065
4225335
807507
5142893
4890667
1113986
3154470
4063215
8539725
3798034
10006077
108744318
125650524
177388547
192476755
211680539
241306460
919055911
643742
641905288
181899020
660642601
150544305
543942893
275846712
1304471593
62931415
3437831868
1295657
634150008
62931415
266091429
266190470
266343260
272156349
155807880
153271256
134174815
153359232
178765711
112703348
121884687
106698776
138943157
603681244
359878
394633
355963012
349208351
106040553
404993052
385130754
92288020
543942893
275846712
760459783
40510273
38578781
16369438
2012997171
69333855
1828840232
794275
4242001
40510273
4923379
4927742
4930571
5038183
2882848
2837371
2483856
2839000
3309327
12453556
494489
544383
476557
634056
3647031
8719
1163
1275
2085754
2046175
526457
2392943
2275585
110434
382413
209104
2393562
1977959
2462055
2552422
1121682
4413100
146299
139323
79369
25653293
27075097
342880
21575293
2657
18769
146299
40466366
47721533
67371414
90377
93685
72605
21757
1274666
2490995
782420
343992
4073078
14519549
15050933
11633558
4558224
71015442
101051093
8051690
7898903
9226658
8774150
6781944
2794323
41399435
101051093
426861
426861
50118
49167
57431
54615
42326
13338
712589
781407
632803
1274666
1452160
458140
184542
2496914
2885103
4073078
20392379
20116401
1245969
7020894
1444717
34863638
2511866
2490362
1729094
1433939
1635792
1458213
475977
1255281
14037509
11582931
13213444
11779010
15439
8611655
696546
763815
4304011
4092927
3893376
3819496
885653
15069953
19388492
20114229
14566
36765
20414146
22442455
21372420
20324240
164505
18307500
34863638
89870
89101
148115
61864
51304
58526
52172
10030
44912
148115
269135
329266
383506
305180
348139
310346
56
118410
13
3644
3996
34701
32999
31390
30795
251
97451
4796
759
3544
6838
50776
298582
341508
232367
557083
246456
878842
1036162
47
691845
133
1102107
1509161
1312810
1082338
589
645983
1841112
2609129
36916
123749
173992
452160
214658
40796
88935
67863
490514
490514
364602
20885030
10393402
85512947
46384952
22417475
15912754
92119999
92119999
72872859
3993744
10393402
47420463
46520625
46384952
13742561
22417475
9276560
56472228
53702629
49005526
38766531
14479
36916
66388
101880
250741
245983
214658
23042
54520
88935
39562
300699
285952
260941
193959
12803128
14793598
20885030
3113921
43913
8437300
39717097
14397146
7262914
9286865
41194466
10597501
50034547
41194466
1302782
166950557
24458
17122752
1302782
16811077
16817334
16826987
17194245
9843602
9683344
8476872
9688902
11294028
1165131
3113921
23360
4940399
22024772
21606835
14397146
4452377
7262914
5347334
4656117
5413907
25253401
24014885
6101992
6177960
32865157
26517742
21905081
838628
798643
376266
97756671
1651490
87587430
13673
14993
88989
838628
433248
436181
440706
452904
253685
251151
219859
253757
297489
3786
13653
84
62370
80309
23741
155988
153028
79389
16777
20163
32892
26534
18900
26864
181070
172190
31452
31844
249349
190136
157129
128070
3617
3444
5551
2540268
2206
3003712
3319248
7940
2115273
49
53
739
3617
6774620
9633339
14835720
6983593
7281307
6331933
5378069
4757864
4361579
3555952
1819452
423864
10424626
3872691
3799204
4463652
4244738
3836753
4075998
3135220
2531064
2542643
2179902
1060675
225485
6390597
11841
10424626
62670
62670
223224
203851
343083
313967
188426
231944
122490
58543
71828
44824
47859
11745
12366
12763
975
529423
846001
34
286783
977527
1380035
288192
165939
189298
168748
30107
145264
198382
288192
1163086
2417363
2581662
2573590
270
2971540
812
2642330
2442488
541
1014239
3114139
2912148
2773300
2624144
2399386
2289067
3590
3590
2115203
2280
4523930
17272
19703
17564
569
15120
20649
29997
