4853799
4854380
506129421
506129421
3117071
3752387
428298204
428298204
5381720
10924265
93412178
3455684
8444346
79047505
30924
72202
1946320
26133
26133
2496454
2496454
4853799
4854380
506129421
506129421
3117071
3752387
428298204
428298204
16780
20200
2112556
2112556
5381720
10924265
93412178
3455684
8444346
79047505
19856
56641
1647020
4853799
4854380
506129421
506129421
3117071
3752387
428298204
428298204
5381720
10924265
93412178
3455684
8444346
79047505
30924
72202
1946320
26133
26133
2496454
2496454
4853799
4854380
506129421
506129421
3117071
3752387
428298204
428298204
16780
20200
2112556
2112556
5381720
10924265
93412178
3455684
8444346
79047505
19856
56641
1647020
4854380
506129421
506129421
3117071
3752387
428298204
428298204
13876613
93412178
8910383
10726480
79047505
94411
1946320
26133
2496454
2496454
4854380
506129421
506129421
3117071
3752387
428298204
428298204
16780
20200
2112556
2112556
13876613
93412178
8910383
10726480
79047505
60756
73260
1647020
4854382
506129421
506129421
3117073
3752388
428298204
428298204
14097258
93412178
9052064
10897038
79047505
11506149
356988
11506149
9736765
229228
275948
9736765
6547234
4204078
5540418
5060945
99949
1946320
26131
2496453
2496453
4854380
506129421
506129421
3117071
3752386
428298204
428298204
16779
20199
2112556
2112556
14097257
93412178
9052062
10897036
79047505
64178
77259
1647020
60953
1687
60953
11506148
356987
11506148
9736764
229226
275947
9736764
51580
1083
1304
51580
6547234
4204078
5540418
5060945
232046
305807
279342
182602694479
93024222189
182769158149
16828860085
4452690776
129218005606
375248194
375590277
11492741
23645200
265542759
16237555
16543272
2964606340
1036659480
2967308925
391988573752
178207419900
392345917091
16829142207
4452739188
277389015891
61090232
18292811
2097890832
1499393592
1500760464
11492742
23645200
1061039379
40232
87751
11696113
952479
988763
1298480
1785410
5212164
52660653
86717191
152540608
31955167
48687989
55909216
45449302
182602694479
93024222189
182769158149
16828860085
4452690776
129218005606
375248194
375590277
11492741
23645200
265542759
12582496594
10907882288
12582496594
8431682235
4755088994
2422409244
4759423813
3850009678
3229431918
369894245
102068295
3364918125
3850009678
2496913870
94425585
129835180
75253993
112184128
197161990
94425585
100361275
52660653
86717191
152540608
10283743
10293118
29298487
40285420
45596076
62917560
58727742
282456
528971
7277246
29298487
31140221
31955167
48687989
55909216
45449302
209080048
172294518
367784024
5651769
3040683
9941792
149734529
121578183
110062293
4962016
4028949
3647327
16237555
16543272
2964606340
1036659480
2967308925
391988573752
178207419900
392345917091
16829142207
4452739189
277389015891
61090232
18292811
2097890832
1499393592
1500760464
11492741
23645200
1061039379
40233
87751
11696112
140418605
32844051
142009119
22367185
16845771
70600097
55587858
12652472792
10951929404
12652472792
8465730208
70600097
42968849
13997977224
5298838928
14010738015
3873618624
3244292598
369894245
102068295
9905607935
3873618624
2507805231
1514533
446171
100400611
22367185
13021609
3868384
5319028
7311570
4345248
12861479
245848184
338041254
270482270
246215144
475794122
245848184
261302456
209080048
172294518
367784024
3868384
4111555
5651769
3040683
9941792
80569532
80642980
81269913
111746130
157283028
282456
528971
57014680
81269913
86378624
149734529
121578183
110062293
1358
2508
699058
1298480
1380104
4962016
4028949
3647327
18502703
18664199
695259
10776658
15794069
486524
182602694479
93024222189
182769158149
16828860085
4452690776
129218005606
375248194
375590277
11492741
23645201
265542759
16237555
16543273
2964606340
1036659480
2967308925
391988573752
178207419900
392345917091
16829142207
4452739187
277389015891
61090233
18292811
2097890832
1499393592
1500760464
11492742
23645201
1061039379
40231
87751
11696114
104178503193
343339121680
222726422013
80528924995
343339121680
222726422013
128709785480
65569282625
232088647813
128827119473
212606847752
29540554306
107208628334
67989127702
10667598993
3148601167
28237969587
91080922048
130779515987
22834548483
107208628334
67989127702
417259840
2273552587
346549898
2273552587
269462060
592870156
269707706
526245324
133252859
721907935
517785891
517785891
7280953
16988890
50476670
190683659
303852624
103003107
721907935
270592686
332021484
390207868
517785891
517785891
7428829
999507
14191684
4617832
11002847
14516905
637227
16016872
18502703
18664199
695259
80274241
80274241
1669488084
2954815378
786547928
1544258504
2252013299
2971254882
2965440024
139027872
540640352
307823803
461868313
1752688055
1046793608
104178503193
344754584490
223374301210
80528924995
344754584490
223374301210
357019516
1752688055
1046793608
345978213856
141626727179
272604943429
346293613382
29540554306
107699066234
68213593705
10667897098
3148640599
28238138057
244829984055
199948994312
22834548483
107699066234
68213593705
47230650
33179094
9146564
110826111
1384607058
2100680629
2296749850
1715594520
2292255023
107467133
540640352
307823803
1930853
47836001
417259840
4872661003
346549898
4872661003
1520204
47836001
1588692467
789856696
1590140746
133252859
1602502776
3101350543
3101350543
7280953
16988890
50476670
1124231341
918142959
103003107
1602502776
1595358402
1988688817
2145389504
3101350543
3101350543
80167
4490494
588429
999507
24714
57664
192827
6764889
7916638
10263468
11221420
8382022
14516905
557978
16016872
10776658
15794069
486524
30829732
51474505
55530489
80274241
80274241
18664199
695259
15794069
10776658
486524
952478
988763
1298479
5212164
52660653
86717191
152540608
31955167
48687989
55909216
45449302
182602694479
93024222189
182769158149
16828860085
4452690776
129218005606
375248194
375590277
11492741
23645201
265542759
12582496594
7933005300
12582496594
6132132534
4755088994
2422409244
4759423813
3850009678
2348677759
369894246
102068296
3364918125
3850009678
1815937360
94425585
75253993
112184128
197161990
72990018
94425585
52660653
86717191
152540608
10283743
10293118
29298487
45596076
62917560
58727742
282456
528971
7277246
22647433
29298487
31955167
48687989
55909216
45449302
209080048
172294518
367784024
5651769
3040684
9941792
149734529
121578183
110062293
4962016
4028949
3647327
16237554
16543272
2964606340
1036659480
2967308925
391988573752
178207419900
392345917091
16829142207
4452739187
277389015891
61090231
18292809
2097890832
1499393592
1500760464
11492741
23645199
1061039379
40231
87749
11696112
140418605
32844050
142009119
22367185
12251469
70600097
40427533
12652472792
7965039567
12652472792
6156894697
70600097
31250072
13997977224
5298838928
14010738015
3873618624
2359485526
369894244
102068294
9905607935
3873618624
1823858350
1514533
446170
100400611
22367185
9470261
3868384
7311570
4345248
12861479
245848184
270482270
246215144
475794122
190038150
245848184
209080048
172294518
367784024
2990222
3868384
5651769
3040683
9941792
80569532
80642980
81269913
157283028
282455
528970
57014680
62820817
81269913
149734529
121578183
110062293
1358
2506
699056
1003711
1298479
4962016
4028949
3647327
40290195
66051205
116187930
26100706
36915015
42805023
34755891
111999276128
343339121680
222726422013
86574303050
343339121680
222726422013
128709785480
65569282625
128827119473
212606847752
232088647813
34179997095
107208628334
67989127702
10667598993
3148601167
91080922048
130779515987
28237969587
26420790643
107208628334
67989127702
934602189
2273552587
722438000
2273552587
269462060
269707706
526245324
592870156
297614488
721907935
517785891
7280953
16988890
190683659
303852624
50476670
230052977
721907935
270592686
332021484
390207868
517785891
3418157938
9598536253
6032547126
1385096330
3418157938
9598536253
4663966136
6032547126
3503595223
1784854388
3506789159
6085358795
6592057840
1038284714
3021084408
1877580216
256010630
74031139
2479303980
3539312759
721775280
363743665
1038284714
3021084408
1451680177
1877580216
63378803
70346180
57576157
85448994
150309776
4718924
63378803
54376882
70346180
40290195
66051205
116187930
7912852
7920065
16454778
18565007
20450738
22511212
15419862
15419862
36190375
47738031
44944819
206701
425938
5599495
9500944
1419726
1430826
20450738
17400938
22511212
7946053
9887726
11816991
15419862
11940372
8919054
7729987
26100706
36915015
42805023
34755891
22500353
266856741
188271385
469416604
9315332
3089328
31624360
205410225
166784522
150986686
34504866
28016509
23409714
7455658
1188935
14191683
11002846
14516904
1700511
17235135
18664198
695259
80274241
1669488084
2954815378
786547927
2252013299
2971254882
2965440024
152598272
540640352
307823803
547729426
1752688055
1046793608
112001595658
344754584490
223374301210
86576096023
344754584490
223374301210
423389283
1752688055
1046793608
345978213856
141626727179
346293613382
34180804324
107699066234
68213593705
10667897098
3148640599
244829984055
28238662674
199948994312
26421414623
107699066234
68213593705
47230648
33179092
9146564
1384607058
2100680629
2296749850
110826110
1715594520
2292255023
117956914
540640352
307823803
5241160
51149721
943865804
4872661003
729598681
4872661003
4051363
51149721
1588692467
1590140746
300781300
1602502776
3101350543
7280952
16988888
1124231341
50476669
918142959
232500890
1602502776
1595358402
1988688817
2145389504
3101350543
80165
4490493
646771
1188935
24712
57663
6764888
7916637
10263467
11221419
192826
8382021
14516904
1314477
17235135
15794068
10776657
486522
30829731
51474505
55530489
80274241
108025351
163426818
115339947
24481920
117013841
116784840
4513544
16656884
8512516
9121190
494452093
15326640
52912063
13883448
28880476
3437687305
9691817900
6075236591
1385096330
3437687305
9691817900
4696096188
6075236591
494452093
5101566
15326640
52912063
9109885
22324315
28880476
13074548730
4200517644
13086467708
1044926369
3052982444
1892179464
256010629
74031138
9252147762
721775279
7556091005
363743664
1044926369
3052982444
1462635510
1892179464
2127114
163426818
880807
223090
71943709
82728920
90450510
2992480
67563474
90273495
1507857
4513544
16656884
5585648
7050587
9121190
4880370
1022473
2516882
12051040
4414762
40911741
258450826
345226711
269046669
607273961
199779864
4718923
258450826
266856741
188271385
469416604
4880370
670914
1945524
24861
2516882
9315332
3089328
31624360
73755613
75311965
84782929
215765477
206700
425937
53245646
1419724
43484924
65536343
1430825
84782929
110991409
138355979
149257874
205410225
166784522
150986686
124582401
38168515
215765477
5815
460190
46036
84627
2356264
1338
2391
567142
652164
663700
713034
7839
466570
922437
794868
936382
7902
1211378
1208118
687698
15516
4324957
20555395
24558397
4494315
12690211
29299040
34504866
28016509
25193190
13985303
309666
36244344
2184451148
815703475
2442978493
665192826
401175856
734792387
10735584
11858855
6797761
3407291
3763798
3407291
65572885
85742954
57428962
58323296
43665875
892933
1227784
782034
835152
625267
3121660287
1165669988
3121660287
2184451148
815703475
2442978493
756223951
950584787
573294917
950584787
1004446655
65572885
85742954
57428962
58323296
43665875
672758824
665192826
401175856
734792387
683235610
511529402
15341540
15341540
9714248
10735584
11858855
6797761
2884476
4869143
4869143
3966155
892933
1227784
782034
835152
625267
2526234
3407291
3763798
3407291
2697822
2019823
3349328651
820598618
3699771098
23940278
4367376
26445165
1067623782
403916219
1179329956
7587620
2118044
8382151
31158621
34418767
19228558
254743
366025
157206
10258634
11332002
10258634
114502
114502
114502
65572885
85742954
57428962
58323296
43665875
1559254
2038877
1365600
1386866
1038328
892933
1227784
782034
835152
625267
31150
42831
27281
29134
21812
454618
121040
121040
625100
17944599
10842985
3026762
10842985
5843001
34211530
6241139
34211530
4786312684
1172665327
4786312684
3349328651
820598618
3699771098
23940278
4367376
26445165
2171769641
1525673286
577210995
1525673286
1114275070
65572885
85742954
57428962
58323296
43665875
1902043454
1067623782
403916219
1179329956
757942100
567461156
1559254
2038877
1365600
1386866
1038328
15715943
7587620
2118044
8382151
3974473
2975635
364037
364037
224654
44526804
44526804
27478310
31158621
34418767
19228558
254743
366025
157206
21711422
14659963
14659963
29853206
892933
1227784
782034
835152
625267
19014939
10258634
11332002
10258634
20306477
15203189
31150
42831
27281
29134
21812
398156
114502
114502
114502
425199
318342
2184451148
815703475
2442978493
665192826
401175856
734792387
10735584
11858855
6797761
3407291
3763798
3407291
65572885
85742954
57428962
58323296
43665875
892933
1227784
782034
835152
625267
3121660287
1165669988
3121660287
2184451148
815703475
2442978493
756223951
950584787
1878394178
960707955
573294917
950584787
1004446655
65572885
85742954
57428962
58323296
43665875
672758824
665192826
99694499
1363332727
25814571
401175856
734792387
683235610
511529402
15341540
15341540
9714248
10735584
11858855
6797761
2884476
4869143
3732028
4869143
3966155
892933
1227784
782034
835152
625267
2526234
3407291
63000
137472
2748174
3763798
3407291
2697822
2019823
3349328651
820598618
3699771098
23940278
4367376
26445165
1067623782
403916219
1179329956
7587620
2118044
8382151
31158621
34418767
19228558
254743
366025
157206
10258634
11332002
10258634
114502
114502
114502
65572885
85742954
57428962
58323296
43665875
1559254
2038877
1365600
1386866
1038328
892933
1227784
782034
835152
625267
31150
42831
27281
29134
21812
454618
121040
612638
121040
625100
17944599
10842985
51853338
12611893
3026762
10842985
5843001
34211530
6241139
34211530
4786312684
1172665327
4786312684
3349328651
820598618
3699771098
23940278
4367376
26445165
2171769641
1525673286
5537899472
2085599383
577210995
1525673286
1114275070
65572885
85742954
57428962
58323296
43665875
1902043454
1067623782
99694499
3915301314
25814571
403916219
1179329956
757942100
567461156
1559254
2038877
1365600
1386866
1038328
15715943
7587620
399655
36660370
114227
2118044
8382151
3974473
2975635
364037
364037
224654
44526804
44526804
27478310
31158621
34418767
19228558
254743
366025
157206
21711422
14659963
29258051
14659963
29853206
892933
1227784
782034
835152
625267
19014939
10258634
63000
137472
20685475
11332002
10258634
20306477
15203189
31150
42831
27281
29134
21812
398156
114502
218
487
433135
114502
114502
425199
318342
2184451148
815703475
2442978493
665192826
401175856
734792387
10735584
11858855
6797761
3407291
3763798
3407291
65572885
85742954
57428962
58323296
43665875
892933
1227784
782034
835152
625267
3121660287
1165669988
3121660287
2184451148
815703475
2442978493
756223951
950584787
573294917
950584787
1004446655
65572885
85742954
57428962
58323296
43665875
672758824
665192826
401175856
734792387
683235610
511529402
15341540
15341540
9714248
10735584
11858855
6797761
2884476
4869143
4869143
3966155
892933
1227784
782034
835152
625267
2526234
3407291
3763798
3407291
2697822
2019823
3349328651
820598618
3699771098
23997718
4367376
26508615
1067623782
403916219
1179329956
7611469
2118044
8407862
32670875
36089250
20161798
330188
382618
203765
10821559
11953826
10821559
116501
128691
116501
65572885
85742954
57428962
58323296
43665875
1559254
2038877
1365600
1386866
1038328
892933
1227784
782034
835152
625267
31150
42831
27281
29134
21812
454618
157501
157501
625100
17944599
10877066
3026762
10877066
5843001
34293614
6241139
34293614
4786312684
1172665327
4786312684
3349328651
820598618
3699771098
23997718
4367376
26508615
2171769641
1525673286
577210995
1525673286
1114275070
65572885
85742954
57428962
58323296
43665875
1902043454
1067623782
403916219
1179329956
757942100
567461156
1559254
2038877
1365600
1386866
1038328
15715943
7611469
2118044
8407862
3974473
2975635
471850
471850
291187
46687871
46687871
28811945
32670875
36089250
20161798
330188
382618
203765
21711422
15464403
15464403
29853206
892933
1227784
782034
835152
625267
19014939
10821559
11953826
10821559
20306477
15203189
31150
42831
27281
29134
21812
398156
116501
128691
116501
425199
318342
270172
270172
371486
2184451148
815703475
2442978493
665192826
401175856
734792387
10735584
11858855
6797761
3407291
3763798
3407291
118292478
41687946
130669497
36222954
20427348
40012986
496593
260713
598909
832593
548552
377437
155125
155125
263379
296961
241120
171356
155125
65572885
85742954
57428962
58323296
43665875
892933
1227784
782034
835152
625267
6922012
9051207
6062322
6156730
4609462
101816
139997
89170
95227
71295
3121660287
1165669988
3121660287
2184451148
815703475
2442978493
1878394178
960707955
756223951
950584787
573294917
950584787
1004446655
65572885
85742954
57428962
58323296
43665875
99694499
1363332727
25814573
672758824
665192826
401175856
734792387
683235610
511529402
15341540
15341540
9714248
10735584
11858855
6797761
3732028
2884476
4869143
4869143
3966155
892933
1227784
782034
835152
625267
63000
137472
2748174
2526234
3407291
3763798
3407291
2697822
2019823
169044262
142346141
59573595
169044262
108555020
118292478
142346141
41687946
130669497
83911928
55029405
23030564
23891396
51763922
44600718
29191425
51763922
31240334
32421722
6922012
9051207
6062322
6156730
4609462
1988522
39459638
457995
21171511
36222954
44600718
20427348
40012986
21250017
15909605
25065247
709650
947526
372568
774796
1077108
709650
539372
1302848
496593
947526
260713
598909
832593
548552
377437
1007088
72532
72532
221680
297534
221680
340728
311932
221680
99731
409109
101816
139997
89170
95227
71295
1306
3048
51280
63523
155125
297534
155125
263379
296961
241120
171356
155125
67838
50789
316237
3349328651
820598618
3699771098
23997718
4367376
26508615
1067623782
403916219
1179329956
7611469
2118044
8407862
32670875
36089250
20161798
346377
382618
213756
10821559
11953826
10821559
116501
128692
116501
228612893
42277855
252532810
1574945
179332
1739732
74399675
20761363
82184162
519446
83020
573796
2818157
2322331
4957303
4423462
4886292
2729800
124064
37273
221538
197681
218364
121992
2067156
1678444
1519462
1519462
1678444
1519462
128603
104421
94530
94530
104421
94530
65572885
85742954
57428962
58323296
43665875
1559254
2038877
1365600
1386866
1038328
892933
1227784
782034
835152
625267
31150
42831
27281
29134
21812
6922012
9051207
6062322
6156730
4609462
162338
212272
142176
144390
108103
101816
139997
89170
95227
71295
4849
6667
4246
4535
3396
454618
166485
612638
166485
625100
17944599
10877066
51853338
12611893
3026762
10877066
5843001
34293614
6241139
34293614
4786312684
1172665327
4786312684
3349328651
820598618
3699771098
23997718
4367376
26508615
2171769641
1525673286
5537899472
2085599383
577210995
1525673286
1114275070
65572885
85742954
57428962
58323296
43665875
1902043454
1067623782
99694499
3915301314
25814571
403916219
1179329956
757942100
567461156
1559254
2038877
1365600
1386866
1038328
15715943
7611469
399653
36660370
114227
2118044
8407862
3974473
2975635
494985
494985
305464
46687871
46687871
28811945
32670875
36089250
20161798
346377
382618
213756
21711422
15464403
29258051
15464403
29853206
892933
1227784
782034
835152
625267
19014939
10821559
63001
137472
20685475
11953826
10821559
20306477
15203189
31150
42831
27281
29134
21812
398156
116501
218
486
433135
128692
116501
425199
318342
196354
742307
984558
3696026
348082
118640
742307
123569
163130
653338
2250654
256272
2250654
461187
144348475
326696155
60416595
326696155
109815122
144348475
228612893
42277855
252532810
84885974
653338
1574945
179332
1739732
356493
45280914
106319847
121911751
233793073
66257749
29668744
106319847
32847528
40794524
6922012
9051207
6062322
6156730
4609462
45280914
74399675
106770738
1988522
165291972
457995
20761363
82184162
25390805
27748881
20775218
162338
212272
142176
144390
108103
196354
519446
862280
9528
2613094
2250
83020
573796
95518
110963
83077
282493
160498
53265
286599
282493
174331
394073
6321288
3645788
3318695
6413155
6321288
3900983
8818088
4423462
2818157
2322331
4957303
6413155
4886292
2729800
6816292
197681
124064
37273
221538
286599
218364
121992
304614
2171367
2171367
2985629
101816
139997
89170
95227
71295
1306
1901690
3048
1535158
2067156
1678444
1519462
2171367
1678444
1519462
2030857
1520476
2307861
4849
6667
4246
4535
3396
5
118309
9
95506
128603
104421
94530
135086
104421
94530
126344
62511
143578
815703475
2442978493
2184451148
401175856
734792387
665192826
1902204
105455282
188408120
11858855
10735584
6797761
3763798
3407291
7120960
22616176
40406428
62358512
65572885
42416942
31757000
57428962
892933
607383
782034
454739
1165669988
3121660287
815703475
2442978493
2184451148
730506658
756223951
573294917
950584787
2460841
136425184
62358512
65572885
42416942
31757000
57428962
496898625
372021383
672758824
401175856
734792387
665192826
1902205
115446087
105455282
15341540
9714248
11858855
10735584
6797761
2884476
4869143
9111262
29258051
892933
607383
782034
454739
1962052
2526234
1468962
3763798
3407291
7120960
24758826
22616176
820598618
3699771098
3349328651
4367375
26445165
23940278
403916219
1179329956
1067623782
105455282
1902204
188408120
2118043
8382151
7587620
369269
6272
659740
34418767
31158621
19228558
366025
254743
157206
11332002
10258634
22616176
40406428
114502
114502
473563
846075
62358512
65572885
42416942
31757000
57428962
1482819
1559254
1008630
755148
1365600
892933
607383
782034
454739
31150
21188
27281
15864
454618
121040
612638
4249457
17944600
3026762
10842985
477715
8113
6241139
34211530
1172665327
4786312684
820598618
3699771098
3349328651
4367376
26445165
23940278
810381869
2171769641
577210995
1525673286
136425184
2460840
62358512
65572885
42416942
31757000
57428962
551230618
412699023
1902043454
403916219
1179329956
1067623782
115446087
105455282
1902204
1482819
1559254
1008630
755148
1365600
2890527
2164100
15715944
2118044
8382151
7587620
404254
369270
6272
364037
224654
44526804
27478310
34418767
31158621
19228558
366025
254743
157206
21711422
14659963
29258051
892933
607383
782034
454739
14768347
19014939
11056864
11332002
10258634
24758826
22616176
31150
21188
27281
15864
309237
398156
231522
114502
114502
518428
473563
177388547
177370831
177388547
2517359
2517107
2517359
177388547
177388547
177388547
177370831
177388547
2517359
2517359
2517359
2517107
2517359
1186216048
1135631188
526572735
1547635147
1401043092
2642833641
386628523
370141180
263531202
475717711
429229841
812086219
1251914
59686979
106637727
5653711
5412615
7361152
6663904
4112417
12607848
2371908
2147241
1938105
1855457
4483157
4487558
26949238
48147946
329654133
329671034
330101711
346664474
233065852
224245846
167889878
224538797
303609960
210168853
3071989
3071989
200082200
2089600
2690459
2171900
1564456
776478
1878064421
752491626
2002141630
3776705572
1186216048
1135631188
526572735
1547635147
1401043092
2642833641
424196320
424218068
424772260
446085093
612125653
376595691
613385084
1160500798
810040
1619573
810040
77215735
77215735
329654133
329671034
330101711
346664474
233065852
224245846
167889878
224538797
303609960
299907287
288557774
216039362
288934741
390682885
386628523
370141180
263531202
475717711
429229841
812086219
520139
1251914
626153
65341708
59686979
65341708
8951181
9522961
5876794
18017074
5653711
5412615
7361152
6663904
4112417
12607848
291737209
2021034
3068485
5763563
1108214
5763563
2200212
34863638
210168853
3071989
200082200
2089600
2690459
2171900
776478
1564456
277735839
1374729
1770029
1788506
35520
1288291
2371908
2147241
1938105
1855457
4483157
711601
4487558
1700741
29502401
26949238
2169546281
2077028400
532751567
2895808698
2621517597
4957698556
13568301
12989696
2506369
18252487
16523611
32265994
177388547
177370831
177388547
734717072
703385882
266984839
922902741
835485361
1579154690
59686979
1251914
106637726
4749193
4546670
1243418
5990493
5423073
10723760
67371414
67364685
67371414
219063
4191
391381
21142292
20240703
27527339
24919948
15378559
69699813
141508
135502
184048
166677
114502
2809398
3662933
4072671
4073078
9132039
8267052
7461863
7143660
24396605
26949238
48147946
114502
104262
94107
90094
1825796
1218168
1776296
1776296
1776296
2898916
329654133
329671034
330101711
346664474
233065852
224245846
167889878
224538797
303609960
6102587
6102900
6110873
6417484
4314536
4151259
3107993
4156683
5620455
210168853
3071989
3071989
200082200
2089600
2690459
2171900
1564456
776478
7519527
83419
83419
7158642
56742
73059
58977
42482
17086
85379069
1196240
114502
2005114
1218168
828102
4493
1776296
157646270
11948
1776296
3094371
3116979
3659177
14052182
7519108
1776889
7749769
15324644
67371414
2624
7426816
8503937
67371414
5979212992
2624
283397
5421
283397
21481874
3579860
23612842
46109282
177388547
12172500
15514115
177388547
15743233546
3434911951
761321402
3746244169
7084731886
2169546281
2077028400
532751567
2895808698
2621517597
4957698556
13568301
12989696
2506370
18252487
16523611
32265994
177388547
7156167
10968497
177370831
177388547
12169359652
553601659
556879119
615723970
1902902962
1163233287
381531064
1193939024
2256669593
810040
810040
77215735
1619573
77215735
329654133
329671034
330101711
346664474
233065852
224245846
167889878
224538797
303609960
391397011
378795272
283598976
418822185
1666569075
734717072
703385882
266984839
922902741
835485361
1579154690
520139
626153
65341707
59686979
1251914
65341707
6102587
6102900
6110873
6417484
4314536
4151259
3107993
4156683
5620455
2187725
2120203
1578478
2489012
12306950
4749193
4546670
1243418
5990493
5423073
10723760
67371414
1686
4366198
6012294
67364685
67371414
4621870921
2028
239818
219064
4191
239818
223663
237908
147066
4014732
3662933
1420019
628588
4073078
361485672
33473318
35611515
21976521
99603572
21142292
20240703
27527339
24919948
15378559
69699813
141508
135502
184048
166677
114502
2809398
3662933
1003955
369545
4072671
4073078
279424753
1769963112
25871141
11813919
34863638
1108214
2200212
34863638
210168853
3071989
200082200
2089600
2690459
2171900
776478
1564456
1685017117
17597833
22658036
18290926
35520
13175263
9132039
8267052
7461863
7143660
24396605
711601
1700741
29502401
26949238
7519527
109911
7158642
74762
96260
77707
17086
55974
85379069
859221
1106287
893061
128
259784
114502
104262
94107
90094
1825796
1218168
828102
828102
4493
1188987
1776296
1776296
1776296
157646270
11948
1776296
1776296
815703475
2442978493
2184451148
401175856
734792387
665192826
1902204
105455282
188408120
11858855
10735584
6797761
3763798
3407291
7120960
22616176
40406428
62358512
65572885
42416942
31757000
57428962
892933
607383
782034
454739
1165669988
3121660287
815703475
2442978493
2184451148
730506658
756223951
573294917
950584787
1878394178
960707955
2460841
136425184
62358512
65572885
42416942
31757000
57428962
496898625
372021383
672758824
401175856
734792387
665192826
99694500
1363332727
25814571
1902205
115446087
105455282
15341540
9714248
11858855
10735584
6797761
2884476
4869143
3732028
9111262
29258051
892933
607383
782034
454739
1962052
2526234
1468962
3763798
3407291
62999
137472
2748174
7120960
24758826
22616176
820598618
3699771098
3349328651
4367375
26445165
23940278
403916219
1179329956
1067623782
105455282
1902204
188408120
2118043
8382151
7587620
369269
6272
659740
34418767
31158621
19228558
366025
254743
157206
11332002
10258634
22616176
40406428
114502
114502
473563
846075
62358512
65572885
42416942
31757000
57428962
1482819
1559254
1008630
755148
1365600
892933
607383
782034
454739
31150
21188
27281
15864
454618
121040
612638
4249457
17944600
3026762
10842985
477715
51853338
8113
12611893
6241139
34211530
1172665327
4786312684
820598618
3699771098
3349328651
4367376
26445165
23940278
810381869
2171769641
577210995
1525673286
136425184
5537899472
2460840
2085599383
62358512
65572885
42416942
31757000
57428962
551230618
412699023
1902043454
403916219
1179329956
1067623782
115446087
105455282
99694499
3915301314
1902204
25814571
1482819
1559254
1008630
755148
1365600
2890527
2164100
15715944
2118044
8382151
7587620
404254
369270
399655
36660370
6272
114227
364037
224654
44526804
27478310
34418767
31158621
19228558
366025
254743
157206
21711422
14659963
29258051
892933
607383
782034
454739
14768347
19014939
11056864
11332002
10258634
62999
137472
20685475
24758826
22616176
31150
21188
27281
15864
309237
398156
231522
114502
114502
218
487
433136
518428
473563
518331
332748
426861
177388547
177370831
177388547
518331
426861
426861
3057014
2517359
2517359
2517107
2517359
2517359
426861
332748
426861
426861
332748
426861
177388547
177388547
177388547
177370831
177388547
2517359
2517359
2517359
2517359
426861
426861
426861
426861
426861
426861
2517359
2517359
2517359
2517107
2517359
1186216048
1135631188
526572735
1547635147
1401043092
2642833641
386628523
370141180
263531202
475717711
429229841
812086219
1251914
59686979
106637727
5653711
5412615
7361152
6663904
4112417
12607848
2371908
2147241
1938105
1855457
4483157
4487558
26949238
48147946
329654133
329671034
330101711
346664474
233065852
224245846
167889878
224538797
303609960
3071989
3071989
3137674
2089600
2690459
2171900
1564456
776478
2987087
1878064421
752491626
2002141630
3776705572
816017801
3226776318
1886939871
1186216048
1135631188
526572735
1547635147
1401043092
2642833641
630773473
3226776318
1886939871
424196320
424218068
424772260
446085093
612125653
376595691
613385084
1160500798
2372953666
810040
1126470784
573863758
2082585701
1619573
810040
77215735
77215735
236308746
986380801
560933519
329654133
329671034
330101711
346664474
233065852
224245846
167889878
224538797
303609960
299907287
288557774
216039362
288934741
390682885
386628523
370141180
263531202
475717711
429229841
812086219
179314816
520139
47238626
804209395
11781693
1202479342
1251914
626153
65341708
59686979
65341708
182664260
986380801
560933519
8951181
9522961
5876794
18017074
3635350
23171496
5653711
5412615
7361152
6663904
4112417
12607848
2810088
23171496
2021034
4355433
3068485
5763563
2172164
2172164
2172164
5763563
1108214
2172164
2172164
5103427
5763563
2200212
34863638
1239741
7204789
2172164
3071989
3137674
2089600
2690459
2171900
776478
1564456
2987087
1374729
1770029
1788506
35520
1288291
4146402
2371908
2147241
1938105
1855457
4483157
2172164
2172164
2172164
343063
711601
1149678
1392863
1884022
2172164
36765
81163
1925533
2970893
4487558
1700741
29502401
26949238
958307
7204789
2172164
518331
332748
426861
179853
111929
148115
2169546281
2077028400
532751567
2895808698
2621517597
4957698556
13568301
12989696
2506369
18252487
16523611
32265994
177388547
177370831
177388547
734717072
703385882
266984839
922902741
835485361
1579154690
59686979
1251914
106637726
4749193
4546670
1243418
5990493
5423073
10723760
67371414
67364685
67371414
219063
4191
391381
21142292
20240703
27527339
24919948
15378559
69699813
518331
426861
426861
141508
135502
184048
166677
114502
2809398
4945880
3662933
2731166
4072671
4073078
4073078
9132039
8267052
7461863
7143660
24396605
26949238
48147946
179853
148115
148115
114502
104262
94107
90094
1825796
2434781
1218168
907579
1776296
1776296
1776296
2898916
1776296
329654133
329671034
330101711
346664474
233065852
224245846
167889878
224538797
303609960
6102587
6102900
6110873
6417484
4314536
4151259
3107993
4156683
5620455
426861
332748
426861
426861
332748
426861
3071989
3071989
3137674
2089600
2690459
2171900
1564456
776478
2987087
83419
83419
112261
148115
111929
148115
56742
73059
58977
42482
17086
106873
148115
111929
148115
1274648
1196238
114500
2005113
1218166
10561
907577
828100
199983
31043
4491
916331
11946
301832
1776295
5385
192821
2609129
3094371
3116979
3659177
14052182
7519108
1776889
7749769
15324644
67371414
17124863
2624
50919294
2624
30433909
7426816
8503937
283397
67503520
5421
8204001
283397
67371414
1115348
5228489
2587542
21481874
3579860
23612842
46109282
177388547
12172500
15514115
177388547
3925289
16564041
8610706
3434911951
761321402
3746244169
7084731886
816017801
3263826761
1903867870
2169546281
2077028400
532751567
2895808698
2621517597
4957698556
630773473
3263826761
1903867870
13568301
12989696
2506370
18252487
16523611
32265994
177388547
7156167
10968497
137119545
177370831
177388547
3034209
16564041
8610706
553601659
556879119
615723970
1902902962
1163233287
381531064
1193939024
2256669593
3081402249
810040
810040
77215735
4857263322
1619573
1469026076
77215735
236308746
999286172
566837954
329654133
329671034
330101711
346664474
233065852
224245846
167889878
224538797
303609960
391397011
378795272
283598976
418822185
1666569075
734717072
703385882
266984839
922902741
835485361
1579154690
179314816
520139
626153
65341707
59686979
47238626
3434090771
2804570685
1251914
11781693
65341707
182664260
999286172
566837954
6102587
6102900
6110873
6417484
4314536
4151259
3107993
4156683
5620455
2187725
2120203
1578478
2489012
12306950
4749193
4546670
1243418
5990493
5423073
10723760
67371414
828144
1686
31306748
2028
345107
4366198
6012294
239818
219064
207137
47725067
52179536
38976350
4191
47855
239818
52077418
67364685
67371414
862152
5228489
2587542
223663
237908
147066
4014732
4073078
3662933
2731166
1420019
628588
4073078
10851
586898
33473318
35611515
21976521
99603572
3635350
87600036
21142292
20240703
27527339
24919948
15378559
69699813
2810088
87600036
426861
426861
426861
426861
426861
426861
141508
135502
184048
166677
114502
2809398
4073078
3662933
2731166
1003955
369545
3148447
4072671
4073078
8388
586898
26424315
25871141
11813919
34863638
34863638
34863638
29020219
9173495
1108214
2200212
34863638
1239741
28611985
34863638
3137674
3071989
2987087
2089600
2690459
2171900
776478
1564456
25156131
17597833
22658036
18290926
35520
13175263
9132039
8267052
7461863
7143660
24396605
34863638
34863638
29020219
343063
711601
1700741
17934121
22355720
24117261
36765
81163
24648632
29502401
26949238
20130170
34863638
958307
28611985
34863638
112261
109911
148115
148115
148115
106873
74762
96260
77707
17086
55974
148115
148115
148115
1274650
859221
1106287
893061
128
259784
114502
104262
94107
90094
1825796
2005114
1218168
10563
10563
907579
828102
828102
199985
1389
4493
813541
916333
11948
636
267027
453194
1575025
1776296
135
1188987
287
1776296
1776296
1776296
1108505
1776296
1776296
5387
192823
2609129
815703475
2442978493
2184451148
401175856
734792387
665192826
1902204
105455282
188408120
11858855
10735584
6797761
3763798
3407291
7120960
22616176
40406428
62358512
65572885
42416942
31757000
57428962
892933
607383
782034
454739
1165669988
3121660287
815703475
2442978493
2184451148
730506658
756223951
573294917
950584787
2460841
136425184
62358512
65572885
42416942
31757000
57428962
496898625
372021383
672758824
401175856
734792387
665192826
1902205
115446087
105455282
15341540
9714248
11858855
10735584
6797761
2884476
4869143
9111262
29258051
892933
607383
782034
454739
1962052
2526234
1468962
3763798
3407291
7120960
24758826
22616176
820598618
3699771098
3349328651
4367375
26508615
23997718
105455282
1902204
403916219
1179329956
1067623782
188408120
369269
6272
2118043
8407862
7611469
659740
36089250
32670875
20161798
382619
330187
203765
22616176
11953826
10821559
40406428
473563
128691
116502
846075
62358512
65572885
42416942
31757000
57428962
1482819
1559254
1008630
755148
1365600
892933
607383
782034
454739
31150
21188
27281
15864
454618
157501
612638
4249457
17944600
3026762
10877066
477715
8113
6241139
34293614
1172665327
4786312684
820598618
3699771098
3349328651
4367376
26508615
23997718
810381869
2171769641
577210995
1525673286
136425184
2460840
62358512
65572885
42416942
31757000
57428962
551230618
412699023
1902043454
403916219
1179329956
1067623782
115446087
105455282
1902204
1482819
1559254
1008630
755148
1365600
2890527
2164100
15715944
2118044
8407862
7611469
404254
369270
6272
471850
291187
46687871
28811945
36089250
32670875
20161798
382619
330187
203765
21711422
15464403
29258051
892933
607383
782034
454739
14768347
19014939
11056864
11953826
10821559
24758826
22616176
31150
21188
27281
15864
309237
398156
231522
128691
116502
518428
473563
177370831
177388547
2517107
2517359
177388547
177370831
177388547
1909460
2517359
1909460
1226093
1476797
2517107
2517359
1102517
1909460
1186216048
1135631188
526572735
1547635147
1401043092
2642833641
386628523
370141180
263531202
475717711
429229841
812086219
1251914
59686979
106637727
5653711
5412615
7361152
6663904
4112417
12607848
2371908
2147241
1938105
1855457
4483157
4487558
26949238
48147946
329654133
329671034
330101711
346664474
233065852
224245846
167889878
224538797
303609960
210168853
3071989
3071989
200082200
2089600
2690459
2171900
1564456
776478
1878064421
752491626
2002141630
3776705572
1186216048
1135631188
526572735
1547635147
1401043092
2642833641
424196320
424218068
424772260
446085093
612125653
376595691
613385084
1160500798
1619573
810040
77215735
77215735
329654133
329671034
330101711
346664474
233065852
224245846
167889878
224538797
303609960
299907287
288557774
216039362
288934741
390682885
386628523
370141180
263531202
475717711
429229841
812086219
1251914
520139
626153
65341708
59686979
65341708
8951181
9522961
5876794
18017074
5653711
5412615
7361152
6663904
4112417
12607848
291737209
2021034
3068485
5763563
5763563
2899018
34863638
210168853
3071989
200082200
2089600
2690459
2171900
776478
1564456
277735839
1374729
1770029
1788506
35520
1288291
2371908
2147241
1938105
1855457
4483157
4487558
1861803
2241101
29502401
26949238
2169546281
2077028400
532751567
2895808698
2621517597
4957698556
177370831
177388547
13665127
13082394
2506369
18384926
16643508
32265994
59686979
1251914
734717072
703385882
266984839
922902741
835485361
1579154690
106637726
67364685
67371414
219063
4191
4783684
4581161
1243418
6030932
5459687
10723760
391381
24197595
23165716
31505354
28521166
17600936
69699813
4072671
4073078
175999
169993
218539
201168
146426
2809398
26949238
10339620
9360251
8448587
8088307
24396605
48147946
2608869
2609129
2016831
115171
104262
94107
90094
1825796
3603302
329654133
329671034
330101711
346664474
233065852
224245846
167889878
224538797
303609960
6102587
6102900
6110873
6417484
4314536
4151259
3107993
4156683
5620455
210168853
3071989
3071989
200082200
2089600
2690459
2171900
1564456
776478
7519527
83419
83419
7158642
56742
73059
58977
42482
17086
118949480
1263166
26
7453
160832
1345870
2609129
231560198
17548
148992
2609129
3094371
3116979
3659177
14052182
17075
1447330
7768398
7426816
8503937
67371414
5979212992
2624
7568889
1776889
7802068
15324644
283397
5421
283397
12172500
15514115
177388547
15743233546
21635154
3581693
23784165
46109282
3434911951
761321402
3746244169
7084731886
2169546281
2077028400
532751567
2895808698
2621517597
4957698556
7156167
10968497
177370831
177388547
12169359652
13665127
13082394
2506370
18384926
16643508
32265994
553601659
556879119
615723970
1902902962
810040
1163233287
381531064
1193939024
2256669593
77215735
1619573
77215735
329654133
329671034
330101711
346664474
233065852
224245846
167889878
224538797
303609960
391397011
378795272
283598976
418822185
1666569075
520139
626153
734717072
703385882
266984839
922902741
835485361
1579154690
65341707
59686979
1251914
65341707
6102587
6102900
6110873
6417484
4314536
4151259
3107993
4156683
5620455
2187725
2120203
1578478
2489012
12306950
9859
1012818
6573803
4366198
6012294
67364685
67371414
4621870921
1686
2028
4783684
4581161
1243418
6030932
5459687
10723760
239818
219064
4191
239818
3073531
1420019
628588
4073078
361485672
258154
272399
181557
4014732
38310595
40757785
25152380
99603572
24197595
23165716
31505354
28521166
17600936
69699813
1973561
2375809
1774649
3073531
1003955
369545
4072671
4073078
279424753
175999
169993
218539
201168
146426
2809398
1769963112
25871141
2899018
13376140
34863638
210168853
3071989
200082200
2089600
2690459
2171900
776478
1564456
1685017117
17597833
22658036
18290926
35520
13175263
1861803
2241101
10339620
9360251
8448587
8088307
29502401
26949238
24396605
7519527
109911
7158642
74762
96260
77707
17086
55974
85828990
859221
1106287
893061
128
259784
16
5217
136101
864205
1040345
689875
1345871
1188987
1844658
2608869
2609129
178993751
11269
13566
115171
104262
94107
90094
2207905
2016831
1825796
1108505
815703475
2442978493
2184451148
401175856
734792387
665192826
1902204
105455282
188408120
11858855
10735584
6797761
3763798
3407291
7120960
22616176
40406428
41687946
130669497
118292478
20427348
40012986
36222954
37656
2379611
4251450
548552
496593
377437
260713
598909
832593
171356
155125
171356
155125
263379
296961
241120
1678445
2998737
62358512
65572885
42416942
31757000
57428962
892933
607383
782034
454739
6582696
6922012
4477622
3352336
6062322
101816
69256
89170
51851
1165669988
3121660287
815703475
2442978493
2184451148
1878394178
960707955
730506658
756223951
573294917
950584787
2460841
136425184
62358512
65572885
42416942
31757000
57428962
99694500
1363332727
25814573
496898625
372021383
672758824
401175856
734792387
665192826
1902205
115446087
105455282
15341540
9714248
11858855
10735584
6797761
3732028
2884476
4869143
9111262
29258051
892933
607383
782034
454739
62999
137472
2748174
1962052
2526234
1468962
3763798
3407291
7120960
24758826
22616176
59573595
169044262
142346141
78949105
41687946
130669497
118292478
142346141
61026856
55029405
23030564
22720243
23891396
29191425
51763922
44600718
23579434
48716
3078451
6582696
6922012
4477622
3352336
6062322
1988522
39459638
457996
15454558
11570621
21171511
20427348
40012986
36222954
44600718
18229271
37657
2605055
2379612
709650
539372
947526
372568
774796
1077108
548552
496593
377437
732427
947526
260713
598909
832593
72532
72532
221680
297534
221680
221680
340728
311932
2171367
101816
69256
89170
51851
1307
3049
51280
49337
63523
36938
171356
155125
229990
297534
171356
155125
263379
296961
241120
1837460
1678445
820598618
3699771098
3349328651
4367375
26508615
23997718
105455282
1902204
403916219
1179329956
1067623782
188408120
369268
6271
2118043
8407862
7611469
659740
36089250
32670875
20161798
382618
346377
213756
22616176
11953826
10821559
40406428
473563
128691
116502
846075
42277855
252532810
228612893
179332
1739733
1574945
2379610
37656
20761363
82184162
74399675
4251450
6111
97
83021
573796
519446
10918
2818157
2322331
4957303
4886292
4423462
2729800
124064
37273
221538
218364
197681
121993
2067156
1678444
1519462
1678444
1678444
1519462
2998736
128603
104420
94529
104420
104420
94529
186559
62358512
65572885
42416942
31757000
57428962
1482819
1559254
1008630
755148
1365600
892933
607383
782034
454739
31150
21188
27281
15863
6582696
6922012
4477622
3352336
6062322
154380
162338
105011
78620
142176
101816
69256
89170
51851
4849
3299
4247
2470
454618
166484
612638
4249455
17944599
3026761
10877066
477714
51853338
8111
12611892
6241138
34293614
1172665327
4786312684
820598618
3699771098
3349328651
4367375
26508615
23997718
810381869
2171769641
577210995
1525673286
136425184
5537899472
2460840
2085599383
62358512
65572885
42416942
31757000
57428962
551230618
412699023
1902043454
403916219
1179329956
1067623782
115446087
105455282
99694499
3915301314
1902204
25814571
1482819
1559254
1008630
755148
1365600
2890526
2164098
15715943
2118043
8407862
7611469
404252
369268
399653
36660370
6270
114225
494984
305463
46687871
28811945
36089250
32670875
20161798
382617
346376
213755
21711422
15464403
29258051
892933
607383
782034
454739
14768347
19014939
11056864
11953826
10821559
62999
137470
20685475
24758826
22616176
31150
21188
27281
15863
309236
398156
231521
128690
116500
216
486
433135
518428
473562
196353
89868
118638
742306
984558
7903
3696026
123
348082
653337
335408
256271
2250653
144348475
79865543
60416595
326696155
144348475
61735253
42277855
252532810
228612893
653337
259267
179331
1739732
1574945
45280914
23889111
29668744
106319847
121911751
3078449
233793073
48715
66257749
6582696
6922012
4477622
3352336
6062322
45280914
18466040
20181005
15109249
20761363
82184162
74399675
106770738
2605054
2379610
1988522
165291972
37656
457994
154380
162338
105011
78620
142176
196353
69467
80699
60418
83019
573795
519445
862279
6688
6109
9528
2613094
95
2248
282493
174331
160498
53263
286599
6321288
3900983
3645788
3318695
6413155
4886292
4423462
2729800
2818157
2322331
4957303
6413155
218364
197681
121992
124063
37272
221538
286599
2171367
101816
69256
89170
51851
1476987
1306
1901690
3048
1535158
1105800
2067156
1837460
1678444
1519462
2171367
4849
3298
4246
2469
91886
3
118308
7
95505
45462
128602
114312
104420
94529
135086
596291
414325
379024
504595
289933
218847
426861
332748
518331
62670
15393
76099
177370831
177388547
426861
518331
2517107
2517359
2517359
3057014
13462622
13463967
62670
76099
236070
236070
236070
286656
426861
332748
426861
332748
62670
15393
62670
15393
177388547
177370831
177388547
1909459
2517359
1909459
426861
426861
1226093
1476796
2517107
2517359
1102516
1909459
13463967
13462622
13463967
236068
186796
161819
2763
236068
236068
8057197
6688791
458169
6818183
4680630
264545
62670
62670
236070
236070
186798
161821
2765
236070
236070
236070
236070
1186216048
1135631188
526572735
1547635147
1401043092
2642833641
386628523
370141180
263531202
475717711
429229841
812086219
1251913
59686979
106637727
5653711
5412615
7361152
6663904
4112417
12607848
2371908
2147241
1938105
1855457
4483157
4487558
26949238
48147946
28901808
74347429
67943937
62947467
60263142
25211110
82126449
74347429
13455210
22437209
18499652
20210302
19348457
12889207
24784829
22437209
23632
1256650
2245151
106037
256427
211584
217555
248385
337806
256427
158246
160549
241838
526758
72531
110840
110840
110840
110840
110840
110840
110840
110840
170364
155966
155966
3496952
6247711
329654133
329671034
330101711
346664474
233065852
224245846
167889878
224538797
303609960
3071989
3071989
3137674
2089600
2690459
2171900
1564456
776478
2987087
16883636
16884501
16906559
17754841
11936750
11485023
8598683
11500026
15549752
288192
288192
272737
272737
288192
288192
288192
195074
238864
197910
138895
41309
274360
1878064421
752491626
2002141630
3776705572
955507917
3226776318
1886939871
1186216048
1135631188
526572735
1547635147
1401043092
2642833641
738609458
3226776318
1886939871
1126470784
573863758
424196320
424218068
424772260
446085093
2082585701
2372953666
612125653
376595691
613385084
1160500798
299974429
986380801
560933519
1619573
810041
77215736
77215736
329654133
329671034
330101711
346664474
233065852
224245846
167889878
224538797
303609960
47238626
804209395
11781693
299907287
288557774
216039362
288934741
390682885
1202479342
179314818
386628523
370141180
263531202
475717711
429229841
812086219
231877187
986380801
560933519
1251913
520139
626154
65341708
59686980
65341708
8951181
9522961
5876794
18017074
10005417
23171496
5653711
5412615
7361152
6663904
4112417
12607848
7739990
23171496
2172164
2172164
2021034
5103427
5763563
3068485
5763563
3123545
7204789
5763563
4355433
2995867
34863638
3071989
3137674
2089600
2690459
2171900
776478
1564456
2987087
1149678
1392863
1884022
2172164
36767
81165
1925533
1374729
1770029
1788506
35520
1288291
2970893
343064
2371908
2147241
1938105
1855457
4483157
2436799
7204789
4487558
4146402
1923692
2315775
29502401
26949238
22947219
50055323
106245185
99660933
36027595
106245185
106166118
92736970
46561625
7648201
22947219
28901808
74347429
62947467
60263142
25211110
82126449
74347429
67943937
92736970
35991663
46561625
33625344
13944154
13755560
13756265
13774236
14465355
58671634
66278084
7295623
23303209
32063589
31997755
18419147
32063589
32039728
28707763
14685748
30574
106450
21411395
45890340
1625701
30574
1625701
16883636
16884501
16906559
17754841
11936750
11485023
8598683
11500026
15549752
994426
26446561
270783
9725197
9357162
7005583
9369386
12668808
33927542
4944317
2255866
7295623
13455210
22437209
20210302
19348457
12889207
24784829
22437209
18499652
28707763
11362918
14685748
23633
61465
14990242
38833447
1375705
1256651
19632
23633
1375705
423886
162580
366444
344442
366444
226139
485551
229431
312861
550342
596291
414325
379024
26439
423886
106037
256427
217555
248385
337803
256427
211584
158246
459981
485551
160549
241838
526758
504595
289933
218847
36264
36264
36264
36264
36264
93466
110838
128210
72529
110838
110838
148766
110838
93466
110838
170362
155964
188394
4523930
288192
288192
288192
288192
288192
288192
196031
252399
203752
41309
146766
274360
36266
36266
36266
36266
36266
814
1845
36266
36266
36266
36266
36266
36266
36266
1085
36266
93468
8179
8179
128212
72531
110840
110840
110840
110840
110840
110840
148767
148767
110840
93468
110840
170364
155966
155966
155966
188395
188395
188395
2904885
3828253
3496952
426861
332748
518331
148115
111929
179853
62670
15393
76099
23887
5131
29005
2169546281
2077028400
532751567
2895808698
2621517597
4957698556
177370831
177388547
13682993
13099497
2506368
18409371
16665635
32265994
59686979
1251913
734717072
703385882
266984839
922902741
835485361
1579154690
106637726
67364685
67371414
219062
4190
4790842
4586542
1243418
6044048
5471556
10723760
391381
24576009
23527992
31998050
28967193
17876188
69699813
426861
518331
4072671
4073078
201304
192720
262098
237272
146425
2809398
4073078
4945880
26949238
10548885
9549694
8619579
8252007
24396605
48147946
148115
179853
2608868
2609129
2016830
115170
104261
94106
90094
1825796
3603303
2609129
3168228
136874793
87900071
137871377
131992006
25952199
185362540
167804994
840403
532907
20882944
20885030
837961
802226
119000
1144454
1036051
44617972
1256649
23632
47879654
45837879
13322049
60377937
54658937
2245150
374554
14834238
14835720
5435
86
396914
379988
73841
510349
462009
9710
5932928
3810086
4501227
2159519
8058130
6100367
5840224
7942700
7190367
4437308
62670
76099
572905
198272
146115
33768
1066753
1379897
1380035
743507
711802
1036191
938043
209131
1380035
1675756
4306812
3496951
3165720
2612104
3496951
3496951
3165720
2857387
2735537
6247711
29997
36424
1959110
1183206
865862
335459
2166691
2167124
1183206
1676208
1226638
808148
642765
3376384
2167124
3070093
329654133
329671034
330101711
346664474
233065852
224245846
167889878
224538797
303609960
6102587
6102900
6110873
6417484
4314536
4151259
3107993
4156683
5620455
426861
332748
426861
332748
3071989
3071989
3137674
2089600
2690459
2171900
1564456
776478
2987087
148115
83419
111929
83419
112261
148115
56742
73059
58977
42482
111929
17086
106873
16883636
16884501
16906559
17754841
11936750
11485023
8598683
11500026
15549752
391948
391968
392480
412172
277107
266621
199615
266969
368813
62670
15393
62670
15393
272737
272737
288192
195074
238864
197910
138895
41309
274360
288192
23886
5129
5129
29997
23887
5131
5131
5131
5131
5131
847
28558
29997
51163172
3094370
3116977
3659176
14052181
17248
2622
7585051
1776888
7819051
34447643
1527094
1449634
7785396
7426816
8503937
5333514
2587541
15324642
283396
67503520
5419
8204000
283396
67371414
21663459
3581691
23815799
4193582
12172499
15514113
16785282
8701173
46109281
177388547
3434911951
761321402
3746244169
955533789
3263826761
1903867870
7084731886
2169546281
2077028400
532751567
2895808698
2621517597
738617915
3263826761
1903867870
4957698556
13682993
13099497
2506368
18409371
16665635
3241596
7156166
10968496
16785282
8701173
32265994
137119545
177370831
177388547
553601659
556879119
615723970
1902902962
810039
1163233287
381531064
1193939024
299974428
999286172
566837954
2256669593
77215735
4857263322
1619571
1469026076
77215735
329654133
329671034
330101711
346664474
233065852
224245846
167889878
224538797
303609960
391397011
378795272
283598976
418822185
1666569075
520138
626152
734717072
703385882
266984839
922902741
835485361
231877186
999286172
566837954
1579154690
65341707
59686979
47238626
3434090771
179314816
2804570685
1251912
11781692
65341707
6102587
6102900
6110873
6417484
4314536
4151259
3107993
4156683
5620455
31456692
2187723
2120202
1578476
2489011
12306949
9959
1684
2027
4790842
4586541
1243417
6044047
5471555
345105
1180428
1014413
6588179
4366196
6012293
5333514
2587541
10723759
239816
219062
207137
47725067
52179536
828144
38976350
4189
47854
239816
52077418
67364685
67371414
318711
339069
209246
47011
3073529
4014732
1420018
628588
4073078
38909715
41395175
25545725
10271546
99603572
101051093
24576009
23527992
31998050
28967193
17876188
7939801
69699813
101051093
426861
426861
201303
192718
262097
237271
146424
36339
1973560
2375807
1774647
3073529
2809398
1003954
369544
3148447
4072671
4073078
26424315
25871141
2995865
13646861
3181222
34863638
3137674
3071989
2987087
2089600
2690459
2171900
776476
1564456
25156131
17597833
22658036
18290926
35519
13175263
1923690
2315773
10548885
9549694
8619579
8252007
2459052
17934121
22355720
24117261
36765
81163
24648632
29502401
26949238
24396605
343062
20130170
34863638
112261
109911
148115
106873
74762
96260
77707
17084
55973
148115
813540
968431
1281366
859219
1106285
893059
126
259782
15
11267
13564
115169
104260
94105
90092
634
267026
14505
5215
12072
22193
136099
864203
1040343
689873
1345870
453192
1575024
1804890
133
1188985
285
1844657
2207904
2016830
1825795
1387
1108503
2608868
2609129
88597
274722
425931
1326691
431903
93922
216123
170054
1480553
1455502
922946
20885030
23468373
218283447
95399350
47779663
37086639
239799451
237054789
152234991
7648199
23468373
137871377
131992006
95399350
36933194
47779663
25952199
185362540
167804994
136874793
87900071
34005
88597
161508
301134
837960
802226
431903
61628
167061
216123
118999
1144453
1036050
840403
532906
16143916
20882944
20885030
7427701
106448
18920164
75804972
29643376
15111465
19037694
78109613
22032577
93716657
77274301
1625700
235882047
30572
45399862
1625700
16883636
16884501
16906559
17754841
11936750
11485023
8598683
11500026
15549752
2255865
7427701
61463
13376577
47879654
45837879
29643376
11681009
15111465
12949648
9695229
13322049
60377937
54658937
14986800
15417785
82077376
65391267
44617972
1375704
1256649
994426
166768879
4944316
136197655
19631
23632
270782
1375704
444722
444745
445326
467670
314419
302520
226493
302915
409587
8487
32767
221
160527
228852
74061
396913
379987
174642
47428
61785
79931
71775
44600
73839
510347
462007
85052
87498
766933
548939
374554
302357
5948
5434
14580
7415405
5826
10463813
11490347
20929
5815844
70
85
1585
5948
11467860
14834238
14835720
9658344
10275297
8248786
7145820
6598726
6341074
5823138
3086030
1039021
10424626
6100367
5840224
7942700
7190367
5932928
6980309
5000446
3810086
4437308
4501226
2159518
599928
8058130
26438
10424626
62670
62670
743507
711801
1036191
938043
682523
680320
358230
198270
209131
133641
146115
28065
31662
33766
4422
886141
1066753
81
693994
1379897
1380035
288192
196031
252399
203752
41307
146766
274360
288192
1950095
2900893
3129472
3077226
812
3962073
1843
3198423
2904884
1083
1658527
4306812
3828252
3496951
3165720
2857387
2735537
8177
8177
2612104
278584
4523930
20404
26271
21207
845
15276
28557
29997
