1
842
8064044
8064044
1
457
5583910
5583910
50
90304
93412178
14
49304
64682832
1
6345
1946320
1
9
78856
78856
1
842
8064043
8064043
1
457
5583910
5583910
1
5
54602
54602
50
89562
93412178
14
48899
64682832
1
6345
1347720
1
842
8064044
8064044
1
457
5583910
5583910
50
90304
93412178
14
49304
64682832
1
6345
1946320
1
9
78856
78856
1
842
8064043
8064043
1
457
5583910
5583910
1
5
54602
54602
50
89562
93412178
14
48899
64682832
1
6345
1347719
842
8064044
8064044
236
457
5583910
5583910
185897
93412178
52837
101496
64682832
13085
1946320
9
78856
78856
842
8064043
8064043
236
457
5583910
5583910
3
5
54602
54602
185400
93412178
52696
101224
64682832
3718
7143
1347719
844
8064044
8064044
238
459
5583910
5583910
628252
93412178
178565
343011
64682832
334117
5224
334117
231357
1481
2849
231357
6547234
1860921
4533601
3574656
13090
1946320
8
78857
78857
848
8064043
8064043
241
463
5583910
5583910
2
4
54604
54604
628254
93412178
178568
343014
64682832
3720
7146
1347720
5394
84
5394
334119
5228
334119
231359
1485
2854
231359
3735
23
46
3735
6547234
1860922
4533602
3574656
102714
250235
197305
37880785
787411
39323867
104
33
16280171
52023
54005
33
33
22358
944174
980143
142162933
2955078
147578681
18797182208
390728771
19513267556
52041
458
8078537779
390
4
61097914
71760572
74494316
81
194
30840819
2
3
405781
127784
132652
174204
304857
5212164
17196
151907
1109038
163936
351334
512877
309752
37880785
787411
39323867
104
33
16280171
52023
54005
33
33
22358
422487
338390
422487
184754
923921
19205
959118
102228
81879
33
17
397077
102228
44704
54846
95982
43039
278228
2031282
54846
52404
17196
151907
1109038
2477
2571
17726
31021
410308
643494
567334
5
11
1064
17726
16936
163936
351334
512877
309752
35581725
6646888
259773926
961831
179676
7022106
142186031
85873338
62841559
4711868
2845735
2082491
944174
980143
142162933
2955078
147578681
18797182208
390728771
19513267556
52042
459
8078537779
390
4
61097914
71760572
74494316
81
195
30840819
2
3
405781
6947064
144406
7211715
111051
88944
335443
268672
33768658
27046956
33768658
14767088
335443
146690
671250505
13952989
696822032
10730131
8594282
1855
17
288485928
10730131
4692303
20
1
2985667
111051
48561
429863
752260
1761661
449702
12861479
15902247
27828933
65170419
16636167
475794122
15902247
15194032
35581725
6646888
259773926
429863
410719
961831
179676
7022106
3856036
4002933
5256798
9199396
157283028
5
11
1657223
5256798
5022683
142186031
85873338
62841559
1
1
54916
174204
166446
4711868
2845735
2082491
244881
2945579
18352
37906
2039653
18352
37880785
787411
39323867
104
33
16280171
52023
54005
33
33
22358
944174
980143
142162933
2955078
147578681
18797182208
390728771
19513267556
52041
458
8078537779
390
4
61097914
71760572
74494316
82
194
30840819
2
3
405781
1158
8454769
3869620
632
8454769
3869620
18940392
393705
62842396
19661933
60177433
289
2165247
991000
52
33
894
8140085
9315140
158
2165247
991000
364
760794
198
760794
26011
106096
27002
82644
91
223927
1060983
1060983
33
33
11
11179
12792
49
223927
30572
299691
406907
1060983
1060983
164374
659
1850190
440
726103
1911290
1
7548
244881
2945578
18352
74780106
80274241
20433266
142351983
2959008
159853
76232180
147774932
147197660
1
49113
22478
2
176120
80607
1158
51385216
23518236
632
51385216
23518236
1
176120
80607
16590829329
344866283
62842396
17222862878
289
13416619
6140583
45933
405
894
7130304959
2666005865
158
13416619
6140583
185
389
4
11
17507599
61179163
80682111
22874758
80366932
1
49113
22478
1
24349
364
6393923
198
6393923
1
24349
76034392
106096
78930949
91
1808987
3101350543
3101350543
89
208
11
32677595
12218083
49
1808987
89366261
876027091
1189428465
3101350543
3101350543
3
58824
140
659
3
6
11
242043
462689
845813
1115448
316248
1911290
1
7548
37906
2039652
18352
2154809
21122861
28679630
74780106
80274241
3161992
49106
2189507
489458
19615
127784
132652
174203
5212164
17196
151907
1109038
163936
351334
512877
309752
37880785
787411
39323867
104
33
16280171
52023
54005
33
33
22358
422487
193366
422487
105573
923921
19205
959118
102228
46788
33
17
397077
102228
25545
54846
43039
278228
2031282
29945
54846
17196
151907
1109038
2477
2571
17726
410308
643494
567334
5
11
1064
9678
17726
163936
351334
512877
309752
35581725
6646888
259773926
961831
179676
7022106
142186031
85873338
62841559
4711868
2845735
2082491
944174
980143
142162933
2955078
147578681
18797182208
390728771
19513267556
52042
463
8078537779
393
3
61097914
71760572
74494316
85
198
30840819
1
2
405781
6947064
144405
7211715
111050
50826
335443
153527
33768658
15455403
33768658
8438336
335443
83822
671250505
13952989
696822032
10730131
4911018
1858
16
288485928
10730131
2681316
19
1
2985667
111050
27750
429863
1761661
449702
12861479
15902247
65170419
16636167
475794122
8682304
15902247
35581725
6646888
259773926
234696
429863
961831
179676
7022106
3856036
4002933
5256798
157283028
4
10
1657223
2870105
5256798
142186031
85873338
62841559
1
1
54918
95111
174203
4711868
2845735
2082491
8828
118853
867721
84163
230026
317736
191897
27832
8454769
3869620
15195
8454769
3869620
18940392
393705
19661933
60177433
79839367
7127
2165247
991000
52
33
8140085
9315140
1136
3891
2165247
991000
5471
760794
2987
760794
26011
27002
82644
109646
1610
223927
1060983
33
33
11179
12792
134
879
223927
30572
299691
406907
1060983
28214
209127
95714
79
28214
209127
52258
95714
461960
9602
479559
1467742
1947301
7053
52810
24170
33
15
198538
227198
134
26
7053
52810
13196
24170
26480
37198
22095
217688
1589292
168
26480
20309
37198
8828
118853
867721
1271
1320
4040
5361
8191
10261
51876
51876
210648
399037
337089
7
15
546
625
77
103
8191
5602
10261
1494
14653
19895
51876
28323
8030
43
84163
217866
304733
184043
313
45414296
8483673
331559248
3059538
571541
22336979
195054974
117803568
86207896
32765388
19379165
12385317
287551
1594
1968046
1053926
2043020
19297
2682968
3161991
49111
80274241
20799045
142351983
2959008
76232180
147774932
147197660
7490
2275537
1041478
22669
6886407
3151804
2755749
837137963
383145374
1504583
837137963
383145374
12376
6886407
3151804
16590829329
344866283
17222862878
873034
265209157
121382217
45934
409
7130304959
245232
2666005865
476658
265209157
121382217
189
394
3
17507599
61179163
80682111
2104
22874758
80366932
4089
2275537
1041478
45860
6376159
2266907
315179311
1237685
315179311
25038
6376159
76034392
78930949
745532
103655009
3101350543
90
210
32677595
1123
12218083
407045
103655009
89366261
876027091
1189428465
3101350543
2
58829
140
1594
2
5
242046
462690
845815
1115447
29
316248
2043020
10535
2682968
2189506
489459
19622
2313124
22674769
30786738
80274241
9744891
29934493
11333062
235575
11764799
11718841
33990
181162
74979
82915
72751851
82609
440291
6371
201514
5814856
30992099
14184614
82
5814856
30992099
7744511
14184614
72751851
1
82609
440291
1990
110022
201514
626968976
13032528
650853582
1880418
10022278
4587045
1735
15
269454884
9267
100748608
26
1880418
10022278
2504433
4587045
88
29934493
31
1
2701921
4870654
6423341
167
1821127
6398249
1
33990
181162
23418
45270
82915
2659693
47810
1367374
5603758
1430481
40911741
20296637
83179461
21233367
607273961
11081551
288
20296637
45414296
8483673
331559248
2659693
14932
746558
19
1367374
3059538
571540
22336979
5289823
5491341
7211430
215765477
6
14
2273427
78
850029
3937294
102
7211430
6217341
60946481
82750271
195054974
117803568
86207896
33399326
181261
215765477
6
156317
7445
84627
2356264
1
2
211848
381891
404964
503631
13
142788
922436
378358
661387
17
1211378
988576
220994
8859
1044390
10237806
13900413
1094578
4900940
22353736
32765388
19788675
14481226
5610428
30448
36244344
78860
2809
107763
20296
3243
27735
1710
2337
381
440
601
440
691113
145737
519445
52526
2700
89319
156309
67133
56337
3288
197377
7032
197377
78860
2809
107763
140677
50799
8119
50799
29665
691113
145737
519445
52526
2700
105734
20296
3243
27735
10692
549
4281
4281
954
1710
2337
381
2300
1101
1101
4026
89319
156309
67133
56337
2896
1729
440
601
440
1451
74
17349720
618202
23708489
135209
5614
179885
5611911
896918
7668707
52545
8395
71804
1590154
2172955
354428
38288
52323
8534
531292
726014
531292
13976
19100
13976
4768831
1005620
3584287
362447
18633
107397
22647
80720
8162
439
548250
959438
412069
345802
17778
15475
27082
11631
9761
654
296597
34982
34982
519044
1478880
115785
21017
115785
311857
327259
14052
327259
43423756
1547267
43423756
17349720
618202
23708489
135209
5614
179885
157943383
14045774
2244852
14045774
33306069
4768831
1005620
3584287
362447
18633
118711352
5611911
896918
7668707
12004236
617153
113397
23912
85230
8618
443
1111536
52545
8395
71804
112397
5772
80008
80008
21363
3979919
3979919
887299
1590154
2172955
354428
38288
52323
8534
14164794
1329746
1329746
24788389
582560
1019481
437856
367443
18890
10646358
531292
726014
531292
8934278
459324
20322
35565
15274
12818
654
222924
13976
19100
13976
187075
9616
78860
2809
107763
20296
3243
27735
1710
2337
381
440
601
440
691113
145737
519445
52526
2700
89319
156309
67133
56337
3288
197377
7032
197377
78860
2809
107763
140677
50799
4942180
102730
8119
50799
29665
691113
145737
519445
52526
2700
105734
20296
33
2046074
33
3243
27735
10692
549
4281
4281
954
1710
2337
381
2300
1101
4752
1101
4026
89319
156309
67133
56337
2896
1729
440
33
33
1967
601
440
1451
74
17349720
618202
23708489
135209
5614
179885
5611911
896918
7668707
52545
8395
71804
1590154
2172955
354428
38288
52323
8534
531292
726014
531292
13976
19100
13976
4768831
1005620
3584287
362447
18633
107397
22647
80720
8162
439
548250
959438
412069
345802
17778
15475
27082
11631
9761
654
296597
34982
612638
34982
519044
1478880
115651
51954817
1079961
21017
115651
311857
327259
14052
327259
43423756
1547267
43423756
17349720
618202
23708489
135209
5614
179885
157943383
14045774
5548737352
115339166
2244852
14045774
33306069
4768831
1005620
3584287
362447
18633
118711352
5611911
15361
2297190063
132
896918
7668707
12004236
617153
113397
23912
85230
8618
443
1111536
52545
139
21509414
2
8395
71804
112397
5772
80008
80008
21363
3978939
3978939
887080
1589762
2172419
354428
38288
52323
8534
14164794
1329746
29258051
1329746
24788389
582560
1019481
437856
367443
18890
10646358
531292
33
78
12112900
726014
531292
8934278
459324
20322
35565
15274
12818
654
222924
13976
1
2
253632
19100
13976
187075
9616
78860
2809
107763
20296
3243
27735
1710
2337
381
440
601
440
691113
145737
519445
52526
2700
89319
156309
67133
56337
3288
197377
7032
197377
78860
2809
107763
140677
50799
8119
50799
29665
691113
145737
519445
52526
2700
105734
20296
3243
27735
10692
549
4281
4281
954
1710
2337
381
2300
1101
1101
4026
89319
156309
67133
56337
2896
1729
440
601
440
1451
74
17349720
618202
23708489
157608
5614
215374
5611911
896918
7668707
52545
8395
71804
1986053
2713953
442778
38288
52323
8534
667540
912198
667540
13976
19100
13976
4768831
1005620
3584287
362447
18633
107397
22647
80720
8162
439
548250
959438
412069
345802
17778
15475
27082
11631
9761
654
296597
34982
34982
519044
1478880
131515
21017
131515
311857
394473
14052
394473
43423756
1547267
43423756
17349720
618202
23708489
157608
5614
215374
157943383
14045774
2244852
14045774
33306069
4768831
1005620
3584287
362447
18633
118711352
5611911
896918
7668707
12004236
617153
113397
23912
85230
8618
443
1111536
52545
8395
71804
112397
5772
95834
95834
21363
4970795
4970795
1108209
1986053
2713953
442778
38288
52323
8534
14164794
1670755
1670755
24788389
582560
1019481
437856
367443
18890
10646358
667540
912198
667540
8934278
459324
20322
35565
15274
12818
654
222924
13976
19100
13976
187075
9616
270172
270172
472801
78860
2809
107763
20296
3243
27735
1710
2337
381
440
601
440
24883
886
34004
6997
1118
9562
416
134
337
1471
568
134
134
134
367
486
293
146
134
691113
145737
519445
52526
2700
89319
156309
67133
56337
3288
178440
37628
134117
13562
697
18777
32859
14112
11843
608
197377
7032
197377
78860
2809
107763
4942180
102730
140677
50799
8119
50799
29665
691113
145737
519445
52526
2700
33
2046074
33
105734
20296
3243
27735
10692
549
4281
4281
954
1710
2337
381
4752
2300
1101
1101
4026
89319
156309
67133
56337
2896
33
33
1967
1729
440
601
440
1451
74
62280
29870
2219
62280
23924
24883
29870
886
34004
13062
97301
2022
5720
17514
8159
2799
17514
1206
6535
178440
37628
134117
13562
697
33
40282
6
4299
6997
8159
1118
9562
434
57
3568
1041
1888
134
369
2696
1041
232
3304
416
1888
134
337
1471
568
134
1803
66
66
268
472
268
674
538
268
115
826
18777
32859
14112
11843
608
2
5
33
49
134
472
134
367
486
293
146
134
57
57
450
17349720
618202
23708489
157609
5614
215374
5611911
896918
7668707
52547
8397
71805
1986053
2713953
442778
38289
52323
8534
667540
912198
667540
13976
19100
13976
12514128
445901
17100626
182865
6512
249886
4148871
663089
5669455
65589
10481
89627
479600
89593
3501452
2488931
3401138
554892
21431
4001
156477
111228
151994
24795
1962945
1185522
867557
867557
1185522
867557
122119
73754
53972
53972
73754
53972
4768831
1005620
3584287
362447
18633
107397
22647
80720
8162
439
548250
959438
412069
345802
17778
15475
27082
11631
9761
655
771610
162712
579947
58645
3013
16196
3758
12173
1373
68
100477
175834
75519
63374
3300
2424
4242
2047
2916
154
296598
34982
612638
34982
519047
1478880
131516
51954817
1079961
21018
131516
311857
394472
14053
394472
43423756
1547267
43423756
17349720
618202
23708489
157609
5615
215374
157943383
14045774
5548737352
115339166
2244852
14045774
33306069
4768831
1005620
3584287
362447
18633
118711352
5611911
15362
2297190063
133
896918
7668707
12004236
617153
113397
23912
85230
8618
443
1111536
52546
139
21509414
2
8397
71805
112401
5770
95834
95834
21363
4970795
4970795
1108209
1986053
2713953
442778
38289
52323
8534
14164794
1670755
29258051
1670755
24788389
582560
1019481
437856
367443
18890
10646358
667540
33
78
12112900
912198
667540
8934278
459322
20322
35565
15274
12818
657
222925
13975
1
2
253633
19098
13975
187074
9616
43422
164160
217734
3703259
76976
26235
164160
34777
45911
124636
457683
16306
457683
99828
8529342
31320994
1116023
31320994
6831563
8529342
12514128
445901
17100626
3729895
124636
182865
6512
249885
54501
2746761
10384004
13772828
234250615
4869264
1659613
10384004
2200014
2904324
771610
162712
579947
58645
3015
2746761
4148871
10351754
645
96980295
6
663089
5669455
1201163
1046781
53816
18096
3815
13601
1375
71
43422
65588
163650
11
1533157
1
10479
89627
18982
16542
847
278388
39255
10020
286599
278388
62064
501548
6229422
878421
224237
6413155
6229422
1388812
11223021
2488931
479600
89593
3501452
6413155
3401138
554892
6127541
111228
21432
4003
156477
286599
151994
24797
273835
2171367
2171367
3799892
101816
178178
76525
64219
3301
3
1632014
7
898950
1962945
1185522
867557
2171367
1185522
867557
1369564
70410
2074663
4849
8485
3644
3058
151
1
101531
1
55925
122119
73754
53972
135086
73754
53972
85202
4380
129069
2809
107763
78860
3243
27735
20296
134
1429938
3587930
2337
1710
381
601
440
10535
15974301
40081910
83278
691113
30015
1543
519445
89319
32192
67133
1879
7032
197377
2809
107763
78860
16951
140677
8119
50799
148
2619033
83278
691113
30015
1543
519445
6109
314
105734
3243
27735
20296
134
1813537
1429939
4281
954
2337
1710
381
2300
1101
19296
29258051
89319
32192
67133
1655
829
1729
42
601
440
10535
20259602
15974301
618202
23708489
17349720
5614
179885
135209
896918
7668707
5611911
1429938
22374
3587930
8395
71804
52544
13386
204
33589
2172955
1590154
354428
52323
38288
8535
726014
531292
15974301
40081910
19100
13977
334487
839278
574640
4768831
207112
10647
3584287
12941
107397
4664
251
80720
548250
197601
412069
10158
15475
5577
11631
373
296597
34984
612638
178203
1478881
21016
115785
24520
380
14052
327259
1547267
43423756
618202
23708489
17349720
5614
179885
135209
19032039
157943383
2244852
14045774
2619033
40979
574640
4768831
207112
10647
3584287
6859563
352659
118711352
896918
7668707
5611911
1813537
1429938
22372
13664
113397
4924
253
85230
64227
3298
1111536
8395
71804
52544
16978
13386
207
80008
21363
3979919
887299
2172955
1590154
354428
52323
38288
8535
14164794
1329746
29258051
582560
209967
437856
10794
5105301
10646358
262470
726014
531292
20259602
15974301
20322
7325
15274
373
106900
222924
5495
19100
13977
424217
334487
107743159
107721638
107743159
336914
452524
452615
107743159
107743159
107743159
107721638
107743159
336914
452615
336914
452524
452615
21713
17269
1404
53881
39430
690501
6363
5061
1621
13867
10148
177716
134
1254192
3146955
494
393
1168
855
190
14977
392
287
189
150
5032
6877
19034838
47761254
538742
542681
643066
4503616
223040
195594
10055
231775
3384949
60787964
229177
229177
54953160
82600
172251
94879
4246
4
82486
3516
98688
1728222
21713
17269
1404
53881
39430
690501
8414
8475
10043
70338
24175
4059
25399
444798
1
134
237
2297141
2297141
538742
542681
643066
4503616
223040
195594
10055
231775
3384949
3483
3054
157
3619
52867
6363
5061
1621
13867
10148
177716
1
134
130
1590645
1254192
1590645
1879
2140
477
37486
494
393
1168
855
190
14977
444037
1501
719
12596
3
12596
16795
34863638
60787964
229177
54953160
82600
172251
94879
4
4246
401416
541
1128
621
24
33
392
287
189
150
5032
1
6877
10063
24141165
19034838
7643709
6079464
494597
18968164
13880781
260791360
83686
76621
6227
127357
100608
3063732
109778606
177353115
177388547
2848935
2267832
726720
6208256
4543162
86196567
1254192
19622
3146955
42889
34112
10927
80978
68399
1197912
35099197
67357957
67371414
17423
266
43722
706773
559568
1669364
1216050
271111
39217704
52223
41534
80008
80008
20123
1580752
336914
2838244
2838812
558135
405973
267468
214024
13929572
19034838
47761254
80008
59524
39215
31189
1042462
109495
943461
943461
943461
1866557
2825187
2845846
3372268
23617155
1169634
1025705
52732
1215439
17750819
43601
43920
52045
364489
18051
15829
1040
18758
273952
193618706
1499019
1499019
175033987
540279
1126673
620597
27776
4
6927388
29137
29137
6262460
10501
21899
12062
1325
1
109098578
1129311
80008
1401097
109495
18352
1
943461
166520866
6345
943461
230302
231985
274899
1925230
89369
27358
90909
2998193
35099197
1
1239987
1469946
67371414
11891054571
4
31917
497
31917
190570
15598
228002
7668063
109778606
114153
530130
177388547
31309078545
29037859
1237903
34817985
652721787
7643709
6079464
494597
18968164
13880781
260791360
83686
76621
6227
127357
100608
3063732
109778606
20063
219473
177353115
177388547
17094120973
16571726
16692904
19780744
138531334
10832036
1817336
11380474
215737121
1
239
2297140
35941
2297140
3015898
3037952
3599909
25211403
1248589
1094944
56292
1297486
18949067
6860732
6016488
309316
7129413
104121120
2848935
2267832
726720
6208256
4543162
86196567
1
130
1590644
1254192
19622
1590644
55830
56238
66641
466715
23113
20270
1041
24019
350786
95342
83609
4293
99077
1447015
42889
34112
10927
80978
68399
1197911
35099197
1
217977
608560
67357957
67371414
6492274279
2
22100
17423
269
22100
80008
80008
50367
3956387
336914
557897
142414
2838812
501050318
2684978
3043592
681664
98156052
706773
559568
1669364
1216050
271111
39217704
52223
41535
80008
80008
20124
1580752
336914
230969
25035
2838244
2838812
273563296
1630583999
16878645
1016090
34863638
3
16795
34863638
193618706
2004203
175033987
722358
1506373
829744
4
37138
1474070476
6083433
12686107
6987797
24
312757
558135
405973
267468
214024
13929572
1
9170
24141165
19034838
6927388
71707
6262454
25845
53895
29687
1
1326
109098578
455272
949404
522953
1
23406
80008
59528
39219
31193
1042462
109495
18352
18352
1
458665
943461
943461
943461
166520866
6345
943461
943461
2809
107763
78860
3243
27735
20296
134
1429938
3587930
2337
1710
381
601
440
10535
15974301
40081910
83278
691113
30015
1543
519445
89319
32192
67133
1879
7032
197377
2809
107763
78860
16951
140677
8119
50799
4942180
102730
148
2619033
83278
691113
30015
1543
519445
6109
314
105734
3243
27735
20296
33
2046074
33
134
1813537
1429939
4281
954
2337
1710
381
2300
1101
4752
19296
29258051
89319
32192
67133
1655
829
1729
42
601
440
33
33
1967
10535
20259602
15974301
618202
23708489
17349720
5614
179885
135209
896918
7668707
5611911
1429938
22374
3587930
8395
71804
52544
13386
204
33589
2172955
1590154
354428
52323
38288
8535
726014
531292
15974301
40081910
19100
13977
334487
839278
574640
4768831
207112
10647
3584287
12941
107397
4664
251
80720
548250
197601
412069
10158
15475
5577
11631
373
296597
34984
612638
178203
1478880
21016
115651
24520
51954817
380
1079961
14052
327259
1547267
43423756
618202
23708489
17349720
5614
179885
135209
19032039
157943383
2244852
14045774
2619033
5548737352
40979
115339166
574640
4768831
207112
10647
3584287
6859563
352659
118711352
896918
7668707
5611911
1813537
1429938
15360
2297190063
22372
132
13664
113397
4924
253
85230
64227
3298
1111536
8395
71804
52544
16978
13386
140
21509414
207
2
80008
21363
3978939
887080
2172419
1589762
354428
52323
38288
8535
14164794
1329746
29258051
582560
209967
437856
10794
5105301
10646358
262470
726014
531292
33
79
12112900
20259602
15974301
20322
7325
15274
373
106900
222924
5495
19100
13977
1
2
253632
424217
334487
609801
180177
426861
107743159
107721638
107743159
609801
426861
426861
646592
336914
89300
452524
452615
452615
426861
180177
426861
426861
180177
426861
107743159
107743159
107743159
107721638
107743159
452615
336914
89300
452615
426861
426861
426861
426861
426861
426861
452615
336914
89300
452524
452615
21713
17269
1404
53881
39430
690501
6363
5061
1621
13867
10148
177716
134
1254192
3146955
494
393
1168
855
190
14977
392
287
189
150
5032
6877
19034838
47761254
538742
542681
643066
4503616
223040
195594
10055
231775
3384949
229177
229177
670478
82600
172251
94879
4246
4
606121
82486
3516
98688
1728222
54
820328
375452
21713
17269
1404
53881
39430
690501
29
820328
375452
8414
8475
10043
70338
24175
4059
25399
444798
3905163
1
2471090
51365
7563033
134
237
2297141
2297141
13
205082
93863
538742
542681
643066
4503616
223040
195594
10055
231775
3384949
3483
3054
157
3619
52867
6363
5061
1621
13867
10148
177716
55
1
33
1023037
33
1170716
134
130
1590645
1254192
1590645
7
205082
93863
1879
2140
477
37486
12
67968
494
393
1168
855
190
14977
6
67968
1501
4897
719
12596
3102
3102
3102
5940
3
3102
3102
9494
12596
16795
34863638
3
21272
3102
229177
670478
82600
172251
94879
4
4246
606121
541
1128
621
24
33
4427
392
287
189
150
5032
3102
3102
3102
11
1
89
876
1189
3102
33
33
1284
1469
6877
10063
24141165
19034838
2
21272
3102
609801
180177
426861
211592
60184
148115
7643709
6079464
494597
18968164
13880781
260791360
83686
76621
6227
127357
100608
3063732
109778606
177353115
177388547
2848935
2267832
726720
6208256
4543162
86196567
1254192
19622
3146955
42889
34112
10927
80978
68399
1197912
35099197
67357957
67371414
17423
266
43722
706773
559568
1669364
1216050
271111
39217704
609801
426861
426861
52223
41534
80008
80008
20123
1580752
5818682
336914
89300
2838244
2838812
2838812
558135
405973
267468
214024
13929572
19034838
47761254
211592
148115
148115
80008
59524
39215
31189
1042462
2001567
109495
26957
943461
943461
943461
1866557
943461
2825187
2845846
3372268
23617155
1169634
1025705
52732
1215439
17750819
43601
43920
52045
364489
18051
15829
1040
18758
273952
426861
180177
426861
426861
180177
426861
1499019
1499019
2135572
540279
1126673
620597
27776
4
1930587
29137
29137
76407
148115
60184
148115
10501
21899
12062
1325
1
69073
148115
60184
148115
1203334
1129311
80008
1401097
109495
659
26957
18352
277
11
1
486700
6345
160315
943461
1
255
2609129
230302
231985
274899
1925230
88886
27358
90853
2998193
35099197
32433
1
30242869
4
7161649
1239986
1469946
31917
67635627
497
1405912
31917
67371414
1
4506
2062
190521
15598
227944
7668063
109778606
114153
530130
177388547
1
16027
7335
29037859
1237903
34741520
652721787
54
4246067
1943360
7643709
6079464
494597
18968164
13880781
260791360
29
4246067
1943360
83654
76621
6227
127322
100608
3063732
109778606
20063
219473
96850543
177353115
177388547
1
16027
7335
16571726
16692904
19780744
138531334
10822883
1817336
11370856
215737121
3905163
1
239
2297140
4866769171
35941
101163393
2297140
13
861110
394117
3015898
3037952
3599909
25211403
1248589
1094944
56292
1297486
18949067
6860732
6016488
309316
7129413
104121120
2848935
2265915
726106
6208256
4543162
86196567
55
1
130
1590644
1254192
13471
2014853663
753349501
19622
117
1590644
7
861110
394117
55830
56238
66641
466715
23113
20269
1041
24019
350786
95342
83609
4293
99077
1447015
42889
34112
10927
80978
68399
1197911
35099197
11
1
6945623
2
102
217977
608560
22100
17423
184
28001305
36927679
10469628
269
2
22100
36783423
67357957
67371414
1
4506
2062
80008
80008
50367
3956387
4073078
336914
89300
557897
142414
2838812
1
1020
2672714
3043592
678550
98156052
12
443700
703545
559568
1661739
1216050
271111
39217704
6
443700
426861
426861
426861
426861
426861
426861
52223
41535
80008
80008
20124
1580752
4073078
336914
89300
230969
25035
1549933
2838244
2838812
1
1020
17984992
16878645
1016090
34863638
21597469
8380617
133935
5940
3
16795
34863638
3
124365
34863638
2135572
2004203
1930587
722358
1506373
829744
4
37138
16258682
6083433
12686107
6987797
24
312756
554764
405973
267468
212732
13929572
21597469
8380617
133935
11
1
9169
1004606
9847803
13370885
41
95
14433626
24141165
19034838
5396702
34863638
2
124365
34863638
76407
71707
148115
148115
148115
69073
25845
53895
29687
1
1326
148115
148115
148115
1203334
455272
949404
522953
1
23406
80008
59528
39219
31193
1042462
1401097
109495
659
659
26957
18352
18352
277
11
1
309115
486700
6345
4
90703
75182
736991
943461
3
458665
7
943461
943461
943461
403879
943461
943461
1
255
2609129
2809
107763
78860
3243
27735
20296
134
1429938
3587930
2337
1710
381
601
440
10535
15974301
40081910
83278
691113
30015
1543
519445
89319
32192
67133
1879
7032
197377
2809
107763
78860
16951
140677
8119
50799
148
2619033
83278
691113
30015
1543
519445
6109
314
105734
3243
27735
20296
134
1813537
1429939
4281
954
2337
1710
381
2300
1101
19296
29258051
89319
32192
67133
1655
829
1729
42
601
440
10535
20259602
15974301
618202
23708489
17349720
5614
215373
157608
1429938
22374
896918
7668707
5611911
3587930
13386
204
8395
71804
52544
33589
2713953
1986053
442779
52323
38288
8535
15974301
912198
667541
40081910
334487
19100
13977
839278
574640
4768831
207112
10647
3584287
12941
107397
4664
251
80720
548250
197601
412069
10158
15475
5577
11631
373
296597
34984
612638
178203
1478880
21016
131514
24520
380
14052
394473
1547267
43423756
618202
23708489
17349720
5614
215373
157608
19032039
157943383
2244852
14045774
2619033
40979
574640
4768831
207112
10647
3584287
6859563
352659
118711352
896918
7668707
5611911
1813537
1429938
22372
13664
113397
4924
253
85230
64227
3298
1111536
8395
71804
52544
16978
13386
207
95834
21363
4970795
1108209
2713953
1986053
442779
52323
38288
8535
14164794
1670755
29258051
582560
209967
437856
10794
5105301
10646358
262470
912198
667541
20259602
15974301
20322
7325
15274
373
106900
222924
5495
19100
13977
424217
334487
107721638
107743159
452524
452615
107743159
107721638
107743159
233472
452615
233472
66361
127471
452524
452615
36141
233472
21713
17269
1404
53881
39430
690501
6363
5061
1621
13867
10148
177716
134
1254192
3146955
494
393
1168
855
190
14977
392
287
189
150
5032
6877
19034838
47761254
538742
542681
643066
4503616
223040
195594
10055
231775
3384949
60787964
229177
229177
54953160
82600
172251
94879
4246
4
82486
3516
98688
1728222
21713
17269
1404
53881
39430
690501
8414
8475
10043
70338
24175
4059
25399
444798
134
237
2297141
2297141
538742
542681
643066
4503616
223040
195594
10055
231775
3384949
3483
3054
157
3619
52867
6363
5061
1621
13867
10148
177716
134
67
130
1590645
1254192
1590645
1879
2140
477
37486
494
393
1168
855
190
14977
444037
1501
719
12596
12596
38721
34863638
60787964
229177
54953160
82600
172251
94879
4
4246
401416
541
1128
621
24
33
392
287
189
150
5032
6877
17552
22034
24141165
19034838
8200698
6522469
530638
20350355
14892259
260791360
177353115
177388547
96338
76621
6227
196341
169592
3063732
1254192
19622
3086609
2454950
786682
6726184
4922178
86196567
3146955
67357957
67371414
17423
266
42889
34112
10927
93471
68399
1197912
43722
1005118
797710
2374040
1733578
386490
39217704
4072264
4073078
52223
41534
123350
90267
20123
1580752
19034838
791135
577300
380344
303371
13929572
47761254
2608607
2609129
1424531
81343
59524
39215
31189
1042462
3574361
2825187
2845846
3372268
23617155
1169634
1025705
52732
1215439
17750819
43601
43920
52045
364489
18051
15829
1040
18758
273952
193618706
1499019
1499019
175033987
540279
1126673
620597
27776
4
6927388
29137
29137
6262460
10501
21899
12062
1325
1
236552997
1263166
26
7453
160832
1345870
2609129
460511268
17548
148992
2609129
230302
231985
274899
1925230
22
1619
174152
1239986
1469946
67371414
11891054571
4
157870
27358
159837
2998193
31917
497
31917
114153
530130
177388547
31309078545
266858
15598
313286
7668063
31153818
1328108
37273099
652721787
8200698
6522469
530638
20350355
14892259
260791360
20063
219473
177353115
177388547
17094120973
96337
76621
6227
196306
169592
3063732
16571726
16692904
19780744
138531334
239
11725788
1968948
12319477
215737121
2297140
35941
2297140
3015898
3037952
3599909
25211403
1248589
1094944
56292
1297486
18949067
6860732
6016488
309316
7129413
104121120
67
130
3086609
2454950
786682
6726184
4922178
86196567
1590644
1254192
19622
1590644
55830
56238
66641
466715
23113
20269
1041
24019
350786
95342
83609
4293
99077
1447015
4
645
125734
217977
608560
67357957
67371414
6492274279
1
2
42889
34112
10927
93471
68399
1197911
22100
17423
269
22100
2087072
557897
142414
4073078
718898267
148992
148992
50367
3956387
3810171
4338888
967329
98156052
1002961
797710
2368944
1733578
386490
39217704
597173
1147113
325226
2087072
230969
25035
4072264
4073078
392503852
52223
41535
123350
90267
20124
1580752
1630583999
16878645
38721
1444897
34863638
193618706
2004203
175033987
722358
1506373
829744
4
37138
1474070476
6083433
12686107
6987797
24
312756
17552
21140
788884
577300
380344
302508
24141165
19034838
13929572
6927388
71707
6262454
25845
53895
29687
1
1326
110316643
455272
949404
522953
1
23406
4
2977
111367
382537
734817
208333
1345870
458665
1080185
2608607
2609129
251429721
4987
9580
81346
59528
39219
31193
1806679
1424531
1042462
403879
2809
107763
78860
3243
27735
20296
134
1429939
3587930
2337
1710
381
601
440
10535
15974301
40081910
886
34004
24883
1118
9562
6997
134
60364
151463
568
416
134
134
337
1471
146
134
146
134
367
486
293
1185521
2974651
83278
691113
30015
1543
519445
89319
32192
67133
1879
21501
178440
7749
398
134117
18777
6767
14112
347
7032
197377
2809
107763
78860
4942180
102730
16951
140677
8119
50799
148
2619033
83278
691113
30015
1543
519445
33
2046074
33
6109
314
105734
3243
27735
20296
134
1813537
1429939
4281
954
2337
1710
381
4752
2300
1101
19296
29258051
89319
32192
67133
1655
33
33
1967
829
1729
42
601
440
10535
20259602
15974301
2219
62280
29870
13671
886
34004
24883
29870
7464
97301
2022
689
5720
2799
17514
8159
3734
134
110565
21501
178440
7749
398
134117
33
40282
6
248
33
4299
1118
9562
6997
8159
2038
134
76558
60364
1041
232
1888
134
369
2696
568
416
134
1030
1888
134
337
1471
66
66
268
472
268
268
674
538
2171367
18777
6767
14112
347
2
5
33
33
49
33
146
134
257
472
146
134
367
486
293
1503552
1185521
618202
23708489
17349720
5614
215374
157609
1429938
22375
896918
7668707
5611911
3587930
13388
204
8397
71804
52546
33593
2713953
1986053
442778
52324
38289
8534
15974301
912198
667540
40081910
334488
19100
13976
839280
445901
17100626
12514128
6512
249886
182865
60367
941
663089
5669455
4148871
151471
947
13
10480
89628
65589
2382
479600
89592
3501452
3401138
2488931
554892
21431
4001
156477
151994
111228
24795
1962945
1185522
867557
1185522
1185522
867557
2974652
122119
73753
53972
73753
73753
53972
185058
574640
4768831
207112
10647
3584287
12941
107397
4664
251
80720
548250
197601
412069
10158
15475
5577
11631
374
92978
771610
33511
1722
579947
2147
16196
784
39
12173
100477
36214
75519
1885
2424
1666
2047
89
296598
34984
612638
178203
1478880
21019
131515
24522
51954817
383
1079961
14055
394472
1547267
43423756
618202
23708489
17349720
5615
215374
157609
19032039
157943383
2244852
14045774
2619033
5548737352
40980
115339166
574640
4768831
207112
10647
3584287
6859563
352659
118711352
896918
7668707
5611911
1813537
1429938
15362
2297190063
22374
136
13664
113397
4924
253
85230
64228
3302
1111536
8398
71804
52546
16980
13389
143
21509414
209
1
95834
21365
4970795
1108209
2713953
1986053
442778
52323
38290
8536
14164794
1670755
29258051
582560
209967
437856
10794
5105301
10646358
262470
912198
667540
34
81
12112900
20259602
15974301
20322
7324
15274
376
106900
222925
5495
19100
13977
1
1
253633
424218
334487
43423
19874
26236
164160
217734
1747
3703259
27
76978
124636
57044
16308
457683
8529342
3903750
1116023
31320994
8529342
2131368
445901
17100626
12514128
124636
31145
6515
249885
182864
2746761
1257151
1659613
10384004
13772828
110567
234250615
1730
4869264
92978
771610
33511
1722
579947
2746761
686378
598161
30752
663089
5669455
4148871
10351754
76561
60367
648
96980295
944
5
2180
18096
785
40
13601
43423
10850
9456
486
10482
89628
65589
163650
1210
954
10
1533157
14
1
278388
62064
39256
10020
286599
6229422
1388812
878421
224236
6413155
3401138
2488931
554892
479600
89592
3501452
6413155
151994
111228
24797
21432
4003
156477
286599
2171367
101816
36696
76525
1886
782608
2
1632014
6
898950
40234
1962945
1503553
1185522
867557
2171367
4849
1747
3644
89
48687
1
101531
1
55925
2503
122119
93539
73754
53972
135086
1020
649
230
706
438
72
426861
180177
609801
54993
4998
78561
107721638
107743159
426861
609801
452524
452615
452615
646592
3831689
3832455
62670
89528
12212
12212
12212
17445
426861
180177
426861
180177
54993
4998
54993
4998
107743159
107721638
107743159
233472
452615
233472
426861
426861
66360
127471
452524
452615
36140
233472
3832455
3831689
3832455
12212
7114
4530
72
12212
12212
1053755
485034
196
729668
193792
72
62670
62670
12212
12212
7114
4530
72
12212
12212
12212
12212
21713
17269
1404
53881
39430
690501
6363
5061
1621
13867
10148
177716
134
1254192
3146956
494
393
1168
855
190
14977
392
287
189
150
5032
6877
19034838
47761254
1062
16654
6339
9170
7294
593
22758
16654
1331
5479
2109
3436
2764
885
7488
5479
134
60904
152816
67
208
134
134
134
284
208
134
134
337
735
67
134
134
134
134
134
134
134
134
337
269
269
2469973
6197532
538742
542681
643066
4503616
223040
195594
10055
231775
3384949
229177
229177
670478
82600
172251
94879
4246
4
606121
21345
21501
25479
178440
8837
7749
398
9183
134117
18777
18777
18777
18777
50730
18777
18777
6767
14112
7773
347
1
45860
82486
3516
98688
1728222
2700
820328
375452
21713
17269
1404
53881
39430
690501
1474
820328
375452
2471090
51365
8414
8475
10043
70338
7563033
10034123
24175
4059
25399
444798
675
205082
93863
134
237
2297141
2297141
538742
542681
643066
4503616
223040
195594
10055
231775
3384949
33
1023037
33
3483
3054
157
3619
52867
1170716
142
6363
5061
1621
13867
10148
177716
368
205082
93863
134
68
130
1590645
1254192
1590645
1879
2140
477
37486
488
67968
494
393
1168
855
190
14977
266
67968
3102
3102
1501
9494
12596
719
12596
236
21272
12596
4897
234477
34863638
229177
670478
82600
172251
94879
4
4246
606121
89
876
1189
3102
33
33
1284
541
1128
621
26
33
1469
134
392
287
189
150
5032
236
21272
6877
4427
66643
128017
24141165
19034838
2533
6865
41682
34839
1485
41682
40954
17806
8149
22
2533
1062
16654
9170
7294
593
22758
16654
6339
17806
4449
8149
97301
2022
684
689
816
5720
258677
309401
781
8604
13715
13054
2192
13715
13475
5241
2399
134
438
6041
31340
111550
1741
111550
21345
21501
25479
178440
8837
7749
398
9183
134117
33
40282
6
283
248
33
294
4299
40041
134
8
781
1331
5479
3436
2733
875
7488
5479
2085
5241
1309
2399
134
438
2413
21701
77242
60904
493
951
77242
672
71
520
457
520
134
944
134
337
1348
1020
649
438
148
672
67
208
134
134
284
208
134
134
515
944
134
337
735
706
438
438
33
33
33
33
33
101
134
168
67
134
134
236
134
101
134
337
269
438
4523930
18777
18777
18777
50730
18777
18777
6767
14112
7773
1
347
45860
33
33
33
33
33
5
12
33
33
33
33
33
33
33
7
33
101
64
64
168
67
134
134
134
134
134
134
236
236
134
101
134
337
269
269
269
438
438
438
1285838
3132574
2469973
426861
180177
609801
148115
60184
211592
54993
4998
78561
18331
1666
26187
8200698
6522469
530638
20350355
14892259
260791360
177353115
177388547
96339
76624
6227
239072
174950
3063731
1254192
19625
3086609
2454950
786682
6726184
4922178
86196567
3146955
67357957
67371414
17425
266
42893
34113
10927
93473
68400
1197912
43728
1295657
1030507
3060278
2239492
499281
39217704
426861
609801
4072264
4073078
52222
41533
123349
90266
20122
1580752
4073078
5818682
19034838
1086967
795435
524058
416812
13929572
47761254
148115
211592
2608607
2609129
1424531
81342
59523
39214
31188
1042461
3574361
2609129
3727327
4577018
1253340
6621174
5266185
428432
16430702
12023882
137307
37597
20880858
20885030
198632
157982
12848
492914
360710
1593423
60906
946
2624928
2087750
669014
5720112
4185942
152824
100411
14832756
14835720
3832
60
165414
131564
42154
360468
263787
9619
1567444
429218
779593
145632
5691634
2340680
1861672
5528572
4045774
901981
62670
89528
207501
56820
103203
19278
753471
1379759
1380035
309863
246451
731884
535588
119405
1380035
1971478
4089695
2469973
1807511
700280
2469973
2469973
1807511
1190845
947145
6197533
29997
42852
1632592
986005
721552
279549
1805576
1805937
986005
1972010
1443104
950762
756194
5002051
1805937
3611874
2825187
2845846
3372268
23617155
1169634
1025705
52732
1215439
17750819
43601
43920
52045
364489
18051
15829
1039
18758
273952
426861
180177
426861
180177
1499019
1499019
2135572
540279
1126673
620597
27776
4
1930587
148115
29137
60184
29137
76407
148115
10501
21899
12062
1325
60184
1
69073
215901
217480
257709
1804829
89383
78384
4104
92884
1356522
2922
2943
3487
24427
1733
1683
114
1748
18359
54993
4998
54993
4998
155754
155754
288192
56137
117065
64482
2886
1
260529
288192
18331
1666
1666
29997
18331
1666
1666
1666
555
1666
1
27117
29997
34890974
230304
231988
274901
1925230
23
3
162958
27363
171209
11492796
2610
1621
181586
1239987
1469947
793077
362979
2998193
31924
67635627
499
1405912
31924
67371414
365989
15602
437877
6873
114156
530130
2088169
955723
7668062
177388547
31153818
1328108
37273099
585127
177749387
81353204
652721787
8200698
6522469
530638
20350355
14892259
319467
177749387
81353204
260791360
96340
76624
6233
239072
174951
3753
20067
219475
2088169
955723
3063731
96850543
177353115
177388547
16571726
16692904
19780744
138531334
241
11725788
1968948
12319477
187855
57066462
26118456
215737121
2297140
4866769171
35943
101163393
2297140
3015898
3037952
3599909
25211403
1248589
1094944
56292
1297486
18949067
6860732
6016488
309315
7129413
104121120
68
131
3086609
2454950
786682
6726184
4922178
102565
57066462
26118456
86196567
1590644
1254192
13474
2014853663
69296
753349501
19624
120
1590644
55830
56238
66641
466715
23113
20269
1042
24019
350786
8013114
95346
83613
4298
99080
1447016
3
1
1
42895
34117
10932
93476
68405
104
1425
648
125738
217980
608561
793077
362979
1197911
22105
17430
187
28001305
36927679
963
10469628
272
1
22105
36783423
67357957
67371414
198395
225925
50368
29295
2101020
3956387
557897
142415
4073078
4922100
5605114
1249626
726803
98156052
101051093
1295657
1030507
3060278
2239492
499281
396820
39217704
101051093
426861
426861
52224
41536
123351
90267
20124
15994
597173
1147114
325226
2101020
1580752
230970
25035
2223817
4072264
4073078
17984992
16878645
234479
1990857
250754
34863638
2135572
2004203
1930587
722358
1506373
829744
3
37137
16258682
6083433
12686107
6987797
26
312757
66646
128021
1086967
795435
524058
416812
136906
1004605
9847803
13370885
41
96
14433626
24141165
19034838
13929572
496
5396702
34863638
76407
71707
148115
69073
25844
53895
29687
1
1328
148115
309115
590899
1216769
455272
949404
522953
1
23406
4
4987
9580
81346
59528
39219
31193
4
90703
10245
2977
1952
22193
111367
382537
734817
208333
1345870
75182
736991
1000651
3
458665
7
1080185
1806679
1424531
1042462
37
403879
2608607
2609129
46127
13440
62415
754589
245852
3557
112523
32168
902807
887038
242900
20885030
1537615
25153326
8195201
3750819
1072303
30093981
29568337
8096795
21
1537615
6621174
5266185
8195201
2047871
3750819
428432
16430702
12023882
4577018
1253340
1
46127
2362
25840
198632
157983
245852
1111
61435
112523
12852
492914
360711
137308
37599
11402802
20880858
20885030
519962
6077
1662287
9971899
2771304
1268383
1674442
10476787
1984179
13895890
10293791
111555
236343677
1745
4912772
111555
236756
238487
282603
1979167
98017
85956
4419
101856
1487555
7
519962
940
688190
2624928
2087750
2771304
692511
1268383
603505
31027
669014
5720112
4185942
715141
792767
10444248
7127888
1593423
77246
60907
654
97846827
3365
36584720
496
953
5
77246
6236
6281
7443
52132
2581
2264
116
2682
39182
1
32766
59
48000
134010
43368
165417
131565
174642
22576
43640
79931
38031
1955
42159
360469
263789
45066
49958
658175
449185
100414
81059
4867
3838
135
3420556
41
6166109
8131767
212
2305495
31
60
1
4867
8100001
14832756
14835720
8892063
10125968
6072946
3867015
2772827
2257523
1427880
364497
61813
10424626
2340680
1861672
5528572
4045774
1567444
4205183
1545044
429218
901981
779593
145632
9568
5691634
148
10424626
62670
62670
309864
246452
731884
535588
207501
556691
204536
56820
119406
78257
103204
8482
15071
19279
1266
392247
753471
19
213621
1379759
1380035
288192
103870
216607
119312
1
5340
260529
288192
130358
1277857
1735015
1630523
5
3400217
12
1872917
1285838
7
83827
4089695
3132574
2469973
1807511
1190845
947145
64
64
700279
3800
4523930
10811
22545
12418
1
555
27117
29997
