1
854
2968982
2968982
1
470
2055791
2055791
1
6347
34417099
1
6347
23832520
1
6347
992527
1
12
78865
78865
1
853
3430769
3430769
1
468
2375621
2375621
1
8
54612
54612
1
10410
39741307
1
6664
27518685
1
6347
949291
1
853
2968982
2968982
1
468
2055790
2055790
1
6346
34417099
1
6346
23832520
1
6346
992522
1
10
78864
78864
1
851
3430769
3430769
1
466
2375620
2375620
1
7
54610
54610
5
10406
39741307
1
6661
27518685
1
6346
949288
853
8064043
8064043
245
468
5583910
5583910
17548
93412178
17548
17548
64682832
13092
1946321
10
78864
78864
851
8064043
8064043
243
466
5583910
5583910
5
7
54610
54610
22965
93412178
17558
17863
64682832
3723
7149
1347723
851
8064043
8064043
244
466
5583910
5583910
628259
93412178
178572
343018
64682832
334123
5231
334123
231364
1488
2857
231364
6547234
1860925
4533602
3574659
13090
1946320
8
78857
78857
848
8064043
8064043
241
463
5583910
5583910
2
4
54604
54604
628254
93412178
178568
343014
64682832
3720
7146
1347720
5394
84
5394
334119
5228
334119
231359
1485
2854
231359
3735
23
46
3735
6547234
1860922
4533602
3574656
102714
250235
197305
3353419
163848
3481169
74
70
2131331
11438
11872
70
70
4918
1793936
1811574
114915505
2388698
119293253
15194450825
315840376
15773288839
98896
885
6530177963
754
13
49387681
58006698
60216484
169
383
24929763
9
13
770993
242792
252041
330987
579227
9903111
491
5398
39400
4638
12732
21162
10756
7882232
163844
8182508
69
70
3387577
11433
11868
70
70
4914
83640
66992
83640
36575
195065
4055
202497
20454
16384
74
36
83834
20454
9235
11870
20774
9155
61291
447465
11870
11342
3658
33463
244307
550
573
3846
6731
87207
142571
124332
15
26
238
3846
3675
34844
77841
112397
67882
30489097
4506693
222593833
1827481
341393
6017068
184015582
73582733
42607555
6098047
2438440
1742103
1793932
1862272
270109573
5614649
280399494
35714646197
742384665
37075208358
98883
885
15349221780
750
11
116086037
136345087
141539202
165
381
58597556
5
9
770985
13199423
274371
13702260
211001
169012
637342
510478
64160450
51389217
64160450
28057468
637342
278718
1275375961
26510680
1323961862
20387249
16329137
3536
34
548123265
20387249
8915377
41
5
5672767
211001
92282
816740
1429295
3347156
854434
24436810
30214270
52874973
123823796
31608718
904008831
30214270
28868661
67605278
12629087
493570461
816740
780366
1827479
341384
13342001
7326468
7605572
9987916
17478853
298837753
15
26
3148724
9987916
9543099
270153460
163159343
119398962
7
5
104349
330987
316256
8952549
5406897
3956733
45791
1323769
18354
18357
981397
18354
1764957
86234
1832194
37
36
1121753
6017
6246
36
36
2586
944176
953460
60481845
1257209
62785922
7997079382
166231777
8301730968
52046
465
3436935770
396
6
25993516
30529841
31692886
88
201
13120928
4
5
405785
35
91163
41849
19
91163
41849
1155896
44158
750444
1163988
2761031
8
23226
10755
37
36
13
912991
1004590
4
23226
10755
11
9365
6
9365
3288
1289
3414
10045
3
2971
134123
134123
36
36
13
1414
1556
3
2971
3866
37885
51438
134123
134123
160316
660
961319
61
486904
967714
3
1029
45787
1323765
18353
33602489
80274241
3193833
60562274
1258881
19554
20421378
62869415
62623820
3
5147
2355
3
18584
8505
350
5465052
2501271
191
5465052
2501271
3
18584
8505
7058407887
146720024
7504060
7327300448
87
1371005
627488
45938
411
106
3033519287
1134226412
47
1371005
627488
192
397
7
13
4690004
26028083
34325424
9731844
34191334
3
5147
2355
3
3014
111
671623
60
671623
3
3014
32348096
12892
33580409
28
197507
1319439595
3101350543
93
212
13
13902366
5198065
15
197507
38020011
372697253
506030837
1319439595
3101350543
5
58832
142
660
5
7
13
242050
462695
845819
943714
316252
967714
3
1029
18356
981392
18353
1002760
9491593
12887239
33602489
80274241
3161991
49114
2189509
489463
19624
127784
132652
174203
5212164
256
2840
20736
2440
6701
11137
5660
4148543
86233
4306583
35
35
1782935
6017
6246
35
35
2586
44019
20147
44019
10999
102665
2134
106576
10765
4927
35
18
44122
10765
2776
6247
4818
32257
235508
3410
6247
1925
17612
128582
289
300
2024
45898
75037
65437
7
13
124
1105
2024
18338
40968
59155
35727
16046893
2371944
117154649
961832
179680
3166878
96850306
38727754
22425029
3209498
1283389
916896
944174
980143
142162933
2955078
147578681
18797182208
390728771
19513267556
52042
463
8078537779
393
3
61097914
71760572
74494316
85
198
30840819
1
2
405781
6947064
144405
7211715
111050
50826
335443
153527
33768658
15455403
33768658
8438336
335443
83822
671250505
13952989
696822032
10730131
4911018
1858
16
288485928
10730131
2681316
19
0
2985667
111050
27750
429863
1761661
449702
12861479
15902247
65170419
16636167
475794122
8682304
15902247
35581725
6646888
259773926
234696
429863
961831
179676
7022106
3856036
4002933
5256798
157283028
4
10
1657223
2870105
5256798
142186031
85873338
62841559
0
0
54918
95111
174203
4711868
2845735
2082491
194
2874
20987
1919
6670
12065
5429
2993
909239
416145
1634
909239
416145
2124351
44157
2205278
6489820
8569083
756
229946
105243
35
35
912990
1004589
136
413
229946
105243
656
91262
358
91262
3288
3413
10045
13263
237
27357
134123
35
35
1413
1554
136
237
27357
3864
37885
51438
134123
3033
22675
10378
84
3033
22675
5666
10378
53361
1109
55394
163017
215246
772
5776
2643
35
17
22933
25234
136
28
772
5776
1443
2643
3346
4692
2817
27426
200235
169
3346
2562
4692
1125
14974
109324
171
178
524
692
1073
1404
7004
7004
27216
54503
45523
8
17
73
103
80
105
1073
767
1404
201
1978
2686
7004
3824
1084
35
10874
30980
42475
25653
271
20481254
3027401
149528891
1379811
571545
10073686
132862095
53127871
30763313
22318211
8883504
4958054
287551
1594
1968046
1053926
2043020
19297
2682968
3161991
49111
80274241
20799045
142351983
2959008
76232180
147774932
147197660
7490
2275537
1041478
22669
6886407
3151804
2755749
837137963
383145374
1504583
837137963
383145374
12376
6886407
3151804
16590829329
344866283
17222862878
873034
265209157
121382217
45934
409
7130304959
245232
2666005865
476658
265209157
121382217
189
394
3
17507599
61179163
80682111
2104
22874758
80366932
4089
2275537
1041478
45860
6376159
2266907
315179311
1237685
315179311
25038
6376159
76034392
78930949
745532
103655009
3101350543
90
210
32677595
1123
12218083
407045
103655009
89366261
876027091
1189428465
3101350543
2
58829
140
1594
2
5
242046
462690
845815
1115447
29
316248
2043020
10535
2682968
2189506
489459
19622
2313124
22674769
30786738
80274241
9744891
29934493
11333062
235575
11764799
11718841
33990
181162
74979
82915
72751851
82609
440291
6371
201514
5814856
30992099
14184614
82
5814856
30992099
7744511
14184614
72751851
1
82609
440291
1990
110022
201514
626968976
13032528
650853582
1880418
10022278
4587045
1735
15
269454884
9267
100748608
26
1880418
10022278
2504433
4587045
88
29934493
31
0
2701921
4870654
6423341
167
1821127
6398249
0
33990
181162
23418
45270
82915
2659693
47810
1367374
5603758
1430481
40911741
20296637
83179461
21233367
607273961
11081551
288
20296637
45414296
8483673
331559248
2659693
14932
746558
19
1367374
3059538
571540
22336979
5289823
5491341
7211430
215765477
6
14
2273427
78
850029
3937294
102
7211430
6217341
60946481
82750271
195054974
117803568
86207896
33399326
181261
215765477
6
156317
7445
84626
2356264
1
2
211848
381891
404964
503631
13
142788
922437
378358
661387
17
1211378
988576
220994
8859
1044390
10237806
13900413
1094578
4900940
22353736
32765388
19788675
14481226
5610428
30448
36244344
2164
266
3186
604
266
902
266
266
264
264
264
264
13950
2952
10483
1080
133
1787
3128
1350
1143
132
40299
1447
40299
16103
581
22005
30445
10529
1691
10529
6433
139340
29395
104728
10604
561
22883
4213
682
5752
2327
133
1090
1090
267
444
600
266
659
305
305
1153
17826
31196
13397
11253
678
497
266
266
266
428
126
163427
152024
239772
152020
10683
152022
152021
152026
152378
99848
15971
136442
152024
152021
152022
72768
99432
16229
152022
152026
152022
26571
36305
26571
1359259
286645
1021631
103332
7261
31636
7158
23787
5625
864
163446
286030
124813
104763
6327
5074
8881
4088
5569
1273
563541
66475
66475
986198
2146065
152026
39947
152026
592548
152022
26714
152022
1408371
153364
1408371
568792
152066
774122
152024
10678
152023
77353564
455290
155312
455290
16312894
2334451
1910684
2213725
688657
35439
58119631
207705
152185
262100
5878343
1172617
215460
45461
161946
16402
857
2111931
99846
15963
136440
213574
10992
152020
152020
40604
162866
162866
152022
152022
152298
152022
72760
99425
16226
6936651
152022
152022
12139140
1106867
1937018
831930
698151
35923
5305031
152024
152025
152024
4378427
872729
38634
67609
29043
24400
1273
423565
26563
36299
26563
355465
18287
2159
267
3183
598
266
894
266
266
262
266
264
266
13946
2948
10480
1071
133
1786
3126
1343
1135
129
40297
1441
40297
16104
576
22003
30442
10523
1069333
22232
1686
10523
6428
139336
29387
104727
10596
554
22880
4206
70
442707
70
677
5748
2324
133
1089
1089
266
439
598
266
656
303
1349
303
1148
17823
31191
13396
11244
671
493
269
70
70
560
266
269
419
129
989390
152155
1582938
152024
10681
152022
316651
152362
510532
99848
15969
136444
153248
176665
152022
72764
99428
16227
152020
152020
152020
26569
36301
26569
1359256
286638
1021628
103320
7252
31629
7155
23776
5625
857
163441
286022
124808
104751
6320
5069
8871
4088
5563
1266
563540
66473
1164014
66473
986194
2304868
152025
41996982
1866177
39951
152025
592541
156058
26717
156058
10527561
390082
10527561
4206228
196550
5747834
152069
10678
152297
146909730
3405227
4485247624
93232872
551265
3405227
30979364
4435689
1910678
3333894
688652
35415
110418382
1360539
29204
1856902862
264
243812
1859184
11165641
1172606
215458
45443
161940
16390
861
2111924
99848
279
17386847
9
15965
136442
213579
10989
152022
152022
40601
1016851
1016851
228927
406277
555180
154501
72756
99425
16224
13175266
340265
23650354
340265
23056715
1106866
1937016
831928
698144
35908
9902622
165494
70
161
9791301
193289
165494
8310145
872726
38626
67595
29035
24376
1273
423562
26562
7
7
481904
36297
26562
355465
18287
2159
267
3183
598
266
894
266
266
262
266
264
266
13946
2948
10480
1071
133
1786
3126
1343
1135
129
40297
1441
40297
16104
576
22003
30442
10523
1686
10523
6428
139336
29387
104727
10596
554
22880
4206
677
5748
2324
133
1089
1089
266
439
598
266
656
303
303
1148
17823
31191
13396
11244
671
493
269
266
269
419
129
1567939
283223
2575335
283087
10681
283088
497731
283428
823254
99848
15969
136444
284315
309408
283088
72764
99428
16227
283087
283087
283087
26569
36301
26569
1359256
286638
1021628
103320
7252
31629
7155
23776
5625
857
163441
286022
124808
104751
6320
5069
8871
4088
5563
1266
563540
66473
66473
986194
2559189
249893
39951
249893
592541
287122
26717
287122
12490786
521150
12490786
4990624
327616
6819715
283135
10678
283361
160765483
4040248
682333
4040248
33901175
4854039
1910678
3648330
688652
35415
120832462
1614258
374878
2205893
12218725
1172606
215458
45443
161940
16390
861
2111924
99848
15965
136442
213579
10989
182094
182094
40601
1429842
1429842
359994
583394
783119
285566
72756
99425
16224
14417887
494744
494744
25231303
1106866
1937016
831928
698144
35908
10836585
296560
324355
296560
9093914
872726
38626
67595
29035
24376
1273
423562
26562
36297
26562
355465
18287
270172
270172
472801
2157
261
3181
597
261
892
259
260
260
260
259
260
939
260
1450
290
261
447
259
260
647
645
259
262
262
262
643
515
515
261
262
13943
2940
10479
1060
123
1783
3121
1340
1126
122
3599
760
2706
276
129
379
664
284
240
129
40295
1437
40295
16099
574
22000
1069332
22228
30440
10519
1682
10519
6420
139334
29382
104724
10591
549
70
442705
70
22880
4203
673
5744
2316
121
1084
1084
259
432
592
259
1346
652
299
299
1141
17817
31181
13392
11238
664
70
70
557
489
259
259
259
413
122
13620
6464
485
13620
5179
5442
6464
259
7437
2829
22707
472
1338
3911
1804
626
3911
284
1444
35969
7588
27035
2733
143
70
9400
17
1006
1564
1804
259
2136
121
123
790
521
935
260
645
1336
521
259
1636
259
935
262
643
728
284
260
893
69
69
259
451
259
643
515
259
121
790
3785
6624
2845
2390
125
9
17
69
69
259
451
259
645
515
515
260
259
118
126
791
20230302
1174585
36125819
299465
10681
409213
6543659
1704146
11685196
99848
15969
136440
3115458
4262031
841280
72762
99427
16227
1268330
1733178
1268330
26567
36299
26567
14591855
847212
26057086
347449
12389
474788
4837710
1259872
8638835
124634
19929
170306
911241
170238
3000307
3211558
5182485
1054296
40728
7615
297313
211342
288793
47121
3465691
2081016
1514689
1648362
2252493
1648362
232031
140136
102550
102550
140136
102550
1359252
286632
1021623
103314
7233
31626
7132
23771
5613
861
163437
286015
124804
104738
6307
5062
8859
4079
5558
1270
219931
46386
165303
16725
5557
4805
5553
3878
2631
149
28774
50354
21629
18159
5554
3176
5559
3176
5559
315
563536
66479
1164012
66479
986189
2809873
249881
98714154
2051927
39945
249881
592527
749498
26714
749498
82505137
2939807
82505137
32964468
1174583
45046129
299457
10677
409210
300092429
26686971
10542600969
219144416
4265220
26686971
63281531
9060779
1910678
6810145
688650
35410
225551570
10662631
29197
4364661119
262
1704145
14570544
22808049
1172591
215455
45435
161939
16381
849
2111920
99842
277
40867887
9
15964
136435
213568
10989
182090
182090
40601
9444511
9444511
2105597
3773501
5156511
841279
72762
99424
16224
26913108
3174434
55590296
3174434
47097940
1106865
1937014
831927
698142
35894
20228081
1268327
70
159
23014511
1733176
1268327
16975128
872713
38613
67574
29025
24360
1261
423558
26562
5
7
481903
36297
26562
355453
18280
82511
311904
413694
7036193
146266
49858
311904
66096
87253
236812
869598
30995
869598
189692
16205750
59509888
2120445
59509888
12979971
16205750
23776845
847212
32491190
7086800
236812
347443
12386
474783
103567
5218846
19729608
26168373
445076170
9251602
3153266
19729608
4180027
5518215
1466059
309154
1101900
111426
5730
5218846
7882855
19668333
1235
184262561
15
1259869
10771965
2282210
1988885
102267
34383
7260
25842
2628
146
82511
124628
310935
24
2913000
5
19923
170296
36092
31454
1622
528937
74590
19045
544538
528937
117925
952941
11835903
1669001
426049
12184994
11835903
2638743
21323740
4728969
911241
170229
6652759
12184994
6462162
1054295
11642329
211338
40726
7613
297306
544538
288789
47120
520286
4125597
4125597
7219795
193452
338541
145400
122019
6280
9
3100827
17
1708006
3729596
2252492
1648359
4125597
2252492
1648359
2602172
133795
3941861
9221
16136
6932
5828
312
1
192910
1
106261
232028
140134
102548
256663
140134
102548
161887
8329
245235
139
1676
1137
139
472
316
138
943463
1307659
139
139
138
138
138
348
2663184
14674182
885
7340
322
39
5517
939
342
709
38
760
21210
305
11579
8473
1934
16023
887
5538
138
972683
8838
73335
3186
167
55119
699
39
12042
356
3026
2216
138
949113
944939
572
139
314
232
139
345
160
2752
10775658
9381
3381
7049
202
127
260
37
139
139
1507
7461554
6004990
80010
126195
86013
5622
80010
80010
80010
80196
80010
944483
22380
1386314
8405
71811
52551
13397
215
33606
80010
80010
80010
52331
38298
8541
80010
80010
3064957
14761073
19107
13984
334494
839287
86208
715399
31074
2182
537700
2150
16647
1691
258
12516
86023
31504
65689
1898
2668
1672
2149
381
296601
34986
612640
178210
1129508
21024
80010
24528
387
14059
80010
80716
741248
80033
407433
299364
5619
80010
80010
4906133
40712402
81740
239626
1199221
40988
574641
1228658
207115
10654
1165118
1767922
352667
30589279
80095
137946
109318
1100987
1054278
22378
13668
113400
4930
257
85233
64232
3305
1111542
8401
71809
52549
16984
13392
213
80010
21370
85718
80010
80156
80010
80010
52328
38294
8539
3650869
80010
12447554
582562
209970
437858
10800
1316820
2792121
262475
80010
80010
8619252
6796112
20330
7334
15281
381
106906
222929
5499
19104
13980
424221
334490
130039
1167717
964004
32530
32520
32530
628255
4484978
628255
5184214
4484978
77714
77714
77714
77698
77714
344
261
138
1047
690
12047
139
139
138
309
201
3473
138
943463
1155196
138
138
139
139
138
912
138
138
138
138
324
358
3195087
17951161
5720
5761
6828
47810
2369
2079
110
2463
35935
623672
2415
2415
563830
872
1816
1002
49
8
9217
396
11027
193062
2430
1933
162
6022
4406
77138
1011
1018
1205
8426
2774
467
2915
50983
1
138
246
955668
955668
57163
57581
68229
477833
23666
20754
1070
24594
359143
419
368
38
437
6333
733
584
191
1592
1167
20372
1
138
136
944804
943850
944804
327
373
139
6462
139
139
204
150
139
2584
78770
281
139
2224
1
2224
6347
13131757
3191695
24111
2885341
8691
18122
9982
7
451
71214
103
210
119
32
37
139
139
138
138
891
1
1215
6347
9072710
7053037
80018
80010
80010
109560
81355
87766687
80010
76632
6241
80010
80010
1401099
5906357
51708689
48323626
80010
80010
80010
80010
80010
28780414
943745
19630
1251278
42904
34124
10941
80010
68412
1197921
2160233
19473652
18555326
17438
278
43747
80010
80010
80010
80010
80010
13241195
52230
41542
80010
80010
20131
1401099
127686
1154583
1100188
80010
80010
80010
80010
4738417
3652064
17618045
80010
59534
39224
31199
1042467
109497
943463
943462
943463
1349900
435586
438772
519933
1154607
180336
158146
8172
187399
1148121
7283
7335
8692
60839
3019
2659
1048
3138
45726
91469361
253951
253951
85955678
91533
193456
108614
4777
7
3568426
6825
6825
3225831
2563
5340
2826
1335
5
109098668
1129313
80010
1401099
109497
18353
1
943462
166521043
6346
943462
230311
231996
274907
1129319
80010
27368
80010
1662329
3192433
1
943462
943465
25118307
4409252835
6
31928
502
31928
80010
15605
80010
4218143
8535922
114161
530139
66571120
11592714842
519746
80128
625406
359720489
134502
112440
80010
339510
248086
143682650
80010
76630
6238
80010
80010
1696942
8535922
20071
219484
75453167
66571120
6376882746
4346113
4347526
5101287
35734638
194473
80332
202627
116904485
1
246
1152151
35948
1152151
1159313
1159536
1165217
6496920
1141553
1094947
56297
1142060
4882105
1799300
1566064
309321
1869765
26846400
82169
80912
80010
112431
91196
47840125
1
135
1057037
1014225
19628
1057037
55834
56243
66647
466719
23120
20274
1046
24024
350790
95353
83619
4301
99085
1129315
42901
34120
10936
80010
68410
1197921
3192433
1
217987
608567
28656791
25118307
2434326290
5
22110
17433
276
22110
80010
80010
50373
2153073
173604
557899
142419
1495836
264015179
80609
80722
80010
53244135
80010
80010
80010
80010
80010
21283553
52227
41540
80010
80010
20129
1401099
173604
230974
25040
1609105
1495836
144388752
762819841
4426606
80010
19359535
1
6347
14832397
93211214
1148922
85310752
722361
1143927
829747
7
37141
703199878
1572790
3283761
1832625
30
312761
80010
80010
80010
80010
7557097
1
6347
10270625
8098187
3568336
71714
3225825
25853
53902
29694
4
1334
56700315
455274
949407
522955
3
23409
80010
59531
39222
31196
1042465
109497
18354
18354
1
458667
943462
943463
943462
98477533
6347
943463
943463
138
1673
1135
138
470
315
137
943462
1307656
138
138
137
137
137
347
2663183
14674182
885
7339
320
38
5516
938
339
706
37
756
21208
302
11578
8473
1931
16021
885
5536
562807
11699
137
972680
8837
73333
3186
165
55117
696
38
12041
354
3023
2213
36
233003
36
137
949109
944937
570
138
311
230
138
343
159
708
2750
10775658
9379
3380
7048
199
124
257
36
138
138
36
36
293
1503
7461554
6004990
80080
833125
520731
5621
80010
80010
80189
268701
166658
944480
22379
1386310
8404
71810
52550
13396
213
33605
92981
80656
80010
52330
38296
8540
80010
80010
3064957
14761073
19105
13983
334492
839286
86206
715398
31072
2179
537699
2149
16646
1689
257
12512
86021
31502
65687
1896
2664
1671
2146
380
296600
34985
612639
178208
1213088
21023
80010
24526
22103674
386
982198
14058
82134
205306
5540822
103446
3025176
2213804
5618
80154
80034
9317102
77320910
290139
1792224
1199217
2360656644
40987
49069932
574640
2334573
207113
10650
1754681
3358087
352663
58114938
128321
978518
716073
1100983
1054274
15366
977317296
22377
139
13664
113398
4927
256
85231
64231
3304
1111538
8400
71808
52548
16983
13391
146
9150972
212
4
80010
21368
535185
120487
292200
213830
81315
52326
38292
8538
6934350
179087
12447554
582561
209968
437857
10797
2499291
5211906
262474
101730
87101
36
84
5153316
8619252
6796112
20325
7329
15279
380
106904
222928
5498
19103
13979
3
3
253634
424220
334489
12560
12403
12414
333821
1167716
1167786
17310
15553
15553
57663
32529
26958
32519
32529
32529
15488
15403
15488
15488
15403
15488
1679137
5185249
1679137
5184214
5185249
77713
77713
26958
77713
53411
29456
53411
53411
29456
53411
77713
77713
26958
77697
77713
342
260
137
1045
688
12044
138
138
137
307
200
3469
137
943462
1155194
137
137
138
138
137
910
137
137
137
137
323
356
3195087
17951161
5719
5761
6826
47809
2367
2076
109
2462
35933
2413
2413
6878
869
1813
998
47
7
6218
9215
394
11025
193062
3
9273
4355
2427
1930
160
6020
4405
77137
3
9273
4355
1008
1016
1203
8425
2772
465
2912
50981
48339
1
295973
6153
871005
137
245
955663
955663
3
2553
1276
57160
57579
68229
477832
23664
20753
1067
24591
359141
417
366
37
434
6332
729
581
189
1589
1163
20369
13
1
36
122533
36
134827
137
135
944801
943848
944801
3
2553
1276
325
370
138
6461
3
1360
138
138
203
149
138
2582
3
1360
277
868
138
2222
572
572
326
85
1
572
572
1684
2222
6346
13131757
3
576
572
24108
68345
8689
18120
9981
6
447
61785
100
208
115
30
36
785
138
138
137
137
887
572
572
326
13
1
37
162
220
572
36
36
237
261
1213
6346
9072710
7053037
3
576
572
381670
25663
267171
131865
8878
92057
199469
147860
80010
704906
438098
93355655
80010
76631
6240
80010
80010
1404401
6813067
51708689
51726438
85722
82376
80010
232252
144702
30855842
943743
19629
1251276
42903
34123
10940
80010
68411
1197920
2538100
19473652
19480360
17437
277
43746
80010
80010
94560
80106
80010
13961677
609806
29565
426866
52229
41541
80010
80010
20130
1401099
3166538
134045
33001
1154581
1154982
1154982
80010
80010
80010
80010
4956470
3652064
17618045
211600
27484
148120
80010
59533
39223
31197
1042466
2001570
109497
26958
943462
943462
943462
1349898
943462
435583
438770
519933
1782568
180334
158144
8168
187396
1395783
7281
7333
8691
60836
3016
2657
1047
3134
45724
277470
29452
277470
277470
29452
277470
253948
253948
1224498
91529
193454
108610
4773
6
1222458
6822
6822
76413
96283
13432
96283
2561
5337
2824
1334
4
69076
96283
13432
96283
1203334
1129311
80008
1401097
109495
659
26957
18352
277
11
0
486700
6345
160315
943461
1
255
2609129
230308
231993
274905
1195669
80010
27366
80010
1748842
6054589
4136
1
8881995
5
1351840
956150
969043
31927
28774923
501
965005
31927
28662516
3
524
270
80125
15604
80234
4472772
17677946
114160
530135
75468241
3
1884
862
3770010
160697
4510521
380731881
17
443694
203072
992389
789302
89546
2462653
1802153
152119306
9
443694
203072
80010
76628
6236
80014
80010
1787071
17677946
20070
219481
41204127
75453167
75468241
3
1884
862
8112659
8171982
9683629
67817775
1406834
236076
1478063
125839219
483343
1
245
1152147
2070519877
35947
43038987
1152147
4
91809
42019
1476427
1487224
1762329
12342198
1248590
1094946
56294
1258813
9276483
3358659
2945361
309319
3490191
50972315
370324
294539
104423
806992
590552
50278360
13
1
134
1057033
1014221
13478
857200005
320505259
19627
123
1057033
3
91809
42019
55832
56240
66643
466716
23117
20272
1045
24021
350787
95351
83618
4300
99084
1153805
42900
34119
10935
80010
68409
1197916
6054589
13
1
2039852
4
108
217984
608565
22109
17432
190
11912884
15710523
4454202
275
4
22109
15649151
28656791
28662516
3
524
270
80010
80010
50372
2307756
2375821
187532
46805
557898
142418
1609425
3
463
404346
459058
103409
57254314
4
53676
106437
89711
251399
183414
80091
22875643
3
53676
426861
67079
426861
426861
67079
426861
52226
41539
80010
80010
20127
1401099
2375821
187532
46805
230973
25039
943462
1609103
1609425
3
463
9263739
8262911
156555
20335920
3476578
1162276
16780
858
1
6346
14832397
3
15614
34863638
1416624
1329420
1396078
722358
1279481
829745
6
37139
8374548
2978134
6210462
3420864
29
312760
89836
81221
80010
80010
8125104
3476578
1162276
16780
13
1
6346
950653
4189652
5688513
44
98
6140646
10270625
8098187
2295974
14832397
3
15614
34863638
76411
71710
148117
38768
148117
69076
25850
53899
29691
3
1333
148117
38768
148117
1203335
455273
949405
522954
2
23408
80010
59530
39221
31195
1042463
1401099
109497
660
660
26958
18353
18353
278
13
1
309117
486701
6346
5
90705
75184
736992
943462
4
458666
8
943462
943462
943462
403880
943462
943462
3
257
2609129
138
1673
1135
138
470
315
137
1127834
3587933
138
138
137
137
137
347
7204201
40081910
885
7339
320
38
5516
938
339
706
37
756
21208
302
11578
8473
1931
16021
885
5536
137
2619035
8837
73333
3186
165
55117
696
38
12041
354
3023
2213
137
1813544
1429945
570
138
311
230
138
343
159
2750
29258051
9379
3380
7048
199
124
257
36
138
138
1503
20259602
15974301
149063
1355439
825231
5621
148993
148993
1127832
22379
149172
433291
261963
3587931
13396
213
8404
71810
52550
33605
162846
149639
148993
52330
38296
8540
7204201
148993
148993
40081910
334492
19105
13983
839286
86206
715398
31072
2179
537699
2149
16646
1689
257
12512
86021
31502
65687
1896
2664
1671
2146
380
296600
34985
612639
178208
1346941
21023
131521
24526
386
14058
151117
274289
6574098
172429
3589324
2626644
5618
149137
149017
10195842
84613412
359122
2126446
2619033
40987
574640
2554757
207113
10650
1920173
3674804
352663
63596032
197304
1160996
849609
1813537
1429939
22377
13664
113398
4927
256
85231
64231
3304
1111538
8400
71808
52548
16983
13391
212
95837
21368
752548
189470
412168
307049
150298
52326
38292
8538
7588361
260391
29258051
582561
209968
437857
10797
2735011
5703465
262474
170713
156084
20259602
15974301
20325
7329
15279
380
106904
222928
5498
19103
13979
424220
334489
2298489
2299130
32519
32529
12187960
12185526
12187960
40122
77713
40122
12659
21906
77697
77713
12215
40122
342
260
137
1045
688
12044
138
138
137
307
200
3469
137
1109199
3146958
137
137
138
138
137
910
137
137
137
137
323
356
8584463
47761254
5719
5761
6826
47809
2367
2076
109
2462
35933
623671
2413
2413
563830
869
1813
998
47
7
9215
394
11025
193062
2427
1930
160
6020
4405
77137
1008
1016
1203
8425
2772
465
2912
50981
137
245
2297145
2297145
57160
57579
68229
477832
23664
20753
1067
24591
359141
417
366
37
434
6332
729
581
189
1589
1163
20369
137
71
135
1590648
1254199
1590648
325
370
138
6461
138
138
203
149
138
2582
78769
277
138
2222
2222
17548
34863638
6196484
24108
5601717
8689
18120
9981
6
447
71213
100
208
115
30
36
138
138
137
137
887
1213
17548
17548
24141165
19034838
310346
223685
148993
1150798
708336
160047722
131725292
131774403
96347
76631
6240
148993
148993
1880215
1109198
19629
154705
151359
148993
383925
232337
52898854
3146956
50028704
50047356
17437
277
42903
34123
10940
93484
68411
1197920
43746
148993
148993
167610
149089
148993
24067915
3024588
3025716
52229
41541
123358
90272
20130
1516081
8584463
148993
148993
148993
148993
8548582
47761254
2001433
2002015
1000632
81351
59533
39223
31197
1042466
3574366
435583
438770
519933
1950690
180334
158144
8168
187396
1529636
7281
7333
8691
60836
3016
2657
1047
3134
45724
193618835
253948
253948
175034126
91529
193454
108610
4773
6
6927885
6822
6822
6262757
2561
5337
2824
1334
4
236552997
1263166
26
7453
160832
1345870
2609129
460511268
17548
148992
2609129
230308
231993
274905
1329522
26
1624
160832
1239991
1469951
67371414
11891054571
5
148993
27366
148993
2998193
31927
501
31927
114160
530135
177388547
31309078545
149108
15604
149217
7668062
4716502
229680
5642925
652721787
1241537
987463
158529
3080922
2254599
260791360
20070
219481
177353115
177388547
17094120973
96344
76628
6236
148997
148993
3063731
8877803
8942721
10596938
74213991
245
1775214
313200
1865095
215737121
2297140
35947
2297140
1615676
1627491
1928543
13506250
1248590
1094946
56294
1297486
10151392
3675431
3223152
309319
3819368
55779755
71
134
467294
378904
173406
1018304
745188
86196567
1590644
1254193
19627
1590644
55832
56240
66643
466716
23117
20272
1045
24021
350787
95351
83618
4300
99084
1287658
7
650
125742
217984
608565
67357957
67371414
6492274279
3
4
42900
34119
10935
93480
68409
1197916
22109
17432
275
22109
1345870
557898
142418
4073078
718898267
148993
148993
50372
3956387
634804
721959
172392
98156052
175551
158694
394685
288455
149074
39217704
597176
1147117
325228
1345870
230973
25039
4072264
4073078
392504053
52226
41539
123353
90270
20127
1580754
1630583999
9042225
17548
246808
34863638
193618710
1463273
175034011
722358
1413334
829745
6
37139
1474070476
3259016
6796200
3743502
29
312760
17548
17548
158819
150204
148993
148993
24141165
19034838
13929572
6927710
71710
6262745
25850
53899
29691
3
1333
110316734
455273
949405
522954
2
23408
6
2978
111369
382538
734819
208335
1345870
458666
1080187
2608608
2609129
251429898
4988
9581
81348
59530
39221
31195
1806680
1424532
1042463
403880
136
1672
1135
136
468
314
136
1127832
3587933
136
136
136
136
136
345
7204201
40081910
136
762
494
136
235
151
136
60371
151478
136
136
136
136
338
338
136
136
136
136
338
271
271
1095273
2974656
884
7338
318
35
5515
938
338
705
35
228
1893
82
35
1423
199
71
149
35
755
21207
301
11578
8473
562806
11698
1930
16020
884
5535
136
2619035
8836
73333
3184
163
55117
35
233003
35
695
35
12040
353
3022
2211
136
1813541
1429942
569
136
310
227
136
707
342
157
2750
29258051
9377
3379
7048
199
35
35
292
123
257
35
136
136
1501
20259602
15974301
255
7168
3401
1556
136
3913
2864
3401
850
11950
248
84
702
329
2058
948
434
136
110571
2281
18930
822
42
14228
35
4947
8
35
35
528
136
1123
822
948
237
136
76564
60369
274
136
491
136
338
701
149
136
136
268
491
136
338
383
35
35
136
237
136
136
338
271
2171368
1992
718
1497
36
4
8
35
35
35
35
136
136
237
237
136
136
338
271
271
1503554
1185523
618203
19013589
10647527
5620
215375
157613
1127828
22377
896919
6150103
3444031
3587931
13395
212
8403
71808
52549
33605
2243174
1639715
442779
52328
38294
8540
7204201
912199
667542
40081910
334490
19104
13982
839284
445901
13714255
7679924
6520
249888
182868
60371
948
663090
4546755
2546163
151477
956
17
10488
89632
65594
2397
479600
89596
1579109
2727624
1690293
554892
21435
4007
156481
151997
111232
24799
1824047
1095271
797205
1095271
1185522
867559
2974654
122121
73755
53973
73755
73755
53973
185064
86204
715396
31070
2173
537696
2143
16644
1685
256
12509
86019
31498
65685
1892
2660
1667
2143
379
13948
115753
5027
1667
87000
1667
2525
788
42
2035
15142
5457
11381
1667
1667
1667
1667
92
296598
34984
612638
178203
1478880
21019
131515
24522
51954817
383
1079961
14055
394472
1547267
43423756
618202
23708489
17349720
5615
215374
157609
19032039
157943383
2244852
14045774
2619033
5548737352
40980
115339166
574640
4768831
207112
10647
3584287
6859563
352659
118711352
896918
7668707
5611911
1813537
1429938
15362
2297190063
22374
136
13664
113397
4924
253
85230
64228
3302
1111536
8398
71804
52546
16980
13389
143
21509414
209
1
95834
21365
4970795
1108209
2713953
1986053
442778
52323
38290
8536
14164794
1670755
29258051
582560
209967
437856
10794
5105301
10646358
262470
912198
667540
34
81
12112900
20259602
15974301
20322
7324
15274
376
106900
222925
5495
19100
13977
0
1
253633
424218
334487
43423
19874
26236
164160
217734
1747
3703259
27
76978
124636
57044
16308
457683
8529342
3903750
1116023
31320994
8529342
2131368
445901
17100626
12514128
124636
31145
6515
249885
182864
2746761
1257151
1659613
10384004
13772828
110567
234250615
1730
4869264
92978
771610
33511
1722
579947
2746761
686378
598161
30752
663089
5669455
4148871
10351754
76561
60367
648
96980295
944
5
2180
18096
785
40
13601
43423
10850
9456
486
10482
89628
65589
163650
1210
954
10
1533157
14
0
278388
62064
39256
10020
286599
6229422
1388812
878421
224236
6413155
3401138
2488931
554892
479600
89592
3501452
6413155
151994
111228
24797
21432
4003
156477
286599
2171367
101816
36696
76525
1886
782608
2
1632014
6
898950
40234
1962945
1503553
1185522
867557
2171367
4849
1747
3644
89
48687
0
101531
0
55925
2503
122119
93539
73754
53972
135086
633
439
73
439
441
73
12411
12400
12556
12214
3501
12214
2298489
2299129
15549
17305
32516
32527
32527
57661
182294
182352
12292
12360
12214
12214
12214
17448
15482
15398
15482
15398
12291
3639
12291
3639
12187960
12185526
12187960
40119
77710
40119
53407
53407
12657
21904
77694
77710
12214
40119
549642
549533
549642
12212
7114
4530
72
12212
12212
133565
59947
73
92487
24237
73
15388
15388
12214
12214
7115
4532
73
12214
12214
12214
12214
339
258
136
1043
687
12043
136
136
136
304
198
3468
136
1109196
3146958
136
136
136
136
136
909
136
136
136
136
320
353
8584463
47761254
69
400
136
189
147
136
631
400
69
144
136
136
136
136
216
144
136
60913
152839
69
136
136
136
136
137
136
136
136
338
338
69
136
136
136
136
136
136
136
136
338
271
271
1215420
6197533
5719
5760
6826
47808
2367
2076
106
2460
35933
2412
2412
6878
869
1813
998
44
6
6218
226
228
270
1895
93
82
35
97
1424
201
201
199
199
519
201
201
71
149
82
35
4
469
9214
392
11024
193061
301
90679
41502
2425
1929
156
6019
4404
77136
237
90679
41502
295972
6152
1007
1015
1202
8424
871004
1150064
2770
465
2911
50980
237
23500
10755
136
244
2297143
2297143
57160
57578
68229
477831
23664
20752
1066
24591
359141
35
122533
35
417
365
35
433
6332
134826
136
729
580
185
1589
1163
20369
237
23500
10755
136
70
134
1590647
1254196
1590647
323
368
136
6460
237
11590
136
136
201
147
136
2581
237
11590
571
571
276
1682
2221
136
2221
237
3778
2221
867
234482
34863638
24108
68345
8689
18119
9980
5
446
61785
35
161
219
571
35
35
236
99
208
114
29
35
260
136
136
136
136
136
887
237
3778
1212
784
66649
128023
24141165
19034838
306
818
5028
4203
179
5028
4941
2173
994
24
306
126
2009
1106
880
136
2745
2009
764
2173
543
994
11965
248
84
84
100
703
31039
37604
169
1027
1685
1586
266
1685
1655
656
303
136
439
778
4446
111558
1748
111558
2265
2282
2704
18939
937
822
42
974
14234
35
4953
8
35
35
35
36
528
4804
136
9
169
159
673
417
335
136
920
673
256
656
237
303
136
439
449
3078
77248
60910
498
956
77248
418
69
326
286
326
136
586
136
338
836
632
439
439
150
418
69
136
136
136
178
136
136
136
320
586
136
338
456
439
439
439
33
33
33
33
33
101
134
168
67
134
134
236
134
101
134
337
269
438
4523930
1993
1993
1993
5134
1993
1993
718
1498
825
3
36
4641
35
35
35
35
35
6
13
35
35
35
35
35
35
35
8
35
103
65
65
169
69
136
136
136
136
136
136
237
237
136
103
136
338
271
271
271
439
439
439
1285839
3132575
2469974
267167
25658
381667
92054
8874
131861
38468
3498
54955
18334
1667
26191
3595532
2407976
530638
16320453
9139383
160047722
131725292
131774403
96345
76629
6239
239077
174956
1880212
1109193
19628
1353299
1001181
786682
5394224
3020742
52898854
3146956
50028704
50047356
17436
276
42902
34122
10939
93482
68410
1197915
43746
1069838
846916
2454263
1663105
499283
24067915
426862
609803
3024588
3025716
52228
41540
123357
90272
20129
1516079
3025716
5818682
8584463
1086968
795436
524061
416814
8548582
47761254
148116
211594
2001431
2002013
1000630
81350
59532
39222
31196
1042465
3574366
2002013
3727327
913165
398128
2903002
1944179
428435
13176994
7379059
137311
37603
15508817
15514600
198636
157987
12858
492918
360716
431886
60911
955
1212194
960812
669016
4587381
2568913
152839
100420
11016717
11020825
3841
62
165422
131569
42165
360474
263796
9634
407324
290533
779595
145637
2566852
1173900
920243
4433771
2482892
901982
62674
89534
207503
56823
103208
19281
753474
1379760
1380036
309866
246454
731886
535590
119409
1380036
1971480
2785704
1215418
852362
298857
1215418
2201423
1573914
1009852
793585
6197533
30001
42858
1632592
986005
721552
279549
1805576
1805937
986005
1972010
1443104
950762
756194
5002051
1805937
3611874
435582
438767
519930
3641251
180332
158141
8164
187394
2736789
7277
7330
8686
60832
3013
2653
1046
3130
45722
277466
39375
277466
39375
253945
253945
2135572
91527
193451
108607
4769
5
1930587
96276
6817
13428
6817
76407
96276
2557
5332
2822
1332
13428
3
69073
33539
33785
40165
286954
13885
12217
1667
14534
216334
1667
1667
1667
5051
1667
1667
119
1667
3796
39969
3634
39969
3634
29995
29995
288192
10810
22544
12418
1667
3
260529
288192
18331
1666
1666
29997
18332
1667
1667
1667
557
1667
2
27118
29997
34890974
230304
231988
274901
1925230
23
3
162958
27363
171209
11492796
2610
1621
181586
1239987
1469947
793077
362979
2998193
31924
67635627
499
1405912
31924
67371414
365989
15602
437877
6873
114156
530130
2088169
955723
7668062
177388547
31153818
1328108
37273099
585127
177749387
81353204
652721787
8200698
6522469
530638
20350355
14892259
319467
177749387
81353204
260791360
96340
76624
6233
239072
174951
3753
20067
219475
2088169
955723
3063731
96850543
177353115
177388547
16571726
16692904
19780744
138531334
241
11725788
1968948
12319477
187855
57066462
26118456
215737121
2297140
4866769171
35943
101163393
2297140
3015898
3037952
3599909
25211403
1248589
1094944
56292
1297486
18949067
6860732
6016488
309315
7129413
104121120
68
131
3086609
2454950
786682
6726184
4922178
102565
57066462
26118456
86196567
1590644
1254192
13474
2014853663
69296
753349501
19624
120
1590644
55830
56238
66641
466715
23113
20269
1042
24019
350786
8013114
95346
83613
4298
99080
1447016
3
0
1
42895
34117
10932
93476
68405
104
1425
648
125738
217980
608561
793077
362979
1197911
22105
17430
187
28001305
36927679
963
10469628
272
1
22105
36783423
67357957
67371414
198395
225925
50368
29295
2101020
3956387
557897
142415
4073078
4922100
5605114
1249626
726803
98156052
101051093
1295657
1030507
3060278
2239492
499281
396820
39217704
101051093
426861
426861
52224
41536
123351
90267
20124
15994
597173
1147114
325226
2101020
1580752
230970
25035
2223817
4072264
4073078
17984992
16878645
234479
1990857
250754
34863638
2135572
2004203
1930587
722358
1506373
829744
3
37137
16258682
6083433
12686107
6987797
26
312757
66646
128021
1086967
795435
524058
416812
136906
1004605
9847803
13370885
41
96
14433626
24141165
19034838
13929572
496
5396702
34863638
76407
71707
148115
69073
25844
53895
29687
0
1328
148115
309115
590899
1216769
455272
949404
522953
1
23406
4
4987
9580
81346
59528
39219
31193
4
90703
10245
2977
1952
22193
111367
382537
734817
208333
1345870
75182
736991
1000651
3
458665
7
1080185
1806679
1424531
1042462
37
403879
2608607
2609129
46127
13440
62415
754589
245852
3557
112523
32168
902807
887038
242900
20885030
1537615
25153326
8195201
3750819
1072303
30093981
29568337
8096795
21
1537615
6621174
5266185
8195201
2047871
3750819
428432
16430702
12023882
4577018
1253340
0
46127
2362
25840
198632
157983
245852
1111
61435
112523
12852
492914
360711
137308
37599
11402802
20880858
20885030
519962
6077
1662287
9971899
2771304
1268383
1674442
10476787
1984179
13895890
10293791
111555
236343677
1745
4912772
111555
236756
238487
282603
1979167
98017
85956
4419
101856
1487555
7
519962
940
688190
2624928
2087750
2771304
692511
1268383
603505
31027
669014
5720112
4185942
715141
792767
10444248
7127888
1593423
77246
60907
654
97846827
3365
36584720
496
953
5
77246
6236
6281
7443
52132
2581
2264
116
2682
39182
0
32766
59
48000
134010
43368
165417
131565
174642
22576
43640
79931
38031
1955
42159
360469
263789
45066
49958
658175
449185
100414
81059
4867
3838
135
3420556
41
6166109
8131767
212
2305495
31
60
0
4867
8100001
14832756
14835720
8892063
10125968
6072946
3867015
2772827
2257523
1427880
364497
61813
10424626
2340680
1861672
5528572
4045774
1567444
4205183
1545044
429218
901981
779593
145632
9568
5691634
148
10424626
62670
62670
309864
246452
731884
535588
207501
556691
204536
56820
119406
78257
103204
8482
15071
19279
1266
392247
753471
19
213621
1379759
1380035
288192
103870
216607
119312
0
5340
260529
288192
130358
1277857
1735015
1630523
5
3400217
12
1872917
1285838
7
83827
4089695
3132574
2469973
1807511
1190845
947145
64
64
700279
3800
4523930
10811
22545
12418
0
555
27117
29997
