157656
159452
87555776
87555776
32563
48586
31406063
31406063
37617
496401
93412178
7759
150634
33506741
204
3088
1919794
864
864
449351
449351
157656
159452
87555776
87555776
32563
48586
31406063
31406063
179
263
161181
161181
37617
496401
93412178
7759
150634
33506741
81
1834
698142
157656
159452
87555776
87555776
32563
48586
31406063
31406063
37617
496401
93412178
7759
150634
33506741
204
3088
1919794
864
864
449351
449351
157656
159452
87555776
87555776
32563
48586
31406063
31406063
179
263
161181
161181
37617
496401
93412178
7759
150634
33506741
81
1834
698142
160111
87555776
87555776
33027
48586
31406063
31406063
1311976
93412178
270643
398122
33506741
8321
1946320
864
449351
449351
160111
87555776
87555776
33027
48586
31406063
31406063
179
263
161181
161181
1311976
93412178
270643
398122
33506741
2520
3707
698142
160111
87555778
87555778
33028
48587
31406063
31406063
1492785
93412178
307921
452989
33506742
2061166
66838
2061166
739336
13788
20283
739336
6547234
1350514
2348479
1986772
12213
1946320
863
449350
449350
160110
87555776
87555776
33026
48585
31406062
31406062
178
262
161180
161180
1492784
93412178
307920
452988
33506740
2519
3706
698140
13257
330
13257
2061165
66837
2061165
739335
13786
20282
739335
4755
68
100
4755
6547234
1350513
2348478
1986772
74542
129625
109661
7052541862
1567347287
7072724280
177109731
18555792
1796307625
25075919
25147680
196307
503444
6386926
2157423
2200894
258551305
22656605
261403425
38038372379
4299017912
38281666147
177141533
18555792
9722653686
727838
53906
66390396
267093706
270792380
196306
503444
68774972
703
2109
558976
121149
125293
171862
171862
4494800
1222520
2780499
19322084
3303791
5617392
7527344
5229209
7052541862
1567347287
7072724280
177109730
18555792
1796307625
25075919
25147680
196307
503444
6386926
305876137
186915816
305876137
56787664
167380110
37198327
167859106
98888872
54733991
4060932
394814
42632312
98888872
16615821
6124413
6124413
4868377
9162893
60411942
6124413
1858466
1222520
2780499
19322084
625891
627682
1874231
1874231
13161980
18423192
17143968
4583
12046
159416
1874231
568739
3303791
5617392
7527344
5229209
21654549
11315779
144380746
492030
158091
3864313
69057727
47727872
39216153
1973516
1365057
1120710
2157423
2200894
258551305
22656605
261403425
38038372379
4299017912
38281666147
177141533
18555792
9722653686
727838
53906
66390396
267093706
270792380
196307
503444
68774972
703
2109
558976
9506881
680347
9664692
608900
313086
1987431
1005623
358088414
199519792
358088414
60544709
1987431
305158
1264099530
118890514
1278243772
109527104
58822983
4060932
394814
324644216
109527104
17849960
17755
1316
2458313
608900
95007
481825
483499
1619406
631675
12627662
41712283
41712283
71360671
45383845
475794122
41712283
12657683
21654549
11315779
144380746
481825
146719
492030
158092
3864313
11222185
11433547
13643883
13643883
157283028
4582
12046
2903856
13643883
4140267
69057727
47727872
39216153
34
57
31822
171862
52153
1973516
1365057
1120710
2406048
3088821
87322
389902
1204320
21773
7052541862
1567347287
7072724280
177109731
18555791
1796307625
25075919
25147680
196307
503445
6386926
2157423
2200893
258551306
22656604
261403425
38038372379
4299017912
38281666147
177141533
18555791
9722653686
727839
53906
66390396
267093707
270792381
196305
503445
68774973
703
2109
558976
118061631
8635634513
5526958809
35826055
8635634513
5526958809
4575438572
1016839230
9102669894
4588532208
8212202282
30646061
2682585764
1635595354
125239399
9278311
385393132
1165380561
1330398550
9299612
2682585764
1635595354
1541705
160356503
507755
160356503
15048531
37419004
15091596
33130247
454863
48311321
137893035
137893035
103481
280402
994903
4726236
5219829
138029
48311321
15144164
34270095
32886402
137893035
137893035
215405
4298
2120419
275708
546137
2176931
1996
952125
2406048
3088821
87322
59171115
80274241
29011408
209223771
16689948
57322929
60870969
212051750
445031947
110363
13845537
7077616
376631
46037963
23362257
118061631
9775637517
5712214185
35826055
9775637517
5712214185
114289
46037963
23362257
31584355044
3314677864
11904174703
31857006365
30646061
2994562387
1695332197
125265739
9278310
385449290
8090939385
5019224373
9299612
2994562387
1695332197
144621
364004
26955
1171391
11236383
53931314
64395372
33487762
135045899
33490
13845537
7077616
5875
2962615
1541705
496797973
507755
496797973
2026
2962615
234729794
57021719
238478274
454863
158119756
3094566689
3101350543
103481
280402
994903
60575626
37578166
138029
158119756
328003308
623719073
738033933
3094566689
3101350543
422
46278
661
4298
352
859
3699
113782
162618
552891
660595
326489
2176931
605
952125
389902
1204320
21773
4512744
11932832
14112070
59171115
80274241
3357479
87322
1204320
500302
21773
121148
125291
171861
5212164
1222520
2780499
19322084
3303791
5617392
7527344
5229209
7052541862
1567347287
7072724280
177109730
18555793
1796307625
25075919
25147680
196307
503446
6386926
305876137
186915816
305876137
56787664
167380110
37198327
167859106
98888872
54733991
4060933
394814
42632312
98888872
16615821
6124413
4868377
9162893
60411942
1858466
6124413
1222520
2780499
19322084
625891
627682
1874231
13161980
18423192
17143968
4583
12045
159416
568739
1874231
3303791
5617392
7527344
5229209
21654549
11315778
144380746
495025
158091
3902843
69057727
47727872
39216153
2288487
1581642
1299574
2157422
2200892
258551305
22656604
261403424
38038372379
4299017912
38281666147
177141533
18555791
9722653686
727837
53905
66390395
267093706
270792380
196305
503444
68774972
702
2107
558975
9521015
680346
9679277
608899
313084
1987430
1005621
358088414
199519792
358088414
60544709
1987430
305158
1264099530
118890514
1278243772
109527104
58822982
4060932
394813
324644216
109527104
17849960
17755
1314
2458311
608899
95006
483498
1631310
634051
12861479
41712283
71360671
45383845
475794122
12657681
41712283
21654548
11315778
144380746
146718
483498
495024
158091
3902843
11222184
11433547
13643883
157283028
4582
12044
2903855
4140265
13643883
69057727
47727872
39216153
33
57
31821
52151
171861
2288487
1581642
1299574
926168
2032315
13687391
2616107
4637703
5762592
4378618
568141481
8635634513
5526958809
172403751
8635634513
5526958809
4575438572
1016839230
4588532208
8212202282
9102669894
168058769
2682585764
1635595354
125239399
9278311
1165380561
1330398550
385393132
50997794
2682585764
1635595354
19796223
160356503
6007206
160356503
15048531
15091596
33130247
37419004
5949859
48311321
137893035
103481
280402
4726236
5219829
994902
2157069
48311321
15144164
34270095
32886402
137893035
80115063
239746152
146836523
6841739
80115063
239746152
44568248
146836523
120178594
26708327
120522512
220305673
243425390
24555141
71252594
44299272
2945550
258431
30609917
35049618
8299790
1751422
24555141
71252594
13469224
44299272
4060655
4523583
3714556
6697318
44378397
105583
4060655
1372691
4523583
926168
2032315
13687391
460568
461886
1011658
1148326
1300235
1437137
4182182
4182182
10466940
13978437
13124643
4140
8817
133100
159391
31313
32329
1300235
436102
1437137
463495
954594
1006505
4182182
1437216
664926
200671
2616107
4637703
5762592
4378618
200671
24327697
10853311
181829799
654437
186918
7313903
92916467
62183473
49543321
5702287
2764495
1852691
262115
25214
2120417
616385
2176930
41324
2812138
3357477
87320
80274241
30966360
209965448
16689947
62060678
212818711
446641562
707990
14793072
7478072
2462830
48899297
24578317
571823856
10044212224
5825376451
173521175
10044212224
5825376451
747351
48899297
24578317
31584355044
3314677864
31857006365
169278625
3084291198
1732992969
125265739
9278310
8090939385
385449290
5019224373
51367962
3084291198
1732992969
144619
364004
26954
11454231
54051007
64580294
1171391
33487761
135534340
214841
14793072
7478072
127542
7878440
24516819
849432994
7439681
849432994
38703
7878440
234755417
238508533
7656423
275380262
3101350543
103479
280401
60575625
994901
37578165
2323358
275380262
328039225
625082864
739647679
3101350543
421
46277
3355
25214
351
859
113780
162617
552889
660594
3697
326488
2176930
12540
2812138
1204319
500300
21772
4512742
15218364
18555695
80274241
7282858
31385908
8088517
503418
8273297
17363127
110513
462084
210569
230434
88902918
366575
1445913
78046
753850
84892179
282679564
157978912
6841738
84892179
282679564
47939039
157978912
88902918
23323
366575
1445913
16910
228757
753850
1033838236
96668961
1047716547
26123605
87543897
47959047
2945550
258430
266095658
8299789
165072774
1751422
26123605
87543897
14553275
47959047
23494
31385908
8881
657
1488189
2080084
2501542
31076
1253943
5236072
6777
110513
462084
45625
69925
230434
1317976
30892
689729
3012392
975095
40911741
37590928
80571765
43764838
607273961
11407048
105581
37590928
24449675
10912102
184278586
1317976
6693
209299
571
689729
914117
243125
12414755
9878068
10107696
12579716
215765477
4139
8815
2567120
31312
1588300
3817341
32328
12579716
18816113
43429237
51458366
94735418
65474496
53797870
33443479
200669
215765477
134
42281
5490
41253
999128
19
57
56283
96595
100341
115412
189
39830
380333
93922
157194
196
521700
237156
64398
2617
699707
5363068
7048925
817021
2958671
11002857
15364536
9859579
7518066
3287943
1208
36244344
7274539
2131583
8775829
4438270
3360696
5401580
118233
143895
50778
75239
87163
75239
5806711
4851732
2220072
1147103
520591
338396
338396
129565
80123
36362
28919978
8549077
28919978
7274539
2131583
8775829
20605309
17800435
13478641
17800435
19028491
5806711
4851732
2220072
1147103
520591
8012147
4438270
3360696
5401580
4498940
2041761
474195
474195
183927
118233
143895
50778
262565
287238
287238
262565
340325
340325
130116
80463
36517
113372
75239
87163
75239
70109
31817
16834385
2218164
20459511
100647
11983
122492
11021221
3513593
13413336
67028
18616
81382
415154
505261
161027
7986
9719
3098
281310
342368
281310
5806
7066
5806
5806711
4851732
2220072
1147103
520591
135844
114183
52130
27000
12352
338396
338396
129565
80123
36362
10825
10825
4246
2807
1274
148960
21550
21550
148960
1033931
268187
74665
268187
189826
403663
48056
403663
67422529
8896324
67422529
16834385
2218164
20459511
100647
11983
122492
148850212
44202475
14091641
44202475
35173360
5806711
4851732
2220072
1147103
520591
56909717
11021221
3513593
13413336
8330499
3780644
138077
115369
52790
27276
12379
403988
67028
18616
81382
44882
20369
21550
21550
12423
1665046
1665046
645827
415154
505261
161027
7986
9719
3098
7529661
1128244
1128244
7529661
340325
340325
130116
80463
36517
2878806
281310
342368
281310
1780251
807934
11872
11872
4539
2807
1274
66247
5806
7066
5806
40967
13662
7274539
2131583
8775829
4438270
3360696
5401580
118233
143895
50778
75239
87163
75239
5806711
4851732
2220072
1147103
520591
338396
338396
129565
80123
36362
28919978
8549077
28919978
7274539
2131583
8775829
20605309
17800435
311862407
63775933
13478641
17800435
19028491
5806711
4851732
2220072
1147103
520591
8012147
4438270
4822126
79205805
357090
3360696
5401580
4498940
2041761
474195
474195
183927
118233
143895
50778
262565
287238
928368
287238
262565
340325
340325
130116
80463
36517
113372
75239
4449
12627
266285
87163
75239
70109
31817
16834385
2218164
20459511
100647
11983
122492
11021221
3513593
13413336
67028
18616
81382
415154
505261
161027
7986
9719
3098
281310
342368
281310
5806
7066
5806
5806711
4851732
2220072
1147103
520591
135844
114183
52130
27000
12352
338396
338396
129565
80123
36362
10825
10825
4246
2807
1274
166189
21550
569636
21550
173269
1056650
268187
24619063
1270716
74665
268187
189826
403663
48056
403663
67422529
8896324
67422529
16834385
2218164
20459511
100647
11983
122492
149349386
44202475
2633570681
216904115
14091641
44202475
35234256
5806711
4851732
2220072
1147103
520591
57100566
11021221
4822126
668865759
357090
3513593
13413336
8330499
3780644
138077
115369
52790
27276
12379
403988
67028
17895
6252670
1581
18616
81382
44882
20369
21550
21550
12423
1665046
1665046
645827
415154
505261
161027
7986
9719
3098
8274902
1128244
29258051
1128244
8274902
340325
340325
130116
80463
36517
3163733
281310
4449
12627
7430865
342368
281310
1956450
874740
11872
11872
4539
2807
1274
66247
5806
16
45
151629
7066
5806
40967
13662
7274539
2131583
8775829
4438270
3360696
5401580
118233
143895
50778
75239
87163
75239
5806711
4851732
2220072
1147103
520591
338396
338396
129565
80123
36362
28919978
8549077
28919978
7274539
2131583
8775829
20605309
17800435
13478641
17800435
19028491
5806711
4851732
2220072
1147103
520591
8012147
4438270
3360696
5401580
4498940
2041761
474195
474195
183927
118233
143895
50778
262565
287238
287238
262565
340325
340325
130116
80463
36517
113372
75239
87163
75239
70109
31817
19865782
2285892
24175247
126199
11983
153589
13156174
3636692
16011673
84341
18616
102648
754539
918308
292684
7986
9719
3098
519010
631659
519010
5806
7066
5806
5806711
4851732
2220072
1147103
520591
135844
114183
52130
27000
12352
338396
338396
129565
80123
36362
10825
10825
4246
2807
1274
148960
23285
23285
148960
1033931
338265
74665
338265
189826
497205
48056
497205
79667413
9166319
79667413
19865782
2285892
24175247
126199
11983
153589
148850212
52765067
14585138
52765067
35173360
5806711
4851732
2220072
1147103
520591
56909717
13156174
3636692
16011673
8330499
3780644
138077
115369
52790
27276
12379
403988
84341
18616
102648
44882
20369
32026
32026
12423
3026205
3026205
1173785
754539
918308
292684
7986
9719
3098
7529661
2081579
2081579
7529661
340325
340325
130116
80463
36517
2878806
519010
631659
519010
1780251
807934
11872
11872
4539
2807
1274
66247
5806
7066
5806
40967
13662
71838
71838
143676
7274539
2131583
8775829
4438270
3360696
5401580
118233
143895
50778
75239
87163
75239
1459195
458232
1775909
881288
755077
1057810
22277
22276
34344
79197
25146
22277
22277
22277
34344
31410
31410
22277
22277
5806711
4851732
2220072
1147103
520591
338396
338396
129565
80123
36362
1604901
1340957
613600
317045
143885
99831
99831
38168
23603
10776
28919978
8549077
28919978
7274539
2131583
8775829
311862407
63775933
20605309
17800435
13478641
17800435
19028491
5806711
4851732
2220072
1147103
520591
4822126
79205805
357090
8012147
4438270
3360696
5401580
4498940
2041761
474195
474195
183927
118233
143895
50778
928368
262565
287238
287238
262565
340325
340325
130117
80464
36518
4449
12627
266285
113372
75239
87163
75239
70109
31817
5852352
13855378
1832079
5852352
8004248
1459195
13855378
458232
1775909
2428906
6288754
1333618
1549420
3485923
3889251
3028273
3485923
1294600
2316098
1608287
1343786
614894
317713
144188
85619
1597197
7493
592388
881288
3889251
755077
1057810
306084
138910
708856
82867
234582
22277
40037
260988
82867
32142
234582
22277
234582
22276
34344
79197
25146
22277
71184
14562
14562
44554
59886
44554
68688
62820
44554
14562
59886
101816
101816
38927
24072
10924
89
263
7281
7281
22277
59886
22277
34344
31410
31410
22277
22277
7281
7281
29943
19974530
2290652
24309927
126199
11983
153589
13235660
3648985
16108411
84341
18616
102648
834120
1015162
323533
7986
9719
3098
576668
701831
576668
5806
7066
5806
5773834
534471
7027024
44098
2989
53670
3931909
897082
4785315
31211
4870
37984
288025
127010
1946086
743518
904895
288353
9167
2113
71924
33228
40440
11127
953375
658907
541397
541397
658907
541397
59312
40993
33682
33682
40993
33682
5806711
4851732
2220072
1147103
520591
135844
114183
52130
27000
12352
338396
338396
129565
80123
36362
10825
10825
4246
2807
1274
1604901
1340957
613600
317044
143885
35530
29915
13688
7099
3381
99831
99831
38168
23603
10776
3119
3119
1854
1147
521
166189
23285
569636
23285
173269
1056650
338265
24619063
1270716
74665
338265
189826
506139
48056
506139
80111240
9187048
80111240
19974530
2290652
24309927
126199
11983
153589
149349386
53083859
2633570681
216904115
14634875
53083859
35234256
5806711
4851732
2220072
1147103
520591
57100566
13235660
4822126
668865759
357090
3648986
16108411
8330499
3780644
138077
115369
52790
27276
12379
403988
84341
17895
6252670
1581
18616
102648
44882
20369
32026
32026
12423
3345374
3345374
1297584
834120
1015162
323533
7986
9719
3098
8274902
2312822
29258051
2312822
8274902
340325
340325
130116
80463
36516
3163733
576668
4449
12627
7430865
701831
576668
1956450
874740
11872
11872
4539
2807
1274
66247
5806
16
45
151629
7066
5806
40967
13662
33644
125173
160872
1647555
41172
19529
125173
13940
19529
112044
176861
11988
176861
47441
18252031
23156941
2143587
23156941
9186204
18252031
5773834
534472
7027024
2787573
112044
44099
2989
53670
14396
5521492
15769586
18704756
111181249
6547455
3597899
15769586
2707651
3597899
1608287
1343786
614894
317713
144188
5521492
3931909
7151365
85619
28237454
7493
897082
4785315
821644
850658
385740
37718
31515
14420
7451
3381
33644
31211
61507
421
418440
33
4870
37984
4231
4618
2096
100398
30207
8472
215919
100398
44623
286599
2982000
949156
509393
6413155
2982000
1156483
6413155
743518
288025
127010
1946086
6413155
904895
288353
1946086
33228
9167
2114
71924
215919
40440
11127
86969
2171367
2171367
2171367
101816
101816
38927
24072
10924
87
830176
263
551477
953375
658907
541397
2171367
658907
541397
513381
215352
658907
4849
4849
1854
1147
521
2
51648
2
34310
59312
40993
33682
71839
40993
33682
31939
5089
40993
2131583
8775829
7274539
3360696
5401580
4438270
127439
7160118
8463669
143895
118233
50778
87163
75239
855086
8878419
10494798
4851732
5806711
1147103
520591
2220072
338396
80123
129565
36362
8549077
28919978
2131583
8775829
7274539
19028491
20605309
13478641
17800435
412728
23595544
4851732
5806711
1147103
520591
2220072
4498940
2041761
8012147
3360696
5401580
4438270
127439
8463670
7160118
474195
183927
143895
118233
50778
262565
287238
2403144
29258051
340325
80463
130116
36517
70109
113372
31817
87163
75239
855086
10494798
8878419
2218164
20459511
16834385
11983
122492
100647
3513593
13413336
11021221
7160118
127439
8463669
18618
81382
67028
28173
469
33301
505261
415154
161027
9720
7986
3099
342368
281310
8878419
10494798
7067
5807
185907
219752
4851732
5806711
1147103
520591
2220072
114183
135844
27000
12353
52130
338396
80123
129565
36362
10825
2807
4247
1274
148960
21550
612638
189827
1033930
74665
268187
92837
1545
48055
403663
8896324
67422529
2218164
20459511
16834385
11983
122492
100647
35173359
148850212
14091641
44202475
23595544
419963
4851732
5806711
1147103
520591
2220072
8330499
3780643
56909717
3513593
13413336
11021221
8463670
7160118
127439
115369
138077
27278
12380
52791
44881
20369
403988
18618
81382
67028
33301
28173
469
21550
12423
1665046
645827
505261
415154
161027
9720
7986
3099
7529661
1128244
29258051
340325
80463
130116
36517
1780251
2878806
807934
342368
281310
10494798
8878419
11873
2807
4540
1274
40967
66247
13663
7067
5807
219752
185907
129257909
63741972
134137531
741248
525280
1102487
129257909
134137531
129257909
63741972
134137531
741248
1102487
741248
525280
1102487
2971636
2878373
1302729
5070497
4461940
34856235
2040160
1878454
2115152
3146763
3109475
22022123
85616
4265064
5041550
45725
41355
77457
63643
24685
532464
51186
42057
33428
30233
351871
508084
10312737
12264188
24433018
24513118
24636689
29244090
6205418
5795680
2630262
5824896
11216798
1209539
939256
939256
531068
222809
360300
239343
101117
44756
14995058
5224817
16709381
139796839
2971636
2878373
1302729
5070497
4461940
34856235
9762434
9794438
9843812
11053305
10294773
8483176
10369883
86758270
26276
278512
26795
14055147
14055147
25565862
25649676
25778977
30698367
6493135
6064398
2752215
6094969
11736868
2479431
2315716
1050945
2327390
4225996
2040160
1878454
2115152
3146763
3109475
22022123
5478
85616
8132
5041551
4265065
5041551
230736
255252
99005
2135538
45725
41355
77457
63643
24685
532464
338683
142533
168680
1358735
4472
1358735
101207
34188552
1209540
1153961
531068
273422
441442
293384
44757
124741
148704
36754
60172
39971
1458
16887
51186
42057
33428
30233
351871
922
508084
30711
12264188
10435878
7933421
7260610
1365235
13536780
11255109
125591031
44841
40555
6537
76512
62867
892552
129257909
78692571
165664244
5810824
5255437
2228159
8962671
7364281
84301951
4265064
85616
5041550
32792
29657
11332
50578
41558
643746
42092235
25721783
54144195
19989
362
23627
202857
186198
343627
286546
111143
11712584
8111
7336
13738
11289
4379
356462
741248
1030785
2170061
242199
202757
158172
143054
8548013
10312737
12264188
17179
14116
11220
10147
272883
244273
623596
720544
316248
693053
24433018
24513118
24636689
29244090
6205418
5795680
2630262
5824896
11216798
403639
404963
407004
478873
102515
95746
43452
96228
185304
1209539
939256
939256
531068
222809
360300
239343
101117
44756
43276
20988
20988
19002
5001
8088
5373
2708
943
317197
148960
21550
991754
244273
127154
81
720544
731024
1833
731024
114362
129132
151920
727089
165470
45448
166677
2587085
42092235
89
1159758
1339220
54144195
54322355
89
65868
1188
65868
226271
26216
252140
3579730
129257909
351111
567719
165664244
166041524
40032525
5475510
44609276
503704113
7933421
7260610
1365235
13536780
11255109
125591031
44841
40555
6537
76512
62867
892553
129257909
58162
144188
78692571
165664244
51213502
20844187
23023498
26385737
112034067
29321771
8936411
29535700
338107261
26276
26795
14055147
282137
14055147
25565862
25649676
25778977
30698367
6493135
6064398
2752215
6094969
11736868
5296298
5444836
2491073
6238548
42839599
5810824
5255437
2228159
8962671
7364281
84301952
5478
8132
5041551
4265065
85616
5041551
473061
474831
477224
568292
120147
112265
50949
112831
217275
29046
30532
12947
35919
336999
32792
29657
11332
50578
41558
643746
42092235
19
191970
340131
25721783
54144195
16951088
28
23628
19989
362
23628
21550
21550
17560
1387362
741248
340820
120495
2170061
2201501
1023629
1132394
445761
46986922
202857
186198
343627
286546
111143
11715482
8111
7336
13738
11289
4379
453696
741248
86561
19962
1030785
2170061
732826
8772450
6432416
798145
34716167
4472
101207
34188552
1209539
1170831
531068
276822
447642
297363
44757
125631
3851690
1523318
2459297
1633684
1458
691330
242199
202757
158172
143054
8692723
922
30711
12264188
10435878
43276
41891
19002
9905
16017
10640
943
4495
244615
119744
148960
133548
7
14799
17179
14116
11220
10147
562811
244273
127154
127154
81
290634
577530
720544
720544
731024
1833
731024
731024
2131583
8775829
7274539
3360696
5401580
4438270
127439
7160118
8463669
143895
118233
50778
87163
75239
855086
8878419
10494798
4851732
5806711
1147103
520591
2220072
338396
80123
129565
36362
8549077
28919978
2131583
8775829
7274539
19028491
20605309
13478641
17800435
311862407
63775933
412728
23595544
4851732
5806711
1147103
520591
2220072
4498940
2041761
8012147
3360696
5401580
4438270
4822125
79205805
357090
127439
8463670
7160118
474195
183927
143895
118233
50778
262565
287238
928368
2403144
29258051
340325
80463
130116
36517
70109
113372
31817
87163
75239
4449
12629
266285
855086
10494798
8878419
2218164
20459511
16834385
11983
122492
100647
3513593
13413336
11021221
7160118
127439
8463669
18618
81382
67028
28173
469
33301
505261
415154
161027
9720
7986
3099
342368
281310
8878419
10494798
7067
5807
185907
219752
4851732
5806711
1147103
520591
2220072
114183
135844
27000
12353
52130
338396
80123
129565
36362
10825
2807
4247
1274
173270
21550
612638
189827
1056650
74665
268187
92837
24659066
1545
1270716
48055
403663
8896324
67422529
2218164
20459511
16834385
11983
122492
100647
35234257
149349387
14091641
44202475
23595544
2633570681
419963
216904116
4851732
5806711
1147103
520591
2220072
8330499
3780643
57100567
3513593
13413336
11021221
8463670
7160118
4822125
668865759
127439
357090
115369
138077
27278
12380
52791
44881
20369
403988
18618
81382
67028
33301
28173
17895
6262831
469
1581
21550
12423
1665046
645827
505261
415154
161027
9720
7986
3099
8274903
1128244
29258051
340325
80463
130116
36517
1956450
3163733
874740
342368
281310
4449
12629
7430866
10494798
8878419
11873
2807
4540
1274
40967
66247
13663
7067
5807
16
45
155596
219752
185907
340620
222303
340620
129257909
63741972
134137531
426861
426861
426861
1102487
741248
478898
525280
1102487
1102487
340620
222303
340620
340620
222303
340620
129257909
134137531
129257909
63741972
134137531
1102487
741248
478898
1102487
426861
426861
426861
426861
426861
426861
1102487
741248
478898
525280
1102487
2971636
2878373
1302729
5070497
4461940
34856235
2040160
1878454
2115152
3146763
3109475
22022123
85616
4265064
5041550
45725
41355
77457
63643
24685
532464
51186
42057
33428
30233
351871
508084
10312737
12264188
24433018
24513118
24636689
29244090
6205418
5795680
2630262
5824896
11216798
939256
939256
1209539
222809
360300
239343
101117
44756
531068
14995058
5224817
16709381
139796839
2429953
333628058
188651350
2971636
2878373
1302729
5070497
4461940
34856235
737374
333628058
188651350
9762434
9794438
9843812
11053305
10294773
8483176
10369883
86758270
356898550
26276
160523354
33638530
314860426
278512
26795
14055147
14055147
607488
96646394
55934402
25565862
25649676
25778977
30698367
6493135
6064398
2752215
6094969
11736868
2479431
2315716
1050945
2327390
4225996
2040160
1878454
2115152
3146763
3109475
22022123
9321843
5478
2201931
40769202
178561
49607772
85616
8132
5041551
4265065
5041551
184343
96646394
55934402
230736
255252
99005
2135538
29306
6064608
45725
41355
77457
63643
24685
532464
8893
6064608
142533
338683
168680
1358735
503963
503963
503963
1358735
4472
503963
503963
1159178
1358735
101207
34188552
9095
1795697
503963
1153961
1209540
273422
441442
293384
44757
124741
531068
36754
60172
39971
1458
16887
148704
51186
42057
33428
30233
351871
503963
503963
503963
33067
922
61114
110782
132713
503963
2926
7388
141329
190906
508084
30711
12264188
10435878
2759
1795697
503963
340620
222303
340620
113941
74209
113941
7933421
7260610
1365235
13536780
11255109
125591031
44841
40555
6537
76512
62867
892552
129257909
78871780
166041524
5810824
5255437
2228159
8962671
7364281
84301951
4265064
85616
5041550
32792
29657
11332
50578
41558
643746
42092235
25806410
54322355
19989
362
23627
202857
186198
343627
286546
111143
11712584
426861
426861
426861
8111
7336
13738
11289
4379
356462
2983691
741248
478898
1045719
2201501
2201501
242199
202757
158172
143054
8548013
10312737
12264188
148115
148115
148115
17179
14116
11220
10147
272883
991754
244273
156823
623596
731024
316248
693053
731024
24433018
24513118
24636689
29244090
6205418
5795680
2630262
5824896
11216798
403639
404963
407004
478873
102515
95746
43452
96228
185304
340620
222303
340620
340620
222303
340620
939256
939256
1209539
222809
360300
239343
101117
44756
531068
20988
20988
43276
113941
74209
113941
5001
8088
5373
2708
943
19002
113941
74209
113941
317195
301762
21548
991752
244271
583
156821
127152
27957
6217
79
156554
1831
50475
731022
162
31187
2609129
114362
129132
151920
879893
165470
45448
166677
2587085
42092235
2389200
89
5070225
89
1589232
1159758
1339220
65868
25887007
1188
972757
65868
54322355
3058
546673
244497
226271
26216
252140
3579730
129257909
351111
567719
166041524
9882
1844227
816208
40032525
5475510
44609276
503704113
2429953
397676539
198699963
7933421
7260610
1365235
13536780
11255109
125591031
737374
397676539
198699963
44841
40555
6537
76512
62867
892553
129257909
58162
144188
51213502
78871780
166041524
2999
1844227
816208
21061058
23263156
26660547
113900986
29321771
8936411
29535700
338107261
469848012
26276
26795
14055147
2307670568
282137
152226770
14055147
607488
118689867
59290252
25565862
25649676
25778977
30698367
6493135
6064398
2752215
6094969
11736868
5357063
5510598
2493663
6318373
43552061
5810824
5255437
2228159
8962671
7364281
84301952
9321843
5478
8132
5041551
4265065
2201931
586094703
363584582
85616
178561
5041551
184343
118689867
59290252
473061
474831
477224
568292
120147
112265
50949
112831
217275
29046
30532
12947
35919
337026
32792
29657
11332
50578
41558
643746
42092235
46228
19
935930
28
4510
191970
340131
23628
19989
10697
6574698
7855467
4078919
362
791
23628
16951088
25806410
54322355
928
546673
244497
21550
21550
17560
1387362
2983691
741248
478898
340820
120495
2201501
164
101996
1023629
1132394
445761
46986922
29306
26698244
202857
186198
343627
286546
111143
11715482
8893
26698244
426861
426861
426861
426861
426861
426861
8111
7336
13738
11289
4379
453696
2983691
741248
478898
86561
19962
732826
1045719
2201501
164
101996
8772450
8382588
798145
34716167
27685936
23191657
7920929
2317530
4472
101207
34188552
9095
8547549
34863638
1209539
1170831
531068
276822
447642
297363
44757
125631
3851690
1983017
3204904
2128982
1458
872806
242199
202757
158172
143054
8692723
27685936
23191657
7920929
33067
922
30711
3318481
6961813
8163556
2926
7388
8690728
12264188
10435878
5429747
34188552
2759
8547549
34863638
43276
41891
148115
148115
148115
19002
9905
16017
10640
943
4495
148115
148115
148115
244615
119744
202641
133548
7
14799
17179
14116
11220
10147
562811
991754
244273
585
585
156823
127154
127154
27959
132
81
82995
146984
1833
17
31204
72080
411292
528428
12
290634
31
577530
731024
731024
262681
731024
731024
164
31189
2609129
2131583
8775829
7274539
3360696
5401580
4438270
127439
7160118
8463669
143895
118233
50778
87163
75239
855086
8878419
10494798
4851732
5806711
1147103
520591
2220072
338396
80123
129565
36362
8549077
28919978
2131583
8775829
7274539
19028491
20605309
13478641
17800435
412728
23595544
4851732
5806711
1147103
520591
2220072
4498940
2041761
8012147
3360696
5401580
4438270
127439
8463670
7160118
474195
183927
143895
118233
50778
262565
287238
2403144
29258051
340325
80463
130116
36517
70109
113372
31817
87163
75239
855086
10494798
8878419
2285892
24175247
19865782
11983
153589
126199
7160118
127439
3636692
16011673
13156174
8463669
28173
469
18618
102648
84342
33301
918308
754539
292684
9720
7986
3099
8878419
631659
519010
10494798
185907
7067
5807
219752
4851732
5806711
1147103
520591
2220072
114183
135844
27000
12353
52130
338396
80123
129565
36362
10825
2807
4247
1274
148960
23285
612638
189827
1033930
74665
338264
92837
1545
48055
497204
9166319
79667413
2285892
24175247
19865782
11983
153589
126199
35173359
148850212
14585138
52765067
23595544
419963
4851732
5806711
1147103
520591
2220072
8330499
3780643
56909717
3636692
16011673
13156174
8463670
7160118
127439
115369
138077
27278
12380
52791
44881
20369
403988
18618
102648
84342
33301
28173
469
32027
12423
3026205
1173785
918308
754539
292684
9720
7986
3099
7529661
2081579
29258051
340325
80463
130116
36517
1780251
2878806
807934
631659
519010
10494798
8878419
11873
2807
4540
1274
40967
66247
13663
7067
5807
219752
185907
63741972
134137531
525280
1102487
134137531
63741972
134137531
157988
1102487
157988
73343
104855
525280
1102487
64937
157988
2971636
2878373
1302729
5070497
4461940
34856235
2040160
1878454
2115152
3146763
3109475
22022123
85616
4265064
5041550
45725
41355
77457
63643
24685
532464
51186
42057
33428
30233
351871
508084
10312737
12505511
24433018
24513118
24636689
29244090
6205418
5795680
2630262
5824896
11216798
1209539
939256
939256
531068
222809
360300
239343
101117
44756
14995058
5224817
16709381
139796839
2971636
2878373
1302729
5070497
4461940
34856235
9762434
9794438
9843812
11053305
10294773
8483176
10369883
86758270
278512
26795
14055147
14055147
25565862
25649676
25778977
30698367
6493135
6064398
2752215
6094969
11736868
2479431
2315716
1050945
2327390
4225996
2040160
1878454
2115152
3146763
3109475
22022123
85616
5528
8132
5041551
4265065
5041551
230736
255252
99005
2135538
45725
41355
77457
63643
24685
532464
338683
142533
168680
1358735
1358735
246577
34863638
1209540
1153961
531068
273422
441442
293384
44757
124741
148704
36754
60172
39971
1458
16887
51186
42057
33428
30233
351871
508084
51376
75275
12505511
10579446
9704331
8777912
1424657
16993935
13965026
125591031
78692571
165664244
58048
52500
6537
102641
84337
892552
4265064
85616
7161669
6477171
2337220
11325912
9306065
84301951
5041550
25721783
54144195
19989
362
43561
39397
11332
69558
57153
643746
23627
404628
366422
685415
563650
218907
11712584
1030785
2170061
8111
7336
13738
11289
4379
356462
10312737
481868
396591
314692
284614
8548013
12505511
623596
720544
316248
17179
14116
11220
10147
272883
693053
24433018
24513118
24636689
29244090
6205418
5795680
2630262
5824896
11216798
403639
404963
407004
478873
102515
95746
43452
96228
185304
1209539
939256
939256
531068
222809
360300
239343
101117
44756
43276
20988
20988
19002
5001
8088
5373
2708
943
431769
148958
7
366
22168
156565
720542
2609129
6519
56606
2609129
114362
129132
151920
727089
302
5915
181455
1159758
1339220
54144195
67371414
89
217840
45448
224906
2587085
65868
1188
65868
351111
567719
165664244
177388547
285780
26216
325085
3579730
48968646
5712558
56002028
503704113
9704331
8777912
1424657
16993935
13965026
125591031
58162
144188
78692571
165664244
53828935
58048
52500
6537
102641
84337
892553
20844187
23023498
26385737
112034067
26795
36138216
9373496
37323552
338107261
14055147
282137
14055147
25565862
25649676
25778977
30698367
6493135
6064398
2752215
6094969
11736868
5296298
5444836
2491073
6238548
42839599
5528
8132
7161669
6477171
2337220
11325912
9306065
84301952
5041551
4265065
85616
5041551
473061
474831
477224
568292
120147
112265
50949
112831
217275
29046
30532
12947
35919
336999
47
1474
65087
191970
340131
25721783
54144195
20277149
19
28
43561
39397
11332
69558
57153
643746
23628
19989
362
23628
157988
340820
120495
2170061
4073078
40922
45270
17560
1819620
2041776
2258725
876823
46986922
404628
366422
685415
563650
218907
11715482
156567
156567
133216
157988
86561
19962
1030785
2170061
1235985
8111
7336
13738
11289
4379
453696
9392534
6432416
246577
1587955
34863638
1209539
1170831
531068
276822
447642
297363
44757
125631
4123948
1523318
2459297
1633684
1458
691330
51376
75275
481868
396591
314692
284614
12505511
10579446
8692723
43276
41891
19002
9905
16017
10640
943
4495
244615
119744
148960
133548
7
14799
5
326
22170
100917
156567
60628
156567
290634
577530
720544
720544
734415
1346
1980
17179
14116
11220
10147
901812
734415
562811
262681
2131583
8775829
7274539
3360696
5401580
4438270
127440
7160119
8463668
143895
118233
50778
87163
75239
855086
8878418
10494798
458232
1775909
1459195
755077
1057810
881288
2702
172480
203882
25146
22277
22277
22277
34344
79197
22277
22277
22277
22277
34344
31410
31410
658907
778866
4851732
5806711
1147103
520591
2220072
338396
80123
129565
36363
1340957
1604901
317045
143885
613600
99831
23603
38168
10776
8549077
28919978
2131583
8775829
7274539
311862407
63775933
19028491
20605309
13478641
17800435
412727
23595543
4851732
5806711
1147103
520591
2220072
4822127
79205805
357090
4498940
2041761
8012147
3360696
5401580
4438270
127440
8463669
7160119
474195
183927
143895
118233
50778
928368
262565
287238
2403144
29258051
340325
80464
130117
36518
4449
12629
266285
70109
113372
31817
87163
75239
855086
10494798
8878418
1832079
5852352
13855378
8004248
458232
1775909
1459195
13855378
2428906
6288754
1333618
1294600
1549420
3028273
3485923
3889251
2316098
8903
568391
1343786
1608287
317714
144189
614895
85619
1597197
7493
306084
138910
592388
755077
1057810
881288
3889251
708856
2702
203882
172481
82867
32142
234582
22277
40037
260988
25146
22277
22277
71184
234582
22277
34344
79197
14562
14562
44554
59886
44554
44554
68688
62820
2171367
101816
24073
38928
10925
89
265
7281
7281
7281
7281
22277
22277
29943
59886
22277
22277
34344
31410
31410
778866
658907
2290652
24309927
19974530
11982
153589
126199
7160119
127439
3648985
16108412
13235660
8463668
28172
469
18617
102647
84342
33301
1015162
834119
323533
9719
7986
3098
8878418
701831
576667
10494797
185906
7066
5806
219752
534470
7027023
5773834
2990
53669
44097
172479
2701
897083
4785314
3931908
203882
724
12
4870
37985
31211
855
288024
127010
1946087
904896
743518
288352
9167
2113
86969
40439
33228
11127
953375
658907
541398
658907
658907
541398
778865
59312
40993
33682
40993
40993
33682
48456
4851732
5806711
1147103
520591
2220072
114183
135844
27000
12352
52130
338396
80123
129565
36362
10825
2807
4246
1275
1340957
1604901
317044
143885
613600
29915
35530
7099
3381
13688
99831
23603
38168
10776
3119
1148
1855
522
173269
23283
612638
189826
1056649
74664
338263
92835
24659066
1543
1270714
48054
506138
9187048
80111240
2290652
24309927
19974530
11981
153588
126197
35234256
149349386
14634875
53083859
23595542
2633570681
419962
216904115
4851732
5806711
1147103
520591
2220072
8330497
3780642
57100566
3648985
16108411
13235660
8463668
7160118
4822125
668865759
127438
357089
115369
138077
27276
12379
52790
44880
20368
403987
18616
102646
84340
33300
28171
17893
6262829
468
1580
32025
12421
3345374
1297583
1015161
834118
323532
9718
7985
3097
8274902
2312820
29258051
340325
80463
130116
36516
1956449
3163733
874739
701830
576667
4447
12627
7430865
10494797
8878418
11872
2807
4539
1273
40966
66245
13661
7065
5805
14
43
155595
219751
185906
33643
13938
19528
125171
160872
2381
1757660
37
41171
112043
47440
11987
176859
18252031
9186202
2143586
23156941
18252031
2787572
534470
7027023
5773834
112043
14395
2988
53668
44097
5521492
2707651
3597899
15769585
18704755
568390
111181249
8901
6547455
1343786
1608287
317713
144188
614894
5521492
821642
850657
385739
897081
4785314
3931908
7151365
203880
172479
85618
28237454
2701
7491
31515
37718
7451
3381
14420
33643
4229
4617
2095
4869
37983
31209
61506
854
722
421
446404
11
31
133263
44622
30205
8470
286599
2982000
1156482
949155
509392
6413155
904894
743516
288351
288023
127009
1946085
6413155
40439
33227
11125
9166
2112
86969
286599
2171367
101816
24072
38927
10924
513380
87
830176
263
551476
215350
953374
778864
658905
541397
2171367
4849
1146
1853
520
31938
0
51647
0
34308
5087
59311
48455
40992
33681
135086
50959
38031
7030
38031
38031
1107
340620
222303
340620
19383
7083
19383
63741972
134137531
426861
426861
525280
1102487
1102487
1102487
3274743
6892806
62670
62670
56985
56985
56985
56985
340620
222303
340620
222303
19383
7083
19383
7083
134137531
63741972
134137531
322104
1102487
322104
426861
426861
73342
104854
525280
1102487
64936
322104
6892806
3274743
6892806
56983
17280
10471
126
56983
56983
1033020
540078
7030
370542
135272
1107
62670
62670
56985
56985
17282
10473
128
56985
56985
56985
56985
2971636
2878373
1302729
5070497
4461940
34856235
2040160
1878454
2115152
3146763
3109475
22022123
85615
4265064
5041550
45725
41355
77457
63643
24685
532464
51186
42057
33428
30233
351871
508084
10312737
12505511
168930
849787
536980
606125
548193
262804
1034230
849787
231107
514554
325146
406011
367205
448563
626236
514554
1825
100713
119049
14561
22277
22277
22277
22277
22277
22277
22277
22277
34344
41687
14561
22277
22277
22277
22277
22277
22277
22277
22277
34344
31410
31410
1118914
1622724
24433018
24513118
24636689
29244090
6205418
5795680
2630262
5824896
11216798
939256
939256
1209539
222809
360300
239343
101117
44756
531069
3068603
3078663
3094182
3665623
779353
727893
330341
731563
1408745
261002
261002
178882
178882
283922
261002
261002
42293
68391
45431
19194
6023
126536
14995058
5224817
16709381
139796839
19654144
333628058
188651350
2971636
2878373
1302729
5070497
4461940
34856235
5964156
333628058
188651350
160523354
33638530
9762434
9794438
9843812
11053305
314860426
356898550
10294773
8483176
10369883
86758270
5875175
96646394
55934402
278511
26796
14055147
14055147
25565862
25649676
25778977
30698367
6493135
6064398
2752215
6094969
11736868
2201931
40769202
178561
2479431
2315716
1050945
2327390
4225996
49607772
9328097
2040160
1878454
2115152
3146763
3109475
22022123
1782834
96646394
55934402
85615
5528
8132
5041550
4265064
5041550
230736
255252
99005
2135538
622830
6064608
45725
41355
77457
63643
24685
532464
188999
6064608
503963
503963
142533
1159178
1358735
168680
1358735
189808
1795697
1358735
338683
318881
34863638
1153961
1209540
273422
441442
293384
44757
124741
531069
61114
110782
132713
503963
2926
7388
141329
36754
60172
39971
1459
16887
190906
33068
51186
42057
33428
30233
351871
57597
1795697
508084
148704
65777
96766
12505511
10579445
2072763
1072204
3408215
3058545
1046270
3408215
3408215
8284691
4487143
160939
2072763
168930
849787
606125
548193
262804
1034230
849787
536980
8284691
1361633
4487143
4119268
811543
785225
787800
791771
928476
7712320
8806646
626495
1466839
2063706
2048759
1799039
2063706
2063706
2361509
1445428
6010
10789
2122338
3182488
331890
6010
331890
3414222
3425415
3442683
4096456
867133
809877
367622
813959
1567413
50671
1046198
3747
199429
186260
84531
187199
360484
1262166
222462
46953
626495
231107
514554
406011
367205
448563
626236
514554
325146
2361509
446451
1445428
1825
1701
535116
1141551
119049
100713
1241
1825
119049
103112
14561
41433
37453
41433
22277
119772
22277
34344
137376
50959
38031
38031
2419
103112
14561
22277
22277
22277
22277
22277
22277
22277
36345
119772
22277
34344
41687
38031
38031
15870
7279
7279
7279
7279
7279
18774
22275
25776
14559
22275
22275
29942
22275
18774
22275
34342
31408
38029
4523930
261002
261002
261002
283922
261002
261002
61709
99788
66288
6023
28843
126536
7281
7281
7281
7281
7281
57
168
7281
7281
7281
470
7281
7281
7281
113
7281
18776
741
741
25778
14561
22277
22277
22277
22277
22277
22277
29943
29943
22277
18776
22277
34344
31410
31410
470
38031
38031
38031
915849
1622724
1372797
340620
222303
340620
113941
74209
113941
19383
7083
19383
6461
2361
6461
9823274
8884386
1434651
17205501
14137097
125591030
82844614
177388547
58048
52500
6537
102641
84337
892552
4265064
85615
7255994
6562481
2355789
11477634
9430729
84301950
5041549
27760220
64584725
19988
362
43561
39397
11332
69557
57153
643746
23627
502883
454819
851853
699934
268185
11712583
426861
426861
1645401
4073078
8110
7336
13738
11288
4379
356461
4073078
4073078
10312737
609725
500987
398191
360132
8548012
12505510
148115
148115
623595
1851509
316247
17178
14115
11219
10147
272882
693052
1851509
2412354
2671877
1156889
2980907
2691446
338978
5263690
4324971
33303
12084
8245007
20885030
37499
33916
3455
66635
54751
1820848
100713
1824
2273334
2042620
608973
3637956
2989169
119048
33757
2908362
9324633
1706
28
55745
48813
11491
89632
73647
2017
518835
224619
358976
123721
3008184
800504
694752
1468194
1180170
403151
62670
62670
31289
21961
23692
5460
110654
290618
1380035
79645
65228
169829
139542
30723
1380035
1380035
1780097
1118913
838007
381011
1118913
1269231
961874
697568
594042
1622724
29997
29997
184318
110597
81179
31287
203853
479395
110597
197567
145015
95334
76941
444209
479395
870746
24433018
24513118
24636689
29244090
6205418
5795680
2630262
5824896
11216798
403639
404963
407004
478873
102515
95746
43452
96228
185304
340620
222303
340620
222303
939256
939256
1209539
222809
360300
239343
101117
44756
531069
113941
20988
74209
20988
43276
113941
5001
8087
5372
2708
74209
944
19001
3068603
3078663
3094182
3665623
779353
727893
330341
731563
1408745
52297
52469
52733
62796
13282
12405
5629
12467
24009
19383
7083
19383
7083
178882
178882
288192
42293
68391
45431
19194
6023
126536
288192
6459
2359
2359
29997
6461
2361
2361
2361
2361
2361
115
13172
29997
8616647
114360
129131
151918
881508
761
88
219808
45446
229217
3817335
24370
15005
255792
1159757
1339219
798899
343830
2587084
65867
31434913
1186
972756
65867
67371414
292909
26214
338244
78812
351109
567718
2467339
1074234
3579729
177388547
49568838
5753911
56699226
19815716
430757615
212407070
503704112
9823274
8884386
1434651
17205501
14137097
6013121
430757615
212407070
125591030
58047
52499
6536
102640
84336
23915
58162
144187
2467339
1074234
892551
53828935
84260107
177388547
21092726
23307347
26723871
114452547
26794
36614184
9448287
37823534
5934226
129541659
63767641
338107260
14055146
2309891384
282135
152226770
14055146
25565862
25649676
25778977
30698367
6493135
6064398
2752215
6094969
11736868
5357062
5510597
2493661
6318372
43758500
5526
8130
7255993
6562481
2355788
11477632
9430728
1800753
129541659
63767641
84301950
5041549
4265064
2201929
586658738
9328095
363934482
85614
178560
5041549
473061
474829
477222
568291
120146
112264
50949
112830
217274
1518365
29044
30530
12946
35918
337025
119
18
26
43560
39397
11331
69556
57151
4509
7395
3741
91752
191969
340130
798899
343830
643745
23626
19987
10695
7849421
9476750
46226
4517567
360
790
23626
20277147
32001629
67371414
40921
45269
17558
14123
950657
1819620
340818
120493
4073078
2537575
2807204
1075601
1154093
46986922
101051093
502882
454817
851852
699934
268185
350212
11715481
101051093
426861
426861
8109
7334
13736
11287
4377
4285
193835
288479
133214
950657
453695
86560
19960
1235984
1934724
4073078
10033965
9689002
318880
2009292
372590
34863638
1209539
1170831
531068
276821
447642
297363
44756
125630
4405579
2290788
3704384
2460781
1457
872805
65776
96764
609724
500986
398190
360132
113063
3318480
7024779
8314703
2924
7386
8854553
12505509
10579445
8692722
33066
5445117
34863638
43275
41890
148115
19000
9904
16015
10639
943
4494
148115
82993
146982
244613
119742
202639
133546
5
14797
3
1344
1978
17177
14114
11218
10145
15
31202
2374
324
910
6838
28293
100915
169048
60626
557083
72078
411290
528426
10
290632
29
577528
901810
734413
562809
130
262679
1237939
2609129
22759
10523
24365
189220
132339
3661
54830
13854
219584
219584
76690
20885030
2591221
15041834
12257299
5718279
1359524
17346027
17346027
7464787
160937
2591221
2980906
2695997
12257299
1735224
5718279
338977
5263689
4324970
2732949
1176113
584
22759
1743
6188
37498
33914
132339
793
16638
54830
3454
66633
54750
33302
12082
6337607
9920453
20885030
796106
10788
2202182
11514362
3887255
1870139
2442387
11988565
2812953
14826041
11988565
331888
112174669
6008
4657887
331888
3435526
3446789
3464164
4125229
872543
814930
369841
819038
1577193
46951
796106
1699
559303
2281851
2063757
3887255
567497
1870139
577457
252824
608972
3637956
2989168
665071
701367
5668422
4300271
1882654
119047
100712
50669
28489759
222460
17508897
1239
1823
3746
119047
88580
89431
90742
108660
22497
21144
9595
21454
41544
153
13653
24
19258
34833
10297
55744
48812
79389
6436
9981
32892
10895
2524
11490
89630
73646
12915
13619
145137
105948
33756
31488
2015
1705
766
838575
302
1349893
1708914
1097
614773
18
26
31
2015
4037909
6871948
14835720
4364918
4838305
3443827
2395072
1890297
1616905
1182976
496198
100714
10424626
865015
782338
1468194
1206358
755371
1235293
597175
297319
403151
358976
123719
15868
3163375
2417
10424626
62670
62670
79643
65226
169827
139541
54776
129245
54440
21959
30721
19827
23690
3626
4743
5458
415
236248
418774
13
127959
655520
1380035
288192
68137
110184
73194
6021
30923
126535
288192
272128
891840
1073246
1063347
55
1729628
166
1147648
915847
111
232204
1986306
1622723
1372796
1125345
874663
776432
739
739
654484
468
4523930
7092
11468
7618
113
3218
13170
29997
