27467018
16642222
6068729
660342
80274241
663
16642222
9799
245846482
1142105
1558073
28652899218
175461
169138
524698
15602422897
4401938418
1505
26688165
34349013
82791519
133871297
37769339
245846482
25628
34962
642962975
31633716
3937
3795
11774
350113968
98778256
31633716
10954848
4219751
55432524
1649305
6627513
16642222
6068729
660342
80274241
101
1806616
2325206
5604452
9062223
2556740
16642222
19572566
3213259
47495158
2618234
38700101
38761663
2724101328
1483360570
418503070
2724101328
2618234
21073447
5945487
38700101
9953312
58879
1082795714
2627532544
6391
19828
589617005
166349660
1430775769
403667229
2627532544
2124723
2734626
6591277
10657890
3006928
19572566
3213259
12195920
25862637
7296670
47495158
13738169
13716350
13738169
203598833
203922704
110866096
31278842
203598833
29444724
21566520
1983676
1452925
7468993
2107239
13716350
3527720
2432
44731871
2200803
215765477
11732
215765477
264
819
24357939
6872147
51772289
31154721
22818991
117491224
33148001
215765477
2200803
6388
1802
0
117491224
1962
744672
2992365
7514072
2740070
298149
573974
4224181
20173623
36244344
4946185
1905245
815699
1049846
2530446
4091653
1154385
7514072
8696723
5233378
3833140
9306909
25028146
19736208
5568210
329
36244344
34408822
550
7054955
3549203
34408822
470146
13813385
6087291
6237708
3138063
0
5382139
458139185
249471484
182722609
118441183
94916428
1654224
286722
1056777
0
2930747
2146593
1391426
1115061
6024591
39618
54048
993951833
438015375
2041867
4199868
2028847
110061
6086
5867
18201
189910219
686362882
541238662
152700595
238513424
174696500
113238642
90747214
11661913
23987107
11587551
628604
84
1870956
324288
1195233
23760647
13723493
5286219
470146
1499528
1929969
4651810
2639265
9538686
7521831
2122147
13813385
3314725
2427833
1573727
1261153
698550
277
1
698550
1367740
2
33932975
18477593
13533707
8772577
7030170
185253
42
277
0
0
63826
235244
744778
545504
353597
283365
2
1389
355608
1895
34863638
43327
355608
34863638
213
205
638
6661249
24074714
18984369
5356092
355608
14684
30204
14590
791
43327
355608
31547822
18984369
13904889
9013179
7222983
254608
725626
204722
1332569
2609129
15
353393
451637
121755
928961
448757
24344
920191
531477
204722
1332569
283237
364540
878653
498515
258574
1039046
2360979
1801706
1420754
1040615
674529
540554
400839
2609129
48863
0
1437939
722248
723397
633671
24075279
21122677
13109762
3698679
24075279
860484
5601681
11501975
8424493
5460774
4376157
48863
0
381337
393287
110958
722248
66096
243612
185755
25814
168048
345054
252731
163821
131282
2624
48269030
24283163
21271229
235420417
572844
284
883
9222561
33331666
26284035
7415560
13222961
3730616
24283163
866535
5641076
11582866
8483741
5499179
4406933
162567068
93894244
36167585
194149
399341
192911
10465
103530
806682
330208
424994
1024365
581187
2100494
1656366
467313
3041817
139820
515337
392947
833284
235095
1530276
54607
355489
729928
534628
346547
277716
5028154
10342289
4996092
271029
10244648
5917026
2279208
3495031
3500591
3500591
1903156
536940
3495031
142605
928348
2417296
1906184
1396163
904996
725246
537795
505455
370216
251944
71081
462679
66913
49010
18878
122896
42341
156060
118997
320006
252344
184827
119805
96009
71194
28
184
0
0
1
133
37
0
2463425
41
46144
3730
7673
3707
201
11008
26
82
1085503
653217
478443
184293
1199734
864368
4093667
3123951
2463425
1804308
1169556
937259
695010
4523930
