32680984
21821096
10091676
1875382
80274241
4035
21821096
499252
471613820
144076776
49467088
54965615705
36915230
9779673
19939438
32434048665
13096481154
118955
93238335
106464743
190100430
278289352
112369914
471613820
784511
242151
888801732
91305379
187696
47873
97607
524463126
211771941
91305379
15029667
7802699
57916696
4128405
10003038
21821096
10091676
1875382
80274241
1015
4372873
4927150
8795856
12876316
5199302
21821096
33527348
6968908
67674109
8078311
72445029
72531584
6102372601
3600881158
1453992768
6102372601
8078311
42748949
17261514
72445029
24015884
1242559
2077155705
4912119582
245654
500857
1225685701
494917235
2898537995
1170394995
4912119582
6693228
7568735
13514523
19784001
7988543
33527348
6968908
22407653
39933908
16124834
67674109
15586914
15564480
15586914
243966346
244257830
143959387
58129079
243966346
56167682
47674848
3584256
3042292
9184290
3708506
15564480
5160903
12086
61835231
3810159
215765477
42173
215765477
2389
5007
36487664
14733282
68171607
49615796
42113640
127318649
51409748
215765477
3810159
24885
10048
3180
127318649
380396
1062720
3437157
7514072
2740070
298149
994920
5670317
21780695
36244344
5680338
2523867
1143589
1410182
2972130
4433895
1529207
7514072
10656975
6846110
5214724
11312555
26149766
21387021
7236216
2477
36244344
37705082
5778
10291782
6069031
37705082
1038856
18389350
9745724
11361657
6919522
794
11126523
1101221610
649807608
505408753
366347769
315456310
3847940
1260960
2789155
794
6565526
5106549
3701504
3187307
31953094
963164
579261
1379332397
878989585
12941960
24223553
12879811
3720677
261118
114520
233491
375122185
995168244
813914909
328649111
518673185
403414741
292416958
251795650
15271687
27427007
15198350
3917746
1470
3488853
1105973
2447374
27203667
17304853
8983869
1038856
3635585
4155191
7413017
5001523
13311841
10851968
4381895
18389350
5753465
4499627
3261574
2791763
879063
1075
6
879055
1574310
12
40644786
23983630
18654039
13521462
11643119
302621
256
1075
1
3
162680
355152
928975
729603
523773
450977
12
6866
593568
3908
34863638
83722
593568
34863638
1636
772
1619
9481488
25153607
20572296
8306847
593568
35333
64837
35163
10158
83722
593568
31879404
20572296
16000764
11598224
9987049
334251
786320
280652
1332569
2609129
21
440291
537278
189609
969322
534435
61119
961429
611586
280647
1332569
412845
501775
1045820
648317
383698
1196054
2385794
1882448
1539591
1197467
840842
694300
541479
2609129
68951
31
1859380
936024
937295
821508
53921186
49295570
31817753
12850213
53921186
6779099
16709098
29088274
22766006
16412894
14121225
68951
31
670243
552333
244179
936024
186131
383801
315260
103199
299612
484759
383010
277623
243101
16330
66984169
44260425
40467790
235420417
1577336
3228
7000
18216963
48328103
39525943
15960103
26117141
10555884
44260425
5536268
13719888
23879188
18592249
13476674
11592416
169852403
108046862
56092868
638868
1250331
635800
185195
103530
983492
474106
576990
1202779
743916
2194626
1794911
622217
3041817
207985
605093
481723
902983
313024
1530276
103407
433406
790983
612904
424398
350911
5886299
10791632
5853619
609814
10703755
6780509
2979142
4187991
4192994
4192994
2471245
997859
4187991
573030
1420073
3025184
2474197
1924386
1394900
1201126
999051
964189
818399
273017
103768
462680
97963
72994
30970
156948
63694
186796
153438
334347
273451
212686
154166
132750
103933
41
184
0
0
1
145
58
2
2669475
1100
46144
4458
8007
4437
995
11008
48
99
1429346
1040288
882991
581677
1532154
1230324
4136693
3263949
2669475
2076270
1504993
1295926
1077902
4523930
