32680984
21961175
11132696
3324373
80274241
10733
21961175
708646
471613820
164491229
76287767
54965615705
41780244
14856469
30750450
32434048665
13096481154
168846
93238335
106464743
190100430
278289352
112369914
471613820
1065451
472625
888801732
127462092
263461
86867
190508
524463126
211771941
127462092
15029667
7802699
57916696
4154907
10067252
21961175
11132696
3324373
80274241
2624
4372874
4927150
8852286
12958924
5199302
21961175
34562396
12190831
73675054
11788441
74523721
74612760
6102372601
3600881158
1453992768
6102372601
11788441
43975303
17756702
74523721
24704836
2440688
2077155705
4912119582
471517
983804
1225685701
494917235
2898537995
1170394995
4912119582
6770186
7802356
13931666
20394664
8235121
34562396
12190831
24394402
43474603
17554525
73675054
15805427
15783945
15805427
243966346
244257830
143959387
58129079
243966346
56167682
47674848
3634502
3084942
9313786
3760795
15783945
5233250
33188
61835231
6240307
215765477
115805
215765477
6561
14022
36487664
14733282
68171607
49615796
42113640
127318649
51409748
215765477
6240307
68334
27592
11581
127318649
429707
1187340
3444536
7514072
2740071
298149
1473451
6140685
21780695
36244344
5682819
2622222
1232557
1483377
2976493
4433895
1588800
7514072
10748260
7213904
5693803
11370960
26149766
21387021
7555601
6267
36244344
37705082
16030
10401320
6512007
37705082
1928161
18585071
10742700
11361657
7058582
1585
11531414
1101221610
649807608
505408753
366347769
315456310
3847940
1286301
2845208
1585
6804444
5292375
3836201
3303292
44253551
1200231
936230
1379332397
878989585
17924013
32866945
17837940
5152964
338152
178739
377380
375122185
995168244
813914909
328649111
518673185
403414741
292416958
251795650
15271687
27427007
15198350
3966944
4187
3524648
1168359
2625198
27203667
17304853
8983869
1928161
3635585
4197824
7491691
5054604
13488317
10967140
4428400
18585071
6339840
4874624
3579530
3077357
882927
3645
31
884945
1581219
56
40644786
23983630
18654039
13521462
11643119
302622
584
3645
7
18
162680
356710
933050
730418
523773
450978
56
10917
966819
8753
34863638
165702
966819
34863638
2818
1730
4238
9481488
25153607
20572296
8306847
966819
68537
151864
68208
19703
165702
966819
31879404
20572296
16000764
11598224
9987049
342195
786321
286448
1332569
2609129
22
440292
537279
200643
969322
534436
82287
961429
611586
293521
1332569
436462
532172
1045821
666860
407429
1196054
2385794
1882448
1539591
1197467
842329
708769
569487
2609129
68951
62
1920948
967113
968269
848640
53921200
49295585
31817761
12850213
53921200
6779101
16709102
29088283
22766012
16412899
14121229
68951
62
688122
570673
244179
967113
186131
390294
320597
105182
304395
500764
389485
282320
243101
38998
66984169
44260427
40467801
235420417
3059190
7709
18425
18216963
48328103
39525943
15960103
26117143
10555887
44260427
5536270
13719893
23879194
18592256
13476679
11592419
169852403
108046862
56092868
1239063
2328256
1233113
357747
103530
993696
507686
604369
1206392
763688
2194626
1794912
647535
3041817
225606
606911
486773
902983
325762
1530276
118097
437902
790983
612904
428781
358573
5904786
10791632
5873197
757391
10703755
6780511
3116345
4187991
4192994
4192994
2471245
997859
4187991
573030
1420073
3025184
2474197
1924386
1394900
1201126
999051
964189
818399
273017
103769
462680
97963
72994
30970
156948
63694
186796
153439
334348
273452
212686
154166
132750
103934
41
184
0
0
1
145
58
24
2669475
1585
46144
4458
8007
4437
1034
11008
48
99
1429346
1040288
882991
585450
1532154
1230324
4136693
3263949
2669475
2076270
1504993
1295926
1077902
4523930
