15978813
10553909
4990803
804037
80274241
2452
10553909
186454
162172303
54516171
19278344
20864973771
9327547
2708289
4388385
6426042828
3316515852
29769
22711021
24575828
36920464
49974446
25723723
162172303
477941
151565
544592865
81781908
76161
21291
38588
167699010
86564771
81781908
3968793
2316931
29045103
1277181
2623435
10553909
4990803
804037
80274241
400
1314771
1457758
2351190
3251371
1545303
10553909
8429565
8127385
31584535
5076190
18328273
18591908
2065803804
637601991
328441019
2065803804
5076190
5647857
2878247
18328273
3723373
482732
760813426
2952764323
67815
109885
234282218
120935249
909310380
469382906
2952764323
1188588
1263500
1960837
2607932
1330457
8429565
8127385
6033314
9633762
4599724
31584535
6904237
6761502
6904237
132481480
134355490
40796708
21056129
132481480
44685506
44685506
2296214
2296214
2082313
946488
6761502
1348408
7630
35723048
3406982
215765477
42510
215765477
1067
1736
11001446
5638689
71758667
71758667
71758667
66440482
33775426
215765477
3406982
13090
6757
3189
66440482
213507
218849
668381
3109313
1126818
118718
512748
2536744
10112451
36244344
1138700
525626
228655
278286
578739
871543
308918
3109313
11059118
11059118
11059118
5273596
12281395
10048057
3360955
1312
36244344
18105387
3676
2486404
1433457
18105387
1261799
8919460
4503184
1609294
942156
805
2859907
367489439
113392083
92781655
73765426
66191903
319644
125158
216258
805
880354
721636
573426
514787
15360358
586477
362685
827029436
512967288
3586376
5543014
3496518
1633132
105856
52033
84309
142346520
299721948
254769689
131470160
158478301
129576098
103076655
92368469
3980840
6525218
4027453
1403040
581
492217
186795
339239
6552953
4499705
2677842
1261799
1162279
1270141
2003407
1467046
3230402
2748947
1338802
8919460
1402312
1125962
892784
784581
177551
692
3
190010
724311
12
22593271
6957649
5703471
4525359
4068302
43934
112
692
0
1
22155
43259
225768
182831
145158
124312
12
6734
536706
3966
34863638
40496
536706
34863638
1068
552
902
5975921
12633683
10735530
5496575
536706
9774
15168
9878
4072
40496
536706
15380507
10735530
8800084
6979785
6262122
72788
171821
61882
557991
2609129
11
87315
106186
40934
194917
107782
15953
195841
124290
60356
557991
201295
243170
493991
312949
192235
571833
1140136
912435
748610
572574
407262
340389
267502
2609129
46765
31
374629
187746
191084
163866
15236451
13649207
4769122
2428323
15236451
4553068
2687626
4298705
3444874
2795942
2457499
46765
31
83072
62161
33700
187746
25127
53741
46478
63875
39476
59144
48479
40346
35134
10663
36292878
22246044
19736201
235420417
1429955
1402
2427
6230913
13151603
11185735
5748681
6873062
3534989
22246044
6588495
3884099
6100208
4981701
3966110
3548861
85310291
59423507
37089348
324712
520241
328166
146722
127338
188868
98856
117446
234915
150350
430684
353774
128920
1262065
44514
119161
97885
179452
65394
640184
168683
81985
153569
118095
84181
70881
2650109
5002569
2693054
327379
5027929
3137290
1421838
2170194
2205010
2205010
668305
343161
2170194
733378
434182
799039
679026
556576
444720
397049
348653
733378
733378
58466
19247
189870
64612
64612
64612
31120
12080
40370
31944
70401
59823
47831
32136
26050
19693
27
276
0
0
1
76
39
2
1393049
514
41771
2290
3700
2316
560
10254
30
56
1504555
1504555
1504555
1504555
868218
738245
1995785
1639355
1393049
1140141
885380
780906
662767
4523930
