53536849
42932616
27454325
7998297
80274241
46180
42932616
11406621
2103608178
3234336045
1119628430
245171183919
2005267441
618234829
745503224
189337379703
141418388691
6579509
1165983968
1198759347
1406010737
1624545161
1213392513
2103608178
8331040
2414224
1872156759
362817609
4852824
1570688
1608943
1445803089
1079887889
362817609
37678100
30881337
67853382
23593698
30014940
42932616
27454325
7998297
80274241
28919
23797306
24466240
28695324
33156372
24764897
42932616
138253143
26179251
155860469
51477456
300023135
300142968
29007705955
22401666252
16732076626
29007705955
51477456
231704784
173063117
300023135
188612982
28756162
9265041737
14050467731
15881577
19150922
7155077107
5344214000
10850699096
8104518953
14050467731
76196311
78786390
92547980
106770429
79748130
138253143
26179251
97945780
120371196
89906709
155860469
23182645
23157431
23182645
405436397
405598332
313104761
233861749
405436397
232081661
224246863
13265096
12817283
17883812
13357636
23157431
14567863
134610
130248674
12289960
215765477
210461
215765477
74611
89763
100586627
75129374
133768883
123460099
119292234
166628350
124456739
215765477
12289960
162532
121397
105231
166628350
1956969
4129372
5253218
7514072
2740071
298149
3106909
12070308
28208983
36244344
8644877
6043258
3274456
3561767
4866165
5802862
3661600
7514072
18828513
13945293
11299526
19547892
30636245
27990276
14417396
13896
36244344
50890118
63921
27866816
20833140
50890118
4071736
36891775
25995760
53921745
40825675
37554
50570473
5498157322
4246040190
3845511453
3459788723
3318627689
34110828
22277943
27287086
37554
39053859
35369911
31822144
30523785
193671720
10083782
5928939
2920854653
2642886424
128831437
164342156
128623493
98604926
6698321
3437749
3940054
1739465068
2468909907
2255676861
1684792446
2041011437
1848482941
1663071482
1595217370
34068954
43183340
34013964
22796141
40498
17628513
11374470
13924465
43015874
35593476
29354177
4071736
20452068
21026968
24657744
21974311
31189241
28495511
21283643
36891775
20087162
18198385
16358178
15699760
1832777
8003
71
1839417
2435132
94
67492034
52121805
47205158
42470261
40737454
1184597
4616
8003
42
54
1003272
1229430
1880612
1739093
1532339
1469852
94
31591
1886543
14649
34863638
370148
1886543
34863638
18222
8936
9791
20762443
29469176
26924003
20109865
1886543
247800
334230
247400
221431
370148
1886543
33205730
26924003
24384263
21938408
21043310
793588
1029098
768645
1332569
2609129
52
812372
885293
587396
1130765
883156
296745
1126380
932023
670999
1332569
944398
1067601
1714492
1270620
907025
1824087
2485054
2205417
2014941
1824872
1513529
1334324
1122607
2609129
183721
1478
4508862
2283008
2283920
2004531
256276510
241234413
197983232
147824106
256276510
125706701
152604587
186558129
170516226
151799967
145606456
183721
1478
2852301
2133348
1316873
2283008
1504129
1526527
1435195
1170167
1268064
1869487
1402006
1261378
1209913
168974
141844723
124169483
117254047
235420417
6418671
103477
112668
84473201
119897045
109541863
81818148
96055461
71622806
124169483
61125566
74174763
90714903
82157772
73783671
70773262
198993742
164657330
135794001
4853204
5502438
4845370
3301450
103530
1797669
1347406
1442235
1972281
1598499
2571156
2349092
1484573
3041817
651539
992214
894041
1181780
746858
1530276
481934
792198
1035199
931137
785025
726035
9358140
12589004
9322734
2095561
12540184
10234444
5923822
6959828
6962608
6962608
5374839
4014532
6959828
3623123
4404537
5885282
5376986
4869775
4381314
4202554
4016136
3983975
3849481
357312
248901
462680
241275
207723
122049
293156
195227
309738
291206
391711
357880
324121
291610
279713
249297
99
184
0
0
1
189
141
123
3493677
5752
46144
7369
9341
7357
4822
11008
136
164
2804716
2588573
2501186
2173311
2861832
2694149
4308798
3823940
3493677
3164119
2846743
2730594
2609470
4523930
