74392715
63331294
42547342
11929001
80274241
96584
63331294
45553767
4901882545
13384022511
4411347152
571304275762
13180774760
4018100355
4118769426
545283198920
522950782836
41698231
4464907275
4480182084
4576770601
4678617521
4487001801
4901882545
21920704
5859353
2855511786
575253002
20065401
5337024
5470738
2725452385
2613829770
575253002
69920496
68097723
77790069
57625801
59520238
63331294
42547342
11929001
80274241
94833
57687727
57885081
59130916
60446757
57973194
63331294
303385602
37851674
230599891
112079280
654775471
654812878
66940636525
63891705297
61274980356
66940636525
112079280
624975174
599378923
654775471
606167976
108461525
21589641469
23188815881
98792790
101267934
20606302567
19762358495
22132639715
21226183546
23188815881
276108529
277293314
283271498
289575141
277715409
303385602
37851674
213473168
220109041
211094337
230599891
30417032
30389611
30417032
566906448
566938835
541085678
518925174
566906448
518431072
516240801
27814812
27697299
29005761
27817812
30389611
28156675
282742
198662116
17093716
215765477
295182
215765477
257537
263989
189613694
181847946
199366158
197304401
196470828
205938051
197503729
215765477
17093716
281738
270199
265664
205938051
3522517
6837132
7061901
7514072
2740071
298149
4448199
17362517
34637271
36244344
11644726
10926454
6504665
6584622
6959085
7171830
6620321
7514072
26405104
19900495
16379102
27428486
35122724
34593530
20742540
20700
36244344
64075154
152392
52344017
40314474
64075154
5740191
55036783
39350419
144982802
115742504
120927
113005265
12814462651
12230804989
12044103873
11864304380
11798504051
134329430
105225784
108066010
120927
107858237
106211800
104626225
104045960
402411997
26828538
15087766
4462376909
4406783264
375809432
390223777
375722466
362905952
24557850
13742776
14087086
4101399988
4324283917
4259129958
4084694614
4206068424
4141863520
4080032023
4057403857
59839288
62134452
59825441
50574259
150642
48497765
36687235
37640661
62092281
60223190
58652024
5740191
50141705
50313244
51386529
50595912
53333612
52530034
50389830
55036783
37558134
36984816
36432691
36230632
3072866
11583
160
3075903
3234138
169
94339281
90042429
88667947
87344274
86859856
2847176
11723
11583
147
153
2796186
2871897
3086834
3039714
2994335
2977729
169
51516
2565500
20562
34863638
650554
2565500
34863638
47156
19804
19198
32043399
33784745
33275711
31912883
2565500
607547
630850
607406
635128
650554
2565500
34532056
33275711
32767763
32278592
32099572
1224773
1271875
1219785
1332569
2609129
93
1223632
1242025
1158670
1292209
1241485
579245
1291331
1252460
1183114
1332569
1452335
1603031
2383163
1851354
1393406
2452120
2584314
2528386
2490291
2452277
2177599
1929275
1670312
2609129
353557
4761
8146182
4137201
4137437
3634053
591386432
559968755
564450677
541333245
591386432
506253050
518822111
534463975
526305475
518448564
515573209
353557
4761
7547599
3948765
3787040
4137201
3759534
3863026
3829935
3239946
3367022
3468533
3415587
3364597
3345937
390052
216705278
204078562
194040313
235420417
9778260
384787
394428
199175247
209999103
206835048
198363988
194783439
186805960
204078562
175426752
179782182
185202399
182375317
179652740
178656373
228135082
221267799
215495133
9131841
9482097
9129727
8924827
103530
2771726
2644851
2670989
2816901
2713159
2947684
2903272
2682415
3041817
1320966
1417125
1391727
1460577
1349468
1530276
1132339
1221446
1279416
1257578
1219590
1201468
12759312
14386376
12721635
3346234
14376612
13688381
8607608
9731666
9732222
9732222
9288420
8908007
9731666
8798646
9017096
9431048
9288951
9147156
9010604
8960630
8908516
8899525
8861926
441606
417048
462680
415165
404519
265089
429364
400554
432680
428974
449075
442308
435557
429054
426675
417712
166
184
1
1
1
235
225
221
4317879
9963
46144
10280
10674
10278
9641
11008
224
230
4180087
4136858
4119381
3761170
4191510
4157973
4480903
4383932
4317879
4251967
4188492
4165262
4141038
4523930
