33024226
25223431
14971276
2968438
80274241
30759
25223431
8531651
1448713309
2731296174
863947275
195139644635
1455101042
451403927
493233517
120110724638
103961830611
4545226
757014433
766029260
827075494
891710274
771720271
1448713309
7057771
1952605
1658735432
294366200
3769869
1163926
1114756
1020978533
883704129
294366200
19129761
16968869
51617109
12642829
14638509
25223431
14971276
2968438
80274241
17403
12692919
12935890
14254830
15484265
13071196
25223431
61862887
24828173
78445141
44526600
131788020
132211854
18516081095
11396947913
9867106256
18516081095
44526600
81199245
70162299
131788020
73422896
21133084
6974398505
10366956491
11041830
12065029
4292882420
3715727640
6381029687
5523596855
10366956491
32334011
32740907
35404965
38201268
32992040
61862887
24828173
42744168
47927006
40627324
78445141
11483360
11292393
11483360
328203976
329815194
202014865
174858262
328203976
207522862
207522862
7225655
7225655
6950862
5659893
11292393
6293823
92555
104575288
9065965
215765477
164860
215765477
48353
52840
64367784
55612074
135761693
135761693
135761693
132807146
112344676
215765477
9065965
101474
87829
79480
132807146
1064122
1034784
1496096
3109313
1126818
118718
1479585
5728076
16814908
36244344
2546837
1942661
1046397
1105347
1416679
1675207
1141731
3109313
17830676
17830676
17830676
10316585
19142172
16745813
7308441
5987
36244344
32894456
52088
12813778
8310405
32894456
3995949
21672332
12564455
22561630
14667856
18811
21694507
3351402422
2063660991
1960225346
1863227297
1825573228
12494144
7608611
8385701
18811
13361672
12696760
12055831
11811049
132699756
8612064
5008962
2485564946
1848771636
75582605
85581384
75759218
69748707
5238658
2617138
2927085
1342574934
1605087015
1529905496
1324391796
1137948896
1080929958
1028438831
1007655051
18466383
21191006
18519160
13399280
27746
7119985
4303636
4785732
21219721
19037504
16969258
3995949
11063845
11234348
12280216
11523850
13986323
13307128
11335297
21672332
7719499
7329139
6935373
6780840
626470
5901
28
621811
1327967
48
56063438
34507954
32778872
31161781
30532030
409643
3139
5901
15
17
383782
355002
817385
776480
730754
706114
48
28221
1395900
12124
34863638
228341
1395900
34863638
15030
6629
7258
18704983
22513663
21459134
18348299
1395900
139133
147263
139458
127799
228341
1395900
24039676
21459134
20383886
19360324
18904275
252571
343452
234648
557991
2609129
39
246378
263670
195963
341967
265132
118031
342662
280259
218556
557991
537042
613975
989913
728459
517917
1094459
1744524
1519654
1331877
1095453
873433
773478
653896
2609129
186365
740
1402690
732786
736921
634499
126006824
113679237
77559242
67367628
126006824
71528059
63205065
69971412
66436065
63419018
62137379
186365
740
972247
468078
494411
732786
461747
437024
510453
442018
458937
432415
410726
461340
445054
138903
101356149
70595220
63906932
235420417
5015348
72574
79300
54783803
65452097
62386352
54014529
43452501
37771674
70595220
40210850
35388210
39335752
37364764
35509509
34782328
152025902
137644356
123764521
2889928
3234523
2896681
2536013
127338
533309
441525
461132
575044
495837
740952
680008
473234
1262065
218025
291692
272408
344935
240048
640184
307160
231503
295184
264232
233493
221161
4992859
7812321
5049619
1191856
7839600
5636772
3222102
5113946
5154838
5154838
3147716
2719756
5113946
3243473
2854942
3328806
3172886
3013903
2864606
2806715
2741425
3243473
3243473
116868
70783
189870
122241
122241
122241
87781
62196
100211
88889
125457
119581
110236
89146
80968
72427
102
276
0
0
1
153
133
62
2784552
2498
41771
5787
6613
5804
3680
10254
118
141
2846499
2846499
2846499
2846499
2392641
2241200
3119405
2921388
2784552
2636209
2410603
2294675
2128527
4523930
