11717460
6886529
2495684
262937
80274241
269
6886529
1650
42208675
192314
271850
4919333917
12596
12227
38552
1136525542
322227197
108
1898555
2434178
5985780
9751571
2764761
42208675
10401
14702
266057224
28635835
681
661
2085
61467840
17427333
28635835
1984344
767519
23402101
292486
1164442
6886529
2495684
262937
80274241
17
309757
397146
976606
1591011
451082
6886529
3360357
3952188
19869383
1321526
6643895
6798139
467663989
108045535
30633020
467663989
1321526
1534955
435189
6643895
752666
10273
185902084
1099216281
462
1456
42949405
12176995
253954580
72001085
1099216281
151149
193792
476545
776351
220110
3360357
3952188
2199869
4590471
1301488
19869383
5759456
5628779
5759456
83550857
85490564
19302955
5472765
83550857
22092390
22092390
1488353
1488353
1300430
368697
5628779
637667
1022
18509988
1992236
215765477
11923
215765477
46
145
4276407
1212445
55757910
55757910
55757910
49848816
14133113
215765477
1992236
2754
781
0
49848816
853
132059
525753
3109312
1126818
118718
271039
1738911
8436837
36244344
895944
346540
139857
179314
440944
718352
203666
3109312
9366229
9366229
9366229
4012848
10566201
8373617
2374084
143
36244344
14408119
224
1225689
621732
14408119
578262
5731242
2487866
454322
230455
1
922169
78496993
18135349
13293414
8746460
6983352
48918
8619
32681
1
213050
156168
102751
82039
2349903
16121
22789
412395558
179016201
326994
681119
333249
17623
1056
1025
3231
33045640
120224405
95276737
27012816
41358543
30316277
19946726
15925873
2004920
4176192
2043272
108053
14
131975
23254
88170
4200354
2440005
943763
578262
257792
330521
812770
459249
1670811
1324102
375408
5731242
574777
421318
277208
221328
122627
174
0
122627
573398
2
14225729
3286604
2409118
1585089
1265567
13203
11
174
0
0
4586
17390
132473
97104
63890
51011
2
1362
321907
1926
34863638
16899
321907
34863638
89
86
273
2793655
10163688
8054630
2283645
321907
2351
4898
2396
126
16899
321907
13215714
8054630
5904134
3884651
3101584
44712
128914
36549
557991
2609129
6
60081
77645
20870
161733
79130
4184
162669
94495
36549
557991
117359
150468
370010
209071
110815
441177
989039
760631
602793
441854
290719
232116
170903
2609129
24663
0
250116
123993
126871
108572
4133158
3619133
954893
270730
4133158
935252
389688
836137
612897
403258
321970
24663
0
26931
28646
8121
123993
4745
17992
14046
28057
11690
25083
18386
12097
9658
1106
20027060
10158750
8693518
235420417
533607
49
156
1604787
5838427
4626900
1311816
2347000
665420
10158750
2246570
936071
2008484
1472241
968667
773404
68631388
39868295
15420555
74252
154665
75672
4001
127338
135892
56767
72783
178978
101130
367925
291577
82668
1262065
23944
90787
70878
147903
41933
640184
141574
58989
126570
92777
61043
48738
2064422
4300132
2103912
111260
4325011
2512419
971772
1434256
1467553
1467553
331359
93946
1434256
379243
158018
427831
339052
248529
163520
130558
96127
379243
379243
43866
12436
189870
50205
50205
50205
20918
7266
27551
21509
56637
44884
32900
21647
17283
12725
18
276
0
0
1
57
16
0
1045174
17
41771
1426
2972
1454
76
10254
11
35
1169069
1169069
1169069
1169069
487112
362506
1714880
1318847
1045174
766124
504075
402463
296327
4523930
