2609129
2724454
4834794
1441033
1392356
2724454
4834794
1552826
4877962
1453900
1552826
4877962
1566691
1566691
2690060
2724454
15849071
4723891
4523930
2808963
16340689
5090363
15849071
4723891
5248260
16340689
5090363
5248260
13902436
4723891
24875746
4523930
23310865
4723891
24875746
23310865
1441033
4723891
64417154
1392356
4523930
2692423
1453900
4723891
64417154
64992307
2692423
2716463
64992307
2716463
13902436
2724454
14346824
14968181
2609129
13444296
14026565
2724454
14346824
14474921
13444296
13564334
14474921
13564334
4523930
4723891
49750884
27804532
36543815
4723891
49750884
38165956
50161954
28034269
38165956
50161954
38481305
38481305
908790
2988151
36543815
7263821
53788465
176859351
2990125
27804532
329885
31322
29997
651615
7968983
26202445
3014831
28034269
332610
262468347
7328677
41263351
489566
135676108
1609720
178438452
253068
329885
31322
5713877
657433
6113336
72531
20100977
238486
26436395
255159
332610
201350303
2388908
264811814
375566
489566
1234883
136887502
1609720
1624093
253068
4383350
52005
5764893
55641
72531
182953
20280450
238486
240616
255159
1832630
203148073
2388908
2410237
375566
1234883
1245908
1624093
39895
4422488
52005
52470
55641
182953
184586
240616
1832630
1848992
2410237
1245908
39895
40252
52470
184586
1848992
40252
908790
53788465
36543815
27804532
28693298
36244344
2724454
2690060
7968983
41263351
42582326
53788465
28034269
28930379
36543815
22011813
27804532
29583327
28693298
2808963
6113336
6308748
7968983
32666660
41263351
43903175
42582326
22193688
28034269
29827762
28930379
22694591
22011813
29583327
4839701
6113336
6504437
6308748
33679938
32666660
43903175
22882107
22193688
29827762
22694591
4989822
4839701
6504437
33679938
22882107
4989822
27804532
28693298
36244344
36543815
36482289
53788465
2724454
2690060
908790
22011813
27804532
28034269
27987070
41263351
29583327
28693298
28930379
28881671
42582326
36543815
36482289
53788465
36783727
7968983
54141588
2808963
22694591
22011813
22193688
22156322
32666660
28034269
27987070
41263351
28218315
6113336
41534247
29583327
29827762
29777543
43903175
28930379
28881671
42582326
29120308
6308748
42861881
36783727
7968983
54141588
8021300
22694591
22882107
22843582
33679938
22193688
22156322
32666660
22339390
4839701
32881118
28218315
6113336
41534247
6153470
29827762
29777543
43903175
30023582
6504437
44191401
29120308
6308748
42861881
6350165
8021300
22882107
22843582
33679938
23032329
4989822
33901048
22339390
4839701
32881118
4871473
6153470
30023582
6504437
44191401
6547139
6350165
23032329
4989822
33901048
5022580
4871473
6547139
5022580
2724454
27804532
28693298
2690060
2609129
36482289
36244344
22011813
2808963
2724454
27987070
27804532
28881671
28693298
29583327
28693298
2690060
36482289
22156322
22011813
22694591
22011813
2808963
27987070
28881671
29777543
28881671
29583327
28693298
29583327
22156322
22843582
22156322
22694591
22011813
22694591
29777543
28881671
29777543
29583327
22843582
22156322
22843582
22694591
29777543
22843582
29997
31322
2525624
105091
4723891
2724454
4523930
15849071
2609129
2690060
31322
2525624
105091
58523
33752
2525624
638372
105091
108350
4723891
5090363
2724454
2808963
15849071
15849071
16340689
2690060
58523
33752
2525624
638372
105091
108350
58523
63063
33752
34799
638372
638372
658173
108350
5090363
5090363
5248260
2808963
15849071
16340689
16340689
58523
63063
33752
34799
638372
638372
658173
108350
63063
63063
65019
34799
638372
658173
658173
5090363
5248260
5248260
16340689
63063
63063
65019
34799
638372
658173
658173
63063
65019
65019
658173
5248260
63063
65019
65019
658173
65019
65019
13902436
1441033
2724454
7588402
14968181
14346824
1392356
4834794
2609129
2690060
7111031
14026565
13444296
1453900
1552826
2724454
2808963
7656155
7656155
7338334
14474921
14346824
14791844
4877962
4834794
4984763
2690060
7174523
7174523
6876695
13564334
13444296
13861321
1566691
1552826
1600993
2808963
7724514
7403855
7403855
7338334
7565960
14474921
14923914
14791844
4877962
5029270
4984763
7238581
6938094
6938094
6876695
7090001
13564334
13985082
13861321
1566691
1615288
1600993
7469961
7403855
7633513
7403855
7633513
7565960
14923914
5029270
7000041
6938094
7153305
6938094
7153305
7090001
13985082
1615288
7469961
7701669
7633513
7633513
7000041
7217174
7153305
7153305
7701669
7217174
13902436
14968181
14346824
7588402
2528312
2724454
1441033
2690060
2609129
4834794
1392356
14026565
13902436
13444296
7111031
14474921
7656155
14791844
14346824
7338334
7656155
2724454
1441033
2808963
2724454
1552826
1453900
2690060
4984763
4834794
4877962
14026565
13564334
7174523
13444296
7111031
13861321
13444296
6876695
7174523
14923914
14474921
7403855
7724514
14791844
7565960
7338334
7403855
2808963
2724454
1552826
1453900
2808963
1600993
1552826
1566691
4984763
5029270
4877962
13564334
7174523
13985082
13564334
6938094
7238581
13861321
13444296
6876695
7174523
13861321
7090001
6876695
6938094
14923914
7633513
7403855
7469961
7565960
7633513
7403855
2808963
1600993
1552826
1566691
1600993
1615288
1566691
5029270
13985082
13564334
6938094
7238581
13985082
7153305
6938094
7000041
13861321
7090001
6876695
6938094
7090001
7153305
6938094
7633513
7701669
7469961
7633513
1600993
1615288
1566691
1615288
13985082
7153305
6938094
7000041
7153305
7217174
7000041
7090001
7153305
6938094
7153305
7701669
1615288
7153305
7217174
7000041
7217174
7153305
7217174
2528312
13902436
4723891
1441033
24875746
7588402
14968181
64417154
4523930
1392356
13902436
4723891
1441033
23310865
7111031
14026565
2692423
4723891
1453900
12723829
24875746
25097851
7656155
7656155
64417154
64992307
23310865
7111031
14026565
2692423
4723891
1453900
11923400
23310865
23518998
7174523
7174523
2692423
2716463
12723829
12837435
12837435
25097851
7724514
64992307
11923400
23310865
23518998
7174523
7174523
2692423
2716463
11923400
12029859
12029859
23518998
7238581
2716463
12837435
12837435
12952054
11923400
12029859
12029859
23518998
7238581
2716463
12029859
12029859
12137268
12952054
12029859
12029859
12137268
12137268
12137268
377449
13902436
4723891
2724454
1987627
6146814
1266375
24875746
14346824
14968181
15849071
4523930
2690060
2609129
1862589
705225
406731
23310865
13444296
14026565
5090363
4723891
2808963
2724454
3332747
1922126
2005373
7692560
6146814
1305657
1266375
24055992
24875746
25097851
14474921
14791844
14346824
15849071
16340689
15849071
2690060
3123091
1801210
1879219
759935
705225
419347
406731
22542681
23310865
23518998
13564334
13861321
13444296
5090363
5248260
5090363
2808963
3222920
3332747
3362504
1939288
1981748
1922126
7692560
7931173
7692560
1305657
24055992
24270778
24802178
24055992
25097851
14923914
14474921
14791844
16340689
15849071
16340689
3020173
3123091
3150976
1817292
1857081
1801210
759935
783507
759935
419347
22542681
22743955
23241925
22542681
23518998
13985082
13564334
13861321
5248260
5090363
5248260
3222920
3251696
3322891
3222920
3362504
1999443
1939288
1981748
7931173
7692560
7931173
24270778
24802178
24055992
25023626
24270778
24802178
14923914
16340689
3020173
3047139
3113855
3020173
3150976
1873662
1817292
1857081
783507
759935
783507
22743955
23241925
22542681
23449443
22743955
23241925
13985082
5248260
3251696
3322891
3222920
3352559
3251696
3322891
1999443
7931173
25023626
24270778
24802178
25023626
3047139
3113855
3020173
3141657
3047139
3113855
1873662
783507
23449443
22743955
23241925
23449443
3352559
3251696
3322891
3352559
25023626
3141657
3047139
3113855
3141657
23449443
3352559
3141657
908790
53788465
36543815
27804532
49750884
28693298
4723891
2724454
4523930
15849071
2690060
7968983
41263351
73832863
42582326
28034269
50161954
28930379
38165956
22011813
49750884
39385924
29583327
4723891
5090363
2808963
15849071
16340689
6113336
10938644
6308748
56640237
32666660
73832863
58450731
43903175
38481305
22193688
50161954
39711353
29827762
38165956
30214568
22694591
39385924
40607624
5090363
5248260
16340689
8391485
4839701
10938644
8659718
6504437
56640237
44839968
33679938
58450731
60263797
38481305
30464218
22882107
39711353
40943147
30214568
31151785
40607624
5248260
8391485
6643227
4989822
8659718
8928331
44839968
46230846
60263797
30464218
31409178
40943147
31151785
6643227
6849291
8928331
46230846
31409178
6849291
36543815
27804532
49750884
28693298
4723891
2724454
4523930
15849071
2690060
28034269
50161954
28930379
38165956
22011813
49750884
39385924
29583327
4723891
5090363
2808963
15849071
16340689
38481305
22193688
50161954
39711353
29827762
38165956
30214568
22694591
39385924
40607624
5090363
5248260
16340689
38481305
30464218
22882107
39711353
40943147
30214568
31151785
40607624
5248260
30464218
31409178
40943147
31151785
31409178
13902436
1441033
27804532
7588402
163152433
14968181
15176618
1392356
36543815
7111031
125160966
14026565
11642610
1453900
28034269
68316930
7656155
7656155
164500492
164609152
15302016
15312124
52408737
7174523
7174523
126195117
126278475
11738808
11746562
68881403
68926902
68926902
7724514
165969246
15438641
52841767
52876672
52876672
7238581
127321859
11843619
69496416
69496416
69542321
53313569
53313569
53348785
70116919
53789583
13902436
2724454
27804532
14346824
163152433
14968181
28693298
2690060
36543815
36244344
53788465
36482289
908790
13444296
125160966
14026565
22011813
2808963
28034269
27804532
41263351
27987070
129161712
14791844
14474921
164609152
164500492
163152433
242126579
164223536
29583327
28930379
28693298
42582326
28881671
36543815
7968983
36783727
53788465
36482289
54141588
99085280
13861321
13564334
126278475
126195117
125160966
185745293
125982653
22694591
22193688
22011813
32666660
22156322
28034269
6113336
28218315
41263351
27987070
41534247
133168141
130314941
130228919
129161712
191682605
130009664
14923914
165969246
164609152
244288423
165689818
164500492
35872055
165580445
242126579
164223536
243716150
29827762
29583327
43903175
29777543
28930379
6308748
29120308
42582326
28881671
42861881
7968983
36783727
8021300
54141588
102158777
99969970
99903979
99085280
147047638
99735780
13985082
127321859
126278475
187403733
127107498
126195117
27518934
127023594
185745293
125982653
186964719
22882107
22694591
33679938
22843582
22193688
4839701
22339390
32666660
22156322
32881118
6113336
28218315
6153470
41534247
134357142
134268452
133168141
197628350
134042395
131391678
130314941
193394056
131170465
130228919
28398572
131083878
191682605
130009664
192941009
165969246
36192341
167058842
244288423
165689818
245892187
35872055
165580445
36107557
243716150
29827762
6504437
30023582
43903175
29777543
44191401
6308748
29120308
6350165
42861881
8021300
103070909
103002871
102158777
151608865
102829454
100795979
99969970
148360563
100626278
99903979
21785716
100559853
147047638
99735780
148013012
127321859
27764639
128157733
187403733
127107498
188634047
27518934
127023594
27699597
186964719
22882107
4989822
23032329
33679938
22843582
33901048
4839701
22339390
4871473
32881118
6153470
135467277
134357142
199392889
135239203
134268452
29279458
135149930
197628350
134042395
198925789
131391678
28652130
132254270
193394056
131170465
194663697
28398572
131083878
28585009
192941009
36192341
167058842
36429946
245892187
36107557
6504437
30023582
6547139
44191401
6350165
103922540
103070909
152962516
103747574
103002871
22461481
103679090
151608865
102829454
152604184
100795979
21980232
101457709
148360563
100626278
149334557
21785716
100559853
21928741
148013012
27764639
128157733
27946915
188634047
27699597
4989822
23032329
5022580
33901048
4871473
135467277
29540882
136356626
199392889
135239203
200701913
29279458
135149930
29471679
198925789
28652130
132254270
28840233
194663697
28585009
36429946
6547139
103922540
22662030
104604796
152962516
103747574
153966721
22461481
103679090
22608942
152604184
21980232
101457709
22124533
149334557
21928741
27946915
5022580
29540882
136356626
29734819
200701913
29471679
28840233
22662030
104604796
22810807
153966721
22608942
22124533
29734819
22810807
2528312
4723891
27804532
141056
49750884
4900875
4523930
1485577
36482289
36543815
135086
135086
4723891
27804532
141056
38165956
263550
4723891
1139647
27987070
28034269
141056
141056
2039181
50077501
50161954
49750884
4900875
4900875
4900875
1495330
1497852
1485577
1485577
36783727
135086
38165956
263550
4723891
1139647
27987070
28034269
141056
141056
1564340
38416518
38481305
38165956
263550
263550
263550
1147129
1149064
1139647
1139647
28218315
141056
2052568
2056030
2039181
2039181
2039181
50491269
50077501
50161954
4900875
4900875
4900875
1507685
1495330
1495330
1497852
1497852
1485577
1564340
38416518
38481305
38165956
263550
263550
263550
1147129
1149064
1139647
1139647
28218315
141056
1574610
1577265
1564340
1564340
1564340
38733937
38416518
38481305
263550
263550
263550
1156607
1147129
1147129
1149064
1149064
1139647
2069528
2052568
2052568
2052568
2056030
2056030
2056030
2039181
2039181
2039181
50491269
4900875
1507685
1507685
1495330
1497852
1574610
1577265
1564340
1564340
1564340
38733937
38416518
38481305
263550
263550
263550
1156607
1147129
1147129
1149064
1149064
1139647
1587620
1574610
1574610
1574610
1577265
1577265
1577265
1564340
1564340
1564340
38733937
263550
1156607
1156607
1147129
1149064
2069528
2069528
2069528
2052568
2052568
2052568
2056030
2056030
2056030
2039181
1507685
1587620
1574610
1574610
1574610
1577265
1577265
1577265
1564340
1564340
1564340
38733937
263550
1156607
1156607
1147129
1149064
1587620
1587620
1587620
1574610
1574610
1574610
1577265
1577265
1577265
1564340
1156607
2069528
2069528
2069528
2052568
2056030
1587620
1587620
1587620
1574610
1574610
1574610
1577265
1577265
1577265
1564340
1156607
1587620
1587620
1587620
1574610
1577265
2069528
1587620
1587620
1587620
1574610
1577265
1587620
1587620
29997
31322
2525624
105091
164944
4723891
2724454
13902436
4523930
15849071
24875746
2609129
2690060
14346824
31322
2525624
105091
164944
58523
33752
154568
2525624
638372
276570
105091
108350
159509
4723891
5090363
23310865
2724454
2808963
13444296
15849071
24875746
15849071
16340689
24055992
2690060
14346824
14791844
58523
33752
154568
2525624
638372
276570
105091
108350
159509
58523
63063
259171
33752
34799
149474
638372
276570
638372
658173
267456
108350
159509
164456
5090363
23310865
5090363
5248260
22542681
2808963
13444296
13861321
15849071
16340689
24055992
16340689
24055992
24802178
14791844
58523
63063
259171
33752
34799
149474
638372
276570
638372
658173
267456
108350
159509
164456
63063
259171
63063
65019
250631
34799
149474
154111
638372
658173
267456
658173
267456
275752
164456
5090363
5248260
22542681
5248260
22542681
23241925
13861321
16340689
24055992
24802178
24802178
63063
259171
63063
65019
250631
34799
149474
154111
638372
658173
267456
658173
267456
275752
164456
63063
65019
250631
65019
250631
258405
154111
658173
267456
275752
275752
5248260
22542681
23241925
23241925
24802178
63063
65019
250631
65019
250631
258405
154111
658173
267456
275752
275752
65019
250631
258405
258405
275752
23241925
65019
250631
258405
258405
275752
258405
258405
2528312
13902436
4723891
1441033
2724454
24875746
7588402
14346824
14968181
64417154
15849071
4523930
4834794
1392356
2609129
2690060
13902436
4723891
1441033
2724454
23310865
7111031
13444296
14026565
2692423
5090363
4723891
1552826
1453900
2724454
2808963
12723829
24055992
24875746
25097851
7338334
7656155
7656155
14474921
14346824
14791844
29368809
64417154
64992307
15849071
15849071
16340689
4877962
4834794
4984763
2690060
23310865
7111031
13444296
14026565
2692423
5090363
4723891
1552826
1453900
2724454
2808963
11923400
22542681
23310865
23518998
6876695
7174523
7174523
13564334
13444296
13861321
2901297
2692423
2716463
5090363
5090363
5248260
1566691
1552826
1600993
2808963
12304529
12723829
12837435
12837435
24055992
24270778
24055992
24802178
25097851
7403855
7403855
7338334
7565960
7724514
14474921
14923914
14791844
29368809
29631030
29368809
30279791
64992307
15849071
16340689
16340689
4877962
5029270
4984763
11923400
22542681
23310865
23518998
6876695
7174523
7174523
13564334
13444296
13861321
2901297
2692423
2716463
5090363
5090363
5248260
1566691
1552826
1600993
2808963
11530477
11923400
12029859
12029859
22542681
22743955
22542681
23241925
23518998
6938094
6938094
6876695
7090001
7238581
13564334
13985082
13861321
2901297
2927202
2901297
2991292
2716463
5090363
5248260
5248260
1566691
1615288
1600993
12304529
12414391
12414391
12304529
12686199
12837435
12837435
12952054
24270778
24055992
24802178
24270778
25023626
24802178
7469961
7403855
7633513
7403855
7633513
7565960
14923914
29631030
29368809
30279791
29631030
30550146
30279791
16340689
5029270
11530477
11923400
12029859
12029859
22542681
22743955
22542681
23241925
23518998
6938094
6938094
6876695
7090001
7238581
13564334
13985082
13861321
2901297
2927202
2901297
2991292
2716463
5090363
5248260
5248260
1566691
1615288
1600993
11530477
11633428
11633428
11530477
11888137
12029859
12029859
12137268
22743955
22542681
23241925
22743955
23449443
23241925
7000041
6938094
7153305
6938094
7153305
7090001
13985082
2927202
2901297
2991292
2927202
3018000
2991292
5248260
1615288
12414391
12414391
12304529
12686199
12525233
12414391
12799469
12414391
12799469
12686199
12952054
24270778
25023626
24802178
25023626
7469961
7701669
7633513
7633513
29631030
30550146
30279791
30550146
11530477
11633428
11633428
11530477
11888137
12029859
12029859
12137268
22743955
22542681
23241925
22743955
23449443
23241925
7000041
6938094
7153305
6938094
7153305
7090001
13985082
2927202
2901297
2991292
2927202
3018000
2991292
5248260
1615288
11633428
11633428
11530477
11888137
11737297
11633428
11994281
11633428
11994281
11888137
12137268
22743955
23449443
23241925
23449443
7000041
7217174
7153305
7153305
2927202
3018000
2991292
3018000
12525233
12414391
12799469
12414391
12799469
12686199
12525233
12913750
12799469
12799469
25023626
7701669
30550146
11633428
11633428
11530477
11888137
11737297
11633428
11994281
11633428
11994281
11888137
12137268
22743955
23449443
23241925
23449443
7000041
7217174
7153305
7153305
2927202
3018000
2991292
3018000
11737297
11633428
11994281
11633428
11994281
11888137
11737297
12101373
11994281
11994281
23449443
7217174
3018000
12525233
12913750
12799469
12799469
12913750
11737297
11633428
11994281
11633428
11994281
11888137
11737297
12101373
11994281
11994281
23449443
7217174
3018000
11737297
12101373
11994281
11994281
12101373
12913750
11737297
12101373
11994281
11994281
12101373
12101373
12101373
2528312
13902436
4723891
2724454
141056
24875746
14346824
742797
14968181
15849071
4900875
4523930
473258
2690060
2609129
135086
13902436
4723891
2724454
141056
23310865
13444296
696069
14026565
5090363
263550
4723891
151999
2808963
2724454
141056
24055992
1245483
24875746
25097851
718319
14474921
14791844
14346824
749429
742797
2874792
15849071
16340689
15849071
4900875
4900875
487938
473258
473258
2690060
23310865
13444296
696069
14026565
5090363
263550
4723891
151999
2808963
2724454
141056
22542681
1167133
23310865
23518998
673131
13564334
13861321
13444296
702284
696069
283996
5090363
5248260
5090363
263550
263550
156714
151999
151999
2808963
1204440
24055992
24270778
24802178
24055992
1245483
1256604
1245483
25097851
724733
740601
718319
718319
14923914
14474921
14791844
749429
2874792
2963965
2874792
2874792
16340689
15849071
16340689
4900875
487938
487938
473258
22542681
1167133
23310865
23518998
673131
13564334
13861321
13444296
702284
696069
283996
5090363
5248260
5090363
263550
263550
156714
151999
151999
2808963
1128671
22542681
22743955
23241925
22542681
1167133
1177553
1167133
23518998
679141
694011
673131
673131
13985082
13564334
13861321
702284
283996
292805
283996
283996
5248260
5090363
5248260
263550
156714
156714
151999
1204440
1215194
1241800
1204440
1204440
24270778
24802178
24055992
25023626
24270778
24802178
1256604
1245483
1256604
747213
724733
724733
740601
740601
718319
14923914
2963965
2874792
2874792
2963965
2963965
2874792
16340689
487938
1128671
22542681
22743955
23241925
22542681
1167133
1177553
1167133
23518998
679141
694011
673131
673131
13985082
13564334
13861321
702284
283996
292805
283996
283996
5248260
5090363
5248260
263550
156714
156714
151999
1128671
1138748
1163681
1128671
1128671
22743955
23241925
22542681
23449443
22743955
23241925
1177553
1167133
1177553
700207
679141
679141
694011
694011
673131
13985082
292805
283996
283996
292805
292805
283996
5248260
156714
1215194
1241800
1204440
1204440
1252887
1215194
1215194
1241800
1241800
1204440
25023626
24270778
24802178
25023626
1256604
747213
747213
724733
740601
2963965
2963965
2874792
2963965
1128671
1138748
1163681
1128671
1128671
22743955
23241925
22542681
23449443
22743955
23241925
1177553
1167133
1177553
700207
679141
679141
694011
694011
673131
13985082
292805
283996
283996
292805
292805
283996
5248260
156714
1138748
1163681
1128671
1128671
1174071
1138748
1138748
1163681
1163681
1128671
23449443
22743955
23241925
23449443
1177553
700207
700207
679141
694011
292805
292805
283996
292805
1252887
1215194
1215194
1241800
1241800
1204440
1252887
1252887
1215194
1241800
25023626
747213
2963965
1138748
1163681
1128671
1128671
1174071
1138748
1138748
1163681
1163681
1128671
23449443
22743955
23241925
23449443
1177553
700207
700207
679141
694011
292805
292805
283996
292805
1174071
1138748
1138748
1163681
1163681
1128671
1174071
1174071
1138748
1163681
23449443
700207
292805
1252887
1252887
1215194
1241800
1252887
1174071
1138748
1138748
1163681
1163681
1128671
1174071
1174071
1138748
1163681
23449443
700207
292805
1174071
1174071
1138748
1163681
1174071
1252887
1174071
1174071
1138748
1163681
1174071
1174071
1174071
13902436
2724454
27804532
4723891
14346824
163152433
24875746
14968181
28693298
15849071
2690060
49750884
36543815
36244344
53788465
36482289
4523930
908790
13444296
125160966
23310865
14026565
22011813
5090363
2808963
38165956
28034269
27804532
41263351
27987070
4723891
129161712
24055992
14791844
14474921
223951573
164609152
164500492
163152433
242126579
164223536
25097851
24875746
39385924
29583327
28930379
28693298
42582326
28881671
16340689
15849071
50161954
49750884
73832863
50077501
49750884
36543815
7968983
36783727
53788465
36482289
54141588
99085280
22542681
13861321
13564334
171802496
126278475
126195117
125160966
185745293
125982653
23518998
23310865
30214568
22694591
22193688
22011813
32666660
22156322
5248260
5090363
38481305
38165956
56640237
38416518
38165956
28034269
6113336
28218315
41263351
27987070
41534247
177294129
133168141
130314941
130228919
129161712
191682605
130009664
24802178
24270778
24055992
14923914
225951141
225801988
223951573
332355620
225421825
223951573
165969246
164609152
244288423
165689818
164500492
35872055
165580445
242126579
164223536
243716150
25097851
40607624
39711353
39385924
58450731
39644494
39385924
29827762
29583327
43903175
29777543
28930379
6308748
29120308
42582326
28881671
42861881
16340689
50161954
10938644
50491269
50161954
73832863
50077501
49750884
74317579
73832863
50077501
7968983
36783727
8021300
54141588
136009644
102158777
99969970
99903979
99085280
147047638
99735780
23241925
22743955
22542681
13985082
173336446
173222026
171802496
254963715
172930387
171802496
127321859
126278475
187403733
127107498
126195117
27518934
127023594
185745293
125982653
186964719
23518998
31151785
30464218
30214568
44839968
30412928
30214568
22882107
22694591
33679938
22843582
22193688
4839701
22339390
32666660
22156322
32881118
5248260
38481305
8391485
38733937
38481305
56640237
38416518
38165956
57012083
56640237
38416518
6113336
28218315
6153470
41534247
182793563
178877112
178759034
177294129
263113580
178458073
177294129
134357142
134268452
133168141
197628350
134042395
131391678
130314941
193394056
131170465
130228919
28398572
131083878
191682605
130009664
192941009
25023626
24802178
24270778
227818078
225951141
335323081
227434520
225951141
225801988
49239862
227284389
225801988
332355620
225421825
223951573
334537549
332355620
225421825
165969246
36192341
167058842
244288423
165689818
245892187
35872055
165580445
36107557
243716150
40943147
40607624
60263797
40874215
40607624
39711353
8659718
39972060
39711353
58450731
39644494
39385924
58834463
58450731
39644494
29827762
6504437
30023582
43903175
29777543
44191401
6308748
29120308
6350165
42861881
10938644
50491269
50161954
11010457
10938644
50491269
74317579
73832863
50077501
74317579
8021300
140228487
137224016
137133433
136009644
201845288
136902554
136009644
103070909
103002871
102158777
151608865
102829454
100795979
99969970
148360563
100626278
99903979
21785716
100559853
147047638
99735780
148013012
23449443
23241925
22743955
174768651
173336446
257240176
174474408
173336446
173222026
37773930
174359236
173222026
254963715
172930387
171802496
256637563
254963715
172930387
127321859
27764639
128157733
187403733
127107498
188634047
27518934
127023594
27699597
186964719
31409178
31151785
46230846
31356297
31151785
30464218
6643227
30664217
30464218
44839968
30412928
30214568
45134345
44839968
30412928
22882107
4989822
23032329
33679938
22843582
33901048
4839701
22339390
4871473
32881118
8391485
38733937
38481305
8446576
8391485
38733937
57012083
56640237
38416518
57012083
6153470
184425648
184303907
182793563
271275022
183993611
182793563
180355097
178877112
265462808
180051448
178877112
178759034
38981366
179932595
178759034
263113580
178458073
177294129
264840932
263113580
178458073
135467277
134357142
199392889
135239203
134268452
29279458
135149930
197628350
134042395
198925789
131391678
28652130
132254270
193394056
131170465
194663697
28398572
131083878
28585009
192941009
25023626
227818078
49679503
229313713
227818078
335323081
227434520
225951141
337524492
335323081
227434520
49239862
227284389
225801988
49563123
49239862
227284389
334537549
332355620
225421825
334537549
36192341
167058842
36429946
245892187
36107557
40943147
8928331
41211941
40943147
60263797
40874215
40607624
60659432
60263797
40874215
8659718
39972060
39711353
8716569
8659718
39972060
58834463
58450731
39644494
58834463
6504437
30023582
6547139
44191401
6350165
11010457
10938644
50491269
11010457
74317579
141480527
141387135
140228487
208106267
141149093
140228487
138357839
137224016
203647478
138124898
137224016
137133433
29904215
138033720
137133433
201845288
136902554
136009644
203170411
201845288
136902554
103922540
103070909
152962516
103747574
103002871
22461481
103679090
151608865
102829454
152604184
100795979
21980232
101457709
148360563
100626278
149334557
21785716
100559853
21928741
148013012
23449443
174768651
38111197
175916015
174768651
257240176
174474408
173336446
258928969
257240176
174474408
37773930
174359236
173222026
38021918
37773930
174359236
256637563
254963715
172930387
256637563
27764639
128157733
27946915
188634047
27699597
31409178
6849291
31615381
31409178
46230846
31356297
31151785
46534354
46230846
31356297
6643227
30664217
30464218
6686840
6643227
30664217
45134345
44839968
30412928
45134345
4989822
23032329
5022580
33901048
4871473
8446576
8391485
38733937
8446576
57012083
185949478
184425648
273697120
185636411
184425648
184303907
40190518
185513871
184303907
271275022
183993611
182793563
273055955
271275022
183993611
180355097
39329414
181539136
180355097
265462808
180051448
178877112
267205584
265462808
180051448
38981366
179932595
178759034
39237281
38981366
179932595
264840932
263113580
178458073
264840932
135467277
29540882
136356626
199392889
135239203
200701913
29279458
135149930
29471679
198925789
28652130
132254270
28840233
194663697
28585009
49679503
229313713
227818078
50005651
49679503
229313713
337524492
335323081
227434520
337524492
49563123
49239862
227284389
49563123
334537549
36429946
8928331
41211941
40943147
8986946
8928331
41211941
60659432
60263797
40874215
60659432
8716569
8659718
39972060
8716569
58834463
6547139
11010457
142649520
141480527
209964358
142409353
141480527
141387135
30831805
142315348
141387135
208106267
141149093
140228487
209472494
208106267
141149093
138357839
30171217
139266164
138357839
203647478
138124898
137224016
204984432
203647478
138124898
29904215
138033720
137133433
30100538
29904215
138033720
203170411
201845288
136902554
203170411
103922540
22662030
104604796
152962516
103747574
153966721
22461481
103679090
22608942
152604184
21980232
101457709
22124533
149334557
21928741
38111197
175916015
174768651
38361399
38111197
175916015
258928969
257240176
174474408
258928969
38021918
37773930
174359236
38021918
256637563
27946915
6849291
31615381
31409178
6894257
6849291
31615381
46534354
46230846
31356297
46534354
6686840
6643227
30664217
6686840
45134345
5022580
8446576
185949478
40549362
187170245
185949478
273697120
185636411
184425648
275493954
273697120
185636411
40190518
185513871
184303907
40454370
40190518
185513871
273055955
271275022
183993611
273055955
39329414
181539136
180355097
39587614
39329414
181539136
267205584
265462808
180051448
267205584
39237281
38981366
179932595
39237281
264840932
29540882
136356626
29734819
200701913
29471679
28840233
50005651
49679503
229313713
50005651
337524492
49563123
8986946
8928331
41211941
8986946
60659432
8716569
142649520
31107089
143586020
142649520
209964358
142409353
141480527
211342784
209964358
142409353
30831805
142315348
141387135
31034217
30831805
142315348
209472494
208106267
141149093
209472494
30171217
139266164
138357839
30369292
30171217
139266164
204984432
203647478
138124898
204984432
30100538
29904215
138033720
30100538
203170411
22662030
104604796
22810807
153966721
22608942
22124533
38361399
38111197
175916015
38361399
258928969
38021918
6894257
6849291
31615381
6894257
46534354
6686840
40549362
187170245
185949478
40815570
40549362
187170245
275493954
273697120
185636411
275493954
40454370
40190518
185513871
40454370
273055955
39587614
39329414
181539136
39587614
267205584
39237281
29734819
50005651
8986946
31107089
143586020
142649520
31311309
31107089
143586020
211342784
209964358
142409353
211342784
31034217
30831805
142315348
31034217
209472494
30369292
30171217
139266164
30369292
204984432
30100538
22810807
38361399
6894257
40815570
40549362
187170245
40815570
275493954
40454370
39587614
31311309
31107089
143586020
31311309
211342784
31034217
30369292
40815570
31311309
13902436
1441033
27804532
4723891
7588402
163152433
24875746
14968181
15176618
64417154
1392356
49750884
36543815
4523930
7111031
125160966
23310865
14026565
11642610
2692423
1453900
38165956
28034269
4723891
68316930
12723829
7656155
7656155
223951573
164500492
164609152
25097851
24875746
20832221
15302016
15312124
64992307
64417154
50161954
49750884
52408737
11923400
7174523
7174523
171802496
126195117
126278475
23518998
23310865
15981257
11738808
11746562
2716463
2692423
38481305
38165956
93775395
68881403
68926902
68926902
12837435
12837435
12723829
7724514
225801988
225951141
223951573
165969246
25097851
21004349
21018223
20832221
15438641
64992307
50161954
71938976
52841767
52876672
52876672
12029859
12029859
11923400
7238581
173222026
173336446
171802496
127321859
23518998
16113303
16123947
15981257
11843619
2716463
38481305
94550221
94612675
94612675
93775395
69496416
69496416
69542321
12952054
12837435
12837435
227818078
225801988
225951141
21191888
21004349
21018223
72533377
72581288
72581288
71938976
53313569
53313569
53348785
12137268
12029859
12029859
174768651
173222026
173336446
16257172
16113303
16123947
95394419
95394419
94550221
95457431
94612675
94612675
70116919
12952054
227818078
21191888
73180996
73180996
72533377
73229336
72581288
72581288
53789583
12137268
174768651
16257172
96246155
95394419
95394419
95457431
73834398
73180996
73180996
73229336
96246155
73834398
2528312
4723891
27804532
141056
1441033
49750884
4900875
64417154
4523930
1485577
15176618
36482289
36543815
1495023
135086
135086
1392356
4723891
27804532
141056
1441033
38165956
263550
2692423
4723891
1139647
11642610
27987070
28034269
80396
141056
141056
1453900
2039181
20832221
50077501
50161954
49750884
54238950
4900875
4900875
4900875
64417154
64992307
622056
1495330
1497852
1485577
1485577
15276254
15302016
15312124
36783727
1495023
1495023
1508371
135086
38165956
263550
2692423
4723891
1139647
11642610
27987070
28034269
80396
141056
141056
1453900
1564340
15981257
38416518
38481305
38165956
150212
263550
263550
263550
2692423
2716463
477205
1147129
1149064
1139647
1139647
11719045
11738808
11746562
28218315
80396
80396
81114
141056
853867
2052568
2056030
2039181
2039181
2039181
20968986
21004349
20832221
21018223
50491269
50077501
50161954
54238950
54238950
54238950
54723226
4900875
4900875
4900875
64992307
626140
627196
622056
622056
627610
1507685
1495330
1495330
1497852
1497852
1485577
15402475
15412649
15438641
1495023
1508371
1508371
1564340
15981257
38416518
38481305
38165956
150212
263550
263550
263550
2692423
2716463
477205
1147129
1149064
1139647
1139647
11719045
11738808
11746562
28218315
80396
80396
81114
141056
655037
1574610
1577265
1564340
1564340
1564340
16086174
16113303
15981257
16123947
38733937
38416518
38481305
150212
150212
150212
151554
263550
263550
263550
2716463
480338
481148
477205
477205
481466
1156607
1147129
1147129
1149064
1149064
1139647
11815874
11823679
11843619
80396
81114
81114
859473
860922
853867
853867
853867
861491
2069528
2052568
2052568
2052568
2056030
2056030
2056030
2039181
2039181
2039181
21142243
20968986
21156209
21004349
21191888
21018223
50491269
54238950
54238950
54723226
54238950
54723226
54723226
4900875
631314
626140
626140
631731
627196
627196
632796
622056
627610
627610
1507685
1507685
1495330
1497852
15539997
1508371
655037
1574610
1577265
1564340
1564340
1564340
16086174
16113303
15981257
16123947
38733937
38416518
38481305
150212
150212
150212
151554
263550
263550
263550
2716463
480338
481148
477205
477205
481466
1156607
1147129
1147129
1149064
1149064
1139647
11815874
11823679
11843619
80396
81114
81114
659337
660449
655037
655037
655037
660885
1587620
1574610
1574610
1574610
1577265
1577265
1577265
1564340
1564340
1564340
16219088
16086174
16229801
16113303
16257172
16123947
38733937
150212
150212
151554
150212
151554
151554
263550
484307
480338
480338
484627
481148
481148
485444
477205
481466
481466
1156607
1156607
1147129
1149064
11921373
81114
866574
859473
859473
859473
867147
860922
860922
860922
868609
853867
853867
861491
853867
861491
861491
2069528
2069528
2069528
2052568
2052568
2052568
2056030
2056030
2056030
2039181
21142243
21331014
21156209
21191888
54238950
54723226
54723226
54723226
631314
631314
636950
626140
631731
631731
627196
632796
632796
627610
1507685
659337
660449
655037
655037
655037
660885
1587620
1574610
1574610
1574610
1577265
1577265
1577265
1564340
1564340
1564340
16219088
16086174
16229801
16113303
16257172
16123947
38733937
150212
150212
151554
150212
151554
151554
263550
484307
480338
480338
484627
481148
481148
485444
477205
481466
481466
1156607
1156607
1147129
1149064
11921373
81114
664785
659337
659337
659337
665224
660449
660449
660449
666346
655037
655037
660885
655037
660885
660885
1587620
1587620
1587620
1574610
1574610
1574610
1577265
1577265
1577265
1564340
16219088
16363901
16229801
16257172
150212
151554
151554
151554
484307
484307
488631
480338
484627
484627
481148
485444
485444
481466
1156607
866574
866574
866574
874312
859473
859473
867147
859473
867147
867147
860922
860922
868609
860922
868609
868609
853867
861491
861491
861491
2069528
2069528
2069528
2052568
2056030
21331014
54723226
631314
636950
636950
631731
632796
664785
659337
659337
659337
665224
660449
660449
660449
666346
655037
655037
660885
655037
660885
660885
1587620
1587620
1587620
1574610
1574610
1574610
1577265
1577265
1577265
1564340
16219088
16363901
16229801
16257172
150212
151554
151554
151554
484307
484307
488631
480338
484627
484627
481148
485444
485444
481466
1156607
664785
664785
664785
670720
659337
659337
665224
659337
665224
665224
660449
660449
666346
660449
666346
666346
655037
660885
660885
660885
1587620
1587620
1587620
1574610
1577265
16363901
151554
484307
488631
488631
484627
485444
866574
866574
874312
866574
874312
874312
859473
867147
867147
867147
860922
868609
868609
868609
861491
2069528
636950
664785
664785
664785
670720
659337
659337
665224
659337
665224
665224
660449
660449
666346
660449
666346
666346
655037
660885
660885
660885
1587620
1587620
1587620
1574610
1577265
16363901
151554
484307
488631
488631
484627
485444
664785
664785
670720
664785
670720
670720
659337
665224
665224
665224
660449
666346
666346
666346
660885
1587620
488631
866574
874312
874312
874312
867147
868609
664785
664785
670720
664785
670720
670720
659337
665224
665224
665224
660449
666346
666346
666346
660885
1587620
488631
664785
670720
670720
670720
665224
666346
874312
664785
670720
670720
670720
665224
666346
670720
670720
29997
31322
2525624
105091
164944
32496
4723891
2724454
13902436
141056
4523930
15849071
24875746
4900875
2609129
2690060
14346824
473258
742797
135086
135086
31322
2525624
105091
164944
32496
58523
33752
154568
1747
2525624
638372
276570
1178959
105091
108350
159509
19062
8258
32496
32496
4723891
5090363
23310865
263550
2724454
2808963
13444296
151999
696069
141056
141056
15849071
24875746
4900875
15849071
16340689
24055992
2874792
1245483
4900875
4900875
2690060
14346824
473258
14791844
487938
718319
473258
473258
742797
742797
135086
58523
33752
154568
1747
2525624
638372
276570
1178959
105091
108350
159509
19062
8258
32496
32496
58523
63063
259171
3265
33752
34799
149474
1883
7738
1747
1747
638372
276570
1178959
638372
658173
267456
115791
13847
1178959
1178959
108350
159509
19062
164456
19653
7986
19062
19062
8258
8258
32496
5090363
23310865
263550
5090363
5248260
22542681
283996
1167133
263550
263550
2808963
13444296
151999
13861321
156714
673131
151999
151999
696069
696069
141056
15849071
16340689
24055992
2874792
1245483
4900875
4900875
16340689
24055992
2874792
24802178
2963965
1204440
2874792
2874792
1245483
1245483
4900875
14791844
487938
718319
473258
473258
740601
487938
487938
718319
718319
473258
742797
58523
63063
259171
3265
33752
34799
149474
1883
7738
1747
1747
638372
276570
1178959
638372
658173
267456
115791
13847
1178959
1178959
108350
159509
19062
164456
19653
7986
19062
19062
8258
8258
32496
63063
259171
3265
63063
65019
250631
3518
12976
3265
3265
34799
149474
1883
154111
1941
7483
1883
1883
7738
7738
1747
638372
658173
267456
115791
13847
1178959
1178959
658173
267456
115791
275752
119383
13391
115791
115791
13847
13847
1178959
164456
19653
7986
19062
19062
8234
19653
19653
7986
7986
19062
8258
5090363
5248260
22542681
283996
1167133
263550
263550
5248260
22542681
283996
23241925
292805
1128671
283996
283996
1167133
1167133
263550
13861321
156714
673131
151999
151999
694011
156714
156714
673131
673131
151999
696069
16340689
24055992
2874792
24802178
2963965
1204440
2874792
2874792
1245483
1245483
4900875
24802178
2963965
1204440
2874792
2874792
1241800
2963965
2963965
1204440
1204440
2874792
1245483
740601
487938
487938
718319
718319
473258
740601
740601
487938
718319
63063
259171
3265
63063
65019
250631
3518
12976
3265
3265
34799
149474
1883
154111
1941
7483
1883
1883
7738
7738
1747
638372
658173
267456
115791
13847
1178959
1178959
658173
267456
115791
275752
119383
13391
115791
115791
13847
13847
1178959
164456
19653
7986
19062
19062
8234
19653
19653
7986
7986
19062
8258
63063
65019
250631
3518
12976
3265
3265
65019
250631
3518
258405
3627
12548
3518
3518
12976
12976
3265
154111
1941
7483
1883
1883
7716
1941
1941
7483
7483
1883
7738
658173
267456
115791
275752
119383
13391
115791
115791
13847
13847
1178959
275752
119383
13391
115791
115791
13806
119383
119383
13391
13391
115791
13847
8234
19653
19653
7986
7986
19062
8234
8234
19653
7986
5248260
22542681
283996
23241925
292805
1128671
283996
283996
1167133
1167133
263550
23241925
292805
1128671
283996
283996
1163681
292805
292805
1128671
1128671
283996
1167133
694011
156714
156714
673131
673131
151999
694011
694011
156714
673131
24802178
2963965
1204440
2874792
2874792
1241800
2963965
2963965
1204440
1204440
2874792
1245483
1241800
2963965
2963965
1204440
1204440
2874792
1241800
1241800
2963965
1204440
740601
740601
487938
718319
740601
63063
65019
250631
3518
12976
3265
3265
65019
250631
3518
258405
3627
12548
3518
3518
12976
12976
3265
154111
1941
7483
1883
1883
7716
1941
1941
7483
7483
1883
7738
658173
267456
115791
275752
119383
13391
115791
115791
13847
13847
1178959
275752
119383
13391
115791
115791
13806
119383
119383
13391
13391
115791
13847
8234
19653
19653
7986
7986
19062
8234
8234
19653
7986
65019
250631
3518
258405
3627
12548
3518
3518
12976
12976
3265
258405
3627
12548
3518
3518
12937
3627
3627
12548
12548
3518
12976
7716
1941
1941
7483
7483
1883
7716
7716
1941
7483
275752
119383
13391
115791
115791
13806
119383
119383
13391
13391
115791
13847
13806
119383
119383
13391
13391
115791
13806
13806
119383
13391
8234
8234
19653
7986
8234
23241925
292805
1128671
283996
283996
1163681
292805
292805
1128671
1128671
283996
1167133
1163681
292805
292805
1128671
1128671
283996
1163681
1163681
292805
1128671
694011
694011
156714
673131
694011
1241800
2963965
2963965
1204440
1204440
2874792
1241800
1241800
2963965
1204440
1241800
1241800
2963965
1204440
1241800
740601
65019
250631
3518
258405
3627
12548
3518
3518
12976
12976
3265
258405
3627
12548
3518
3518
12937
3627
3627
12548
12548
3518
12976
7716
1941
1941
7483
7483
1883
7716
7716
1941
7483
275752
119383
13391
115791
115791
13806
119383
119383
13391
13391
115791
13847
13806
119383
119383
13391
13391
115791
13806
13806
119383
13391
8234
8234
19653
7986
8234
258405
3627
12548
3518
3518
12937
3627
3627
12548
12548
3518
12976
12937
3627
3627
12548
12548
3518
12937
12937
3627
12548
7716
7716
1941
7483
7716
13806
119383
119383
13391
13391
115791
13806
13806
119383
13391
13806
13806
119383
13391
13806
8234
1163681
292805
292805
1128671
1128671
283996
1163681
1163681
292805
1128671
1163681
1163681
292805
1128671
1163681
694011
1241800
1241800
2963965
1204440
1241800
1241800
258405
3627
12548
3518
3518
12937
3627
3627
12548
12548
3518
12976
12937
3627
3627
12548
12548
3518
12937
12937
3627
12548
7716
7716
1941
7483
7716
13806
119383
119383
13391
13391
115791
13806
13806
119383
13391
13806
13806
119383
13391
13806
8234
12937
3627
3627
12548
12548
3518
12937
12937
3627
12548
12937
12937
3627
12548
12937
7716
13806
13806
119383
13391
13806
13806
1163681
1163681
292805
1128671
1163681
1163681
1241800
12937
3627
3627
12548
12548
3518
12937
12937
3627
12548
12937
12937
3627
12548
12937
7716
13806
13806
119383
13391
13806
13806
12937
12937
3627
12548
12937
12937
13806
1163681
12937
12937
3627
12548
12937
12937
13806
12937
12937
2528312
13902436
4723891
1441033
2724454
141056
24875746
7588402
14346824
742797
14968181
64417154
15849071
4900875
4523930
4834794
1495023
1392356
473258
2609129
2690060
135086
135086
13902436
4723891
1441033
2724454
141056
23310865
7111031
13444296
696069
14026565
2692423
5090363
263550
4723891
1552826
80396
1453900
151999
2724454
2808963
141056
141056
12723829
24055992
1245483
24875746
25097851
7338334
379937
7656155
7656155
718319
14474921
14346824
14791844
749429
742797
742797
29368809
54238950
64417154
64992307
2874792
15849071
15849071
16340689
4900875
4900875
4900875
876962
4877962
4834794
4984763
1508371
1495023
1495023
473258
487938
473258
473258
2690060
135086
23310865
7111031
13444296
696069
14026565
2692423
5090363
263550
4723891
1552826
80396
1453900
151999
2724454
2808963
141056
141056
11923400
22542681
1167133
23310865
23518998
6876695
356036
7174523
7174523
673131
13564334
13444296
13861321
702284
696069
696069
2901297
150212
2692423
2716463
283996
5090363
5090363
5248260
263550
263550
263550
86633
1566691
1552826
1600993
81114
80396
80396
151999
156714
151999
151999
2808963
141056
12304529
637059
12723829
12837435
12837435
1204440
24055992
24270778
24055992
24802178
1245483
1256604
1245483
1245483
25097851
367417
7403855
7403855
7338334
7565960
383329
383329
379937
379937
7724514
724733
718319
740601
718319
718319
14474921
14923914
14791844
749429
749429
742797
5327078
29368809
29631030
29368809
30279791
54238950
54723226
54238950
54238950
64992307
2874792
2874792
2963965
2874792
2874792
15849071
16340689
16340689
4900875
4900875
4900875
884792
876962
904164
876962
876962
4877962
5029270
4984763
1508371
1508371
1495023
487938
473258
473258
487938
487938
473258
11923400
22542681
1167133
23310865
23518998
6876695
356036
7174523
7174523
673131
13564334
13444296
13861321
702284
696069
696069
2901297
150212
2692423
2716463
283996
5090363
5090363
5248260
263550
263550
263550
86633
1566691
1552826
1600993
81114
80396
80396
151999
156714
151999
151999
2808963
141056
11530477
596983
11923400
12029859
12029859
1128671
22542681
22743955
22542681
23241925
1167133
1177553
1167133
1167133
23518998
344303
6938094
6938094
6876695
7090001
359215
359215
356036
356036
7238581
679141
673131
694011
673131
673131
13564334
13985082
13861321
702284
702284
696069
161866
2901297
2927202
2901297
2991292
150212
151554
150212
150212
2716463
283996
283996
292805
283996
283996
5090363
5248260
5248260
263550
263550
263550
87407
86633
89320
86633
86633
1566691
1615288
1600993
81114
81114
80396
156714
151999
151999
156714
156714
151999
616065
12304529
12414391
12414391
12304529
12686199
637059
642747
642747
637059
637059
12837435
12837435
12952054
1204440
1215194
1204440
1241800
1204440
1204440
24270778
24055992
24802178
24270778
25023626
24802178
1256604
1245483
1245483
1256604
1256604
1245483
370697
370697
367417
378813
367417
367417
7469961
7403855
7633513
7403855
7633513
7565960
386752
383329
383329
383329
383329
379937
724733
747213
724733
724733
740601
718319
718319
740601
740601
718319
14923914
749429
5327078
5374641
5327078
5492317
5327078
5327078
29631030
29368809
30279791
29631030
30550146
30279791
54723226
54238950
54238950
54723226
54723226
54238950
2874792
2963965
2874792
2874792
2963965
2874792
2874792
2963965
2963965
2874792
16340689
4900875
884792
912237
884792
884792
904164
876962
876962
904164
904164
876962
5029270
1508371
487938
487938
473258
487938
11530477
596983
11923400
12029859
12029859
1128671
22542681
22743955
22542681
23241925
1167133
1177553
1167133
1167133
23518998
344303
6938094
6938094
6876695
7090001
359215
359215
356036
356036
7238581
679141
673131
694011
673131
673131
13564334
13985082
13861321
702284
702284
696069
161866
2901297
2927202
2901297
2991292
150212
151554
150212
150212
2716463
283996
283996
292805
283996
283996
5090363
5248260
5248260
263550
263550
263550
87407
86633
89320
86633
86633
1566691
1615288
1600993
81114
81114
80396
156714
151999
151999
156714
156714
151999
577310
11530477
11633428
11633428
11530477
11888137
596983
602313
602313
596983
596983
12029859
12029859
12137268
1128671
1138748
1128671
1163681
1128671
1128671
22743955
22542681
23241925
22743955
23449443
23241925
1177553
1167133
1167133
1177553
1177553
1167133
347377
347377
344303
354983
344303
344303
7000041
6938094
7153305
6938094
7153305
7090001
362422
359215
359215
359215
359215
356036
679141
700207
679141
679141
694011
673131
673131
694011
694011
673131
13985082
702284
161866
163311
161866
166887
161866
161866
2927202
2901297
2991292
2927202
3018000
2991292
151554
150212
150212
151554
151554
150212
283996
292805
283996
283996
292805
283996
283996
292805
292805
283996
5248260
263550
87407
90118
87407
87407
89320
86633
86633
89320
89320
86633
1615288
81114
156714
156714
151999
156714
616065
621566
621566
616065
635175
616065
616065
12414391
12414391
12304529
12686199
12525233
12414391
12799469
12414391
12799469
12686199
642747
642747
637059
637059
648486
642747
642747
642747
642747
637059
12952054
1215194
1204440
1241800
1204440
1204440
1215194
1252887
1215194
1215194
1241800
1204440
1204440
1241800
1241800
1204440
24270778
25023626
24802178
25023626
1256604
1256604
1245483
1256604
374007
370697
382196
370697
370697
370697
382196
370697
370697
378813
367417
367417
378813
378813
367417
7469961
7701669
7633513
7633513
386752
386752
383329
383329
747213
724733
724733
747213
747213
724733
740601
740601
718319
740601
5374641
5327078
5492317
5327078
5327078
5374641
5541355
5374641
5374641
5492317
5327078
5327078
5492317
5492317
5327078
29631030
30550146
30279791
30550146
54723226
54723226
54238950
54723226
2963965
2874792
2874792
2963965
2963965
2874792
2963965
2963965
2874792
2963965
912237
884792
884792
912237
912237
884792
904164
904164
876962
904164
487938
577310
11530477
11633428
11633428
11530477
11888137
596983
602313
602313
596983
596983
12029859
12029859
12137268
1128671
1138748
1128671
1163681
1128671
1128671
22743955
22542681
23241925
22743955
23449443
23241925
1177553
1167133
1167133
1177553
1177553
1167133
347377
347377
344303
354983
344303
344303
7000041
6938094
7153305
6938094
7153305
7090001
362422
359215
359215
359215
359215
356036
679141
700207
679141
679141
694011
673131
673131
694011
694011
673131
13985082
702284
161866
163311
161866
166887
161866
161866
2927202
2901297
2991292
2927202
3018000
2991292
151554
150212
150212
151554
151554
150212
283996
292805
283996
283996
292805
283996
283996
292805
292805
283996
5248260
263550
87407
90118
87407
87407
89320
86633
86633
89320
89320
86633
1615288
81114
156714
156714
151999
156714
577310
582464
582464
577310
595217
577310
577310
11633428
11633428
11530477
11888137
11737297
11633428
11994281
11633428
11994281
11888137
602313
602313
596983
596983
607691
602313
602313
602313
602313
596983
12137268
1138748
1128671
1163681
1128671
1128671
1138748
1174071
1138748
1138748
1163681
1128671
1128671
1163681
1163681
1128671
22743955
23449443
23241925
23449443
1177553
1177553
1167133
1177553
350479
347377
358153
347377
347377
347377
358153
347377
347377
354983
344303
344303
354983
354983
344303
7000041
7217174
7153305
7153305
362422
362422
359215
359215
700207
679141
679141
700207
700207
679141
694011
694011
673131
694011
163311
161866
166887
161866
161866
163311
168377
163311
163311
166887
161866
161866
166887
166887
161866
2927202
3018000
2991292
3018000
151554
151554
150212
151554
292805
283996
283996
292805
292805
283996
292805
292805
283996
292805
90118
87407
87407
90118
90118
87407
89320
89320
86633
89320
156714
621566
621566
616065
635175
616065
616065
627115
621566
640846
621566
621566
621566
640846
621566
621566
635175
616065
616065
635175
635175
616065
12525233
12414391
12799469
12414391
12799469
12686199
12525233
12913750
12799469
12799469
648486
642747
642747
642747
642747
637059
648486
648486
642747
642747
1215194
1252887
1215194
1215194
1241800
1204440
1204440
1241800
1241800
1204440
1252887
1215194
1215194
1252887
1252887
1215194
1241800
1241800
1204440
1241800
25023626
1256604
374007
385608
374007
374007
382196
370697
370697
382196
382196
370697
382196
370697
370697
382196
382196
370697
378813
378813
367417
378813
7701669
386752
747213
747213
724733
747213
740601
5374641
5541355
5374641
5374641
5492317
5327078
5327078
5492317
5492317
5327078
5541355
5374641
5374641
5541355
5541355
5374641
5492317
5492317
5327078
5492317
30550146
54723226
2963965
2963965
2874792
2963965
2963965
912237
912237
884792
912237
904164
577310
582464
582464
577310
595217
577310
577310
11633428
11633428
11530477
11888137
11737297
11633428
11994281
11633428
11994281
11888137
602313
602313
596983
596983
607691
602313
602313
602313
602313
596983
12137268
1138748
1128671
1163681
1128671
1128671
1138748
1174071
1138748
1138748
1163681
1128671
1128671
1163681
1163681
1128671
22743955
23449443
23241925
23449443
1177553
1177553
1167133
1177553
350479
347377
358153
347377
347377
347377
358153
347377
347377
354983
344303
344303
354983
354983
344303
7000041
7217174
7153305
7153305
362422
362422
359215
359215
700207
679141
679141
700207
700207
679141
694011
694011
673131
694011
163311
161866
166887
161866
161866
163311
168377
163311
163311
166887
161866
161866
166887
166887
161866
2927202
3018000
2991292
3018000
151554
151554
150212
151554
292805
283996
283996
292805
292805
283996
292805
292805
283996
292805
90118
87407
87407
90118
90118
87407
89320
89320
86633
89320
156714
582464
582464
577310
595217
577310
577310
587665
582464
600532
582464
582464
582464
600532
582464
582464
595217
577310
577310
595217
595217
577310
11737297
11633428
11994281
11633428
11994281
11888137
11737297
12101373
11994281
11994281
607691
602313
602313
602313
602313
596983
607691
607691
602313
602313
1138748
1174071
1138748
1138748
1163681
1128671
1128671
1163681
1163681
1128671
1174071
1138748
1138748
1174071
1174071
1138748
1163681
1163681
1128671
1163681
23449443
1177553
350479
361350
350479
350479
358153
347377
347377
358153
358153
347377
358153
347377
347377
358153
358153
347377
354983
354983
344303
354983
7217174
362422
700207
700207
679141
700207
694011
163311
168377
163311
163311
166887
161866
161866
166887
166887
161866
168377
163311
163311
168377
168377
163311
166887
166887
161866
166887
3018000
151554
292805
292805
283996
292805
292805
90118
90118
87407
90118
89320
627115
621566
640846
621566
621566
621566
640846
621566
621566
635175
616065
616065
635175
635175
616065
627115
646568
627115
627115
640846
621566
621566
640846
640846
621566
640846
621566
621566
640846
640846
621566
635175
635175
616065
635175
12525233
12913750
12799469
12799469
12913750
648486
648486
642747
642747
648486
1252887
1215194
1215194
1252887
1252887
1215194
1241800
1241800
1204440
1241800
1252887
1252887
1215194
1252887
1241800
385608
374007
374007
385608
385608
374007
382196
382196
370697
382196
382196
382196
370697
382196
378813
747213
5541355
5374641
5374641
5541355
5541355
5374641
5492317
5492317
5327078
5492317
5541355
5541355
5374641
5541355
5492317
2963965
912237
582464
582464
577310
595217
577310
577310
587665
582464
600532
582464
582464
582464
600532
582464
582464
595217
577310
577310
595217
595217
577310
11737297
11633428
11994281
11633428
11994281
11888137
11737297
12101373
11994281
11994281
607691
602313
602313
602313
602313
596983
607691
607691
602313
602313
1138748
1174071
1138748
1138748
1163681
1128671
1128671
1163681
1163681
1128671
1174071
1138748
1138748
1174071
1174071
1138748
1163681
1163681
1128671
1163681
23449443
1177553
350479
361350
350479
350479
358153
347377
347377
358153
358153
347377
358153
347377
347377
358153
358153
347377
354983
354983
344303
354983
7217174
362422
700207
700207
679141
700207
694011
163311
168377
163311
163311
166887
161866
161866
166887
166887
161866
168377
163311
163311
168377
168377
163311
166887
166887
161866
166887
3018000
151554
292805
292805
283996
292805
292805
90118
90118
87407
90118
89320
587665
582464
600532
582464
582464
582464
600532
582464
582464
595217
577310
577310
595217
595217
577310
587665
605893
587665
587665
600532
582464
582464
600532
600532
582464
600532
582464
582464
600532
600532
582464
595217
595217
577310
595217
11737297
12101373
11994281
11994281
12101373
607691
607691
602313
602313
607691
1174071
1138748
1138748
1174071
1174071
1138748
1163681
1163681
1128671
1163681
1174071
1174071
1138748
1174071
1163681
361350
350479
350479
361350
361350
350479
358153
358153
347377
358153
358153
358153
347377
358153
354983
700207
168377
163311
163311
168377
168377
163311
166887
166887
161866
166887
168377
168377
163311
168377
166887
292805
90118
627115
646568
627115
627115
640846
621566
621566
640846
640846
621566
640846
621566
621566
640846
640846
621566
635175
635175
616065
635175
646568
627115
627115
646568
646568
627115
640846
640846
621566
640846
640846
640846
621566
640846
635175
12913750
648486
1252887
1252887
1215194
1252887
1241800
1252887
385608
385608
374007
385608
382196
382196
5541355
5541355
5374641
5541355
5492317
5541355
587665
582464
600532
582464
582464
582464
600532
582464
582464
595217
577310
577310
595217
595217
577310
587665
605893
587665
587665
600532
582464
582464
600532
600532
582464
600532
582464
582464
600532
600532
582464
595217
595217
577310
595217
11737297
12101373
11994281
11994281
12101373
607691
607691
602313
602313
607691
1174071
1138748
1138748
1174071
1174071
1138748
1163681
1163681
1128671
1163681
1174071
1174071
1138748
1174071
1163681
361350
350479
350479
361350
361350
350479
358153
358153
347377
358153
358153
358153
347377
358153
354983
700207
168377
163311
163311
168377
168377
163311
166887
166887
161866
166887
168377
168377
163311
168377
166887
292805
90118
587665
605893
587665
587665
600532
582464
582464
600532
600532
582464
600532
582464
582464
600532
600532
582464
595217
595217
577310
595217
605893
587665
587665
605893
605893
587665
600532
600532
582464
600532
600532
600532
582464
600532
595217
12101373
607691
1174071
1174071
1138748
1174071
1163681
1174071
361350
361350
350479
361350
358153
358153
168377
168377
163311
168377
166887
168377
646568
627115
627115
646568
646568
627115
640846
640846
621566
640846
640846
640846
621566
640846
635175
646568
646568
627115
646568
640846
640846
1252887
385608
5541355
587665
605893
587665
587665
600532
582464
582464
600532
600532
582464
600532
582464
582464
600532
600532
582464
595217
595217
577310
595217
605893
587665
587665
605893
605893
587665
600532
600532
582464
600532
600532
600532
582464
600532
595217
12101373
607691
1174071
1174071
1138748
1174071
1163681
1174071
361350
361350
350479
361350
358153
358153
168377
168377
163311
168377
166887
168377
605893
587665
587665
605893
605893
587665
600532
600532
582464
600532
600532
600532
582464
600532
595217
605893
605893
587665
605893
600532
600532
1174071
361350
168377
646568
646568
627115
646568
640846
640846
646568
605893
587665
587665
605893
605893
587665
600532
600532
582464
600532
600532
600532
582464
600532
595217
605893
605893
587665
605893
600532
600532
1174071
361350
168377
605893
605893
587665
605893
600532
600532
605893
646568
605893
605893
587665
605893
600532
600532
605893
605893
605893
13902436
1441033
27804532
4723891
141056
7588402
163152433
24875746
742797
14968181
15176618
64417154
1495023
1392356
49750884
1485577
36543815
4900875
4523930
135086
135086
7111031
125160966
23310865
696069
14026565
11642610
2692423
80396
1453900
38165956
1139647
28034269
263550
4723891
141056
141056
68316930
12723829
379937
7656155
7656155
223951573
6687265
164500492
164609152
1245483
25097851
24875746
749429
742797
742797
20832221
622056
15302016
15312124
54238950
64992307
64417154
1508371
1495023
1495023
2039181
50161954
49750884
1497852
1485577
1485577
4900875
4900875
4900875
135086
52408737
11923400
356036
7174523
7174523
171802496
5130077
126195117
126278475
1167133
23518998
23310865
702284
696069
696069
15981257
477205
11738808
11746562
150212
2716463
2692423
81114
80396
80396
1564340
38481305
38165956
1149064
1139647
1139647
263550
263550
263550
141056
93775395
2800163
68881403
68926902
68926902
637059
12837435
12837435
12723829
383329
383329
379937
379937
7724514
9179291
225801988
225951141
223951573
6742519
6746973
6687265
6687265
165969246
1256604
1245483
1245483
1245483
25097851
749429
749429
742797
853867
21004349
21018223
20832221
627196
627610
622056
622056
15438641
54723226
54238950
54238950
54238950
64992307
1508371
1508371
1495023
2056030
2039181
2039181
2039181
50161954
1497852
1497852
1485577
4900875
4900875
4900875
71938976
2148120
52841767
52876672
52876672
596983
12029859
12029859
11923400
359215
359215
356036
356036
7238581
7041813
173222026
173336446
171802496
5172465
5175881
5130077
5130077
127321859
1177553
1167133
1167133
1167133
23518998
702284
702284
696069
655037
16113303
16123947
15981257
481148
481466
477205
477205
11843619
151554
150212
150212
150212
2716463
81114
81114
80396
1577265
1564340
1564340
1564340
38481305
1149064
1149064
1139647
263550
263550
263550
3843650
94550221
94612675
94612675
93775395
2823299
2825164
2825164
2800163
2800163
69496416
69496416
69542321
642747
642747
637059
637059
637059
12952054
12837435
12837435
386752
383329
383329
383329
383329
379937
9255135
9261249
9179291
9179291
9179291
227818078
225801988
225951141
6802720
6742519
6742519
6746973
6746973
6687265
1256604
1256604
1256604
1245483
1245483
1245483
749429
860922
861491
853867
853867
853867
21191888
21004349
21018223
632796
627196
627196
627610
627610
622056
54723226
54723226
54723226
54238950
54238950
54238950
1508371
2056030
2056030
2056030
2039181
2039181
2039181
1497852
4900875
2948623
72533377
72581288
72581288
71938976
2165869
2167300
2167300
2148120
2148120
53313569
53313569
53348785
602313
602313
596983
596983
596983
12137268
12029859
12029859
362422
359215
359215
359215
359215
356036
7099996
7104686
7041813
7041813
7041813
174768651
173222026
173336446
5218647
5172465
5172465
5175881
5175881
5130077
1177553
1177553
1177553
1167133
1167133
1167133
702284
660449
660885
655037
655037
655037
16257172
16113303
16123947
485444
481148
481148
481466
481466
477205
151554
151554
151554
150212
150212
150212
81114
1577265
1577265
1577265
1564340
1564340
1564340
1149064
263550
3875409
3877969
3877969
3843650
3843650
3843650
95394419
95394419
94550221
95457431
94612675
94612675
2848507
2848507
2823299
2823299
2850389
2825164
2825164
2825164
2825164
2800163
70116919
648486
642747
642747
642747
642747
642747
642747
637059
637059
637059
12952054
386752
386752
383329
383329
9337770
9255135
9255135
9255135
9261249
9261249
9261249
9179291
9179291
9179291
227818078
6802720
6802720
6742519
6746973
1256604
1256604
1256604
1245483
868609
860922
860922
860922
861491
861491
861491
853867
853867
853867
21191888
632796
632796
627196
627610
54723226
54723226
54723226
54238950
2056030
2056030
2056030
2039181
2972986
2974950
2974950
2948623
2948623
2948623
73180996
73180996
72533377
73229336
72581288
72581288
2185208
2185208
2165869
2165869
2186651
2167300
2167300
2167300
2167300
2148120
53789583
607691
602313
602313
602313
602313
602313
602313
596983
596983
596983
12137268
362422
362422
359215
359215
7163389
7099996
7099996
7099996
7104686
7104686
7104686
7041813
7041813
7041813
174768651
5218647
5218647
5172465
5175881
1177553
1177553
1177553
1167133
666346
660449
660449
660449
660885
660885
660885
655037
655037
655037
16257172
485444
485444
481148
481466
151554
151554
151554
150212
1577265
1577265
1577265
1564340
3910011
3910011
3875409
3875409
3875409
3912593
3877969
3877969
3877969
3877969
3877969
3877969
3843650
3843650
3843650
96246155
95394419
95394419
95457431
2873941
2848507
2848507
2848507
2848507
2823299
2850389
2850389
2825164
2825164
648486
648486
648486
642747
642747
642747
642747
642747
642747
637059
386752
9337770
9337770
9337770
9255135
9255135
9255135
9261249
9261249
9261249
9179291
6802720
1256604
868609
868609
868609
860922
860922
860922
861491
861491
861491
853867
632796
54723226
2056030
2999530
2999530
2972986
2972986
2972986
3001512
2974950
2974950
2974950
2974950
2974950
2974950
2948623
2948623
2948623
73834398
73180996
73180996
73229336
2204718
2185208
2185208
2185208
2185208
2165869
2186651
2186651
2167300
2167300
607691
607691
607691
602313
602313
602313
602313
602313
602313
596983
362422
7163389
7163389
7163389
7099996
7099996
7099996
7104686
7104686
7104686
7041813
5218647
1177553
666346
666346
666346
660449
660449
660449
660885
660885
660885
655037
485444
151554
1577265
3944921
3910011
3910011
3910011
3910011
3910011
3910011
3875409
3875409
3875409
3912593
3912593
3912593
3877969
3877969
3877969
3877969
3877969
3877969
3843650
96246155
2873941
2873941
2848507
2848507
2850389
648486
648486
648486
642747
642747
9337770
9337770
9337770
9255135
9261249
868609
868609
868609
860922
861491
3026312
2999530
2999530
2999530
2999530
2999530
2999530
2972986
2972986
2972986
3001512
3001512
3001512
2974950
2974950
2974950
2974950
2974950
2974950
2948623
73834398
2204718
2204718
2185208
2185208
2186651
607691
607691
607691
602313
602313
7163389
7163389
7163389
7099996
7104686
666346
666346
666346
660449
660885
3944921
3944921
3944921
3910011
3910011
3910011
3910011
3910011
3910011
3875409
3912593
3912593
3912593
3877969
3877969
2873941
648486
9337770
868609
3026312
3026312
3026312
2999530
2999530
2999530
2999530
2999530
2999530
2972986
3001512
3001512
3001512
2974950
2974950
2204718
607691
7163389
666346
3944921
3944921
3944921
3910011
3910011
3912593
3026312
3026312
3026312
2999530
2999530
3001512
3944921
3026312
4523930
4723891
2525624
31322
31322
29997
4723891
2525624
58523
2637259
2525624
32707
31322
31322
58523
2637259
2525624
61110
58523
2637259
32707
61110
58523
2637259
61110
61110
29997
31322
31322
427133
105091
427133
105091
1441033
2528312
2724454
1441033
2528312
2724454
1392356
4834794
2690060
1392356
4834794
2690060
31322
31322
427133
105091
427133
105091
32707
17852
31322
33752
446013
109736
446013
109736
17852
31322
33752
430947
194736
6082038
1496412
108350
1496412
368174
430947
194736
108350
1453900
1441033
1552826
2724454
2808963
1453900
1441033
1552826
2724454
2808963
4877962
4984763
4877962
4984763
32707
17852
31322
33752
446013
109736
446013
109736
17852
31322
33752
430947
194736
6082038
1496412
108350
1496412
368174
430947
194736
108350
18641
32707
35244
18641
32707
35244
18012
17852
19237
254209
62545
33752
446013
109736
34799
480614
118249
449995
203344
113140
449995
203344
254209
446013
480614
113140
62545
109736
118249
18012
17852
19237
33752
34799
196475
6136342
1509773
200777
2772898
682238
6136342
2772898
1542829
1542829
379594
1509773
682238
379594
196475
200777
1453900
1566691
1552826
1600993
2808963
1453900
1566691
1552826
1600993
2808963
5029270
5029270
18641
32707
35244
18641
32707
35244
18012
17852
19237
254209
62545
33752
446013
109736
34799
480614
118249
449995
203344
113140
449995
203344
254209
446013
480614
113140
62545
109736
118249
18012
17852
19237
33752
34799
196475
6136342
1509773
200777
2772898
682238
6136342
2772898
1542829
1542829
379594
1509773
682238
379594
196475
200777
18808
18641
20088
10625
18641
20088
35244
18641
32707
35244
36338
20088
35244
37979
18808
18641
20088
35244
36338
18012
19409
256478
63103
19237
254209
62545
19834
273930
67397
256478
115897
64485
34799
480614
118249
449995
203344
113140
495522
121917
484905
219119
121917
205160
209651
205160
256478
449995
484905
209651
115897
203344
219119
256478
254209
273930
480614
495522
64485
113140
121917
63103
62545
67397
118249
121917
18012
19409
19237
19834
34799
202570
2797656
688329
6191130
2797656
1556604
2858910
703400
2797656
1264208
703400
2797656
2858910
1556604
703400
391369
688329
703400
202570
1566691
1615288
1600993
1566691
1615288
1600993
18808
18641
20088
10625
18641
20088
35244
18641
32707
35244
36338
20088
35244
37979
18808
18641
20088
35244
36338
18012
19409
256478
63103
19237
254209
62545
19834
273930
67397
256478
115897
64485
34799
480614
118249
449995
203344
113140
495522
121917
484905
219119
121917
205160
209651
205160
256478
449995
484905
209651
115897
203344
219119
256478
254209
273930
480614
495522
64485
113140
121917
63103
62545
67397
118249
121917
18012
19409
19237
19834
34799
202570
2797656
688329
6191130
2797656
1556604
2858910
703400
2797656
1264208
703400
2797656
2858910
1556604
703400
391369
688329
703400
202570
18808
20267
10719
18808
20267
20088
10625
18641
20088
20711
11449
20088
21646
10719
10625
11449
20088
20711
36338
20088
35244
37979
18808
18641
20088
35244
36338
20711
36338
39157
20267
20088
21646
37979
39157
18808
20267
20088
20711
36338
19409
256478
63103
20011
276376
67999
258768
116932
65060
19834
273930
67397
256478
115897
64485
282427
69487
276376
124889
69487
116932
119492
495522
121917
484905
219119
121917
205160
209651
499946
225916
125699
221076
225916
211523
211523
116932
205160
221076
258768
256478
276376
484905
499946
119492
209651
225916
116932
115897
124889
219119
225916
256478
276376
273930
282427
495522
65060
64485
69487
121917
125699
63103
67999
67397
69487
121917
19409
20011
19834
2884435
709681
2822635
1275496
709681
2822635
2884435
2884435
1303422
725219
1275496
1303422
2884435
709681
725219
709681
1615288
1615288
18808
20267
10719
18808
20267
20088
10625
18641
20088
20711
11449
20088
21646
10719
10625
11449
20088
20711
36338
20088
35244
37979
18808
18641
20088
35244
36338
20711
36338
39157
20267
20088
21646
37979
39157
18808
20267
20088
20711
36338
19409
256478
63103
20011
276376
67999
258768
116932
65060
19834
273930
67397
256478
115897
64485
282427
69487
276376
124889
69487
116932
119492
495522
121917
484905
219119
121917
205160
209651
499946
225916
125699
221076
225916
211523
211523
116932
205160
221076
258768
256478
276376
484905
499946
119492
209651
225916
116932
115897
124889
219119
225916
256478
276376
273930
282427
495522
65060
64485
69487
121917
125699
63103
67999
67397
69487
121917
19409
20011
19834
2884435
709681
2822635
1275496
709681
2822635
2884435
2884435
1303422
725219
1275496
1303422
2884435
709681
725219
709681
20267
10719
18808
20267
20896
11551
20267
21839
10815
10719
11551
20267
20896
20711
11449
20088
21646
10719
10625
11449
20088
20711
11804
20711
22317
11551
11449
12337
21646
22317
10719
11551
11449
11804
20711
20711
36338
39157
20267
20088
21646
37979
39157
18808
20267
20088
20711
36338
20896
20711
22317
39157
40371
20267
21839
21646
22317
39157
20267
20896
20711
20011
276376
67999
258768
116932
65060
284948
70108
278843
126004
70108
117976
120559
282427
69487
276376
124889
69487
116932
119492
284948
128763
71643
126004
128763
120559
499946
225916
125699
221076
225916
211523
227933
232924
227933
120559
211523
227933
117976
116932
126004
221076
227933
258768
278843
276376
284948
499946
120559
119492
128763
225916
232924
116932
126004
124889
128763
225916
276376
284948
282427
65060
70108
69487
71643
125699
67999
70108
69487
20011
2910189
1315060
731694
1286884
1315060
2910189
1315060
1343853
1315060
731694
20267
10719
18808
20267
20896
11551
20267
21839
10815
10719
11551
20267
20896
20711
11449
20088
21646
10719
10625
11449
20088
20711
11804
20711
22317
11551
11449
12337
21646
22317
10719
11551
11449
11804
20711
20711
36338
39157
20267
20088
21646
37979
39157
18808
20267
20088
20711
36338
20896
20711
22317
39157
40371
20267
21839
21646
22317
39157
20267
20896
20711
20011
276376
67999
258768
116932
65060
284948
70108
278843
126004
70108
117976
120559
282427
69487
276376
124889
69487
116932
119492
284948
128763
71643
126004
128763
120559
499946
225916
125699
221076
225916
211523
227933
232924
227933
120559
211523
227933
117976
116932
126004
221076
227933
258768
278843
276376
284948
499946
120559
119492
128763
225916
232924
116932
126004
124889
128763
225916
276376
284948
282427
65060
70108
69487
71643
125699
67999
70108
69487
20011
2910189
1315060
731694
1286884
1315060
2910189
1315060
1343853
1315060
731694
20896
11551
20267
21839
10815
10719
11551
20267
20896
11909
20896
22517
11654
11551
12447
21839
22517
10815
11654
11551
11909
20896
11804
20711
22317
11551
11449
12337
21646
22317
10719
11551
11449
11804
20711
11909
11804
12720
22317
23010
11551
12447
12337
12720
22317
11551
11909
11804
20896
20711
22317
39157
40371
20267
21839
21646
22317
39157
20267
20896
20711
20896
22517
22317
23010
40371
21839
22517
22317
20896
284948
70108
278843
126004
70108
117976
120559
287493
129912
72282
127129
129912
121636
284948
128763
71643
126004
128763
120559
129912
132757
129912
227933
232924
227933
235003
121636
120559
129912
227933
235003
117976
127129
126004
129912
227933
278843
287493
284948
120559
129912
128763
132757
232924
126004
129912
128763
284948
70108
72282
71643
70108
1326802
1355851
1326802
1355851
20896
11551
20267
21839
10815
10719
11551
20267
20896
11909
20896
22517
11654
11551
12447
21839
22517
10815
11654
11551
11909
20896
11804
20711
22317
11551
11449
12337
21646
22317
10719
11551
11449
11804
20711
11909
11804
12720
22317
23010
11551
12447
12337
12720
22317
11551
11909
11804
20896
20711
22317
39157
40371
20267
21839
21646
22317
39157
20267
20896
20711
20896
22517
22317
23010
40371
21839
22517
22317
20896
284948
70108
278843
126004
70108
117976
120559
287493
129912
72282
127129
129912
121636
284948
128763
71643
126004
128763
120559
129912
132757
129912
227933
232924
227933
235003
121636
120559
129912
227933
235003
117976
127129
126004
129912
227933
278843
287493
284948
120559
129912
128763
132757
232924
126004
129912
128763
284948
70108
72282
71643
70108
1326802
1355851
1326802
1355851
11909
20896
22517
11654
11551
12447
21839
22517
10815
11654
11551
11909
20896
12016
11909
12833
22517
23215
11654
12558
12447
12833
22517
11654
12016
11909
11909
11804
12720
22317
23010
11551
12447
12337
12720
22317
11551
11909
11804
11909
12833
12720
13114
23010
12447
12833
12720
11909
20896
22517
22317
23010
40371
21839
22517
22317
20896
22517
23215
23010
22517
287493
129912
72282
127129
129912
121636
131072
133942
131072
129912
132757
129912
133942
235003
121636
131072
129912
133942
235003
127129
131072
129912
287493
129912
133942
132757
129912
72282
1367957
11909
20896
22517
11654
11551
12447
21839
22517
10815
11654
11551
11909
20896
12016
11909
12833
22517
23215
11654
12558
12447
12833
22517
11654
12016
11909
11909
11804
12720
22317
23010
11551
12447
12337
12720
22317
11551
11909
11804
11909
12833
12720
13114
23010
12447
12833
12720
11909
20896
22517
22317
23010
40371
21839
22517
22317
20896
22517
23215
23010
22517
287493
129912
72282
127129
129912
121636
131072
133942
131072
129912
132757
129912
133942
235003
121636
131072
129912
133942
235003
127129
131072
129912
287493
129912
133942
132757
129912
72282
1367957
12016
11909
12833
22517
23215
11654
12558
12447
12833
22517
11654
12016
11909
12016
12948
12833
13231
23215
12558
12948
12833
12016
11909
12833
12720
13114
23010
12447
12833
12720
11909
12833
13231
13114
12833
22517
23215
23010
22517
23215
131072
133942
131072
135138
133942
131072
135138
133942
131072
133942
12016
11909
12833
22517
23215
11654
12558
12447
12833
22517
11654
12016
11909
12016
12948
12833
13231
23215
12558
12948
12833
12016
11909
12833
12720
13114
23010
12447
12833
12720
11909
12833
13231
13114
12833
22517
23215
23010
22517
23215
131072
133942
131072
135138
133942
131072
135138
133942
131072
133942
12016
12948
12833
13231
23215
12558
12948
12833
12016
12948
13350
13231
12948
12833
13231
13114
12833
13231
23215
135138
135138
12016
12948
12833
13231
23215
12558
12948
12833
12016
12948
13350
13231
12948
12833
13231
13114
12833
13231
23215
135138
135138
12948
13350
13231
12948
13350
13231
12948
13350
13231
12948
13350
13231
13350
13350
