1231214
17139873
6045233
7131540
6045233
6045233
35211682
17139873
12419159
35211682
35211682
17139873
12419159
17139873
1298158
3471396
17139873
6045233
6373927
7131540
6373927
18135698
19121780
6271480
6612475
12883955
1007054
37257478
10414186
10980431
21394617
5753855
6066706
11820561
3693643
3894475
7588119
1036962
375363
395772
4919073
1597436
1684293
51419617
54215427
105635044
1977279
118091993
100103710
283821133
205650286
31699800
7057677
6306612
100103710
9928415
12242686
108885
108885
300311114
17214645
128305232
5758222
1253128
4233626
21597374
2582404
4295936
3184740
103850160
22771674
109496736
2112139
8697444
44369048
8825451
213346896
616950873
2080898
4288244
172449706
33325553
3884198
2369262
9689850
2921883
95278748
100459284
6002636
18412423
738041
1520930
253393
1292654
1078365
8429505
34711332
21173031
35222206
26111555
308719
80094315
851463365
3620951
8887838
1645876
80199871
325505
363780093
43497291
634223
53642858
1749222871
32324
505944047
77687
1039397421
35670902
505944047
50180183
61876968
550326
1517832061
4712
35119
343
1159
109157421
13051983
1176
28426
524879350
29971
10675170
224249987
40150
58397
58397
1078297618
3118192339
21673638
47202
11974721
2652
26079
481557730
69
295
2307
9501
107012707
178020030
233060
233060
233060
4303465086
991
451
1645167
99573
99573
99573
14683
478793
8840920070
746
133198202
25896
553203576
35670902
168647949
1923328
892304
62408
1517832061
4712
1728
16033
30
102
28737510
287590
133
4539
52286267
2630
936804
4257
365
58397
15374
73538224
5544
51962070
7009432
5356
62
2
770
126778098
6
14
607
1
6583625
178020030
13
8048
39700
23285399
377652400
44
50
80942
99573
6
8738
3866
51828
503546
520552
2725418
26353970
94607007
109454258
1326732
7057677
359
33367890
380541
2091086
184
176547
12348
11308
11185465
5702
300311114
17214645
19490185
6312613
1323
3172
162422599
70238
109969
371524
5685869
56901
1585187
485642
124381
561918
7832999
10345115
1561
16581167
9113415
205
14936819
835757
94806
9608932
15445717
204
185352
3097854
2527
842
80213
14549927
1097
10280971
56167126
213346896
1184394
1386853
77963
8295716
19567256
8773507
54552
12
6550
973961
2811760
25083718
61189730
37116
449872
118487
133470
22237
430884
51144
216811
2219208
178
1302605
5574153
6113
35222206
134
679561
27163216
43674
10577898
4607139
12798
145040699
28984902
74720528
29403855
48496
160760
134
181458
11099841
16015
31923676
73859508
20720
363780093
11451387
10
14122376
7850718
189348190
99629
1655
1952
30553809
30553809
314397
4691
62768898
9638
86628325
4691
950
30553809
1952
32215094
394146
4964
91661422
5234
5234
112755
96645277
10198
10198
1717
1717
1717
1717
1717
1717
1717
1717
1717
64454
1717
31697306
1810
1810
1810
33420763
3527
3527
3527
58613
3527
3527
65118069
188306699
2851
2851
52635366
3006
55497281
5856
108132647
1575
1575
29081127
103
437
14074
14074
242540
14074
14074
14074
14074
14074
14074
14074
14074
14074
259884965
14840
14840
14840
274015544
28914
28914
28914
28914
28914
28914
28914
533900509
26
45
8043799
157
314397
1564
33407798
2169
86628325
674
250
10184599
1
1234754
34588
436
471
1378
1321815
1740
56901885
10394586
91661422
2107
5234
3744
1453
502
1
968
32951181
62768875
274
71
207
43
151
1717
1
151
194
1
572
698424
3157552
8344844
195
477
159
5955529
163
446
3527
533
929
929
13728
4440951
335
3137974
5714464
1236
2851
323
17022707
1021
38084058
239
23737
19929351
46
1
150
437
7656091
9
21
3705
1235
79947
1
1
14074
3705
8220
1235
2151
486
2397
103
1406198
15988618
22806315
68419048
259884965
1
659
1636
4118
72139159
6789657
13481554
7612
28914
3130
2
2537
1
1
30409
249978
4512357
94641
164587
1591508
31
35211682
5713289
6609910
1473714
7925231
17139873
707
2463508
99237
913903
272956
2015077
144707
406
244303
409
3097629
273
93
273
273
1029765
2864148
863454
675487
1883463
261528
1591506
1591506
4774525
344
344
11258339
2056624
18135698
1294123
708214
634941
287
666
7697823
19121780
8562
5659591
192
9808652
600127
1833066
6519566
707
12419154
138187
473032
624738
260109
1013481
94
94
1120852
351515
1001332
244935
158669
550356
550356
550356
1651072
12
424441
3656754
3849694
357
1106545
902030
755449
708971
2090493
2090493
6271480
242688
711651
27530
580281
580281
1740844
37633
28634
932762
42
1178333
2716
1243
878666
66
620865
1628923
303558
1130637
3391916
595670
117101
4589004
734
245
12883955
11798
4708
500976
1181661
2741708
25
5927490
3368033
10414186
406352
3728294
7535133
110
4697
5632489
873080
3943128
80810
169801
30
86
1514798
3889
1917951
639317
1231744
200088
3695229
799991
73090
288813
592988
324137
324137
217808
413418
32760
32940
125121
2
19
839589
75763
1025903
3479973
638796
20
278224
436270
1322539
4172116
264
773
264
3163433
8758964
1750390
4512350
4512350
4512350
13537071
1775690
1790
2820880
16949156
30033402
14847
2929
7858235
7274189
17438468
1890091
51419617
6023934
5977272
2407005
7503536
815
815
279
14273115
1343370
2667397
3088
18071802
2467383
1588
1588
11434680
9270048
27810186
4047070
44659455
21447442
4389639
15459857
6017
6017
2006
105635044
1393525
14672052
40512422
200028400
70550011
40512422
2163535
200028400
70550011
10874875
2163535
1675864
8425234
4974034
2163535
40512422
200028400
70550011
200028400
2876090
4120114
6636404
6667619
1594424
2095340
8628269
44016157
5263025
8755258
11506705
21524812
76739
76739
76739
4691581
1975405
295200
724586
883166
2983729
15221164
1819999
3027643
3979117
26537
2244506
6884776
73190395
211650034
1466553
25275700
3022223
10261796
3727144
11432603
11448806
121537249
467806
2737463
13964866
1669783
6829108
2059253
2238320
6316532
67149531
520149
1071904
14662086
178583
911022
27943971
759999
2420335
4180575
5940856
1100145
24463479
124797730
14922101
24823527
53607624
217576
217576
50667197
18402620
217576
217576
56448009
217576
600085182
22621305
308402900
11451
3335729
1130145
875405
4326535
62461873
102718802
101084085
4434343
6352373
3423963
832864
1076001
3230586
4507067
13303027
2702674
8114509
4573401
11243711
39407
1031874
2370884
108686757
110557617
59824
106957062
2078534
455138
378495
1361661
23467923
40915
10614917
37584812
38231771
36986668
112844626
326321084
38969962
854
5185785
1913967
17651718
63486258
61418687
187385592
721261
21530968
1131132
33933926
22605939
14349819
14596827
1223113
6445592
3103268
3002204
12562512
12778755
37717683
65189404
63066366
192412587
7794716
27090541
25604600
9612802
9299739
28373078
335458
87031290
335458
308156398
313460793
169617
303252246
925208672
6192
1558729555
57876
16859437
4572
28116
32106156
228
295
884
740
2221
56827950
11
558780171
1539217
15643
104
1912989
6882105
6424
206793
10288
10288
193230970
193180
10124
1216717
30888
17377
310422252
51291
51291
51291
5893
171508807
6188
6181856
822
3439
3498
190632667
17262
2134
136920979
7766
3617
84348
857278
83005
83005
1532697126
253246
253246
3797
152383799
15237
8452244
1524
1
103484
228
64
542
65
1
14960905
8
8399
18018850
405225
4118
1
65205
2294034
1156
2359
1
2708
98347205
2502
9
7446
19730
17377
81723831
1
9323
4501
1
31006057
4
3765367
1
40
1
1038798
5754
187
2058
2045
1612
430
225693
27668
5
56002085
38702
45799
13870003
30149942
3015
1672321
76945
291802
107995
16444129
1950
1519
154
20475
1141321
832864
235233
1982234
86
4434341
237174
122
462
209559
2960094
27749
90553
36
2718701
1662
3565125
5250
74752
15276867
34941113
36257884
85909464
95817
119823
12901
6
453887
4221797
467
2794554
565
9894828
3334633
714
10065151
19458515
32887
1329953
479081
407076
690568
9902728
72078780
5165853
2
5185785
10
9295970
63486258
16169493
34058727
2816
16444102
30459773
63295
749
1226
297789
6134713
13555
2405811
40917
744998
97
1117
15
147108
561
205532
716
2511654
324
21022114
23199217
684029
407
85030
49
375310
7469686
69
6226
149506
3050905
1571586
17569399
44655
61570334
11080309
17272
101084042
34266974
757146
672246
17565
167322621
141395594
4016
11089
1010983292
356573778
204757833
10934936
54751
356573778
8753
25139756
54751
356573778
20823875
33541705
3150
436
574
574
43608987
12048
1441
1441
108790678
387854
21
998327
10146
198
3662202
242
4463697
817
4166
76930788
9198637
13774
829
134123
20033
20033
382272
20033
20033
789156
20033
20033
20033
20033
369918804
1069721340
15274916
33267
33267
33267
33267
33267
614273413
3822
8439415
1869
18380
339387076
4013
49
208
662
12232854
1626
1626
301
6696
6696
6696
123643285
34159
34159
34159
34159
4084
75419264
125463039
270943587
1099672
5037
5037
2346
164254
164254
164254
164254
164254
164254
164254
164254
164254
3032949784
2462
256
98835282
93873990
53905912
5482078
18250
189781007
2918
25139756
1
118857879
67119
1285601
3150
436
352
125
628869
593
126
1
28640959
43983
15
262826
5500
16078
34495047
2671
1
124828
321378
21
1487898
72
749
20253312
1461
202684
125
94
1530
3199
1
4951
18
20033
4829
12796
5274
5274
1758
25227888
36849751
1902
17826013
188274583
1069721340
4940033
33267
1
6047
3775
2919
161717713
1
43
1
542
61355770
89349304
2
4
10
29
7451029
428
1
33
78
1
1
673759
34159
2
11386
2998
358
4639937
125463039
4072
54104
1326
1326
1046
9
54751
25102
17780
838
29705
9
5672
27979
16410833
110818705
266157792
798474576
172746
366869
8996007
934977
19555084
18573466
10665570
1084658
66676107
37549178
455146
147302
558621
210303
4974034
123
10665570
3798
23516661
3006
100
13280
254363
2222539
1594424
458079
1285666
1473733
130
124425
164
2876089
6686267
2165593
79
461859
300
401178
11506705
5666765
8702
7970
54037
454
173353
71
23516661
147922
1088
3181
30230349
7883172
5294235
18573438
55720399
6825028
4018
69142585
183430
77716
70
24698
11
63586
49501
77503
294389
261838
1062744
558641
2738234
63371
4007225
867
289
40102
1117191
27518
342265
87660
396022
303
1812532
65077
2631753
948021
4991471
5520456
7290918
1100
376
1100
11685896
3526971
805535
447899
6422854
6422854
6422854
19268591
145
6493663
10324309
1390
46749895
37251124
10527010
73190395
211650034
834725
3350543
6076
977412
10261796
19
3009823
6029315
54946
5846566
22090300
1827
13790400
10665553
31996706
19756039
121537249
41053
38446
486
795
9
4616
12733
686417
589275
154332
1981642
12139564
17678233
40900766
83506
94065
8792
15672
303674
4684931
78330
36045
107456
1474226
63
2138
152802
89
31
1564029
121291
126
1074
286469
133307
464
4808278
642
15046883
10951678
25338107
7108
41599227
124797730
918036
1309495
3928492
4309
24823527
7419415
806
168259
3
10705
95
95
742676
4844796
2693253
478934
45
19143799
30780
4038
96969
22225368
7454977
121837333
491081
3246970
21926068
9019
102220222
33634623
64957442
20427667
52660729
157982425
436015
20722933
5941148
3060412
34179
11393
34179
34179
108524518
91708394
200028315
445594
6203158
6568811
18624359
6568811
6568811
2187854
3772054
692
6568811
6203158
2225514
2187854
2225514
6104438
1277972
1256346
2153035
2187854
2225514
3772054
6203158
6104438
2153035
6568811
18624359
6568811
3772054
6203158
6563561
6676541
3613
6459105
2269735
2308805
2233614
6814653
19706432
3769038
3833916
2075
3709056
11316160
2049260
6252197
4013550
1365166
866581
881498
18609472
18929803
10243
18313312
55873074
2252121
1698
1798
94131212
1798
1798
599
1032
3498
33200076
1698
11248190
599
1671
6675
589
11057849
10873
1698
589
33200076
5098
19064711
1797
1797
1797
1797
33173542
1827
1827
1827
33744565
1768
5394
5394
5394
136127
5394
92953
5394
621
621
14393
632
632
11669159
611
11666
611
611
611
11289129
1865
73477
1865
234212
1865
34442611
1049
1049
1049
1049
19377374
18746306
3097
3097
81974
3097
57194122
561
10357367
1711
1711
31599846
1099
374
163020
5094
5094
5094
5094
5094
5094
5181
5181
5181
5181
5181
51770
5013
5013
5013
5013
5013
5013
5013
92559119
15293
602437
15293
15293
15293
15293
15293
15293
15293
15293
282393621
43
141
1102
9202412
97
1
1
532
921
16644397
447
1566424
176
295
2225
219
166
1
1
1
11066688
1
61449
158
1265
473
393
3076786
164
1
1827
976238
507
8883819
1088153
32
1420
102
3310
1
1
24471
1420
1
163
6121
33
1
397750
5939158
15
151
1
1
49
412485
437294
71
450
1191
61660
336
392944
11480866
1049
92
276
8
583003
5101417
4935277
1
563
96
272
13151585
29
1872447
1
80
6415824
1
1
14534
60
1
1341
26
1341
1
1364
455
328
455
1
13629
1
50
318
1671
1
1671
1
194106
3381949
1391
1391
56377741
230
268492
2337
1
540
4026
2605
1041
2766
5098
1134152
1538824
8
516727
4027594
1820746
355132
34
3081
1944845
182
3293182
1633085
309925
641307
151522
1076907
425990
31360
800287
33
293
993056
118
92
32
2189603
96
229
12158
2067719
608758
164182
575988
1727967
4621827
1434913
193154
34
100
305928
585903
1757711
215297
127
597873
6676541
317
4514
97
922565
117734
2110083
2189603
374003
296
5188047
16
1122
12091542
6568808
34
597546
201377
43
78697
106432
119955
35
607831
981894
1175094
1986
80315
28932
177562
81612
254
86521
55859
24583
77746
1225932
41703
598023
1794071
4352816
261195
2271550
19
115350
336447
1009342
29872
3833916
4
976471
3709056
2056796
170
13208
993054
1500069
2602111
5959459
1839457
370474
105277
539502
292023
548664
218
1269405
356
25
819
145286
2471
1659117
217918
4899254
184243
94908
353
1038
6813
729338
97
831
1061011
1198635
1661193
1661193
4983586
2697
60816
3718214
38405
1160185
669137
275
94
275
275
94
739072
183680
11154635
1043
6104435
6104435
2069372
22
45724
1036996
3804070
1974433
840
9517579
6736626
841194
14709518
40597
224398
44
304464
24901329
1061
1061
10104563
8538838
18624351
4385639
61052977
3306
670
1166
1166
1166
670
61052977
21533384
1166
1166
21533384
1166
107857
1166
670
12365264
21533384
3306
21533384
670
3306
21533384
1166
3306
1166
3306
12778
61052977
1166
61052977
3306
21533384
21533384
12365264
20815
670
3306
3306
61052977
21533384
3306
61052977
21533384
1166
3306
3306
21533384
19784
3306
670
61052977
12365264
12365264
21533384
3499
3499
3499
277782
3499
3499
3499
3499
3499
88291
3499
3499
3499
3499
3499
3499
3499
3499
3499
3499
3499
3499
3499
3499
3499
3499
75368
60289
3499
1210
1210
1210
1210
1210
1210
23085
1210
27554
1210
1210
47657
65528
1210
1210
1210
1210
1210
20108
151909
1210
1210
1210
1210
1210
1210
1210
1210
1210
1210
1210
1210
1210
1210
1210
45425
1210
1210
22339286
64600151
2009
2009
2009
2009
2009
2009
2009
53168
2009
2009
2009
2009
2009
37095787
1110
91547
1110
1110
1110
1110
1110
20495484
14472
713
713
13156918
242
200
72
8529102
308
9919
9919
170935
9919
9919
201462
317456
9919
9919
9919
9919
9919
9919
9919
9919
9919
9919
9919
9919
9919
390737
9919
9919
9919
9919
9919
9919
9919
9919
9919
9919
9919
9919
9919
9919
9919
9919
9919
9919
335797
9919
9919
9919
9919
9919
9919
9919
9919
9919
9919
9919
9919
9919
9919
9919
9919
9919
9919
9919
9919
9919
9919
183158927
83
12395793
275
1
307
715
18
15
5968633
5669022
180
63
111
1
107857
2
345
3255362
10795463
870
2998742
245
1102
11460818
342
744
1
583
4259
61052977
433
11001303
475
1008654
324
522292
3
176
1102
1
2123189
7177792
194
368285
899380
1
579
1
7177792
1
1
1
14680027
408658
39855
825341
921
180
307
24377
2464
1409
66
3499
2147
1
307
307
313
624
172
1
1
1
3499
257
1
3499
921
765
64
1
2503
15872
921
2556381
1868898
332
971
971
332
971
8458244
5991548
1010221
931574
5669014
17007066
2083146
11304172
1226
40102698
7325785
21533375
193
30
56
46
1
50
299
1
11718
153
1210
292
197
118
773
130
63
1
183
39993
146
31
319
319
96
106
1210
1
319
218
106
12
319
137
1
1
403
106
4710
254861
492228
1523505
2225345
761447
816239
115
1076508
865331
1960393
5881189
424
11369846
3980827
7446426
64600151
2009
1
365
176
2009
228
529
62
682
82
176
176
16
1116092
8143
9766084
8530044
25456348
6836927
11997081
229
1
33
1
57
52
1
105
308
3705257
5395778
4161268
389
801
238
1
2198681
1
1
6
1455682
15
2611
870
56344
1
1
31401
28303
149
224
116
2611
1
99
628
9919
1
2611
3306
1102
179
174142
1516
2611
1
870
332
1
440
9919
2611
628
1074
351
1
5794
21
1094
2611
51
61673
1
2611
870
1690
1
675
3306
1794
1
870
1516
1
3306
870
1
579
343
1690
1
15
2611
1
72
384102
991045
6692308
2753
2753
2753
11268286
3472933
16073189
48219640
4538379
735605
30327796
111562065
998072
9011412
10432
183158927
865023
2595066
16
2452573
176177
1006242
15
1121646
192795
3180170
2612275
66700
132054
56463
1180926
447394
1121646
656561
22
230337
22
12079655
5999
1261415
644091
2135939
3180170
593317
893324
4026550
2267584
1248843
505570
2718815
290072
22
2131018
815511
61068
12079655
1583634
2176666
243
1736204
199568
506407
64
103338
561
66333
3
644091
4026550
644091
192371
420084
229
1420164
710339
496728
72867
865023
139
177947
182
64
49
2117382
229
1420164
13
96726
62
139
2904521
80855
148
7886
163298
4026550
865024
1420164
865024
473388
505794
2595068
2937
288
8933
242576
940593
369771
424411
1767545
1941569
2183114
192
192
192
66
66
66
192
192
192
66
192
66
192
725746
2018564
656123
1825602
608536
585665
1673508
476062
1327407
1185459
319717
284602
199878
184317
232976
183427
1121644
1121644
1121644
1121644
1121644
1121644
3364938
205878
10
43371
1281725
445
2595068
412161
628848
2236590
5145420
7566509
9000267
243
243
243
728
243
243
2794263
7934531
7842507
2475248
1449445
4175500
2277641
1144561
4260492
1420164
4260492
932
427
3930
13293
50426
158931
57251
97390
301433
333379
351364
432606
440296
150656
161497
162219
183317
203752
229641
714271
795133
66
23
503
66
66
66
789942
247737
705708
212993
558815
171210
475686
110535
284963
172623
48646
111825
104138
18402
27048
387874
387874
387874
387874
387874
387874
387874
387874
1163624
9
42186
25155
19140
204350
299133
40172
392150
1574295
623482
1879725
2577168
2713146
84
28
252
252
84
2823212
779859
2249584
635723
532417
499661
787628
169410
1473315
1473315
1473315
4419946
4047
12781482
48739
3318
14756
220825
353072
1334027
38
38
110
1611
832798
8567
644090
644090
644090
1932271
3
17
4470548
57187
299517
271616
972936
2492086
4177513
1430207
1687714
5036673
1352722
3865272
1193061
2373686
7339598
823329
26
274443
73122
26
56952
25074
119671
189405
21
61
733105
208325
99080
355861
1067583
2741
10
133744
141
274443
823329
2469985
77
231
295562
837636
1351713
450571
10
16
145589
141826
417920
228442
228442
144115
435021
867722
531
11
23088
58533
49964
1
23215
88181
7
74779
282922
288014
288028
4730
342625
685739
53395
72
120345
3230864
1962513
4026550
372387
416
1342183
2452578
450204
7357720
14
13044
14
29656
75997
75997
196084
672590
307470
2295812
819366
2467299
846456
932085
2940379
1280606
1324109
3995360
1396235
1608903
5015554
5648353
6655747
1376
186
545
545
545
545
545
186
545
545
186
186
545
186
1591
545
186
545
2229490
6536233
6173049
6173049
2031185
1462500
4369338
3922760
1233621
1212407
2294651
687138
545594
424360
363471
3180166
3180166
3180166
3180166
3180166
3180166
9540511
26331
1251452
358784
86
897942
145543
29
53909
184817
655346
1388380
1261
416
15320791
6000515
7357720
7357720
7357720
7357720
7357720
22073146
197474
1505902
1782956
1988069
2113775
11945244
5303630
16150863
21166618
2064
2064
688
688
2064
688
688
2064
10464
688
2064
6553763
5538242
5538242
5126625
12290096
1332078
12079650
12079650
12079650
4026550
12079650
2021
36238964
266011
378018
48365
70002
460749
1556616
7940904
949496
1579526
2075911
3883267
13844
13844
3223964
13844
13844
1170962
13844
13844
13844
1272786
13844
3591798
13844
30546
171826
356381
38183540
162380
303288
280474
398572
73809
485801
1641253
8372671
2188784
3596532
4094409
14597
14597
1234630
14597
3787093
181168
40259672
177804
546485
776589
946550
3197869
16313575
1950619
3244935
4264695
7977676
28441
28441
6623222
2405593
28441
28441
28441
7378891
1738827
732138
78443212
248016
346838
1058186
44376
66390
436976
422745
1451317
1476299
1428220
4357434
7403734
7531177
7285907
22228968
885266
900505
487
871178
1091751
1074376
38754
3277873
1207114
13130
13130
3348827
332273
35600577
36213381
35034012
106887160
282772
1115722
3756686
1151112
13610
507143
37536267
38182390
36938896
112698875
497727
518288
2173905
897711
868475
2649677
2981546
3032868
8951793
15210027
15471842
45666580
9083545
11938158
79615
6733975
26974
6879739
6770251
73136843
74395771
71972908
219586035
123
2275909
407215
4009892
3879302
13317951
734
13547197
13106002
2165
3743
3621
11047
11047
203983211
8123607
8263447
1
9684
534
534
534
19
165
454180
17997
17997
17411
321488171
53119
980845630
344450011
258
4756049
1080
1080
8237808
24314652
1482
139574188
22695
730584
62126930
36972
36972
1433610
35768
2015053
109126
109126
2015022224
1
15753
107206
1055671
58
22640
221
2370580
536458
146
226
1
1
11047
203983211
297224
3912767
1
3228
371
534
141
1
3
282211
319
1
12354
15015092
1653
4832
28212331
4661
14742
150759605
114816625
258
1252109
360
18
1103808
877326
1
46524711
1501
44365
16355950
18048
12324
318165
487
232530
9576
5027
92733515
1717
33
60494
91311
1142
11683
14672
12648
115041
6
2467
258333
444601
21
7
58460
22
293597
38
111
141
326275
455567
110
114
22228968
14109
32390
426392
9
29880
363917
1091751
282847
745715
1074376
432988
1176
137952
589368
1152
1
1910199
6467
3907630
1546484
3124144
9372445
1590
642365
3177921
22501662
1636262
180
527
3074425
24858679
1607
1607
9379928
16428952
5186
97911
311378
34971
160
133514
44006
15
12512084
574
12312960
3923
305611
3
136448
518288
36685
724635
120287
16
95606
170
8
5452535
5070007
4073220
49455
3019634
47
137
4835
3001176
1
1811206
1782381
6418155
1736
15475451
4129068
1118
16510847
36316731
24798581
979024
10115924
10105588
19269865
25339402
132
2441039
188
188
443819
229
229
4228044
774
774
774
774
774
774
774
774
774
774
774
774
14284223
3946
3946
3946
3946
3946
3946
3946
72869379
472
472
8713011
785
785
14494455
19049512
1930
127039
7
29584573
582
10387
582
582
582
7
1785
32959987
177
177
18976
18976
18976
18976
18976
18976
18976
18976
18976
478889
18976
18976
18976
18976
18976
18976
18976
18976
350389685
1088
81
37
241
15060891
4161
133949
34752103
20008
1588606
1391551
20008
369441225
272
5014797
386
386
7126337
8685977
1589
1589
8107
8107
8107
8107
8107
8107
8107
149700850
17899775
1613
26802
260988
1195
260988
3667
260988
67712090
15956274
38983
38983
38983
719842
38983
38983
38983
38983
38983
38983
38983
38983
38983
1511605
719830911
1128736
1
16896
49
1
116843
12
20
64
1113103
241
68
1
1
25
68
233
68
1
52
12
774
37
584685
205987
24283
2499550
1
3946
3946
239
1
352
1
3403534
19184078
51464190
72869379
9
7
191984
318789
45
536041
4125637
2817859
8713011
56
89
14494455
1
2334255
14406
1
42
3462
404
582
153
1
178
934181
3
28
3030
1
1665
2153
6325
6325
1
2918
560
297564
1
337
6325
655
3232
13465
1665
1
1895906
34904343
16364936
5266
1802
5266
5266
26609
30748595
30748595
92245924
53856192
116796515
350389685
1088
4
4
63
5020295
169
6590
5319452
1331993
2203
418227
186288
1756
1900
123147026
272
1320229
129
7
625375
1163859
313409
1
1
2134
8107
2702
399
536
1
711
2842
49900264
1827760
246550
9711288
74
244
15848
315
4
853
17826336
34490
4200755
3148
19030
530
83067
3421
38983
4220
12994
10263
4
1796
1131
900
335474
49091351
3701
3701
34687923
33127402
4278976
383119129
40999
123003
1841
35
70032
408
9723
2
65932
99520
12733
15471
13336
7
27364
25825
25103
73970
40433
121300
262247
26
26
21862
265874
23
23
8
8
8
8
63716
22447
25047
136601
136601
136601
2646
73827
272387
49571
30
468789
104882
1556616
344025
370898
41
119
41
119
41
41
41
1205332
709000
47901
2090575
79451
5608284
151
480351
881465
2646967
7940904
11
17622
15133
20921
32566
34740
5
5
58415
13078
83323
249971
582840
54
274
449589
307075
949496
113442
178560
526508
1579526
2625
254374
1570
1215
85106
158881
6
57213
45732
308275
154677
67
813364
812755
206605
390321
390321
420
1813
1170962
145458
621432
1215
1438
1
30475
101802
315200
2048791
1218124
357783
1958
1
7
56980
6936
24308
474362
17262
206605
2880030
1126830
3671127
3803683
4191144
1783361
1836824
5871489
574
196
574
574
574
196
196
574
574
196
2900
1676
6504293
6096550
1931896
4332551
1422194
1299817
3475773
677312
1658688
1261622
3350813
3350813
3350813
3350813
3350813
3350813
3350813
3350813
10052453
76
1318604
5868951
23725847
2175
725
2175
27093454
5491957
12727842
12727842
12727842
12727842
38183540
7209
5562
41611
6
34977
15500
8137
7665
127895
37026
93513
547084
339814
307291
126
34858
2188784
497768
37363
339371
718
37508
1
172
579685
332338
145153
47695
862120
4432753
207
605
5389604
47198
3533005
3533005
10599030
16
1401
24522158
5679069
2293
13419885
13419885
178490
109174
1
143871
31
546485
75
13105
68150
258863
126831
34154
18
1947821
9
1139016
182
61
17667
1104069
1078711
2478111
1431605
4294820
227122
3312201
802627
929
929
310
5437856
5437856
16313575
199179
26868
513533
1058283
658830
149488
17
49
29493
1549
299558
92210
1
1727
14875
35567
36
633312
352062
1072117
137
1
1
180289
1942616
374
1715913
3758
168
457775
3613734
5349705
5679518
6334956
1179
8936
403
403
3780099
3610042
3283207
8491245
2276114
555718
466299
6883817
6883817
20651483
1862
1067037
9052052
41750215
4468
17409106
38292513
16598256
4428649
1810373
26147727
78443212
1184124
1204507
652
1165279
3555214
1248508
1269999
1228638
3748519
2432632
2474506
2393918
7303733
588
10504
588
10866065
599
15107
599
599
599
11053109
1
579
579
579
579
579
10693135
1767
1767
1767
1767
1767
32624275
11456882
1209
22322948
1230
1230
1230
47684
22707203
1190
21967690
3630
67023
3630
3630
3630
3630
67022406
11
3501
1
75212
397564
18472
36
9387
180
11
1
2909915
1934148
5233681
1
1
402
579
152
411
499422
55
161
161
437694
938381
2815146
1
155
54
1767
119
490
5014472
32624275
3818959
1
7440980
600
1230
410
10583
3042603
5978050
16
5783360
1210
7734
319
240
167
61
4069930
3084444
2418317
8196
18872
30459
43324
129973
130252
18
18
6
18
156
173576
46902
51438
103913
103913
311740
40892
23047
2013
675434
22
394708
9468
1184124
137654
38139
34862
52183
70083
317
53
40298
21366
105702
105702
105702
317107
28
32689
210773
748436
266201
588095
570338
447276
362748
72862
12
70761
39967
54424
6
18
18
18
18
6
203243
201238
47697
51968
102260
306779
1
109216
826834
808810
388426
1165279
3838
53
53
18
18
18
613860
107875
311989
31975
67277
62330
576382
721827
469624
546450
239545
3555214
9768
37929
228203
14672
12521
1464
1
22897
416169
19
9974
111449
206402
101837
107820
328
7860
17105
409546
261740
94848
328953
986860
2568
130
91677
17647
213477
640431
58
139
46
514735
137338
270292
810877
37
37
331566
651455
7
549174
1207945
824835
2474506
128916
630239
6
32564
45
270509
7910
336470
443519
482948
38
110
38
38
336126
263535
186972
123253
640942
1242
44647
4448702
842823
3255104
2434577
631
631
631
631
10877
631
631
631
631
631
631
50114
631
631
631
631
631
631
631
631
631
631
631
631
631
631
631
631
631
631
631
631
631
631
631
631
631
631
631
631
631
631
631
631
631
11266
631
631
631
631
631
631
631
631
631
631
631
631
631
631
15928
631
631
631
631
631
631
631
631
631
631
631
631
631
631
631
631
631
631
631
631
631
631
631
631
631
631
631
631
631
631
631
631
631
631
631
631
631
631
631
631
23698
631
631
631
631
631
11654442
665
665
52839
46285
665
665
665
665
665
665
665
665
665
665
665
665
665
665
665
665
14336
665
12288123
1297
1297
1297
1297
1297
1297
1297
1297
1297
1297
1297
1297
1297
1297
23943
1297
1297
1297
1297
1297
1297
1297
1297
1297
1297
1297
1297
21551
1297
1297
1297
1297
1297
1297
1297
1297
1297
1297
1297
1297
1297
1297
1297
42297
1297
1297
1297
50278
1297
23942565
101
105
166
55
3585
1
55
27
12
1
10
4398
12
55
26
61
210
1
1
34
631
19
72
63
55
55
25
631
1
9
210
631
1
1
208
20
210
46
631
210
35
34
1
166
1
3755
166
369
38
97
1
4
101
9
76
55
19
1
16
1
9897
55
166
55
631
1
30
1
1
190
55
1
101
43
158
10
1
56
1
1
36
11
96
1
45
4
91
55
71
631
9
438
210
631
1
166
22
47
166
107
1
1
448
210
55
1
30
5
63060
80669
330320
256796
1160966
426409
544320
544348
690558
60
175
60
175
175
60
175
715
175
175
60
175
885
60
717003
477042
919548
168064
1022740
1022740
3068226
175
19812
2039373
1791331
8230980
221
664
221
7234884
5518414
1321637
3769142
3884812
11654442
73
58
13911
6196
27
268
1
665
58
58
1
22
175
30
72
27
73
226
175
8
476
58
10216
4403
1880924
185
185
63
3235053
304480
604575
8432514
2189725
470984
4096039
4096039
302
105
432
633
60
1297
341
341
18
1297
432
121
5
1
2763
164
114
1297
1
64
86
60
1
81
140
432
35
196
1
6
341
5
1
53
341
1
86
1
114
292
60
1
1
42297
22
38
30
11158
1
862423
5048
1453910
1632846
123
123
360
123
5256
1153768
1101863
3208133
3164022
863901
2444794
329783
142325
2101090
6303279
4189632
12743069
1364
455
4412726
12989724
7980852
7980852
15
85953
15778
145143
40214
1
1371
29
574
17837
6872
23572
8785
8791
10776
35997
36759
53784
55022
20242
77123
27984
91214
92307
95794
32666
32669
103049
37480
122107
126516
43560
46468
139403
139703
51150
52675
172323
59317
59320
182542
61095
195294
203058
205240
211086
216926
73895
75253
19
19
19
7
19
7
7
7
19
19
7
19
19
19
7
7
7
19
7
19
19
19
78
19
19
19
19
7
7
7
7
19
19
19
96
7
7
335
19
7
7
7
7
7
7
56
167
7
7
19
7
7
78135
226984
75428
221514
219330
219290
72114
216342
71623
71185
70033
69194
203895
67593
202780
200575
192776
64258
186170
62054
60467
166289
51985
50305
144107
47304
131898
43234
42490
115609
38536
113395
100207
22528
20226
56640
18874
55170
18389
18315
17493
49602
41963
32132
7661
7661
20436
19883
111453
111453
111453
111453
111453
111453
111453
111453
111453
111453
111453
111453
111453
111453
111453
111453
111453
111453
111453
111453
111453
334358
19
279
29
858
3
43859
24719
34468
3
11423
40124
1
12707
24033
2159
22266
205902
93862
119035
44
249
85953
257860
257860
60235
60235
122788
167765
69674
222240
318854
40445
418631
418635
195209
203794
722873
724440
740529
741809
779601
789154
280683
896967
24
72
24
24
72
72
72
72
72
72
367
24
72
24
901165
882182
881522
788418
224086
620090
601366
194094
182670
179669
179669
471610
152986
144025
143574
430721
410740
382483
126510
85573
76826
140978
46684
423345
423345
423345
423345
423345
423345
423345
423345
10155
423345
141115
423345
1270037
148788
271880
53768
90627
49596
30209
1113
480
10477
12220
54349
28675
40681
44465
147439
49147
147635
59452
185333
204973
74892
244760
7
20
20
20
20
7
7
20
20
76297
179266
144116
139070
44801
110993
93502
15736
13429
33883
10517
30401
5575
16466
1570
117513
117513
117513
117513
117513
117513
117513
117513
352538
1
357
4
917
33181
7621
8567
5799
18643
44165
47
47
32750
102366
815641
24558
49556
65883
454675
539076
188894
76
8
76
918929
217631
6304
238624
198666
52077
51325
446364
446364
446364
446364
1339092
10
96634
11499
140505
529740
93982
176580
2826
176580
550
252
600
16133
38577
120198
158439
172465
172525
177939
60943
188909
210709
118007
396339
445327
13
39
39
13
13
297
39
13
39
39
39
13
39
13
39
13
573
39
142151
125731
120075
349605
344798
329873
109204
109200
282430
94143
266420
243106
69560
66792
63749
163347
44030
35938
75707
61473
18484
15510
10863
30566
228965
228965
228965
228965
686897
507
9936
444
62
132
42027
15949
6
36325
36325
120629
99960
1103065
529740
1589220
23714
35491
106474
7
108422
128369
456563
301084
929319
381850
1162828
1388669
587247
606736
149
149
149
149
50
50
149
50
149
50
50
149
50
579051
480875
1415549
1273662
552081
147303
60215
869709
869709
869709
289903
869709
869709
2609129
847562
819960
60831
185591
104300
115455
117442
106770
108608
320567
151727
154339
149312
455545
19104
28581
184933
188117
181990
555244
624787
635542
344
614844
1875861
3187284
3242148
3136560
9569500
381104
387665
210
375039
1144228
633983
644896
1903470
2501659
1369117
1347328
1585477
1533843
4679684
1273426
16684
469996
478086
462516
16684
1411114
510865
519659
502735
5652
5652
5557
5652
5557
1441659
1466475
1418716
16684
4328438
16684
4334572
143042
145505
70154
207065
339725
334319
15325934
15589744
8436
15082030
46014579
567
776583
16111
81
74
1363052
75
1386516
105
107
107
1970330
103
315
315
315
315
285
243886
128
2401548
126
2323329
7088381
432
432
7976184
439
439
8113485
1
425
425
7849249
1297
1297
1297
23947702
2204
40689650
2242
2242
2242
122792
2169
2169
2169
2169
6616
6616
6616
6616
6616
6616
6616
122166586
263
4865267
268
4949027
1
791
438
8508
31936793
17478484
17200320
20240589
1060
3235
59741995
212992
5800
320
320
320
320
22220
976
976
12
212992
18014628
105898
4
18404573
1014
18111677
12
454
55336210
99
49
235
10596
10596
10596
10596
10596
10596
195654636
10778
10778
570549
10778
10778
10778
272010
10778
10778
417936
10778
199022499
107696
10427
198971
10427
10427
10427
10427
10427
10427
10427
192540897
31813
31813
31813
31813
587443
31813
1253185
31813
31813
3994583
31813
31813
763649
31813
31813
548228
587433411
50
1023353
473017
4241
81
1
9435
75
365023
23
1
1
67160
1
105
193
83
5
75
64207
13
321790
632248
1
35
611655
255764
2362793
5
1
13559
132
1
1419753
1
1
25
321287
84
87
1
130496
1
13563211
1
136
324
1
190
52
723
1
1
4057
6616
2205
437
1
1190
122166586
23
178009
24
2343379
1
1
192
2836
187
259
5328672
79
24
192559
12934
1933
222
320
84
28
461
325
257
9031383
1
2430
1
3
1615101
19
4768201
18111677
1
4856053
202
2
1
62
1
1
1
1
54
2790
2941
17169755
65218186
7722
10778
5261
946
98
3593
169017
2050
191
92754
1
15358380
2991
17465304
6417831
101294872
28353
142
2577
9
3476
282
1
1
7399
1894
7035109
8992615
990
2894
34808323
3508111
16896508
50689600
1
19
5782
2792
67789
2792
7669
4862
20320
390512
5753
1
112357
1466
2792
144330
8829
8829
27034325
57428394
16034531
90290690
39071
71956
80161
64041
37052
48860
1
2117
117442
739
14
28593
108608
5
28131
33170
56
5261
1
2
1
26042
39309
492
7687
39977
119930
279515
151848
5029
6317
18079
5445
25206
49525
3
3
47912
3
20034
185081
7316
1062
36
28
2
111211
12
191399
1
1261
35798
9
3
25167
10
65
1142587
10222
122167
36
107
126393
625287
16
48
79558
182
61
1062428
140460
124915
467852
853549
185
196120
1
47
16
74849
275250
1045520
10363
632769
1721519
49
1153796
333
1268532
545
5867433
3189832
9569500
6074
13944
33444
34020
183561
1
4
12863
17
65
278354
29550
214965
10
29
15
20
417403
127135
114315
35348
15083
4229
1273426
1013
14278
2
156665
469996
32550
2
18666
40588
121765
321028
462516
29275
371499
186400
628901
707442
470371
190
506
170288
59388
253721
3
132353
496
1
3913
1
65
126513
379541
822334
26840
373501
1418716
1139533
3
310
192
380382
2282727
7436
2784
12769
4
54513
89438
5
1682222
2569461
230
230
383364
665756
17967
1344934
1344934
1344934
4034808
6
364
151735
78162
1359761
291
873
291
291
3242904
865252
5108643
210989
1203046
234
234
684
234
873801
276536
141847
1368085
1368085
1368085
4104260
43700
502719
2964929
9686893
3459873
7934586
7610225
5196579
15589744
740
2221
3062156
13410
10541
542314
195355
408612
551071
704406
2739076
227
78
227
78
2726590
2154193
165993
274796
1323530
3970596
205156
859
10701582
4927051
5027341
5027341
5112729
1704243
37656
2119807
8363493
692
692
692
692
2117641
4498456
4498401
1256010
281593
4038029
4038029
4038029
4038029
12114105
27591
33434
1602
5309909
7072611
874
874
29391517
8321669
7479730
7032207
6770179
557
557
12
41
5190
763179
77
71
71
71
71
1318217
101
101
101
101
101
101
101
101
4434
101
101
101
1873268
280
239673
12
19
19
124
124
124
124
124
124
2283243
418
418
418
23655
418
418
418
418
418
418
418
418
9257
418
418
418
418
418
418
418
418
418
418
418
418
418
7713812
2131
2131
120674
2131
2131
2131
2131
2131
2131
2131
2131
2131
2131
2131
2131
2131
2131
2131
2131
2131
2131
2131
2131
2131
2131
2131
2131
2131
39351160
255
255
255
6274
255
255
255
255
255
4705230
424
8089
424
7045
424
424
424
7566
7827343
10287181
278909
915
16903530
1042
1042
1042
1042
19243532
865
865
68606
4
68606
15976356
7157
314
314
314
5609
314
314
314
314
314
314
314
4
68606
5802705
104071
4
68606
964
964
964
964
964
68606
4
17799159
25547
68606
146
68606
17824385
96
96
46
157676
227
4194350
10247
10247
10247
10247
10247
208127
10247
10247
10247
10247
10247
813644
712718
10247
10247
195537
10247
10247
10247
10247
189221
327959
10247
10247
542443
10247
10247
10247
10247
403664
10247
10247
10247
10247
10247
10247
10247
10247
10247
10247
10247
10247
1286698
10247
10247
10247
258611
10247
10247
10247
10247
10247
10247
10247
10247
10247
10247
245980
10247
10247
10247
10247
10247
176590
10247
10247
10247
10247
10247
397348
10247
10247
10247
10247
10247
10247
189218571
557
49
329633
609544
1
2
1366
464852
77
6
71
24
1
2148
9124
347043
27
34
1
62
1
1
27
86
27
22
1
2
63851
164389
493169
1149890
74
63098
1
1
2
7
1
33
12
1
11
34
305938
82384
601102
130
761081
37
17
6228
5
1
13
1
27
1
1
13
1
2437
37
24
126
37
1
28
1
7
2
418
1
1
20
315743
111238
13113
42034
1349815
2571270
1
1
1
561
86
1307
2131
710
2131
2131
561
105
710
141
129
1
187
1
1
54
51
710
308
1
190
383
1
187
1837988
10359849
27791860
747
13117048
39351160
5
67
22
1
22
1
4
9
22
103676
172154
24
289475
652316
480455
64810
2552761
2227941
1521710
4705230
278
2696
20
64
186
30
48
3794
7827343
4298
1
254
181
1
8
78
1
3428300
5066181
62025
228
1
1260552
5169
7780
1
4166
3375
148
83
28
23
1870
105
83
1
218
314
83
28
281699
331
2909105
1
783
1
3
1
224
18
96
1
1
504479
2724490
1561973
4685925
682214
9066
1
17799159
6726
1564186
2522
65
519
2
15
1
1
41511
60
1104233
7341
1636
828
10247
1
1
1
5002
1128
6
1
1862
214205
95412
899
139
2533
9
899
1
1163
21835
1
3416
899
3416
899
10247
1
2470
1566
899
1
3416
1
1335
6545
1109
93
3416
1576
899
125788
302
52
693
160691
1
2698
1853
167
1
1949
278
182
1
1
36191
1
472
2698
899
328
46490
3416
354
1746
297
236
88184
7271
899
507
1
1861
899
1023833
12904413
14601820
18849156
6913717
8837446
2844
2844
2844
973
2844
973
2844
14370
973
973
2844
2844
34207700
9853944
9118251
8708045
18498299
5164894
3447578
1124794
16604956
16604956
16604956
16604956
49814942
6101686
29083595
100708726
10777
96305046
63072832
63072832
189218571
25821
37146
47747
33726
20628
70714
820
2654
15738
36413
1
2048
111657
168
715
2
14
9061
9061
27184
6
15319
34419
103258
14
53
158
2835
3774
5002
2
1
1
2
1
25593
2476
12877
12877
38631
90073
32079
90035
5707
48912
4943
1
243
2996
2822
6005
5177
3
3
1
10622
10024
9744
28713
23965
6453
17484
15695
47085
101797
10
10
3
59617
13631
1239
8486
24710
103205
35180
9
9
9
3
3
3
3
27
34427
24733
19162
8713
7076
9722
53025
53025
53025
159075
2505
1027
21
368039
3293
28657
2
105733
39351
19242
215216
34
11
11
34
11
11
181971
40712
201412
201412
604235
3338
208613
1
78458
125104
133541
203822
113130
118762
143972
444805
468237
554520
16
46
16
46
16
16
46
16
16
467876
371650
275214
73558
18594
12833
270501
270501
811503
42914
30841
107
625838
76941
408608
151656
2176980
176
176
176
59
59
176
176
1889963
186459
342160
1027479
1027479
1027479
1027479
1027479
3082438
4
741
6841
12985
5874
8121
12641
13485
6
2
2
2
22675
51097
37635
5077
32344
32344
32344
32344
97032
226242
21
21
106
199962
174518
119198
368568
124485
28246
44035
3
9
28094
5573
269197
307455
402104
69312
204376
204376
613128
805811
183256
20
20
14
20405
13755
268544
8
124941
396842
293
1019
11386
4859
112342
4156
56601
98741
329466
405
17423
24
1
609
326
472
264
1251453
2811
9430
6720
30947
33036
13809
61673
22066
2
2
7
2
22209
18344
17752
39888
39888
119664
60041
66522
202576
26
26
26
26
315725
315489
80198
227875
151512
151512
151512
1
61
163
704
454535
56463
3
130070
241222
164687
472
558
1
3784
1
1
63
11829
39517
25518
213414
7
34065
122352
122352
122352
367056
71
1
795284
324221
79
472842
138881
53439
710
760
100
62
1394236
122525
367576
735291
198
1
2395
41
3
32
22118
12140
2692
17559
4
9436
1
3252
5
86496
1646865
548955
1003108
184134
3009318
12129
6701
13179
10359
80198
532956
191984
200596
682812
317394
1010823
1073141
1117948
1143783
1196985
401561
437404
1425029
1476484
541562
1626885
1631939
692251
713004
2279148
2484938
2691813
2693970
223
223
223
223
223
223
76
1688
223
223
223
76
76
76
223
223
76
223
1126
76
76
76
223
223
651
223
2679543
2524785
830757
2366511
771875
749908
732761
714247
2117022
682115
1984208
620360
1681776
552056
1604415
504553
1449001
1448983
1349198
370754
262914
240877
643856
489726
163129
430070
134860
404574
105003
270054
88107
90704
17376
1300692
1300692
1300692
1300692
1300692
1300692
1300692
1300692
1300692
1300692
1300692
1300692
1300692
1300692
1300692
1300692
1300692
1300692
1300692
1300692
3902082
6
29
352
8887
29
10769
511845
146743
41
41547
75591
516
9027947
201616
477955
2818876
1315032
1710378
1930983
2090776
2278164
7888672
9209713
281
844
844
281
281
281
844
844
281
281
844
844
10516924
3289438
9467321
2680498
7543725
7235342
2409301
2265149
2180747
2131825
4842034
3136228
836790
474842
342069
4940594
4940594
4940594
4940594
4940594
4940594
4940594
4940594
14821787
253
253
8108
253
253
253
253
253
253
253
253
253
253
253
253
253
253
253
253
253
253
4522
253
77184
253
253
253
253
253
253
253
253
253
4677807
258
258
258
258
258
258
258
258
258
258
5869
13641
258
258
258
258
258
258
4917
258
258
258
258
258
258
258
258
9833
258
258
6503
6503
258
258
258
258
258
258
258
258
4600
258
9992
258
258
258
4758327
1
1
1
2575
249
249
249
249
14117
249
249
249
249
4757
249
249
249
249
249
75956
249
249
249
249
249
249
249
249
249
249
249
249
249
249
249
249
249
249
249
249
249
249
5371
249
249
249
249
249
249
4603362
761
761
761
761
761
17323
15448
761
761
761
761
761
761
761
761
761
761
761
19195
14045
761
761
761
29962
761
761
761
116572
20130
761
761
761
761
761
761
761
95504
761
761
761
761
761
761
761
761
761
761
761
761
761
761
761
761
761
761
761
18258
761
761
761
13107
761
761
761
761
761
761
761
761
761
14044645
1
67
723
3
11
1
22
1
5
178
1
1
1
67
74
21
1
7
1
67
1
1507
25
3190
1
1
67
67
111
1
1
55
67
32379
171150
70
70
206051
433858
410503
410503
44
50
7952
442591
19
949751
1821379
89
1559268
1559268
185
73
1
258
86
25
17
126
258
8
23
5
2496
23
1
68
68
23
23
1639
16
2
86
16
1
13
1
6
1722
56
258
2168
4041
23
37
78
49
5
23
1
1
1
1
2218
1
2
42
966099
367196
137660
143163
162190
72
637582
417569
1252709
153441
832644
2421807
2253082
662645
1
1
1
678
14
11
6
1
1
1
2
16
3
62
1
44
83
1
1
1
8
15
1
1
20
22
13
19
6
83
14
22
11
1
93
1
7
10
22
5
1
1
1414
173
249
66
22
177
45
9654
168199
215000
24
24
69
69
69
69
832214
188426
178315
97162
83874
403970
1211912
550
2803907
1059370
4603362
1
200
67
1
254
359
1
11
1
1
29
138
67
467
23
14
6
467
1
1621
50
67
761
183
13353
254
116
1
10230
23
1
1
50
486
27
52
91
9337
25143
254
1
200
1
1
130
52
19
200
26
36
51
1
138
392
26
137
1
2686
1
35
1
254
67
3451
2
12
13
1
9
41
1
1
200
1560515
160231
852860
450033
211
211
646350
506762
1373026
383361
1232494
56406
45268
2851532
76532
2158714
3229516
7041088
4681546
4681546
14044645
40979
367
3182
3596
7326
11823
38289
13964
16817
50452
50560
77061
84014
7
2
7
7
7
7
2
7
7
61
67377
20247
20061
18206
44935
42631
11498
19967
18995
5402
5382
4610
539
40336
40336
40336
40336
40336
40336
121009
1
4
11
15873
4551
8946
5
11972
647
781
2344
43489
2
93323
8430
11473
40781
134732
178970
201809
262185
323665
9
26
26
9
26
9
9
9
9
9
100486
97259
25950
153215
51072
153215
153215
3675
153215
26
459644
94929
53434
14805
168
13533
6328
20256
8557
31833
36081
13527
14067
14919
44880
15937
18014
21553
67470
24292
27204
2
7
7
62
2
7
2
123
7
21
7
26206
76421
21424
62649
15643
29606
8294
4254
3672
41031
41031
41031
41031
41031
41031
41031
41031
41031
41031
123092
57
11
2510
12689
1311
31643
10713
3643
1
15077
81816
88922
198843
81866
290522
103332
27
9
27
103766
100956
237968
228282
228240
75988
221389
65112
173620
140809
28283
41869
155852
155852
155852
467556
1
5
1
4
22
67
1502
24359
91838
1
402
949
316
928
14006
16265
5859
27468
28656
35958
12255
15514
16527
21126
26336
82148
7
7
2
2
7
2
7
7
7
7
52
7
2
7
7
7
2
2
2
2
81774
79797
78893
78115
24987
23237
64607
20203
18515
18255
17521
37492
11312
10794
9547
20432
20173
4978
4537
8245
8241
39694
39694
39694
39694
39694
39694
119083
54
121
1
2894
6297
18892
1
42395
275514
6153
27908
168132
26
9
320954
313958
147768
104094
33711
150776
150776
150776
150776
452329
153337
51112
165880
34109
153337
51112
9
1495
1490
1
1129
25613
28631
15744
63576
26191
83803
91253
93958
44221
48767
64458
248263
250832
21
21
7
7
21
21
7
21
7
21
21
7
21
7
7
7
7
238283
235079
63511
166391
49795
134914
134913
41874
35328
96361
23288
20777
37669
34919
8445
1611
121106
121106
121106
121106
121106
121106
121106
121106
121106
363317
15886
235
828
41
1003
945
47657
3088
8436
1
10424
5543
4448
12412
1
26115
21268
24195
223735
16
48
48
48
16
33751
93398
280193
280193
840579
7520
47827
182295
182937
89876
159251
615049
615049
212116
317334
26
26
26
26
552
79
79
79
881488
846767
846153
249577
726771
711536
691861
224326
210905
203046
6497
92985
52895
74609
460011
460011
460011
460011
460011
460011
460011
1380035
176
70
1
1
1
57
39
41
65
20
65
1
22
245
22
82
1
1392
14
1
1
82
11
116
24
65
6
22
1
776
1
275
1
17
10
699
120
11
27
4
6
10
14
5
1
1
3652
3
11
65
1
22
9
1
22
1
13
22
4
245
45
65
8
1
65
2
1707
5121
2281
5
173
10
16
22
3
10
24
150
22
82
61
1
1
4
1
2373
22
13
1
99
245
7
245
1
28
82
5
245
23
2
150
24
22
8
22
22
43
1
1
1
1
522
22
22
10
31
1
1
1
65
245
72
82
1
22
8
16
20
27
1
22
4
82
22
82
22
44
1
245
245
1
161
1
65
1
1
65
4
1
12
59
4301
82
37
65
1
40
22
11
1
6
1
3295
8
22
81
8
1
1
8
2
24
11
1
1558
82
18
245
82
65
14
65
13
1
1
82
1
65
32
16
1
1
16
1429
11
1
1458
82
24
1
65
156
15
27
9
43
1
2
143
82
15
1
1
17
245
38
7
1
29
1
1
3085
1150
26
1
13
1
8
15
39
6
1
1637
22
37
1
10
3007
8099
53
82
3
65
51
30
1
27
22
65
1
1
1
1
18
7
1
1
83
1523
1
65
6
65
65
19
1
17
22
1
1
9
1
245
13
1
2061
65
3842
3
22
10
42
1
65
1707
18
6
17
22
245
6
22
22
82
65
1
12
6
35
1
108
1
14
1
74
22
1
207
65
8
11
39
17
65
1
22
1
44
62
126
4
4
1
8
1
22
1
11
47
16
44
1
1
91
1
7
10
14
22
1
22
4
54
37
1
4
1
1
1
865
1
55
1
18
11
1
22
1
2
82
35
1
22
2
22
65
28
22
1
175
1390
245
4
4
170
8
1112
1
1
82
4
245
1
14
7992
1
2193
4
1
65
1
8
18
65
1
22
42
7
3
1
6
1
1
2108
13
174
1
82
1
38
22
1
1
12
1
44
2
65
1
22
65
89
1
40
12
502659
162954
918509
179023
954
3761
2
1621
7372
9487
24478
31314
128221
51612
157325
274715
99681
308525
349107
130878
136110
144961
450655
154201
165297
165520
191085
211290
211301
219619
692471
772110
268055
805953
23
68
68
23
68
23
23
68
68
68
68
68
23
23
68
277
68
68
68
23
68
344
68
68
23
993
23
23
68
68
23
278321
817854
815179
235593
218004
627181
208196
606174
597840
199273
592328
185174
175238
163233
461942
442266
419586
356943
95485
85780
70746
65238
62312
149511
123485
34237
82426
27289
26892
396999
396999
396999
396999
396999
396999
396999
396999
1191000
68
540
43
112096
18169
1464
188950
14581
48
7691
428032
18
749081
918509
918509
918509
2755525
24652
145882
222577
791628
791628
1761464
695345
2407793
2776977
1040262
3195037
86
258
258
86
258
86
86
86
3104469
2808380
833781
2454399
2302508
756004
2268009
2142095
630003
513023
1463076
1087767
1041090
806157
211907
173395
166291
1507976
1507976
1507976
1507976
1507976
1507976
1507976
4523930
