1009917
9371715
6512775
6414962
7736176
8461984
5945562
4059116
16381869
26298504
26495371
16437223
7026911
16621005
226713
2360996
7503971
4363849
5019059
465399
61566
16402802
10919456
11923191
5805636
17728827
795689
27322258
7692385
5663443
13355828
4291188
3758304
8049492
2333994
2116859
4450853
821500
457475
337116
2444114
1011738
963116
47470011
32804230
80274241
27598512
287168293
573337542
238860347
1121965150
27341282
122274736
25878245
654214420
294910
194866242
3974559
3997166
1516369068
9525241
294402805
24342457
161659219
268021715
304139093
168703725
68784050
157399393
1884841875
65308607
361800122
196650096
315619671
369447700
84653382
2246641997
1874950386
43342093
49782394
622834263
41268287
32077442
17934740
6066851
23044422
260555894
87679478
29456606
19237003
7916246
10149904
4252331
6012129
6510617
357287231
620883255
399505893
182679802
398262472
9959770
209934263
4679397494
6225803
66669459
13439054
29833546
1076763
949191436
465288908
11051068
485420621
5783682388
379456
60525489811
47355
119001186415
16490118607
84952097704
36691663
25360979009
473548321
181046940733
94397
3144051
305471
130650
40223663454
27318758986
3284307
147030661
262825526937
88512
29072252901
47267717180
15443806
13480478
8522508
304475739146
209863997554
6712961035
902475
2366803727
149131
532400
27255869675
53819
811078
27959730
25491708
58943102606
21203998657
94763551
1504602
28580294
579426461880
17309
119910
102862184
9756863
3943083
215457
12522162
11285417
674076224290
62040
59786834223
37119
87552684015
16490118607
54920442225
1838552
2000469384
47441026
181046940733
94397
321778
71510612
304420
130650
39921339487
112405384
1180917
127446634
145610825751
67952
18914961759
6417433
292750
13480478
8509982
110783530297
237378060
66197334156
2942914169
640404
5497801
3465
506912
26816550812
32943
53915
27959701
4501590
43905290162
21203998657
1996837
28048361
1504602
9418905996
233657819759
8829
90812
12685441
9756863
202920
215388
12497023
3257859
738063575
27584135
2053251
528380565
154895076
828518666
7165068
122274736
10069
451790650
14215
165340436
300534
11827635
400181
2014903
217826874
67685
1516369068
9525241
216103174
26448574
127228
507798
1737059984
41360320
152582716
98721621
288647609
388750
140503590
20199226
31557723
80435756
701351780
981754383
2998704
1486814290
1375369013
376253
279890549
5122149
3656131
122091652
106916359
906815
133214377
156062949
110458
75823
1343165
752342576
1103184
564284414
2119181697
2246641997
33835390
22248485
3946377
278167027
343335652
36106032
1908816
20826
155138
13343126
17590963
226332214
18825451
19488
1388213
6193727
256073
1849344
4104534
430873
44428153
357108451
7113668
271134609
384289704
229874
182679802
398104
3615154
95934191
3049736
31210542
89319758
172260
3897476724
1880588402
1567056625
47808034
2420203
2402046
60561
8398459
12258219
138831
682488505
50336850
483880
949191436
442239394
2565
460090502
276159297
3013726879
2785379
49458
2247
327089292
377011805
240828
293
628382441
97757
842153707
241022
84960
344094756
2546
4448816
3303382
37381
832564334
32382
64905
247962
200829963
277880
252244
606151
484699
972
6619
1958
179557
66184
6067
297846
2660113
24020
951339921
1396
15445
446
203787972
24091
28950
56793
1753258
5568
31522
1155127893
1033394297
30885
5448
343320337
2297
90986087
267617
434306424
1570
58202
145983631
1688
37195
1023541
877003
514880
361580
284196
868098
137694
2258354
334235
2039903
5049
142647
2494722921
76391
27582
11892
606627622
690595
343566
41783
118766
3933
14980
9186
3101350543
2803
220
306093222
138562
240828
192
466358468
43837
842153707
180907
82602
218604640
58
163554
2793775
2908
750172
399596
55921108
167475
700931740
242515221
832564334
18826
64905
113980
29501
6929
1035
522276
280857766
123726170
499704
251648
923
1000
1950
179557
300
5604
96677
1178
20746
1589692
505231967
913250599
1305
14989
366
51147544
1043
12316
56793
32138
5306
31153
31705797
410436498
1055418
234542789
704445784
374319
30885
3758
149469434
1027
87249229
25935
550775
234208032
1344
1156
46211
93727
132396281
855
2530
973387
608073
249206
2923
27615
868098
137166
1848563
110867
1115511
130691
5049
1541292
44644555
1781783429
950929442
2367801774
2494722921
1280
13729
8038
213413
528701757
18155630
109434744
684193
343566
18194
3560
3864
4544
4050
2747553
103724
5741290
323625
68067
5083393
921
5945562
2668161
11858836
5861273
11227662
16437223
3369
8834244
21601
1875666
138855
2920239
333317
58
2994
1460
10539114
2064
8256
2852
7193
1154208
9582521
366342
1574994
6361698
679195
10258884
906794
11602839
684
1625
13807756
4263501
16402802
528535
245602
2878572
322
3799
5829094
10919456
108206
13947130
4852
17501949
1058654
1740204
6653963
1051
4099526
21520
3396846
4562455
4171296
7183702
5264
1250
7962593
2237144
6992813
1746632
1062261
6161717
7940421
3791931
8441198
662
173534
9471175
10055867
777
5950051
2126965
4172696
3758238
3010052
11021362
11923191
429389
1472997
159826
2351543
1086584
2610103
94207
58813
1436281
17
1385902
278036
64403
4027482
5038
3032716
7321256
1338552
7305588
11051301
259798
241088
8696541
3478
6888
17728827
25939
35160
2499527
2951413
4972108
415
5888846
3339347
7692385
280643
2484734
5178572
356
11763
7846041
744439
6380634
146203
194792
178
845
2089646
83731
2246295
88511
441793
244474
1756244
132094
13976
358992
1085435
91025
49896
386013
186803
24827
131907
342780
4
37
1184773
59219
305391
1112992
2514812
5974
856016
452026
6894569
13625942
14058
1740
49412
20013344
28034253
13544874
12758525
18563493
10393644
31337214
1174529
292
3474327
21322564
37727800
25706
18850
21459315
19848663
21498462
6517182
47470011
1034888
9529443
10511414
11940654
2173
4612
1459
16221469
2389328
4564297
4373
4834875
9669110
4563
7923
27324115
39747135
47558683
3419841
18719506
17460967
1928056
41665960
23516
15855
7103
80274241
1419594
10424639
32954819
105623317
71265082
41360664
5708234
38576845
92296422
5187185
1540730
2375639
9068733
7891706
2022861
21352200
68391211
42537145
34827789
7945477
1336215
84845
1924084
900930
4961059
14256475
28500533
8468939
8271250
5870935
9378030
201030
201825
201981
3524634
2179476
608743
7037071
6944638
14941110
20080251
7621422
5032205
1994190
144916
8468368
5509053
111207799
160233289
2363727
14802622
3457746
4595549
4502383
5572419
4418767
75890700
763486
3455062
7928010
1457111
2507380
2009164
912436
2636874
38850598
520874
905359
9684334
371286
773535
13512773
628183
2554763
12615982
16546260
3188427
43657507
84550565
23634498
23339081
22320792
500601
473875
24004753
28413761
500794
500839
32513676
502819
460456073
22368357
253637837
622022
16806629
1454449
2038003
6628982
60622776
64861957
33741565
24028031
3465084
1706776
640220
4952506
15224255
13926152
42524394
8085590
24976221
6721359
6396793
201951
1958302
2792676
128493298
128493298
4944633
128493298
1679750
1684830
7036478
21456889
54114413
448918
15467295
104395233
104395233
104395233
319607287
390441379
29017721
201444
2370230
4289000
6818170
57234028
57234028
173149867
2324745
16458365
681150
28807001
18536085
7338397
7338397
2203741
38818395
16524891
16524891
42763390
42763390
130495472
61585685
61585685
186363870
22552005
12035781
13546803
27466778
27466778
83312200
1551331
74388437
1557393
368278936
368278936
14189750
368278936
1119077963
289345
12706337233
108757563
1160007072
30156
233115
126714350
3903
168905
3438
2240
180128
182536636
1938
8286390134
33897213
209745
211503
928690419
2917840819
25785
44031584
16974
1423832
10361527817
9467279
4106664
69421075
8119380
477796
3388160831
84063
67815
253656
20837
1308807174
24582
98086467
107449
817334
310486
11265814137
10052
268810
206602577
100950
309092
233385
2773069648
1094939
1858589
25331929162
1157340
1150371
241711
6158827704
108757563
796703318
22120
375
343962
3903
151093
3438
2240
2970
162392383
1623
699782
855960144
32012217
191313
41144
95697536
1279044537
25365
3333411
16974
1382057
7173609623
1429981
69463
1854680
7209924
477796
3238465045
42945
67815
33447
42
1165960124
726
4582278
11501
47110
69372
231705774
9742
212573
47126
96867
175942
9768
2773069648
441052
22644
772249213
179496
517836
18885750
93268919
622022
11674022
423101
1223285
517247
52501155
776
5513
330
12243
800317
640220
4020960
12876418
484
28828481
3691203
552
2985
147747
4830626
198561
1376795
204
3194664
4489
12966576
1143354
287514
75980284
57428869
12813162
308803318
325683
975195
654776
41181
8144140
40121290
33476
12079848
19867
84704346
15047713
46766
84704346
73934630
1221244
16183557
12871358
11699947
7689603
145646247
283004362
5307558
372
2370230
119
4955570
57234028
43754625
127454389
101853
15076748
59811254
270854
135
9783
308278
16495242
258084
4412507
49324
728738
46395
207367
11501
2130448
103292
2199583
18150
1751786
19071
38522968
88039339
15224904
1616
2724
3079
3996760
71133271
936
188771
989134
4970116
4786999
30786669
14189750
27862382
7389674
58555
152148651
3499923
7927570
10850589
19377
612605444
91489402
94442
15208
4167340267
3028732586
1752627786
379200277
3713
4835197614
30714
686176904
233115
3701574091
42580924
8950062
32794
4130
1146
168905
1161616552
163585
2240
59480
189322581
19030730
1938
10988802
68761
211503
928691753
8152
925030942
8710
8599
1636059838
982235528
561875
118145
13893569
6608873
16974
9475900
4107670
501747
22399168
2597416
287907
1425083
27739
10372668168
8341161975
288366945
478809
28021
22605
48927
82986
3418262126
6890
98413335
15860
10528
1321290424
8227
2741
45138
4818
99153842
968721
107449
21986
817707
868344
310486
3610065043
367612
171341
10086
7955
268810
2299825956
1000723121
219112693
43839067
492041
33662
96114
3904509
1102873
380974
410166
233571
384058
1868822
55726
2088622
25473402919
78776
1410
2009629459
2855784488
1654243527
260247894
2517
3566996345
22462
686176904
375
2516368151
126918
505228
32794
4130
1146
151093
76199031
8272
2240
990
167394704
1870524
1623
10342644
3436237
699782
859526840
62603
41144
95697549
629457402
7968
406204487
8710
8455
1592349924
216122
3020371
8362
39541
1077346
5617972
16974
1430519
69463
501747
607806
2294156
286008
1382254
17459
3686146263
5581504380
7194860
2412076374
7180922748
8341161975
128251979
478809
14315
22605
37320
10848
3252937194
14
157081
672
9052
1172924266
1224728015
242
1423
3020
2432
4891260
968692
11501
15673
47110
123590
69372
76206157
367612
10146
9776
7932
212573
1606773399
1000723121
47995
4150330
488898
32289
55642
69257
441560
59832
123525
9768
173098
22644
1895407
55726
451394664
783025009
8985031388
24398965791
23015403
1416883
8027085
242110
35292263
47248866
27015059
3957392
26034395
66023968
1220541
436503
1409767
621545
7891706
775
17579835
788
30352587
5517
110
6535
4744
839914
900930
4021808
4191172
8829637
5682
522556
484
9660185
13764059
1951131
184
3752203
995
311044
5870935
6965014
19307
103464
198591
10043
1523837
209
9025787
331891
33665
4525
85755167
16221196
4646758
35244835
114058824
15045457
6319
69485901
341904
328938
29936
654814
41181
4967365
1750901
6024718
2644336
3925173
7491045
1894570
13368094
829109
14147383
4857
6092
16866
6408831
69988
1409616
1511952
3976135
10982
4151231
1323140
16517274
12965210
30895899
34037384
46872655
19879
33992
65455
71959018
26069204
11976918
2632848
47636676
67420270
29403961
86516733
14239
16214653
36254075
48259
97351437
77884769
15328413
111207799
160233289
1863233
2316985
1127
1548618
4595549
145
4055204
2833104
364807
25081941
48208687
37530
30062380
6844069
50235006
24683760
75890700
89083
97897
127
3813
596
79541
2139
1247145
412470
232715
2208716
20495468
21309732
13119556
308424
26749
111236
91502
548275
7498980
57883
34389
849450
919321
15465
207397
2338891
12129
11501
16517707
1956661
193692
103353
2144792
734721
6353
2210485
19071
31674256
40828456
21626676
32697
50746205
84550565
12350164
15711766
19401155
10787
23339081
7607985
2270
6246
171
47319
14264
3079
4150386
23812463
16269176
296111
312
15073122
155860
60719
320553
3178278
23074940
51744520
3437269
8200717
11667329
11564
286004225
42627607
183974680
139282810
106304465
319768070
5202978
10556210
6493237
5092385
110498
8604
73555
131017
238296969
43114327
199042284
182747
4616294
6227566
11142895
7737153
1767650
2687401
4135793
1618
8147017
4329433
758174
927742
1087549
4542419
1464506
1465389
1234789
2918359
1416330
1314169
1351795
515702
245788
436075
9976075
5498938
2651939
2391955
4798120
4798120
11742
4798120
2264273
2264273
2264273
6805589
14406374
2355544
2355544
3619
2355544
7070449
1524870
4575848
2626961
1008218
459102
459102
13626495
13626495
31449
13626495
40911741
2792370
67665
20296
142396626
12639
390
22
6783
261324
123751493
1791
7731849
345
62952
21505
141
50575943
43101
1581
7
21967684
181526
52914155
35
1842
3807
18902
73188796
6394
4824
9271
73188796
61126
103287
106900
354
357716
22889
282714
63890
82
7176
66179
11235
10728
55721295
18250
63179
19150
58
14626
55721295
258
417576
36325
393192
1011
169576102
4191
2394
17162
672
32064841
32064841
171
165
184638
4035
96806649
182
14382332
1232
1968
43343044
33
420
390025
37442
7464
48437
2369
118062
25546
12764
16510
2239
71306
5471
5616127
3817
10940
7129
8183
1236
648
20428
200542501
35944
1520089
10129
213635
92048
9108
52537
159855
8331
28158
607273961
62
25375
16825
58029616
1164
9
22
4707
261324
85616245
1454
4426965
130
53679
17323
74
34526
10
3
7
5101948
42
154005
35
1763
3279
8763
29233498
882
46
9271
15214291
6794
60764868
7335253
5142
95550
6591
354
84
135
230811
51245
82
5588
38060
4749
801
4239311
38797533
6127
8055
313
36
5526
1449836
14286000
258
10843
32050
322881
762
22918464
75064455
4191
1654
15276
96
1246733
25955177
25955177
105
165
1488
366
77803274
108
9704475
21
1101
2294601
12
15
10334
2569
159
36296
407
104665
27
11491
11205
961
44930
369
5616127
217
560
2118
2235
65
586
153
1185583
3413560
26604
47003
16583209
4953
951352
1293
231
49329
6198
34216
45609
3684
14098
3952014
11193065
2
977086
5232770
2661415
550247
213
11726
2910867
1618
5610499
2053618
428895
372687
168514
2076217
874034
117143
620453
941
749
788080
26
156
29
102104
111
45
6324
1253985
1220045
114336
1370505
2469832
4577787
2672528
657013
64
48
72680
2019795
2469832
430951
65
612597
4798120
2579
5187
233
1865956
255217
2175941
1271565
970963
261
7421510
84
504
12192269
8823259
109
830835
367566
986
80441
274948
377631
1022
830835
1306790
1564799
15324
159071
119845
347958
31895
187
288509
279206
102429
346485
2375168
75233
1403764
2505275
5932580
784621
3062478
56
68612
864465
1147382
46826
2355544
12
1147382
2355544
3307405
1695
55422
440035
1243653
5371208
5081306
2432420
460949
218633
479508
974920
217428
99
600603
1842
186
18114
201730
2580
1914040
408668
6202754
348329
174216
588
316
55796
187776
448
2131
749413
2108102
4363148
4503533
6202754
31449
2687
2700374
42301
2057307
176635
1321
217
374
1536
362
1590811
108828
5049856
2779
9523931
5834277
385926
231
194485
1860172
6580611
10084122
3714
16755991
11923769
2252443
18640518
809646
571470
156
642782
24660903
8229
1110
21136536
3946471
21308531
3031808
6777981
68109
356
1303
7127
7130
135
51601086
35237369
13082
4612
39120332
146
23982
22
2467
20756577
43702177
1819
8716131
19
36
47413905
432
7212
5633
70003
22820
78914364
173
26236258
18832
52277011
53390267
25417030
44400
7207
1253
1581
38772449
24308586
1193
23367721
12345039
7
308
7377
7255358
6652
60365
118
63487557
1133914
18315107
1268869
38431
8908
35
367917
1882
10535
37157
23309
118
129569
19961
3386
6875
17089
28471
2818
7683
5022
520
42344
29207
9733
3853
20048
61868
15510
108643
97795
23476
37512
18358
1353
86
82
24396
64150
19235
67961
1544
3221
139192
125675
1753
12126
368
11452
62
84497
134061
123
456
363
4471
15175
138
9195
4045
1312
341
242
40222
7295
13921
10956
149353
1132
140
56877800
78775652
4288
57
55
2762
2957
612
17557
66026
695
20163
3835
1422
754
35805959
2472
49168
50
473
187
697
7972
15790390
12426
56
12
8871737
146
3
163
4525370
4068
64996
114636
80276
20833
3899
314946
407375
12211
26164
40205
37984
7777
10978
7662
20424
20178
51846
8739
2256
130623
525684
3340
13512
12733
16938
2153
77382
10224
59279
9728
2448
2219
31579
1472
181317
2851
2464
3295
2404
313466
8421
121788
29339
17849
5948
53662
687
2818
28948
186
135197
21503
9682
78303
908
8857
187
24197
5471
90416
32041
290
215765477
62
1123455
25460
6
1136
5910
360
5
20193046
26999867
2526
438
4087
3
23982
22
1716
15617037
29952380
1454
4868970
13
21
34467101
164
2469
4
59926
18292
78914364
101
18104361
12978
9134437
35108
658076
10
6498
1251
3
6795326
16794839
534
782663
439305
7
154
4
1695084
5
14
2
20455831
103256
61527
49871
35536
3271
35
280320
1803
5773
2308
23309
118
28
3483
263
905
4341
471
33
45
46
520
14585
46
9733
3284
9067
5142
45
38881
78402
18434
782750
15743730
48049
9835
17951
30909
6794
43091912
30418200
1845302
3506582
37712785
63022677
7699794
20008995
8972
66519728
20566990
8331545
29110
6150
108
86
82
11862
8093
313
39022
800
3221
3562
1230
1063
10682
318
4818
36
1306
109561
71
83
305
4127
5583
130
9195
75
1241
254
154
1137
5606
4112
801
62
983
100
1164924
7601557
112682
17440270
25858326
4325128
1517684
32062
12632429
14359585
32949895
47214950
16720
39470490
14009367
25318438
78775652
4288
35
55
1744
2957
373
15436
498
321
1694
1438
121
96
1388966
44030
26995351
27977633
33795785
17058698
15723114
741
3
24
7
109
371
267
1332
4778
10224150
10616827
925453
1975
677
27
4
5561348
5
2
45
2800839
211
51077
74457
35056
119
217
197873
11709
1651
6339
2569
36696
159
560
2284
20424
160
36538
2275
567
1515
325703
431
11903
755
11276
590
77
4194
59279
6522
992
763
16655
65
146567
38
1459
2135
407
267995
178
105855
11184
11580
122
15171
625
1246
27
163
70449
153
4946
45674
142
1869
16441
187
369
2199
15797
135
53148
1211837
4220981
3985298
67155
29266
47876
110269050
11267677
53765709
168881428
8434692
1442829
7276210
21864536
3890250
31982203
98452
215765477
129726
533889
2
887300
89212
1344615
30
1357075
227034
2148026
3408145
125680
282576
32371
1330568
570565
1673953
957983
42
347321
90
3223897
12808
1947840
943517
3418429
2914182
941284
509548
2287973
3656078
830739
1332953
3392165
286989
81
2893044
1837062
217041
10500284
1332177
1451092
1137
2355631
903108
390343
1143
101591
834
19702
21
312492
2931044
290530
41160
168238
28
769001
214072
109431
22564
1453899
55
27354
157
29
334
2178929
106
52858
5
169109
41
2
1615691
2214
23
3884
1358
2884756
2454483
1863216
1035276
270470
842083
3692856
23081
758
9430
492107
1446845
962491
1776431
2773406
3017649
3438049
289
220
1328
1813
104
1429
130
122
347
844
1815
767
53
468715
3198310
851673
2891371
238218
228336
2669732
624426
2170523
1891175
241635
1194786
143313
257855
400674
311039
2063388
2303546
3137147
2982343
1239765
503028
3811955
386725
28
122854
1282495
3630
5454544
827847
689625
2400939
5398130
7989037
9540457
225
318
67
268
98
961
5619730
8473990
8427872
5261213
2788451
4519424
2461351
1257908
8477024
1729301
2440735
19203
3721
24745
13232
137854
188589
129739
4890
355048
389809
411635
512671
525711
126397
63639
209081
448082
302331
473219
843128
933965
110
190
216
247
91
1084
931621
314126
824677
313185
658280
316094
559436
311584
333094
203712
123407
123073
117371
57795
30188
508084
641921
691459
876367
820987
724787
436234
390737
986086
42
114515
52479
33270
66613
268721
51831
717757
1857493
934145
2203097
2989879
3162078
1297
19
304
667
1483
3306169
1850172
2636234
794651
1189461
1164257
916621
385935
1039024
3736796
2343139
4323018
6217
12670688
42512
18836
2960
156234
904581
1765198
130
123
1026
2856
1122697
29814
954724
1298181
334223
1840956
8
119
4601727
119646
331810
286710
976223
2458747
4202252
3340861
3798158
5097646
2704065
3921570
1691253
2439432
7451973
606890
5
139995
23481
234
65728
4959
144641
561782
12
314
900212
340235
92356
242624
936857
59645
68
344887
111
304411
764600
2653912
262
1197
1280191
976161
1758917
179000
5
449
308499
106234
648741
122324
76747
313292
1382572
1693174
9950
90
23772
68528
91717
1
44574
192023
22
76277
572357
578669
580238
3657
382026
532735
60457
18
8126
4952079
50968
1757394
146415
503
782062
4192673
3783610
11892609
206
74869
78
152350
71228
85975
329873
1012179
224915
3419959
1941366
3638225
2044325
2172073
4347688
5325750
602511
6053708
637617
6439883
7604705
8524439
10087613
3077
1481
962
132
2451
2099
1254
217
639
1907
1577
873
2195
440
3092
225
362
723
5959111
9902354
9374508
9370527
1969128
2689280
6683314
6104174
4295154
2964090
3557874
951241
1208581
798509
243988
4733372
6570679
8139575
7299002
5622896
3785589
10396795
496724
889397
581850
112
1652192
314417
52
87082
210569
1559771
2444319
815
18
13368406
5273420
11516603
17220707
18884617
15758581
18854565
21419885
520989
1316086
4141950
2452456
6369520
12926109
14451751
17755105
23290857
7916
2885
5450
1115
3226
2728
1071
5761
9607
609
4476
15284177
4004595
13402123
12511075
13555140
3990672
21508945
21334720
18541452
6697650
9694745
455
36244344
1914464
2504573
308710
484557
2621452
5184962
7661951
3359730
2008719
1063510
1871852
106911
100503
1330601
105613
98887
3940494
107382
107424
106290
899370
107118
3239374
107480
99854
724823
686616
47903401
114383
143418
434229
561709
119684
464111
1260550
3243070
882235
1177753
1528236
12608
13513
1096127
12786
1981304
195835
19468013
250916
2348693
3066282
3085563
6445512
10905021
4087362
3031463
1945745
3400088
120441
113111
2560544
5036621
120349
113779
120552
5220678
1167824
903796
67371414
1914404
2503442
7743532
308623
483424
2619577
2619577
5169012
5169012
5169012
15959386
7090767
7090767
7090767
21608741
3307730
3307730
434678
3307730
3881432
3881432
332738
11860531
680900
107374
106283
2500475
652370
43892445
43892445
43892445
134835441
78585
1707001
815636
1042115
12771
564511
14091607
14091607
14091607
42553106
698151
2348537
9450533
3081561
3081561
9582716
6406324
6406324
19711133
9595757
9595757
29157386
7820034
4103877
355074
15006953
120325
3623766
3623766
57984052
57984052
57984052
177388547
38948
243616191
37957699
328561787
328561787
541331751
2333
541331751
541331751
624833
7963
7886
648
476672
1922241895
379806162
379806162
13872
290845
255448
360636
1387
2400
26417
2176405
523036
34200
1464155
4093132987
522032
12840599002
736474993
112377
291280487
153665
20958
375038620
1188331654
14737
751681367
12534
37274575
199594193
3110602
322878
13586289
1075953
14005040
958846
19097097
15099690486
2560
14226867
37945282
323629521
121580
1458679
2190
136139256
6085577
96878
1034
182
648
476672
1922241895
193639063
241979917
11128
286941
242826
360636
1385
1398
394
1889972
75133
34200
1427503
2464368142
3791838
6124821
982411246
136277
1390644
2422716476
211010863
112377
291055812
16688
324
259928310
598658181
768
635109488
7629
12919414
192050998
2185795
146796
9599423
18613
3241671
470860
4917616
10387049239
106677
6105
2290592
2500526
188668
308268
272419
393694
2449643
1377
20520
1278366
2128991
2027
3153
62649
4032
2246812
176
4098
624
1425302
531559
3007
3900
21608741
270205
1470695
2118244
59308
506397
3769751
3881432
3535505
3749667
3881432
2212639
91289
31047
464136
37563
42
1975566
7631
22447677
8720682
18875160
38138485
67499
8331974
7316806
38071385
23988175
19781
35974
11787332
43379747
11649
13143
8295092
30158612
1785
1119479
249873
210356
1797
537103
163003
1640
5380731
1105
2587182
945
917942
57
2345097
2348537
1722392
834408
2008966
21645
4560050
1648
1525
2084610
7963471
8123586
18660
8758250
204
1176
121745
9427376
478
2919068
2919068
7513305
70768
17327503
6525723
1809
36507183
39463908
33994942
1799618
37549186
106936734
59021244
32490531
38948
243616275
161644
764
37958076
17687
5717
328571592
62415
26404
101380
21488
1005
2333
52264
112513
200298
82875
29701
636025
541475677
216
207700
153880
7963
46261
38436
8121
622656220
51964
334167
379965859
11374
34748
150593203
36477075
27563
11199098
10414
40323360
5158
291029
255464
360908
1387
800
7044
165060066
26489
2468
2242613
685372
166559
66555
1566697
56335
45978
3049182
47135
2183990
79261
523472
9352
8046
1327773
1466450
57485
34200
4103578498
2441
164
410
17343
88436569
37019
1051779
36941933
26438
2600537
1453392
1542
744178976
112377
291280662
49810
6050
370539249
375056871
14737
17066
48257
72826
346226
85593
4325
37658
2157
753818881
433203365
2917
236966
11541773
102908
11508999
559
12362405
202001999
55540742
4116
3113481
1076145
4431620
315187
266438
66976
323079
141364
733684
6160740
1762015
55518
13624180
4847757474
31111320
2560
14226867
161642
20
37945631
2573
5674
121580
323635096
209258
45298
6751
11922
12
1005
2190
31779
48
31314
3800
29701
40246
6086142
34998198
1458991
136184797
216
207700
153880
1034
576
16401
182
18812369
609664171
610103000
622656220
18822
37516
4685004
193680063
1099561
221182545
242090030
167139575
379965859
4706
7839
150593203
1532
14721306
1089171
9980
3742
287120
242842
360908
1385
466
2623
25052055
395
1723
1891276
20671
37859
38736
1560371
3361
6120
2348306
40880
1896692
8169
75154
7337
1318755
8046
1429798
43830
34200
96071578
2176463871
2468375325
463651
3792947
6124882
3746804
7270877
988201352
1223517126
3981712476
761483531
2850642469
4103578498
2441
56
260
16757
34508064
10127
98939
27269086
1860784
12737
2404075
914262
1000
128104
214772849
112377
291055987
5015
108
268141120
259935917
187690126
768
3367
47510
72826
16568
3472
2545
1140
2154
156050
636810312
218593798
39519304
324021183
2054
3874
4067556
102434
37128
495
194078000
8144875
51568587
4116
2187001
18613
1029263
152227
266438
21753
146858
139786
17596
1573977
345984
12408
9623500
1754320657
1606763
1769065
1741573291
3325012880
251627293
3555070368
4523171
618097
106677
6105
1912214
61877
388994
20
2291542
2501555
308346
273412
393763
1377
1253083
1141116
94397
2051637
1932247
2450151
2047415
2481
233
302184
3850993
8588
2027
18427
1344
3154
85
62683
239292
279038
3195932
1892373
1019056
20612
314086
1282223
118771
9811
2135562
739857
5184962
1476687
415432
591
3053
182
4162
1326
2168
45
5158404
2988668
354654
6449123
108747
7458844
680
563572
1145016
5399341
7661951
17
309974
273142
48844
512069
1478748
4166
1230
1570635
213507
75971
2941462
2875986
5456
1348
2152174
1488549
3359730
634250
392330
459123
2008719
91289
324172
9773
87625
1396199
2533470
3844
500819
730153
3568385
733888
446
3819244
3806276
1368656
2821273
3825947
28557
59374
3940494
50784
612166
37563
52300
42
24377
389636
1471264
2541512
1495937
722186
26569
60
3862
523225
8451
52484
932490
202542
1238399
16325673
2014511
20791964
21699423
23662534
25332750
21693337
32911052
4133
20001
1485
4761
36126
6191
6343
22843
33229
5476
75905
68555
36044693
33524809
2972716
23788761
5515543
18409978
19155456
8504657
9257030
6835697
4032045
13381030
20529872
25186871
34369966
21619637
10703378
7667819
40315707
18069
2151613
11161095
41346134
15431
2559
31956
47174883
4434676
8507835
30847586
34617454
46366747
47903401
31954
4214
89274
258
368481
38679
73513
65022
370854
1858
147596
431930
475946
461943
118
149306
882235
466172
12792
487438
1228
218136
19
1797
1110750
1290161
51954
185997
4093857
7823649
4444
1336
9480884
209071
12032087
3789147
13398803
1640
391
3003702
7133658
1481
5111450
8484352
433623
380167
19
2345253
2835
2348693
14771
556307
2241627
261094
2009787
1455259
21645
724937
1525
3205172
1663
3855
9384
1005356
3069783
6926858
7280815
8699319
185404
1110108
895189
4440
2410
2746
1459830
9016247
10905021
1843292
263698
3474629
3050408
110469
577091
79
396
39086
14072
59795
181760
15
39014
13424
32826
845
4455301
2916574
3163234
1847
478
312
961340
4048215
5805
337329
76176
4333
791837
13458859
19721220
20635633
23196501
2262
91996
8393
13819
23265308
38539378
12692472
30501798
7793927
4077027
2515219
20967315
8517540
53714510
93994
2074991
12065946
49141417
18777
40139513
45748263
20066298
7298988
506176
40141013
67371414
770661
770661
7594
770661
2319675
584222
584222
584222
1753403
1354883
1354883
1354883
4073078
15111
23312
6275
25560390
349
17231
39
3574
40
25560390
225
628
15522
22550
113
6251
25560390
54
3663
1611
23371
47976
77929120
7667496
649
33227886
22062
8887
1513
94185
33227886
3429
33227886
11965
89254
5716
1221
89285
2167
101051093
1142
22826
40
1744161
11409515
48079
25
14865
26
541
40
23041952
6556480
16353698
117
13
14915
22550
112
6178
14433965
12519
12719
10371
831404
8101732
23041952
54
549
381
23371
5262
15477
18826428
77929120
2957896
24
29795133
15021
8887
742
59971
20488634
29154412
68
29154412
2851
19707
2587
297
20990
460
29655629
63475966
45378035
37292
44396
3014
208775
271703
274616
69
30
32
225
338
365631
168856
110120
278093
142270
470474
57841
31159
3293
606947
64
741772
39346
770661
47592
31490
71975
107924
293277
383
220
152818
81612
296250
246429
83869
470474
111
43701
191441
663056
424930
525213
498099
397955
323934
40087
862
154286
84503
296615
87
241
103
240
223
133
435395
433870
29058
112070
213043
470474
7
93823
759813
740532
55272
770661
24026
192
327
216
72
3
1298978
329539
219231
79017
54174
32106
165939
453993
417950
600920
308323
2319675
5380
77154
292340
25491
36816
5335
4
8546
248727
15
13480
266208
141823
133732
158431
15391
12433
50805
131239
335374
120517
413658
908567
88620
84
27753
30990
125296
773084
5248
161
33
399118
149826
74486
1170959
40
148
552132
773084
27
795530
922613
782767
1354883
28307
773084
16
39144
249
91761
3945
577814
756744
818261
87
297
9
90
1685029
1184449
741735
484508
850593
11637
163824
890676
759017
2515209
1430221
14498
156
8053
10086
9054
3318
2343
6174
2434
18
5202
113922
15648
1221
9636
7509
16590
830
9084
826
2539
540
516
1201
28257
647
12832
6468
2083
1765
10049
8201
10001
1767
16528
845
241
442
7804
5283
42965
5613
415
874
45
23900
2280
21173
349
14906
2495
652
752
26788
18
5891
174
1769
714
6582
17943
4148
13655
16
4031
2211
1630
626
1303
40
2111
8555
6815
16276
3597
4587
239
1367
3514
734
8147
3631
18176
461
1907
1226
6791
147
5178
496
10478
15600
57
22738
113
1255
5955
12814
27
7784
11578
70977
6379
535
309
40
30581
26443187
421
104
36494
22126
1353
1440
603
1788
4760
1169
111
21
4929
354
53
2879
63
141
301
1653
10124
11
8420451
59
21
3960
579
22276
9291
6890
1899
3449
3510
10971
3447
20201
650
29790
830
1934
2112
638
11893
474
252
1766
308
324
1528
31479
43062
6044
30121
158
14310
1423
18934
779
4369
4173
5613
45
3275
29778
9118
145
59536
785
16472
353
96753
93
34863638
11756
136
7288
5976
4261
34
1460
1244
364
18
252
93421
1293
171
3907
1149
7856
43
64
139
2539
127
266
356
10131
46
4475
6468
13
341
9982
8201
20
73
7567
2
15
212
7804
16315
2176
3025
36
861
10
23387
2124
17303
25
10889
29
22
496
2512
13
2001
112
16
69
40
15490
1900
12813
15
4031
4
82
21
4
26
851
12
2601
1774
1179
285
23
722
14
13
300
542
8867
37
839
26
4964
125
1045
496
815
14990
37
22738
10
112
7560
298
5577
27
517
19
6306
507
217
40
1941
7482
682095
1769594
3559209
498846
12651106
11475795
14688520
2210361
21819545
16010
5168
12587
4577
12725
9252
10558
4327
7081
21590
5609
3452
35181
15764
13855258
977850
9554786
1459190
8448860
6507809
23473455
14534
50384
6749247
6429270
25936958
5085
7559
32961
22576613
16944872
7168028
11663998
18852457
26443187
202
53
28587
11381
372
833
8
1788
2375
287
1
1
4246
134
35
76
40
61
273
79
3841
8
20629
76294
5145193
341
2221
1997
6477392
371831
1244136
8097013
2132642
327960
3305768
3147398
45
21
940
15135
50
9291
6748
1653
68
3510
926
1090
65
24
6583
437
855
2112
37
164
102
104
29
188
127
749
9209
690
29
307
136
645
20
1005
701
82
1286
34
42
1264
6902
23
32
59536
149
2185
44
61656
30
509688
456914
9980597
11105567
2771
7236
6329
14560
51918
12737350
21390074
21091552
20793429
15285301
15892771
2466179
1462642
23894797
29950847
9003032
25558720
17682
11524
16156017
25813651
31171968
3655294
14
28196
90038
84930
57836
29
10271
121
3333
44623
27757
64507
45691
51903
6624
95892
99260
148848
149454
55753
214968
51277
251247
251930
264192
183336
30621
285516
32873
336569
350868
107959
250039
381764
385593
287330
163342
470908
418096
145838
503317
376453
540447
565056
567869
587054
603334
431624
524270
81
81
104
307
87
72
162
106
264
61
305
15
142
119
23
45
23
19
53
312
272
47
179
67
149
144
348
70
40
50
182
45
284
52
715
84
39
534
301
100
60
38
174
41
35
320
454
1
10
105
197
12
287269
633983
242799
618876
616898
612691
146212
602308
216918
388054
360670
42178
567955
406093
562436
557953
537471
144420
521518
226289
20059
463837
100146
263976
400022
79731
371912
314537
185487
324395
179536
315971
280316
98751
73416
160916
31633
158173
101671
34369
41068
141147
118991
86176
20871
34353
55389
54333
185938
351972
400417
407879
424693
467826
512091
571685
594856
371817
357303
343385
301141
264834
257372
221212
184386
153160
115526
48828
26771
667070
1956
73119
150
52661
38
95976
57399
80420
39
71674
85441
7
78201
48879
5054
27567
95222
128081
162152
12
2295
76044
296207
88254
70431
71758
154091
218317
70795
297476
422312
48902
549492
549665
344804
445409
958865
963185
979356
987241
1036992
1051334
685914
1197264
28
319
74
513
365
104
192
96
64
208
356
120
464
612
1208562
1181015
1177488
1052370
383843
841668
798908
453840
128097
421961
153209
638516
514836
305665
243101
572550
551497
519719
336904
155258
64899
188143
175349
342254
406791
507708
676797
808010
890680
992225
1206606
65866
592966
14095
128929
1274246
34832
88956
72265
62582
38980
8054
2345
4398
12594
7153
131419
169513
176039
260929
367961
204431
371588
344535
470175
512037
243711
618655
5
50
14
146
69
19
177
35
87
160307
458030
369913
365909
97100
284876
239462
65005
77355
86714
26124
79514
41490
40588
10867
553714
463094
339849
296918
282430
253760
176643
156255
640620
4
30116
353
56390
94759
19456
25585
18121
98165
71187
299
60
34906
58268
400469
21579
58613
151050
584644
702117
457578
181
4
129
1220306
372873
19221
318955
267976
70113
54247
412798
628583
493887
181412
1334883
40
46129
86186
52653
192113
114155
25562
4207
549999
11139
2579
6147
25565
66977
316314
418193
448928
451180
465590
308975
488771
546262
53853
1037529
1174849
81
83
215
46
37
1162
545
83
161
119
137
17
69
41
87
258
2273
116
110135
638333
931605
943092
928878
879719
453832
520582
762239
654211
718090
659535
339734
415619
287503
437657
271162
91898
199045
163035
109405
49971
34131
77455
1025508
1121924
439340
225706
1307690
8584
30939
6455
8581
8601
105754
102620
42
172569
97994
159504
108074
575819
572939
717308
31853
72254
137682
27
55725
159593
608341
449872
1221616
1334239
1536189
1825582
1041007
267052
668
242
226
580
30
147
328
757
250
34
297
1074
359
1326177
1045082
1877955
1717879
744410
260864
27661
638424
1051700
1526120
214090
2175302
409251
2609129
331138
331138
42499
127757
79936
45431
45431
108904
108904
331825
146409
146409
146409
446151
18129
29023
176702
176702
176702
539061
559610
559610
13732
559610
1692649
1118984
1118984
1118984
3367474
300407
300407
12695
300407
913964
375302
375302
1128630
993826
402292
402292
546205
546205
1639327
427379
18762
414413
414413
414413
19789
1249938
198813
198813
198813
6584
6560
6588
6505
6242
596198
596198
596198
20084
1790791
20215
1275343
97544
97544
59670
180496
188253
188253
6930334
6930334
93447
6930334
20885030
4
1108767
11473
170
1590
10572518
4362
10572518
4143
158
2247
13658796
501
4780
108
26352
684
1957
1649358
192
14148568
2752
14148568
44065071
5981
672
28372682
113
1299
28372682
878
7349
16584
28372682
83782
31853
504
87578282
138
35316527
12694
373
2737
25693
7193
5214
98
632
36
26866
29369
26410
1341
3235
594
107688552
64
17651495
1991
17651495
346
4108
4500
3023
11912298
3492205
3492205
7567972
3024
10089
22814326
1497076
18794
13390
18926
113
2498
112200
558
1221
117
1577323
62572195
10357
44
12199311
3835
12199311
632
3392
12562080
1864
37
40
207
105268
7163
37505
1973
28647
226695005
26984
158393
238158
6161
6459
13407
152609
48442
32007
623927
875
226695005
16060414
38721
280190
73270
10206
107167
17415
14095
69698
1006
226695005
3096
24765
1233
27643
588040
40822
1666303
9021
146499
2111787
8904
731189
988529
739102
31705
824805
696176855
1
2702174
87522
9898
170
64
637941
4362
10553115
3585
15
223
908314
53
509
108
26352
36
1957
1647625
144
9495263
13402896
97
5168
13402896
21706538
11593150
341
32
359739
100
188
7049043
13
30
7324
385507
999
4160
177
1459395
17
30872099
30
45
1934
46
5036
1275
93
14
36
22654
29369
5542
357
6
519
107688552
64
8176460
1371
11397796
252
66
2941
2289
472
800
6226359
784
336
57609
502203
18569
12872
18926
111
2345
10909
132
1107
43062245
57
55721
3
39
261428
212
11122353
12199311
21
3968450
1879
95
4
28
207
55
125
55
24
26339
38669
173540809
102030173
8968
26984
109033
5275
477
6360
132320
9374
4693
409589
855
87474517
16274
204393225
23916125
159345298
16060414
823
44827
670
2199
13588
148
1500
68785
908
2788739
132670181
131642
200951
198855511
19576867
62716748
206653977
1227
855
1233
4153
119861
16882
47797
801
132621
990584
3417
120
461584
177605
2824
740406
94137
291408
456571814
327500655
87010360
151705310
87869
45138
173276
196098
15539
66044
3
1019
45431
6375
235
108494
108904
165
31783
117795
1928
10480
40
227
53
133614
145842
9776
86789
259652
444450
380219
48298
18058
17996
64515
20005
90666
127297
72
348
127297
338
204266
131451
13859
8389
161
477
61
137249
18
233039
13
316
178200
177
126
6804
252
30
602115
25247
77205
621
513
227342
1150014
34
379
85748
75
71
945693
161963
20005
549986
724731
105
73271
48
390
55
193960
441977
753859
3705
755629
2069709
555
1394228
30
601022
1482
2841517
939595
3367474
17902
95231
118074
139254
195767
31
1721
35130
12
69
231674
7254
216108
69
45
203
49
374774
164950
128475
62631
7833
129
427379
5994
99998
25
402922
414413
114139
29
84879
308307
316280
400469
414413
100990
955539
226638
775318
872057
382009
653
5534
71256
16858
136924
18
118428
2101
14
6449
4
898
12152
411486
469015
16995
411486
596198
1236655
18
2161
1020
302049
926873
12309
2245
66023
11
168421
101906
7
2601215
4011905
734
591
179784
1059823
79110
2422238
3411293
668427
4514712
410
15515
128555
75736
700295
610
3123
245
1048
2065783
726403
3340740
372786
1855750
275
499
3194
127
430493
872400
100426
4345802
3272881
850528
4514712
60461
664793
1829888
5953320
3992277
4909290
4735999
4221179
6930334
16449
93447
674125
45699
12145
852953
739364
439103
91105
2820353
4311182
1364
1069
1330
1766
4343225
3399726
403444
436403
1752923
4514712
211226
999
6834115
3134202
1875201
2480799
1179723
66066
131044
3357704
13081237
1476
4599
2457
8304
9910405
7172787
7107872
1936552
432020
1551396
9538456
4982581
1463621
13638164
748788
711441
510
3555485
5121926
537
504
18564314
9777765
7862968
1464277
10785827
961
5
9
52
4098
1162214
198
23
4362
2894
1590
10572607
5757
1555
501
36
26
158
38
8142
27522
4143
2247
204
13659933
1957
1649565
7
1623
74
596
81
4993
192
2757
157
14162209
3381
59
5997
13914
1086
10496
672
27948
654
3972
1144
7359
26446
67
113
3146
6343
16632
10445
168
4588
866
1020
1299
6709
35985
28576783
13041
12
33427
1865
7980
8894
3325
13132
9526
9946
20242
5999
8558
487
373
2581
7281
1115
1757
921
5323
100
2759
138
2111
200
839
86
36413233
2225
5181
64
25507
1991
1352
15791
5745
21611
17878646
106
3229
98
11443
4758
644
1939
12057
9759753
4546091
70455
191
4396339
2276
3641
3404
4808
8855087
3764
1253
510247
441
477004
5192341
36624
4469
3084
284
18902
186
408
8463
13401
18987
113
2748
39
502042
20772820
13675
44
480042
20
3967
736
14824
4463
510332
207
13013811
7326
512090
1073
494036
5076091
1960
146
37
742868
46
3969271
132333
196
27407
1032
30066
369960
161042
11990
8377
207
411
902740
457383
9182
38857
287861
74459
79731
105911
4119
192924
309058
10562
171166
282150
85960
13733
16102
7196
557574
2974
6206
37824
2564
3942
183
48673
2790
6619
13558
157495
72131
778392
1193
2005
14008
167358
5802
6308
3000
63606
29774
50212
108295
32746
241571
17970
343174
14177
242490
29250
10589
216913
274378
736
298
97843
104316
2335
641519
70859
2759
239
875
1008
586
235420417
961
1
972894
3188931
4
19
3562
100896
198
23
4362
585
64
76840
637941
10553204
5755
152
53
36
2
15
38
5053
8142
3585
223
12
908343
10423251
13637529
11811390
1957
1647808
2
55
45
88
43
4718
144
97
150
5168
9499037
6932197
13407863
16316
3771113
2339
59
12933
341
157
4006
32
338
91
328
6
30
23150
67
7330
100
1372
4
1352
59
218
219
1020
188
13
2382
385823
1414687
359869
479856
7095237
8682615
30
12
46
1734
2152
7490
3325
858
9526
9946
19130
176
1805
120
45
36
5072
2
57
92
1285
95
1947
17
1057
174
14
85
1707684
33304735
35551027
6566
31770444
36413233
498
4791
64
79
1371
22
1334
1399
17020
240654
8290596
31417
9039172
11770123
8592160
1331176
13416844
11563278
7912093
17878646
101
2385
59
160
3094
275
403
8714
9759753
46338
1
877
866
5
130
874
343
6594972
7011299
50549
3347
1
1545304
1670
46322
417
161691
32951
3515
4408
567
153
18671
44
369
27
12883
18987
111
2593
11838094
867
14290516
19
18070
3
39
714
11
231
172
5
8
1766435
9326245
298589
11762241
413801
334032
7
13013811
4137
1483473
10320
601
27561
96
97
4
227
697492
28
3202184
9814
107849
196
27407
409
731
1207
110644
5725
285
207
411
813126
266191
1285
823
45442
670
56888
55
2402
39379
64
2228
25615
85142
5555
16102
125
16076
267
5318
55
267
170
55
43975
825
499
6387
111437
27816
363232
732
24
571
145247
389
6016
1166
9128
566
9894
13865
4778
40
148
156490
1500
57638
26620
841
695
244407
491
92710
298
15034
282
422888
69946
2046
99
855
908
301
5843822
77929700
89333137
114224585
3109799
135009615
31752
104274
39257
133291
201009
49112
112101
334720
87431
52246
106922
16343
203357830
165076309
90141869
151489073
108868510
29042201
20065186
10362151
65097565
208005992
176021583
55673533
211299809
24572004
51124023
172109042
147608
165303322
105887103
172597412
235420417
145160
158346
404140
134959
121014
83086
4855
15348
30975
22930
1
3733
121863
672
6376
55
235
75566
10516
108624
83
22731
20125
109034
582
1931
3266
27727
25912
10535
52
53
40
227
2
134534
28635
113076
85712
146854
126464
118062
125710
8743
16374
18136
2
841
18136
16754
19012
20085
72
348
43
59282
65410
4577
107822
91196
66584
64906
94512
127992
141525
206
12
338
44538
2350
316
18352
56974
246047
178604
40
163
177
516
84
127
8
481
42937
6829
89866
13098
14504
19631
212284
104140
57149
269909
1959
8442
10
233932
8708
31275
61
145893
27717
46911
293363
166
214
670
174
18
142
248283
80157
403523
176874
598457
7221
980176
50
135388
222189
238714
371138
297345
40854
153484
821407
859655
1026538
60
482
45
495
253
109
110
32
55
876241
695361
515500
289400
50657
71357
664263
910939
1083597
57067
85618
52
1015005
171571
421302
194803
2287977
696
102
297
755
154
810
180
1992518
176017
363906
422411
816108
1907546
2076341
2422906
3036719
9
535
24527
45546
23211
10800
45883
108488
5
120
92
42
118296
181972
133963
18611
139448
198257
161491
12588
248467
309957
23
150
104
273539
237961
165110
368218
43827
92278
139687
36
20
26147
7963
391783
442109
581593
155663
150378
341593
660923
802140
458039
195
109
450
106213
19333
1046621
139
492593
1109857
4644
62158
43836
21296
300523
427
42209
263643
618967
972
84096
29
1
529
1962
5193
442
1298989
1993
36416
4687
124168
131628
109267
244558
217660
129
28
29
29
75690
96643
73218
19295
336713
346247
88201
276049
297298
30
41
88
176
464788
463330
143598
334052
147584
367037
471326
9
215
1789
3531
486554
39216
57
295196
319525
117608
2101
3154
14
6481
4
6
898
6366
137615
29956
791229
51
305093
944779
309465
28249
992730
874
6
1087974
63372
70
653132
205049
23997
4092
1589
697
340
1401902
298648
705350
873196
169
2
4044
345
291
839
95635
94046
3219
63270
11
3643
1
11582
11
169482
1243264
132452
2485546
939184
2131974
115678
85551
149967
23328
299372
1547147
1228614
706681
2003411
2304534
2952583
3098009
3241779
3364492
3467202
999076
635809
4167867
4343278
342734
4735647
4796621
4784725
4143985
6720033
7355387
7929884
7964648
2534
874
4081
579
1028
647
1861
7791
104
1512
1580
316
539
427
932
1766
777
4325
6963
1958
1690
2805
782
1805
4558
174
7987077
7490877
1235674
7009467
6069974
1463713
1375866
3750690
6290514
5942198
5926965
2598012
5021562
1397478
4837140
3618056
4413328
4377669
4060256
721591
1432665
1320777
1961533
1483641
704312
1251582
258086
1202475
650793
824092
349733
263131
131283
1868041
3641599
4503944
5061929
5453941
6526079
7264648
6934221
5531633
5331608
5134937
3978099
3379089
3212389
2820377
2584039
2331411
2062709
1748239
1388469
8301049
410
6636
28112
402667
758
440090
769577
247017
222
91326
115135
329
3963336
399906
1196071
3563063
1608103
2512252
807007
5047817
3526743
9947152
11692612
1116
2721
1580
457
260
341
7057
1903
343
2264
2990
1255
13443481
7457148
12147411
6069975
9696673
9346285
5039277
1391518
6489772
1690557
6217108
4063892
1464165
117168
158944
3471269
4492287
6962183
8472723
8867937
9857016
13794786
5911438
14835720
1
76
5965
527
132
1
1
114
94
2933
1185
57
297
640
110
2004
77
374
485
41
97
3406
33
22210
39
836
1847
148
1253
16
571
1091
409
3461792
757
369
12
1
62
2200
704
132
271
1112
4429
8347
275
1790
1496
213
294
104
3157
48
113
115
32
266
37
1028
96
8427
742
560
4743
3075
1092
272
5
1164
490
1169
572
14
4796
42
8784
2
61
3641
3461792
7
15
16
38907
546
13
918
47
6854
1
168
121
225
4748
938
3178
131
2020
25
22210
113
49
18
698
1016
695
56
1227
404
15
2014
3
849
68
1586
139
1136
283
347
2142
338
149
4415
1516
2187
14
781
841
17
3461792
1511
4922
805
6
783
12995
13353
526
3
447
3
3
362
2796
168
5762
4745
15
14843
8409
10968
481
3484
25061
1624
136
881
73035
14838
4351
186
273
1422
1536
30
6
59779
51
995
177
60
379
1191
2114
1035
2604
9152
495
7136
66
126
1084
1125
207
8817
783
15230
6431
368
597
11620
1477
6902
362
30
5555
1233
75
2562
2919
10424626
1
52
198
28
62
1
1
1
543
92
2
1
1
406
48
680
1
59
1
27
1
3315
13
2712
1
1
1537
115
737
1
1
431
307
199464
1116777
204
1742
1500007
1226343
1789621
48382
2664
456
18393
100577
92
264460
1859544
44
1815762
3156023
229
447
1
369
8
1
2
1492
704
43
196
40
2560
36
60
1193
171
118
51
2542
17
2
58
2
1
160
1
4
4774
62
560
4009
2653
526
168
3
202
56
683
4
1
3
1
5194
1
4
2802
360930
1029805
675479
90480
102966
158
1787277
2424931
2503305
344470
859673
2451360
2256318
1994295
3
6
1
38907
184
5
284
1
1
1
8
34
4
697
4
2678
21
28
1
2
18
4
1
1
339
501
33
305
89
14
917
1
131
1
37
1
112
12
229
167
1
2
2936
1469
2187
13
650
836
10
14979
28462
1618576
197
518
491
1066
316
799
2416752
143815
1156656
854464
244237
1124536
2503305
23796
369140
1112681
3461792
3
4439
102
3
205
958
3
75
3
21
3
3
38
2360
27
374
174
15
3
1625
210
121
3484
713
15529
599
9
3
46701
129
3
3
27
1281
671
21
3
24687
45283
9
3
102
3
3
518
573
48
2235
193
264
575
3
45
787
93
162
3
5836
3
1227
3
133
19
8674
6
39
52
3
126
108
3
3
2172
58725
660237
2450233
2184327
1335
2844
5474531
4025454
3970415
1090192
2704470
84258
25728
235014
173592
2791373
8649433
7268262
2559646
1756935
10424626
51405
654
15505
3232
21662
2244
89205
59803
95704
119252
120423
185999
202230
35
13
15
4
91
24
14
86
44
84
164219
118472
86167
72095
111230
104031
9460
49848
48072
21105
13235
26845
4260
106232
115388
154560
71691
34995
8951
209880
1
709
1753
37686
11390
23750
201
21160
2007
2212
5554
39138
9
109567
6020
37056
50504
183029
241233
273726
355013
437895
58
22
51
15
192
10
1
23
62
4
268657
134835
50798
206972
38096
395802
436710
25006
252893
24
459925
136955
41128
27631
1811
31259
17121
46730
12147
73463
83944
51071
12220
94205
104100
14187
5431
93138
158840
67617
121835
7
10
20
142
11
67
10
189
13
54
3
23325
182614
6363
150994
74578
71838
38824
5101
7939
151855
159354
198682
175862
147323
143801
140298
117549
110906
43194
209880
16623
47
17313
33426
4405
4916
12573
9416
2
40752
109576
118374
263242
253511
387388
240417
15
4
23
273003
13650
321464
311070
310182
119083
295760
260734
236890
193036
25042
56820
264875
416027
384075
459925
1
28
1
53
45
250
129
13001
75646
3
2445
1484
538
590
33722
39145
32833
66746
69298
85753
21358
41689
5108
128102
127527
200384
13
79
8
26
92
7
35
15
92
82
60
60
1
13
49
12
21
19
66
2
201353
195995
193382
192717
67944
124595
158679
66995
11914
59239
90718
93021
77020
61568
71392
51616
50715
18058
4424
21899
20928
46869
87692
144686
200928
191611
94491
209880
5420
11421
6
8723
33724
37049
5
82466
141906
13166
38645
229161
70
32
446332
434430
206392
144172
104794
109542
336821
179890
50163
459925
16968
42477
86769
50145
126354
9612
72
1440
9553
3
6799
63038
66941
57688
153015
76897
200306
216044
220900
187255
326923
443686
596912
603647
57
135
33
195
12
147
9
33
3
348
72
36
156
39
87
18
3
575127
566040
458971
404544
323720
335899
333090
137672
203452
234424
131245
81079
91570
83033
21393
11155
79306
214540
434269
404305
259790
246428
231397
79121
52590
629900
28455
3969
54771
2859
68382
64830
113058
10011
58797
3
46407
17130
4410
65601
3
46233
6366
25779
146538
9
9
63
24
84
20484
337023
76248
411996
425718
23013
9038
239781
243627
50046
248966
832119
832497
307353
1055243
24
99
360
36
1179
36
156
441
1208066
1161698
1154062
667595
990566
973401
950061
488804
117410
727768
22536
193884
186503
100433
375670
452314
469277
893460
664016
430747
311149
1380035
320
745
1
1
1
1
1245
14
1820
1
728
1
39
411
1738
12
1
1436
186
1
2
68
5
325
1
53
292
144
1
2700
1
248
1
2
140
262
1611
8
132
25
45
1
55
18
1
1
9226
28
77
970
7
1
1
1
13
1
191
1
43
807
1
471
47
1
106
8
13496
14854
5007
705
102
92
46
17
4
310
143
887
220
1134
741
1
4
61
2
3195
578
5
2
294
380
10
284
1
38
79
136
774
141
68
5
50
695
281
1031
75
3303
1
3
1
1
629
81
8
287
46
1
11
1
417
556
66
24
1
293
1
85
685
15
1
379
43
241
39
1291
43
212
65
421
1469
1
32
2
1577
1
1
1241
43
1
34
254
5826
203
3
197
2
185
123
31
1
78
1
22719
44
55
1144
5
1
1
1
57
59
51
1
3194
2
19
793
2242
167
286
28
420
1
1
10
1
56
2
19
65
1
11
3470
6
1
4195
326
13
1
178
488
14
6
239
5
1
4
2133
61
2
1
1
7
15
979
853
1
1
4
5
4218
46737
12
1
213
1
20
4
111
5
1
5337
236
49
1
58
11964
22099
68
3
170
2344
1261
1
1
8
303
40
1
70
1
1
527
3
2
1
29
4626
1
32
14
12
102
387
39
39
531
1
1
167
1
632
35
1
4539
1587
3999
21
237
129
188
1
1889
3528
354
6
206
1
413
101
546
165
17
118
1
6
17
184
1
869
1
963
1
3
50
1
1256
885
66
90
242
231
66
1
1
1
16
329
306
60
100
1
61
1
67
3
160
266
110
55
1
1
55
1
131
12
52
251
1
2
62
524
924
1
167
1
1
1
2365
1
92
2
59
415
1
1449
22
2
63
458
1
5
71
731
329
120
6
1
1496
3195
26
88
44
1545
4
3142
2
4
4
18
2283
1
25
7704
3
3983
23
1
13
1
1032
101
366
1
822
1
266
46
145
1
1
1
6324
51
936
1
52
29
178
17
1
1
1
1
10
4
406
1
3
1007
4
1
2890
186
27132
139537
590773
81607
28462
7916
258
22388
16525
16772
101663
221209
418530
250773
520832
930944
105358
1037260
1180331
765491
123448
818505
1518175
140584
50075
1249919
259856
1815928
405498
1747674
2294388
2590382
2607786
2716778
1740
486
1453
217
232
182
645
1846
125
380
948
499
277
246
1360
773
277
1414
408
180
206
2645
878
187
1074
5469
1309
481
468
165
1356
1432907
2787476
2753940
2256860
1435669
2109413
2079298
2069071
2038152
1690264
1998516
208832
1308387
1517514
1574362
1527272
1422556
1214939
989172
326949
105011
156998
192492
528081
420306
167472
283853
171743
115563
1312760
1825104
2387922
2729314
2010844
1053171
682355
86329
2886675
3834
30399
3590
210671
35593
1595
250907
32054
841
19839
122084
101
194736
458671
133181
592511
645461
72225
423529
546945
1089545
1101733
2353975
1117811
3196700
3750662
3554985
4316677
303
870
393
350
962
1254
83
2589
4237707
3785595
1880213
3291646
3127833
2858403
3076833
2878681
2513162
1164375
2004805
1502943
1433385
1130042
751978
140400
116168
2230489
3246881
4024094
1428290
1253091
886170
475878
4523930
