79851
15900001
263105194
11031325
3728360
706081
704085
56398574
263105194
11031325
15900001
70752
63615
10954
297822
34789
2737086
1056687
282841
32713
11399287947
19262337
535001368
58056617928
2810041173
2159073
79631215618
293141
1304260
12327992676
3136348028
2159073
75372486603042
18284039457930
3593458165631
96373362556006
913994
378666099
15887370
51376842455
50593988
18981830
1115088067
217753255
263105194
847168
15900001
54807156
2737086
4255848
850294
58056617928
12327992676
225396
75372486603042
18284039457930
1115088067
2140353
