1763503
375606
5030437
375606
5030437
1036438
1036438
5030437
1763503
5030437
5030437
1763503
1763503
5030437
1763503
1036438
1036438
1763503
5030437
5030437
1763503
1763503
5030437
5030437
1763503
5030437
5030437
5030437
1763503
5030437
375606
1763503
1036438
1763503
375606
1763503
5030437
1036438
5030437
5030437
1763503
5030437
1036438
5030437
5030437
1763503
5030437
1763503
5030437
5030437
1036438
1763503
1036438
1763503
5030437
1763503
1763503
1763503
1763503
1763503
1763503
1763503
1763503
1763503
1763503
1763503
1763503
1763503
1763503
1790835
116706
5290510
1036438
1036438
1036438
1036438
1036438
1036438
1036438
1036438
3109313
1695257
1126818
367725
346597
118718
697218
431612
529146
557991
17768
70085
42446
127338
102166
121908
19249
29120
16287
169783
259322
1262065
147655
271456
344872
544968
640184
9378
7897
520085
7403
5923
5923
203181
6416
6910
2961
9378
3948
3948
195160
4936
4936
595147
6416
4936
6416
6416
547848
63175
13820
137373
137209
189870
194278
276
190752
250
250
250
250
250
250
250
250
250
250
250
250
250
250
250
250
250
250
250
250
250
250
250
250
250
5278
250
250
6183
250
250
250
250
250
250
250
250
250
250
250
250
13421
250
250
250
250
250
250
250
250
250
250
250
250
250
250
250
250
18397
15834
250
250
250
250
250
250
250
250
250
250
5127
250
250
250
7087
250
250
250
250
250
250
250
250
250
250
250
250
250
250
250
250
250
250
250
250
250
6635
250
250
250
250
250
250
250
250
250
8746
250
250
250
250
250
250
250
250
5881
250
250
250
12365
250
250
250
250
250
250
250
250
250
250
250
250
250
250
6183
250
7087
250
250
250
9199
250
250
250
250
250
13723
250
250
250
250
33477
6032
250
250
250
250
250
250
250
250
250
250
250
250
250
250
250
250
250
4373
250
250
250
250
250
250
250
250
4976
250
250
8595
250
250
4373
250
250
250
250
250
250
250
250
250
250
250
250
250
250
250
250
250
250
250
250
250
250
250
72684
250
250
250
250
250
250
250
250
250
12365
250
5127
250
250
29707
250
250
250
250
4222
250
250
250
250
250
250
250
19302
250
250
250
250
250
250
8445
250
250
250
250
250
250
250
250
250
250
250
250
250
250
250
250
5580
4373
250
250
250
250
250
250
8445
250
250
250
250
250
250
250
250
250
250
250
250
250
250
250
250
250
250
250
250
250
250
250
250
250
250
8746
250
250
250
250
250
250
250
250
250
250
250
250
250
250
250
250
250
250
250
250
250
250
250
250
250
250
250
250
250
250
250
250
250
250
250
250
250
250
5881
250
250
250
250
250
250
250
250
250
250
250
250
250
250
7087
250
250
250
250
250
5580
250
250
250
250
250
250
250
9048
7389
250
250
250
250
250
250
250
250
250
250
250
250
7540
250
9651
250
250
250
250
250
250
250
250
250
250
250
250
250
250
250
250
250
250
250
117045
117045
215351
126362
215351
37738
7
12
39015
40702
7
215351
653364
824
653364
653364
653364
1620
653364
653364
653364
653364
653364
653364
653364
653364
653364
653364
653364
653364
653364
653364
653364
653364
653364
653364
653364
653364
653364
653364
653364
653364
653364
653364
653364
653364
653364
653364
653364
653364
653364
653364
653364
653364
653364
653364
653364
653364
653364
653364
653364
653364
653364
653364
653364
653364
653364
653364
653364
653364
653364
653364
653364
653364
653364
653364
653364
653364
653364
653364
653364
653364
653364
653364
653364
653364
653364
653364
653364
653364
653364
653364
653364
653364
653364
653364
653364
653364
653364
653364
653364
653364
653364
653364
653364
653364
653364
653364
653364
653364
653364
653364
653364
653364
653364
653364
653364
653364
653364
653364
653364
653364
653364
653364
653364
653364
653364
653364
653364
653364
653364
653364
653364
653364
653364
653364
653364
653364
653364
653364
653364
653364
653364
653364
653364
653364
653364
653364
653364
653364
653364
653364
653364
653364
653364
653364
653364
653364
653364
653364
653364
653364
653364
653364
653364
653364
653364
653364
653364
653364
653364
653364
653364
653364
653364
653364
653364
653364
653364
653364
653364
653364
653364
653364
653364
653364
653364
653364
653364
653364
653364
653364
653364
653364
653364
653364
653364
653364
653364
653364
653364
653364
653364
653364
653364
653364
653364
653364
653364
653364
272235
89750
89750
89750
89750
89750
89750
89750
89750
89750
89750
89750
89750
89750
89750
89750
99273
99273
99273
99273
99273
99273
99273
99273
122111
122111
122111
122111
122111
122111
122111
122111
13146
13146
13146
13146
215351
33208
215351
71784
215351
38673
165882
93691
37
12
37
12
237
12
58392
71784
215351
215351
215351
105382
4533
71784
17180
71784
215351
99009
215351
646053
653364
653364
9040
653364
23612
10182
653364
13392
40177
47108
47108
3
18283
653364
62235
653364
76069
653364
653364
3113
122111
90988
30511
653364
134807
135329
653364
653364
47953
151166
653364
653364
653364
180868
180898
191503
653364
122111
653364
653364
255239
653364
17894
56779
653364
653364
653364
653364
653364
300277
653364
653364
653364
333729
333734
89750
344999
116155
117486
366355
374771
653364
653364
381673
653364
653364
99273
653364
400593
653364
414206
653364
653364
653364
653364
443841
152745
458235
460620
460620
98065
653364
166860
34652
523083
653364
653364
653364
653364
653364
553785
653364
653364
594182
595166
653364
653364
606747
607300
609031
618079
653364
653364
642043
642104
650121
89750
653364
653364
653364
653364
99273
653364
653364
653364
653364
653364
736344
739056
20
653364
653364
60
653364
60
653364
653364
653364
20
653364
60
653364
653364
60
20
653364
653364
12
1
20
653364
653364
653364
60
653364
60
653364
653364
60
20
653364
99273
20
60
60
653364
20
653364
60
653364
653364
20
653364
653364
37
653364
60
20
653364
60
60
99273
653364
653364
99273
653364
653364
60
4
653364
653364
653364
4
457
653364
653364
653364
597
60
37
653364
37
60
60
60
653364
653364
60
60
20
653364
653364
653364
60
653364
152
60
60
20
20
20
653364
51
653364
653364
653364
60
653364
653364
653364
653364
653364
20
653364
653364
60
653364
653364
653364
653364
60
20
20
653364
653364
653364
99273
60
60
653364
653364
742368
653364
727245
727153
445963
720282
653364
233152
653364
653364
653364
229551
688622
653364
122111
653364
653364
653364
674828
653364
653364
653364
659325
652092
651609
653364
99273
653364
653364
13307
13146
653364
190000
653364
569989
187374
558247
547835
653364
540902
653364
653364
533442
653364
518645
518615
653364
499518
653364
162755
162755
653364
150197
653364
653364
653364
653364
653364
398925
128178
653364
653364
120729
362188
348957
345515
653364
322324
653364
106356
653364
653364
178002
653364
257238
242275
78448
653364
224504
218844
71407
64151
653364
188549
188549
653364
653364
653364
653364
653364
653364
653364
157408
46912
653364
81414
41623
41623
653364
120262
89750
653364
99273
653364
99273
653364
93874
653364
653364
653364
24345
653364
653364
57067
653364
653364
7128
653364
653364
653364
227243
133967
653364
653364
32932
653364
653364
653364
653364
38719
351135
26204
351135
653364
20
39015
351135
653364
351135
99273
653364
351135
653364
351135
653364
653364
653364
351135
653364
351135
159673
20
172490
653364
653364
23928
653364
2
653364
351135
653364
653364
12
20
351135
653364
89750
351135
7
653364
172497
653364
653364
653364
653364
653364
653364
653364
231258
351135
653364
351135
147208
99273
7881
122111
351135
117045
653364
4
351135
653364
122111
182125
653364
20
653364
351135
653364
215351
23066
99273
240477
653364
5543
99273
653364
351135
351135
215351
60320
653364
38724
351135
33335
653364
76508
653364
653364
147883
653364
351135
653364
177814
653364
653364
49597
653364
653364
76578
156499
653364
653364
71784
351135
653364
653364
99273
653364
653364
653364
20
653364
653364
39015
203373
204674
653364
47932
351135
653364
653364
653364
653364
196041
121105
653364
653364
8155
25543
653364
653364
351135
653364
351135
99273
351135
653364
20
653364
653364
99273
235885
20
59738
351135
71784
653364
653364
99273
122111
99273
653364
653364
653364
351135
653364
86914
20
351135
39015
90158
653364
41779
351135
37674
54234
117045
89750
1088
653364
89750
150193
351135
653364
653364
99273
152865
117045
653364
653364
122111
215351
20
653364
653364
351135
653364
653364
243168
653364
653364
653364
33562
215351
117045
351135
32603
20
19143
71784
117045
215351
215351
42726
215351
71784
56509
41487
66526
71784
71784
89750
89750
89750
5312
62
