374635
5017433
1758944
2295510
1758944
1758944
11141449
5017433
3905819
11141449
11141449
5017433
3905819
5017433
384710
1033758
5017433
1758944
1806250
2295510
1806250
5276834
5418752
1786205
1834245
3966354
258481
11717460
3101275
3184683
6886529
1690874
1736350
3754667
1123905
1154132
2495684
345701
118411
121595
1544203
430496
442074
16280066
17167531
80274241
8717894
165389342
126730275
361501321
281410562
50088321
12599501
17472171
126730275
30605436
22692924
820656
604684
380190897
30718000
187977633
20436525
8644190
13202904
48970322
7517583
13820685
10344588
128694429
49844455
132155604
10564177
22472057
83350136
23523552
285772060
844231847
11390132
9905644
223443958
67956680
12845750
7314224
31712094
10064754
121825925
125102376
17130756
50178503
6856830
5963172
1471542
3246339
5349950
21402672
45527641
25922921
47657936
35671295
866584
104486465
1172963238
12635333
21978286
5249923
98250016
1423717
492014079
57563072
3655998
79209797
5783682388
10333096
24228735130
13374831
53801050973
2408816518
24228735130
5851253958
4338512347
156895939
72686219129
3335842
9383926
1609706
1989387
9362316805
1437237864
2035398
7980190
24604248973
8122638
2019696177
15935169143
62201772
13582715
13582715
54634897201
161403183427
1893795519
10515203
1398358854
3069107
7764316
23291104597
609065
1161321
3254373
4746472
4956034408
9111410222
27518129
27518129
27518129
224251194945
2511583
1618940
272191232
17822371
17822371
17822371
7150989
61105307
1105744531785
2199996
12444952484
9492166
30211007020
2890166760
14133779879
1086040618
3711428966
64853045
87210998791
4002439
2744812
98444973241
1473434
1820972
6104034059
1229501224
1232888
6826743
18803447107
6948602
1543524059
1025979
11169688
16296929
7753126
33323574410
33323574410
33323574410
1336824354
8995348
1196241739
1637621
6642071
11963343875
557504
557549
2121783
4060422
3787578762
10932129851
172299
8115712
21030339
136777989237
136777989237
2148562
1384940
58148093
21383789
128978
13620493
4081844
37270084
31484337
7090233
14704319
84709778
274427821
205639010
49814354
19672665
9155
96205217
7392415
25262798
25262798
25262798
441438
673162
378111373
16034
593624153
47962607
186949455
26302985
20324743
670091097
371497782
9623106
9623106
14698075
41548681
8368917
8332426
8891410
11516067
7749243
127990511
127990511
127990511
127990511
127990511
41865125
64460692
55489120
55489120
131432755
64385865
10506394
10506394
18429342
20950
6983
1602701
226825502
226825502
226825502
146415232
446200049
12382570
9099439
222221791
222221791
222221791
50479274
14300474
8142527
16100941
9295459
121159576
81431585
123952293
17037057
49904043
7633336
6638475
1638188
2998207
2529439
21285606
14306096
45278619
25781131
17327548
31821
74412360
35476184
103914957
80557922
430251
21404434
931014655
931014655
931014655
931014655
931014655
144363717
96510
12566222
21858072
5221208
97712619
395799
390525724
224205102
62505
768223130
29492423
2901871
40583116
30398833
2333666649
214306
22211
28981
67955842
67955842
2310842
37513
150899157
63849
193845761
37513
17027
67955842
28981
69783482
2830983
38470
203867564
39157
39157
1110034
209350486
65479
65479
22382
22382
22382
22382
22382
22382
22382
22382
22382
675057
22382
69009069
22782
22782
22782
70865035
38096
38096
38096
781278
38096
38096
153237898
452697559
29492
29492
119816061
30019
123038457
50198
266057224
21777
21777
65326011
5762
10988
77181
77181
77181
77181
77181
77181
77181
77181
77181
77181
77181
77181
628971290
79257
79257
79257
663258003
171385
171385
171385
171385
171385
171385
171385
3101350543
31747
10310
58322355
86776057
4632711
44484
141581664
54337
388616509
53620
18549
66236920
420
13501966
4046535
54989
260328220
260328220
260328220
11040
261117531
66850168
408707936
48846
78501
1586655
267329624
24914
723
461355132
169960320
329904238
31993
31993
18969
31993
31993
44871
338
31993
18488
964909
26541
88120973
88120973
59226275
32564
24708
32564
50169347
27708
48646
76374
154609
36334
36334
156168482
156168482
156168482
156168482
156168482
10932
59126
42156
115846993
35232
162304207
19102
271145411
141203068
31127
15652
83417900
83417900
56065331
8237
6670
66240
98557
73341
807
98557
154731
66240
96275
98557
51217
38033
98557
640999995
640999995
640999995
640999995
301487332
1260943881
101207
101207
101207
675942421
309595691
112896920
54510039
112744
343589
174663
1374
174663
174663
1374
147549
142643
1891903
1120367
130709
753000
1120367
11141449
2439439
1827963
5663748
2790156
5017433
420
3195875
89271
442550
3195875
855185
1150498
322
174324
707509
3361101
3361101
3361101
3361101
3361101
3361101
3361101
3361101
3361101
3361101
3361101
3361101
3361101
1940192
142
142
3371292
863103
5276834
520729
283019
3451497
3451497
268
2836200
5418752
5956563
5956563
5956563
3302312
1204218
581687
2194360
242
4259398
1137731
1137731
1137731
1137731
1137731
1137731
1137731
1137731
1137731
1137731
1137731
1137731
1137731
1137731
1137731
764671
372146
297651
1110002
1131121
248
634391
573002
524698
500600
868440
868440
1786205
1168330
1168330
1168330
1168330
1168330
778320
418981
418981
572337
29
647737
2016293
2016293
2016293
2016293
2016293
2016293
2016293
2016293
1301512
861802
63800
1509827
423
141
3966354
131398
1975370
1975370
1975370
1327650
542394
1913829
1495702
3101275
209512
1521263
2095512
3500762
3500762
2259732
373624
1823075
1077009
1077009
1077009
1077009
723860
362079
822090
472196
655300
142292
1101834
492913
1908682
1908682
715876
715876
715876
735129
1268679
99117
75422
57570
77450
17
784994
76663
280526
1026391
190267
8275961
8275961
8275961
8275961
8275961
8275961
8275961
8275961
8275961
8275961
8275961
8275961
8275961
8275961
3892507
1283275
529
775456
4771841
7990253
2173
857
2327125
2147567
5178686
553688
16280066
1718558
8727103
8727103
8727103
8727103
8727103
8727103
3997194
1457613
703779
880
5155674
20744393
20744393
20744393
20744393
20744393
8643497
1227872
14159384
6837422
1317217
4849673
1905
1905
635
80274241
1181323
6534475
13167135
63907771
22403927
13167135
1391011
63907771
22403927
3987679
1391011
1424723
3840412
1707302
1391011
13167135
63907771
22403927
63907771
1775361
2735201
4074476
2256592
1509962
1445574
3075017
14965455
1750880
3218901
4089461
7591245
111203
81938
111203
1628956
1627012
483517
841045
1171335
1789066
6635751
1018674
1872779
2379277
40862
1401749
4105929
22751159
67211796
1543426
11472905
1342269
4727875
1847033
5410232
4980257
39501392
685778
1740670
6281596
991118
4297165
1363830
1309990
3994859
21536915
929138
808043
4671658
199402
439897
8857609
724947
2175227
3170924
3783657
903797
8048573
39170697
4582766
8425176
16914165
291064
245099
16141872
6306126
153198
153198
18471570
153198
460456073
15881182
155319439
37846
3380670
1758654
1801277
4818428
32000990
57360024
57626478
4314783
6647548
2827141
1897560
1795916
3513278
3864354
7473425
2175214
4255283
4045172
9539868
138154
2044655
2028437
58824093
60189746
85508
59097347
3008119
1175126
1063333
2846777
16127320
99311
9978922
20509675
20746385
20557257
55293702
163349436
27883387
9847
5941067
2317407
12103860
36020629
35692259
96002942
1666693
15266595
1646139
19460103
11353852
7984942
8077099
1965469
7706516
3450250
3418797
7255614
7339354
19561001
35719074
35393453
95199230
4178944
15283126
14585305
5750446
5698024
15326211
372329
44892724
372329
153966626
157541097
223809
154681844
1119077963
812598
21037388574
5126215
457898059
212233
1608627
900383516
249526
242288
399789
266649
439986
1292136533
67200
8152457228
71428795
21292143
170667
144024190
385584527
818871
13451388
961199
961199
2810013778
19742756
962685
68510756
1861907
1276263
4834371896
2453367
2453367
2453367
796720
2635792150
843707
266214868
392589
571704
576094
2649458323
1263174
434708
2070037586
980251
2274077
3106945
30314146
3114153
3114153
20951028962
8376266
8376266
592590
10945694685
2496072
279003863
146263
10805
335602208
255391
144769
291601
208206
4559
706334779
53741
5314787941
369851366
33060518
12483516
133261
105100748
204372904
597566
8769292
701429
552153
1720126249
14407152
702513
44663852
1226972
1306260
2257993931
1599410
1599410
1599410
6672
1718337912
283802
172902272
286489
417197
420401
44967130
789247
317225
1349508558
477307
1319466
319136
10181018
1650607
17730
10900762020
2175161
2350180
11552147
90250406
20580
2300467
1433252
1255485
528583
12002761
1943
41955735
903
2767136
1972738
2168985
1010622
2556228
430
4387256
1772737
3098116
1594
3296698
5823933
116007
1666335
1653118
42827675
43821958
3049531
62255
43026622
43026622
34559804
22624150
52621517
2451530
639023
866585
866585
1685113
11741713
72305
5426450
14932346
10706532
5234294
1161
10788752
14182936
14966988
14966988
14966988
14966988
32129134
32129134
32652615
8807302
8025
6790872
1888619
8362129
41172988
18617810
55783774
55783774
55783774
25561386
1213458
1780
2887
1055643
14168191
2445154
5813545
479873
1425629
4477972
2512001
2489101
5282548
5343515
370766
1337
26005754
25768681
20950698
55316767
3042537
11127086
152468
4186690
4148523
5748473
11277143
216346
181653
18629664
2466990
91541330
83945
40506727
89879923
11285
65890401
19738873
330556700
45407252
10118
96126773
82342699
136564
238046
3535512977
1239432626
728433732
76953682
524437
1239432626
58229
94451580
524437
1239432626
151317146
225408643
113006
68668
67188
67188
170116464
216180
73943
73943
419963745
6152012
18635
12004219
3578326
46825
46528409
55259
64800775
68293
137618
367103768
56355221
1432962
69873
2260620
312909
312909
6417148
312909
312909
11513818
312909
312909
312909
312909
1258642217
3718298581
74257204
412309
412309
412309
412309
412309
2185300494
133895
54830744
105359
304444
1191467684
141792
20908
39867
96754
120338173
127606
127606
62366
186112
186112
186112
445264118
410579
410579
410579
410579
140436
253528329
466098582
935727382
13559400
164739
164739
382178
1407703
1407703
1407703
1407703
1407703
1407703
1407703
1407703
1407703
25473402919
191838
83280
3543442304
801844645
471256505
90321731
535450
1143638711
70082
186217243
5747
910658014
108644274
60455637
222800
135383
94400
69892
213631449
103904
103942
1476
374429071
3658339
26990
10702659
3726637854
3726637854
231553874
4041280
65821
58430156
58430156
77678
66161501
96000
193449
344326622
38838
70770620
422828
64214
2838876
392950
392950
8058624
392950
616920
14458998
397207
293494
293494
392950
1261465057
1261465057
1261465057
1261465057
1147775415
7330859960
75409837
812893
517776
517776
517776
517776
1413769060
2160
68856189
85294
382320
1194139867
770813969
91875
29391
29039
121503
119931376
119689
160247
78319
233719
233719
233719
14557178
809484
4882
419201
515604
176359
254096934
918942726
937825999
3680853
154518
154518
427150
11101
1034292
704163
1410860
200125
760822
11101
522906
1410860
12978430116
12978430116
12978430116
5407679215
1191840
538721
4158431
749754
32487473
7351582
4320638
828100
23816360
10485265
2539969
886010
737810
312420
1707302
466
4320638
1356
8349219
32487473
325
996087
554277
1168604
1509962
600281
920166
1958645
1958645
1958645
253
1579282
9532309
1341154
1115230
1115230
573
2050292
4089461
3432891
33540
52190
73711
1036332
1036332
1037570
8144024
34167072
34167072
34167072
34167072
34167072
34167072
34167072
18942188
2122963
1391
24280526
1515490
230029
535707
535707
535707
535707
746087
746087
606590
1139553
939688
4226669
4226669
4226669
3156902
1068
356
648848
645079
81719
675576
892850
588793
26027
1953361
11565537
11565537
11565537
11565537
11565537
11565537
11565537
11565537
11565537
11565537
11565537
11565537
11565537
11565537
11565537
11565537
7465522
3633286
3649803
5489766
809
11753974
10523192
5594254
22751159
67211796
952464
3170368
854964
691382
4727875
1176475
2573872
3010119
20080506
20080506
20080506
20080506
20080506
20080506
12961911
9201342
39501392
436809
1108727
640
1039
631296
1223362
868697
706276
623216
2544542
10948276
10948276
7067082
10886850
591818
514686
880183
127010
227806
4502760
332059
192188
1105775
1099571
1611937
1923419
1923419
1923419
1923419
1241562
459444
4091487
4091487
4091487
133465
481
19912398
19912398
19912398
19912398
11431926
3187
14597652
39170697
2329646
2329646
1503780
2761
8425176
8598305
8598305
106149
147962
33747
3205715
3205715
3205715
2069280
1549996
9390010
4059437
6991261
37339
77878
65389
7105410
2423470
39219714
118990623
118990623
118990623
118990623
118990623
118990623
118990623
118990623
118990623
49579426
16345266
16345266
18079594
2394148
10927
3642
10927
10927
34602791
29640933
63948691
157261
2096992
1990599
5678235
1990599
1990599
738358
1169906
1383
1990599
2096992
746879
738358
746879
2106733
438952
433944
740071
738358
746879
1169906
2096992
2106733
740071
1990599
5678235
1990599
1169906
2096992
2150516
2200443
3126
2160506
749801
758455
751541
2021451
5971800
1301833
1316857
2396
1304853
3509717
711430
1913565
1271924
415079
291917
295286
5628779
5759456
8182
5654926
40911741
2334318
6444
7402
84284968
7402
7402
3821
5674
20537
29547491
6444
11086319
3821
6459
2952
3827
10959828
113815
6444
3827
29547491
12502
17365518
6554
6554
6554
6554
31921225
6629
6629
6629
32662305
6569
12821
12821
12821
340281
12821
286174
12821
3850
3850
110006
3880
3880
11258142
3856
79098
3856
3856
3856
11155511
7459
274484
7459
886411
7459
30005439
5113
5113
5113
5113
19546797
19368605
9829
9829
237160
9829
52096537
3752
10560134
7257
7257
28404029
5917
3380
307858
12447
12447
12447
12447
12447
12447
12591
12591
12591
12591
12591
121451
12476
12476
12476
12476
12476
12476
12476
83938974
33558
1234836
33558
33558
33558
33558
33558
33558
33558
33558
607273961
581
10578
10844
98634821
4237
10854
1238
7846
22492
31244009
7987
8557760
5101
10602
4144
5492
16070514
186809
97
6282
25348963
18332
8785524
10757
11083
8089
7427
46806439
4786
10881
15262
47893091
47893091
29737309
3332837
10782
13347
18800
18788
213917
162
297917
13347
6320
4975
163920
6369
6369
16507936
15500555
6330
129827
6330
6330
6330
16357447
16357447
3637
402478
11056
970787
10938
35113985
25741839
11771
8392
6593
1165
28661681
20472044
20347436
14412
14412
347750
14412
36986919
6159
15484440
111
10642
19083408
97
2557
189878
18252
159
13086
2875
13086
159
13187
18462
18462
18462
18462
91744
18294
18294
18294
14874
18294
14874
159
98229920
98229920
98229920
98229920
97678788
39272
1213342
19601
309
39272
25350
39272
39272
21178
28790
54891235
3064903
17
1335688
1010560
2886527
203690
1011920
24223
544578
658
914349
845991
250441
354148
475728
1341892
226803
32583
394058
470300
475728
383890
62
1341892
471391
741832
2886527
132
257106
1085954
1369780
1369780
1369780
860326
1425474
725435
1401581
1401581
1401581
1401581
1401581
870256
97534
63
300087
2200443
1991
1376143
1376143
1376143
1376143
1105344
723600
3035760
3035760
1683022
613729
370
3032804
2170801
477589
342432
167411
37
483101
483101
483101
483101
345062
424680
453620
478697
478697
478697
478697
478697
478697
478697
478697
478697
1027603
1027603
1027603
1027603
663315
1044346
149712
753329
829207
838778
838778
599110
19430
1316857
1526
595463
1304853
1784162
1784162
1784162
1784162
641387
1082414
1649187
817543
453148
453148
324658
972759
972759
129
558471
209
145
78204
185937
15348
562339
2861386
1633971
595842
78903
120
372
2927815
2927815
2927815
2927815
2927815
2927815
2927815
2927815
1652829
2684
18727
1295548
2874678
2874678
2874678
2874678
2874678
2874678
2874678
2874678
2874678
2874678
2858549
360
2107408
2107408
631319
16
10572373
10572373
10572373
10572373
10572373
10572373
10572373
10572373
4405155
1452284
1606380
1975932
89693
7453497
323
323
3074474
2633611
5681871
2236012
29946593
4442
2016
2630
2630
2630
2016
29946593
10498274
2630
2630
10498274
2630
160768
2630
2016
6169998
10498274
4442
10498274
2016
4442
10498274
2630
4442
2630
4442
2016
29946593
2630
29946593
4442
10498274
10498274
6169998
77735
2016
4442
4442
29946593
10498274
4442
29946593
10498274
2630
4442
4442
10498274
57158
4442
2016
29946593
6169998
6169998
10498274
4555
4555
4555
335229
4555
4555
4555
4555
4555
120902
4555
4555
4555
4555
4555
4555
4555
4555
4555
4555
4555
4555
4555
4555
4555
4555
129138
101678
4555
2650
2650
2650
2650
2650
2650
54354
2650
75133
2650
2650
97524
145486
2650
2650
2650
2650
2650
54354
314943
2650
2650
2650
2650
2650
2650
2650
2650
2650
2650
2650
2650
2650
2650
2650
79936
2650
2650
10660983
31494828
3492
3492
3492
3492
3492
3492
3492
84263
3492
3492
3492
3492
3492
18509988
43549
199097
2578
2578
2578
2578
2578
10092000
44385
2102
2102
6708037
1201
1165
682
4150594
1301
11923
11923
11923
11923
11923
251730
294893
11923
11923
11923
11923
11923
11923
11923
11923
11923
11923
11923
11923
11923
438739
11923
11923
11923
11923
11923
11923
11923
11923
11923
11923
11923
11923
11923
11923
11923
11923
11923
11923
402777
11923
11923
11923
11923
11923
11923
11923
11923
11923
11923
11923
11923
11923
11923
11923
11923
11923
11923
11923
11923
11923
11923
215765477
173
6846694
2829
685
1251
1673
1675
357
15223331
3444883
1028
653
5336790
1675
160768
313
1211
2024611
4822210
2025
2538994
1067
2300
4913298
1292
1885
1675
2829
1044
29946593
1400
15223331
2829
933629
5336790
3136514
49513
959
2300
24
15223331
3912367
2829
15223331
1868746
1675
2829
24
3912367
36407
2829
14
8178415
3136514
1355960
783524
2060
2901
2901
213525
3019
2492
2901
4555
2899
33016
2901
2901
1209
1714
864
2901
25
2901
4555
2901
2901
4555
2060
1891
2901
25
82255
45980
2060
1327075
16010375
16010375
16010375
16010375
16010375
16010375
16010375
16010375
16010375
16010375
16010375
8876135
994801
5898121
652
16083245
3948589
11448644
1688
1688
961
561
1688
1688
34621
1688
42069
1688
2650
62118
92668
1688
1706
1688
1688
1688
5365
149831
980
1688
1260
1260
1688
1688
2650
17
1260
1688
1688
866
1260
956
1688
50915
1372
1688
5419504
5419504
5419504
5419504
5419504
5419504
5419504
5419504
5419504
5419504
5419504
3498274
379
4931070
2911347
3973004
31494828
3492
2224
2224
2224
3492
2224
1661
53671
1797
662
2224
2224
293
9409540
9409540
6073832
5708573
9879662
4900160
6842649
19264
65725
1642
17
1642
1642
809
5130261
5130261
5130261
3311569
2945339
369
11861
1088
14
1778947
394
742
434
2109951
344
3912
6061
4332
47
6061
127966
56767
6061
6061
6061
3912
47
6061
6061
11923
6061
3912
4443
2565
982
187267
3025
3912
6061
6061
6061
47
6061
11923
3912
6061
6061
6061
6061
5852
6061
6061
3912
859
204751
47
3912
6061
6061
6061
6061
4443
3268
47
6061
3025
47
4443
6061
6061
1841
2246
6061
6061
859
3912
47
55757910
55757910
55757910
55757910
55757910
55757910
55757910
55757910
55757910
55757910
23232462
8471931
8471931
15190643
55133992
473038
4090504
5120
215765477
514676
891445
29
1150109
109620
2557219
205373
578672
179776
1453905
895270
896475
105007
59016
2557219
208364
578672
431209
896475
180452
896475
5030437
41569
482450
340094
810036
1453905
426500
399034
1874681
825337
607745
2557219
1259773
896475
896475
2557219
386246
55915
5030437
685183
2557219
189
2557219
156831
184085
896475
526872
896475
67401
313912
340094
1874681
340094
2557219
2557219
106
657200
2557219
302483
2557219
514676
145
313912
2557219
896475
37
2557219
106
657200
526872
896475
2557219
145
1373812
526872
116
227774
131616
1874681
393156
641048
393156
213682
222922
1179465
2689427
543712
2689427
2689427
2689427
2689427
2689427
2689427
2689427
2689427
2689427
2689427
2689427
2689427
2689427
2689427
2689427
2689427
2689427
2689427
2689427
2689427
2689427
2689427
2689427
2689427
2689427
2689427
2689427
2689427
2689427
2689427
2689427
2689427
2689427
2689427
2689427
2689427
2689427
2689427
2689427
2689427
2689427
2689427
2689427
1491015
543712
543712
668794
577171
202
1179465
167107
262635
990768
2141363
2615797
2855108
109
109
109
328
109
109
1257237
2701667
2686808
1120987
663285
1911217
1032672
514142
1923146
641048
1923146
910369
910369
910369
910369
910369
910369
910369
910369
910369
910369
910369
910369
910369
910369
910369
910369
910369
910369
910369
910369
910369
910369
910369
910369
910369
910369
910369
910369
910369
910369
910369
910369
910369
910369
910369
910369
910369
910369
910369
910369
910369
910369
910369
910369
910369
910369
910369
910369
910369
910369
587641
285990
316335
316335
316335
389109
228741
28806
287290
681696
432121
750332
877291
902448
63
22
191
191
63
925202
487522
828322
440346
403224
384705
489048
132632
667386
667386
667386
1790835
59327
5290510
29928
1580617
1580617
1580617
1580617
1580617
1580617
1580617
1580617
1580617
1580617
1580617
1580617
1580617
1580617
1020284
376839
416824
1571748
33090
168693
158184
568214
1148571
1507331
853915
958927
1659588
823130
1461040
724274
1149430
3109313
494758
21
222553
59349
21
861782
861782
861782
861782
861782
861782
861782
861782
861782
861782
556278
278254
307778
107432
114
222553
494758
856947
62
186
237416
498755
631767
362877
10
128
572817
572817
572817
572817
572817
143517
298828
419928
69282
176192
76170
64262
60350
60350
60350
44242
7
93273
354430
354430
354430
26137
203482
218178
58914
28
44626
1343097
810078
1677885
145962
172
559295
1029051
190761
3087141
9366229
9366229
14
9366229
9366229
9366229
9366229
9366229
9366229
9366229
9366229
9366229
9366229
9366229
9366229
9366229
9366229
9366229
9366229
9366229
9366229
9366229
9366229
9366229
9366229
9366229
9366229
9366229
9366229
9366229
9366229
9366229
9366229
9366229
9366229
9366229
9366229
9366229
9366229
9366229
9366229
9366229
9366229
9366229
9366229
9366229
9366229
9366229
9366229
9366229
9366229
9366229
9366229
9366229
9366229
9366229
9366229
9366229
9366229
9366229
9366229
9366229
3902595
1286601
1286601
1423117
1423117
1423117
1423117
1750509
188453
188453
246282
554392
530
172
6393054
2551728
3087141
3087141
3087141
3087141
3087141
9261423
79461
594732
687124
777465
864710
4784207
2189659
6603168
8730698
860
860
286
286
860
286
286
860
2178
286
860
2723724
2333156
2333156
2153132
5192107
555123
5033657
5033657
5033657
1677885
5033657
888
36244344
208936
249309
39365
59552
347217
530330
2581004
301964
555145
705285
1309217
19178
16149
1063607
12112
12112
415518
13121
14131
8073
399114
10094
1217114
10094
13121
129196
280601
13663300
147183
267418
214555
256014
61153
356555
544593
2650419
724253
1144468
1344428
16584
15546
426693
8291
1249847
132671
14408119
192754
463952
553604
771012
1177623
5731242
670525
1232725
1566119
2907179
42587
35861
2361790
922677
13446
17928
22415
2702659
623833
623088
67371414
266215
318394
656431
50273
76754
447511
443432
675718
683517
677286
1396356
3288580
3326534
3296209
6795769
384746
389187
2079
385639
529431
530659
31893
1094057
514400
16911
10406
1550782
357527
10990863
11246025
11041919
35975392
337729
674085
1701852
538882
10470
349323
11286457
11548482
11338886
37936496
507520
458342
1457636
761689
754745
2030070
1150110
1163383
3100675
5597341
5661942
15090327
3245759
4123584
94423
2429405
13283
2639516
2645639
24405731
24972331
24519102
177388547
44517
42052724
7941495
70691237
70046803
106739977
71470
107971900
106987609
120282
157668
156708
265352
265352
1073494122
60776530
61477972
3161
1098152
62877
62877
62877
18178
51590
5970952
341353
341353
338241
1744237323
697349
5682854789
1782865839
66847
72402092
140369
140369
120320306
320680216
105689
884184327
451645
14915578
417918612
581001
581001
22428993
575705
1548498
1548498
1548498
28021191191
35130
31013757
4281719
37997564
51659306
6902707
47448
47305301
78903039
43277
49955
123662
195697
274475
1110398301
44822508
42304070
2494
751015
50691
65038
39519
13406
23174
4398084
251747
251747
257545
1149192734
1149192734
1149192734
1149192734
459449
2988188187
824340264
888718530
69145
34072026
75191
92482
79273170
168621735
1012
473626960
297566
7842986
197271484
354428
310519
9767968
60273
345276
814239
814239
7490145371
213553
213553
255410
186721
470424
29482
41360
358986
261642
355713
47530
325733
434838
543308
543308
543308
1000684
344453
2638044
2638044
159
2668490
515614
2644164
4870116
7645944
308637
308637
291296
1668
309353
352338
595665
311204
437227
597047
370817
22855
196449
389496
13565
3493
1215333
126711
7876485
7876485
7876485
4683183
8059345
8059345
8059345
8045989
7913074
7913074
7913074
7913074
8257208
20575970
20575970
20575970
5676215
46940
483076
1365197
432282
8399
166771
8088320
1571504
6119509
8276097
6147936
1350
2358466
290274
234612
515682
833688
611171
545856
87
1161090
323
16
1763467
3261285
2898182
25049
8630847
1856398
1856398
54004
1166671
9519
1356268
1358365
13958752
2627876
6573469
1749126
14282817
6905471
12725029
10399879
393026
51575402
51575402
51575402
9274137
13061
15034141
14267
14267
2832568
16837
16837
24984257
20809
20809
20809
20809
20809
20809
20809
20809
20809
20809
20809
20809
38160284
45906
45906
45906
45906
45906
45906
45906
185717984
15702
15702
21728032
21290
21290
39945851
50749313
32695
1380010
3631
76532617
18419
322194
18419
18419
18419
3144
31524
87578295
15136
15136
120643
120643
120643
120643
120643
120643
120643
120643
120643
2110301
120643
120643
120643
120643
120643
120643
120643
120643
983152414
24425
11011
7097
17138
39186587
46726
1193329
89933672
123888
9116703
7846599
123888
1036746378
22231
33384021
24284
24284
39834967
55478723
35418
35418
78136
78136
78136
78136
78136
78136
78136
412395558
48248122
36237
743162
2580443
31351
1290058
53656
1612899
194471742
44888349
267895
267895
267895
267895
267895
267895
267895
267895
267895
267895
267895
267895
267895
10341828
4847757474
61888273
17829
18333983
14843
19476
2321633
22984
22984
30468048
20477634
13843
28405
357
28405
10143
28405
22902
28405
28405
13858
28405
39840
12064
46536079
46536079
3748572
25493756
62665
87891
87891
24112
62665
62665
62665
226481199
152218450
235978737
355569072
21434
21434
26497115
26497115
26497115
26497115
24123333
20062969
41599720
29062
16891
76478912
22746
93330751
754405
4957
25143
364876
25825
35265
19162
4292
23975
106800843
11250
20662
147123
1205
147123
147123
112300
112300
147123
147123
147123
2569226
1205
147123
112300
56775
147123
153522
147123
147123
956870431
956870431
956870431
956870431
956870431
956870431
956870431
956870431
956870431
956870431
450053535
263968256
580489460
1882308774
46764
15030
9688
17751
36155461
63784
406791
109673201
18301301
151080
7406435
9568848
151080
1009031701
596101448
42563
20973229
24077
29614
38770084
53995646
53995646
532
532
71169
149596
77470
31065
95286
902
95286
21413
294242717
46958335
46958335
43859970
44191
165738
2511462
28555
1255572
47067
122175230
1569783
28200726
260733
232296
37328
110563
260733
512902
260733
191142
168302
260733
260733
260733
50329
6012728
2398476329
2398476329
2398476329
2398476329
2398476329
2398476329
2032925312
220257
449234
133082
133082
89445
158798
158798
158798
158798
106729
16852
23497
221161
221161
221161
221161
221161
221161
221161
148643
214271
100
100
337796
337796
337796
337796
337796
337796
337796
337796
337796
337796
337796
337796
337796
337796
27210
94441
185054
67483
41
247038
116275
530330
1643981
1643981
1643981
1643981
1643981
1643981
1643981
1643981
1643981
1643981
1643981
1643981
1104923
557587
1712922
91
292928
549144
1254865
2581004
18
192337
192337
192337
192337
192337
192337
192337
192337
192337
192337
129270
191219
93
237
175106
145633
301964
353601
158264
269907
555145
291879
677469
5476
10286
264666
264666
264666
264666
264666
177882
125175
109
274287
274276
147576
202021
202021
7715
7715
415518
111606
235384
8357
9001
1984
775245
775245
775245
751508
600993
325674
3209
6429
3225
178730
72539
41081
159685
6945729
6945729
6945729
6945729
6945729
6945729
6945729
6945729
6945729
6945729
6945729
6945729
6945729
6945729
6945729
6945729
6945729
6945729
6945729
6945729
6945729
6945729
6945729
6945729
6945729
6945729
6945729
6945729
6945729
6945729
6945729
6945729
6945729
6945729
6945729
6945729
6945729
6945729
6945729
6945729
3266848
1077009
1077009
1916092
6928470
720
240
720
7403718
1834395
4213656
4213656
4213656
4213656
13663300
93748
26991
69228
163069
163069
42557
38952
38952
151296
50411
346880
262445
1688195
1688195
1688195
1688195
724253
728973
856339
856339
2952
271784
9902
5281
796095
796095
132845
56296
7324358
7324358
7324358
7324358
7324358
7324358
7324358
7324358
3354708
1105974
455
7283263
1814020
739
4326980
4326980
796135
796135
97986
152240
132
463952
281424
281424
281424
206310
391943
391943
57
595285
10
448272
211
70
8455
557903
2913473
2913473
2913473
1880638
771547
1672656
372689
466
466
155
2135848
2135848
5731242
340861
340861
220024
318370
359769
626655
626655
626655
32584
496795
1200614
467995
21649
18230
469042
469042
469042
302765
226787
393827
187
6835
9113
1373895
886845
479001
838164
11394
316746
204703
17410057
17410057
17410057
17410057
17410057
17410057
17410057
17410057
17410057
17410057
17410057
17410057
17410057
17410057
17410057
17410057
17410057
7254190
2391549
356853
3130625
14756595
1598
6212753
13819428
5982312
1591826
648716
9356622
67371414
252364
258223
366
253537
826043
259152
265168
260355
871072
560388
573398
562991
4073078
1216
21286
1216
6261051
1231
21532
1231
1231
1231
6406406
46
1219
1219
1219
1219
1219
6290135
2514
2514
2514
2514
2514
20493728
6429439
2071
13902959
2095
2095
2095
80884
14225729
2076
13967542
5584
5584
5584
5584
5584
5584
101051093
722
23722
1634
7513655
7513655
215729
585
28889
1311
1653
1653
4519012
3002350
6999343
62
1638
1682
2298
1197
1691
7548558
7548558
7548558
7548558
7548558
7548558
4477816
3017
3017
3017
4738
1038
19628137
5414740
38611513
5837614
21
9761686
2328
3947
2039
64161
13624879
7691604
395
7621486
3920
2267
5348
5348
5348
5348
49199580
49199580
49199580
160744
160744
160744
160744
160744
160744
160744
160744
160744
160744
160744
160744
160744
160744
160744
160744
95575
31509
34852
4615
155822
7
122697
2863
252364
41249
11838
164476
164476
164476
164476
164476
164476
164476
164476
164476
164476
96678
31872
35254
64231
164204
82126
152291
149741
133817
114466
22781
233
161491
161491
161491
161491
161491
161491
161491
161491
161491
161491
161491
161491
161491
161491
95797
42969
34508
168514
167355
123267
253537
419918
419918
419918
419918
419918
419918
419918
419918
419918
88590
88590
12981
120345
156235
97801
115841
51805
826043
165068
165068
165068
165068
165068
165068
32071
6533
124888
168900
168900
168900
62349
165834
165834
32145
35556
35556
125468
442809
442809
442809
202815
66863
27
19522
3957
284872
162674
53630
35
11
134152
35696
69940
208838
291486
291486
291486
164551
2
140928
259694
212242
573398
34973
163051
59458
8020
11
62852
1752
1052560
1052560
1052560
1052560
1052560
1052560
1052560
1052560
1052560
1052560
1052560
1052560
144586
159927
1040783
189268
742052
565673
867
867
867
867
867
867
867
867
867
867
867
63847
867
867
867
867
867
867
867
867
867
867
867
867
867
867
867
867
867
867
867
867
867
867
867
867
867
867
867
867
15176
867
867
867
867
15176
867
867
867
867
867
867
867
867
867
867
867
867
867
867
15176
867
867
867
867
867
867
867
867
867
867
867
867
867
867
867
867
867
867
867
867
867
867
867
867
867
867
867
867
867
867
867
867
867
867
867
867
867
867
867
867
26167
867
867
867
867
867
7070541
890
890
65564
56430
890
890
890
890
890
890
890
890
890
890
890
890
890
890
890
890
25257
890
7455973
1926
1926
1926
1926
1926
1926
1926
1926
1926
1926
1926
1926
1926
1926
1926
1926
1926
1926
1926
1926
1926
1926
1926
1926
1926
1926
1926
39511
1926
1926
1926
1926
1926
1926
1926
1926
1926
1926
1926
1926
1926
1926
1926
69728
1926
1926
1926
74375
1926
34863638
552
552
371
552
411
4
552
552
552
552
552
40667
224
552
552
214
421
4
552
552
867
552
552
232
552
552
552
867
4
552
421
867
552
552
411
128
421
552
867
7378
552
552
552
371
552
7378
371
539
180
552
552
552
552
552
254
552
552
552
552
552
9650
552
371
552
867
4
154
4
552
404
552
552
290
190
359
552
552
552
552
552
552
552
287
552
552
552
552
552
247
867
552
572
421
867
10
371
213
196
371
552
213
16667
576
421
552
552
154
3594305
3594305
3594305
3594305
3594305
3594305
3594305
3594305
3594305
3594305
3594305
3594305
3594305
3594305
3594305
3594305
3594305
3594305
3594305
3594305
3594305
3594305
3594305
3594305
3594305
3594305
3594305
3594305
3594305
3594305
1690542
557335
81634
1123165
991547
3822750
124
372
124
3610664
3101938
752045
2145600
2180500
7070541
567
567
27820
35943
567
466
567
890
567
567
217
567
378
567
567
149
567
425
378
567
16087
567
5254
3790239
3790239
3790239
3790239
3790239
1736008
633051
305656
3979607
1202353
265424
2239143
2239143
597
979
717
872
423
1926
632
632
140
1926
717
979
362
7
415
979
979
1926
7
265
979
979
7
979
979
717
979
2362
979
81
632
979
7
242
632
979
979
979
979
588
979
7
979
69728
979
979
189
22585
7
520380
9009428
9009428
9009428
9009428
9009428
9009428
9009428
9009428
9009428
9009428
9009428
9009428
9009428
9009428
9009428
9009428
9009428
3753928
2494455
7636304
827
275
2703267
7859746
4841903
4841903
5
33360
6184
53981
15491
268991
268991
46135
268991
268991
268991
268991
268991
268991
268991
268991
268991
268991
268991
268991
268991
268991
268991
268991
268991
268991
268991
268991
268991
268991
268991
268991
268991
268991
268991
268991
268991
268991
268991
268991
268991
268991
268991
268991
268991
268991
268991
268991
268991
268991
268991
268991
268991
268991
268991
268991
268991
268991
268991
268991
268991
268991
268991
268991
268991
268991
268991
268991
268991
268991
268991
268991
268991
268991
268991
268991
268991
268991
268991
268991
268991
268991
268991
268991
268991
268991
268991
268991
268991
268991
268991
268991
268991
268991
268991
268991
268991
268991
268991
268991
268991
268991
268991
268991
268991
268991
268991
268991
268991
268991
268991
268991
268991
268991
268991
268991
268991
268991
268991
268991
268991
268991
268991
268991
268991
268991
268991
268991
268991
268991
268991
268991
268991
268991
268991
268991
268991
268991
268991
268991
268991
268991
268991
268991
268991
268991
268991
268991
268991
268991
268991
268991
268991
268991
268991
268991
268991
268991
268991
268991
268991
268991
268991
268991
268991
268991
268991
268991
268991
268991
126516
41709
41709
41709
41709
41709
41709
46135
46135
46135
56749
56749
56749
56749
56749
6109
8315
77091
35555
45574
17
110
33360
100081
100081
21892
21892
42285
62649
25204
84055
118618
15151
155095
155097
74205
77545
256519
256731
259217
259704
266650
268322
107473
286087
9
27
9
9
27
27
27
27
27
27
70
9
27
9
286727
283792
283774
270215
87079
239659
232143
75637
71041
69801
69799
185394
59568
56281
56106
168321
160572
149795
49427
33185
29813
55889
17996
163184
163184
163184
163184
163184
163184
163184
163184
3789
163184
54394
163184
529146
55857
102772
20390
34257
18619
11419
393
283654
283654
283654
283654
283654
283654
283654
283654
283654
283654
283654
283654
283654
283654
283654
283654
283654
283654
283654
283654
283654
283654
283654
283654
283654
283654
283654
283654
283654
283654
283654
283654
283654
283654
283654
283654
283654
283654
283654
283654
283654
283654
283654
283654
283654
283654
283654
129919
42831
42831
42831
42831
47376
47376
47376
47376
47376
16537
17
17
12505
38853
282062
8725
17979
22874
164644
197672
70252
28
3
28
297826
82317
2535
89981
75120
19938
19863
167573
167573
167573
167573
557991
4
40262
4677
60258
222234
38944
74078
1122
74078
674248
674248
674248
674248
674248
674248
674248
674248
674248
674248
674248
674248
674248
674248
674248
674248
674248
674248
674248
674248
674248
674248
674248
674248
674248
674248
674248
674248
674248
674248
674248
674248
674248
674248
674248
674248
674248
674248
674248
674248
674248
674248
674248
674248
674248
674248
674248
674248
674248
674248
674248
674248
674248
674248
674248
674248
674248
674248
674248
674248
674248
674248
280936
92618
92618
92618
92618
92618
102446
102446
102446
102446
102446
126014
39909
460218
222234
666703
9328
13820
41461
3
42813
49485
186680
121241
378065
157627
475343
571486
243425
250940
61
61
61
61
20
20
61
20
61
20
20
61
20
240604
202307
588208
535192
231680
61647
25123
362358
362358
362358
120786
362358
362358
2609129
182159
180498
36680
98662
59753
66491
67259
53347
53963
143824
63656
64391
63804
171616
10074
15381
88655
89678
88860
239012
135409
136972
552
135723
365061
659008
666614
660537
1776675
77100
77990
416
77279
207861
141745
143381
382143
485494
284564
285224
338141
335058
901220
272201
11117
106094
107318
106340
8338
286028
101906
103082
102142
3388
1563
4896
2085
2061
310766
314352
311487
6948
837820
6948
771234
71646
72472
33368
88934
71731
71898
2873434
2940144
4176
2886782
20885030
3032
1222715
266506
1854
1648
1778281
1660
1798805
1800
1814
1814
2146396
1803
3487
3487
3487
3487
18484
335821
2124
2989316
2127
2962065
7967189
2625
2625
4513707
2645
2645
4565802
141
52345
2629
4524179
119652
5086
5086
12168871
5792
21967255
5837
5837
5837
311459
5801
5801
5801
5801
11220
11220
11220
11220
11220
11220
11220
59223309
1981
2570053
1996
2599715
117
3838
2686
2707
16183367
9485605
9507612
11271521
4132
7991
30041095
370572
40656
2327
2327
2327
2327
4502
4502
4502
768
277941
9534414
600191
499
10359011
4008
10383044
701
10444
25708162
1910
1305
1911
14270
14270
14270
14270
14270
14270
95782425
14434
14434
713944
14434
14434
14434
252493
14434
14434
557240
14434
98006099
139231
14303
293330
14303
14303
14303
14303
14303
14303
14303
96227361
38471
38471
38471
38471
38471
38471
1415612
38471
38471
4571539
38471
38471
905013
38471
38471
858692
696176855
3989
15178447
1431531
233923
3420
2168
2089800
3064
1509899
1761
2386
2386
2522401
2371
3332
4095
3061
4098
19133
282747
2794
3512984
2509203
2799
3480959
2493930
7472460
5478013
3454
44
455826
2893
3480
3123847
185
68857
3459
5316724
65660
2857
73
372301
76
20988744
76
3045
7678
409712
7631
7631
6534
7631
13186
13174
20702
10721
13186
124
13186
109266960
2606
3020275
2626
2793587
153
61
3234
3045
5352979
11173154
9461204
2673
4933
12180749
347561
45791
3145
4294
2409
3062
5290
4301
3951
8080132
903
260682
789526
676
12173702
5272
8742071
19156708
425
24111791
10924
1413
28
1979
16769
563
146
146
2642
12024
89834733
89834733
65857272
839013
26632
15706
16963
16963
13760
296233
10162
16963
432866
16963
91920326
91920326
91920326
5815784
83635999
84292
2670
344715
16808
13666
16808
146
16808
17539
16808
90252041
90252041
90252041
90252041
90252041
90252041
90252041
51418400
36082
13373
36082
36082
15300
36082
1327708
18009
36670
4287666
19458
283
415423
36082
36082
519865
331925258
331925258
331925258
331925258
331925258
81117878
116027
114969
246800
246800
23276
32374
30375
7223
67259
33980
33980
24550
53963
73113
73113
26695
41014
41014
41014
41014
40640
40640
29116
87241
87241
87241
56313
87156
63955
4597
6449
56469
57120
57120
40799
56600
56600
40551
9
121501
89072
86249
7411
33
87245
1
50793
11
67807
351
86449
86449
86449
86449
86449
185578
40
184537
6053
59216
21
65
61350
136046
419758
419758
28689
74
24
341276
424603
424603
424603
303279
75
80403
420732
420732
420732
420732
420732
342067
2621
903172
903172
903172
903172
89
326048
144
901958
662109
1776675
49109
49109
49109
49676
45423
265
265
49223
105666
49
80216
91327
74084
194262
194262
87039
181674
153838
213416
69600
170346
198058
2489
272201
5651
67577
67577
54942
106094
68357
68357
67734
67734
48528
70193
106340
145402
93856
66046
122085
131382
106593
4238
4238
52773
30633
60794
65060
46612
2158
996
3245
544
1313
197943
141926
191882
200228
142145
311487
274920
184125
3532
1309
392056
362396
2965
19758
46161
16
29182
32759
45795
1460708
1460708
1460708
1460708
1460708
1460708
1460708
1460708
1460708
1460708
834125
274993
274993
304171
40279
276243
61
1829
61
61
687878
183036
1070836
1494620
1494620
1494620
1494620
1494620
1494620
1494620
1494620
1494620
1494620
1494620
1494620
843752
40744
94564
593535
1490906
722620
1359917
1331606
1088291
2940144
2123
1370
661364
1467494
1467494
1467494
1467494
1467494
1467494
1467494
1467494
1467494
1467494
1467494
1467494
1467494
1467494
1467494
1467494
1467494
836060
41128
184
1564258
1071681
1075810
1075810
966845
322281
5397089
5397089
5397089
5397089
5397089
5397089
5397089
5397089
5397089
5397089
5397089
5397089
5397089
5397089
5397089
5397089
2248787
741376
741376
305
970488
1318973
165
165
5574392
1569488
1424905
1344431
1292754
1983
1983
450
894
90122
1112142
1205
1079
1079
1079
1079
1621219
1179
1179
1179
1179
1179
1179
1179
1179
41257
1179
1179
1179
1934495
12089
305452
431
576
576
1391
1391
1391
1391
1391
1391
2694199
1720
1720
1720
92337
1720
1720
1720
40461
1720
1720
1720
34235
59134
1720
1720
1720
1720
1720
1720
1720
1720
1720
1720
1720
1720
1720
4115047
3794
3794
203704
3794
3794
3794
3794
3794
3794
3794
3794
3794
3794
3794
3794
3794
3794
3794
3794
3794
3794
3794
3794
3794
3794
3794
3794
3794
20027060
1297
1297
1297
32099
1297
1297
1297
1297
1297
2343061
1759
1759
1759
36090
1759
1759
1759
52012
4307595
5472596
724933
2493
8647817
2702
2702
2702
2702
10158750
2435
2435
148814
300
125313
8252961
1522
1522
1522
1522
26631
1522
1522
1522
1522
1522
1522
1522
259
93989
3224174
392543
327
62648
2605
2605
2605
2605
2605
78326
237
9444081
84450
101812
3532
101812
8693518
1251
1251
848
219302
1251
2179901
13009
13009
13009
13009
13009
274661
13009
13009
13009
13009
13009
957359
823984
13009
13009
266803
13009
13009
13009
13009
13009
455132
13009
13009
643461
13009
13009
13009
13009
478705
13009
13009
13009
13009
13009
13009
13009
13009
13009
13009
13009
13009
1545920
13009
13009
13009
227566
13009
13009
13009
13009
13009
13009
13009
13009
13009
13009
306040
13009
13009
13009
13009
13009
290377
13009
13009
13009
13009
13009
502227
13009
13009
13009
13009
13009
13009
235420417
1983
1263
2781990
2781990
286
569
42874
562185
1205
687
1079
559
687
12517
824145
531983
561
610
751
750
751
751
561
26278
561
530
751
751
983399
983399
634781
974888
5751
100230
274
367
367
886
886
662
886
886
886
1369594
1369594
1369594
884069
597
1004040
1095
1095
43928
1095
13
1095
13
12034
13
1095
383
21806
28132
1095
1095
865
1095
1095
523
13
1095
626
1720
1095
1095
455
2091881
2091881
161835
68237
1100627
1533545
22
2416
129750
1805
2416
2414
3794
1965
3794
3794
1805
787
1965
2416
911
2416
2416
22
22
2416
2416
1965
2416
22
2416
2416
2416
2416
10180743
6571641
10827808
543
7463438
20027060
826
617
826
20445
826
11
826
826
826
1191093
1191093
1191093
1191093
1191093
1191093
1191093
1112503
1041463
866167
2343061
1140
911
1120
4203
995
1120
638
30762
4307595
264001
1588
4396112
1900502
1721
904
803
859
5164194
3333473
2232556
1158
17
4195387
1635347
32569
191
63703
17254
969
724
969
969
13791
788
724
12
1004
1522
724
969
1639007
653
1480972
165
47779
250032
216
31847
1193
1659
906
1659
17
4800892
4800892
4800892
3098963
776255
39817
77
9444081
40176
4419344
12599
2002
51756
425
796
8
111482
71961
595
715308
327103
6613
6613
13009
6613
52
51748
5892
6613
2451
6613
6613
314146
418871
6613
946
135629
6613
6613
199
6613
2804
100022
4848
6613
4848
6613
13009
52
243349
3300
6613
52
4848
6613
2994
6721
6613
6613
4848
6613
6613
785867
6613
938
2192
115395
52
4268
3566
6613
6613
3580
6613
6613
52
52
76141
6613
6613
4268
6613
1498
95283
4848
2451
6613
6613
1276
152512
7049
6613
6613
6613
6613
6613
60837121
60837121
60837121
60837121
60837121
60837121
60837121
60837121
60837121
60837121
60837121
60837121
60837121
60837121
60837121
60837121
60837121
60837121
60837121
60837121
60837121
60837121
60837121
60837121
60837121
60837121
60837121
60837121
60837121
60837121
25348800
2840991
14867739
51564955
5586
50365371
32695469
32695469
235420417
175315
175315
175315
175315
175315
175315
9032
35627
22997
35427
21577
9939
127338
788
51936
51936
51936
51936
51936
33524
29
25492
38073
102166
61971
61971
61971
61971
61971
61971
61971
61971
61971
61971
61971
61971
61971
61971
61971
40002
61435
36733
61911
15670
45431
6316
8279
14803
14803
14803
8806
86309
86309
86309
86309
86309
86309
86309
86309
86309
86309
86309
86309
55712
82307
37
37
12
63272
18563
131826
131826
131826
131826
131826
131826
131826
131826
131826
131826
131826
131826
131826
131826
131826
131826
131826
131826
131826
131826
131826
131826
85093
56990
10198
28
131086
4300
35397
2
69359
42064
25293
98713
46
15
15
46
15
15
92591
43580
96640
96640
259322
1862
122854
641569
641569
641569
641569
641569
641569
641569
641569
641569
641569
641569
641569
641569
641569
641569
641569
641569
641569
641569
641569
641569
641569
641569
641569
641569
641569
641569
641569
414131
169900
208987
63
368332
39476
231608
82069
682346
102
102
102
34
34
102
102
640707
109791
205822
470330
470330
470330
470330
470330
1262065
7
75060
75060
75060
75060
75060
75060
75060
75060
75060
75060
75060
75060
75060
75060
75060
75060
75060
75060
75060
48451
74407
35
35
88
70107
65630
54584
147655
79224
137994
137994
137994
137994
137994
7175
115565
123472
141668
59318
101162
101162
271456
344872
277034
277034
277034
119765
119765
325437
325437
325437
325437
210068
109398
109398
121006
140691
95622
3420
264384
264384
170659
103056
103056
21
4767
2052
4014
4014
1087
520085
103286
103286
103286
103286
103286
103286
103286
103286
103286
103286
103286
103286
103286
103286
103286
103286
103286
66671
46916
49940
86723
41
41
41
41
108970
108963
55312
93327
75718
75718
75718
3763
3010
3010
3010
203181
41830
99209
64039
88391
72729
3261
3512
1505
5060
743
2006
2006
302542
302542
302542
302542
302542
302542
302542
302542
302542
195290
105480
130793
288753
184570
70
225255
122064
48918
2509
1203
2509
929
595147
278498
179769
257429
793
2509
2106
3261
1208
69750
69750
69750
27188
20730
22
15397
7025
4534
69833
45077
686800
228933
421216
78083
1263644
3833832
3833832
3833832
3833832
3833832
3833832
3833832
3833832
3833832
3833832
3833832
3833832
3833832
3833832
3833832
3833832
3833832
3833832
3833832
3833832
3833832
3833832
3833832
3833832
3833832
3833832
3833832
3833832
3833832
3833832
3833832
3833832
3833832
3833832
3833832
3833832
3833832
3833832
3833832
3833832
3833832
3833832
3833832
3833832
3833832
3833832
3833832
3833832
3833832
3833832
3833832
3833832
3833832
3833832
3833832
3833832
3833832
3833832
3833832
3833832
3833832
3833832
3833832
3833832
3833832
3833832
3833832
3833832
3833832
3833832
3833832
3833832
3833832
3833832
3833832
3833832
3833832
3833832
3833832
3833832
3833832
3833832
3833832
3833832
3833832
3833832
3833832
3833832
3833832
3833832
3833832
3833832
3833832
3833832
3833832
3833832
3833832
3833832
3833832
3833832
3833832
3833832
3833832
3833832
3833832
3833832
3833832
1597430
526638
526638
526638
526638
526638
526638
526638
582517
716527
77138
77138
217
3790933
78582
179033
1123708
529032
689388
786096
863792
936934
3249519
3814803
117
352
352
117
117
117
3503
352
117
117
352
352
4356093
1368097
3959779
1114888
3173924
3043147
1012184
955019
918310
896986
2047622
1317352
350532
196936
142852
2060402
2060402
2060402
2060402
2060402
2060402
2060402
2060402
14835720
213
213
5284
213
213
213
213
213
213
213
213
213
213
213
213
213
213
213
213
213
213
3737
213
62125
213
213
213
213
213
213
213
213
213
1434256
216
216
216
216
216
216
216
216
216
216
6127
10690
216
216
216
216
216
216
216
216
216
216
216
216
216
216
216
10690
216
216
4824
3780
216
216
216
216
216
216
216
216
6388
216
8344
216
216
216
1467553
8
8
8
2084
214
214
214
214
11497
214
214
214
214
4392
214
214
214
4262
214
62269
214
214
214
214
214
214
214
214
214
214
214
214
214
214
214
214
214
214
214
214
214
214
6071
214
214
214
214
214
214
1440918
576
576
576
576
576
576
12162
576
576
576
576
576
576
576
576
576
576
576
15289
576
13551
576
576
21197
576
576
576
77142
13899
576
576
576
576
576
576
576
68454
576
576
576
576
576
576
576
576
576
576
576
576
576
576
576
576
576
576
576
13551
576
576
576
12858
576
576
576
576
576
576
576
576
576
10424626
21
97
1415
136
136
136
136
1
58
141
4
1
136
97
102
136
1
65
1
97
136
1935
136
39570
21
136
97
97
120
1
1
89
97
729103
729103
729103
729103
729103
729103
729103
729103
137261
186753
20105
151421
7
329351
570903
30
534500
534500
6809
2937
1
216
111
137
50
127
216
137
137
137
3430
57
56
98
98
137
137
111
137
137
111
47
137
137
137
28
3978
89
216
2492
2404
137
137
107
82
137
137
137
1
4069
137
3513
137
16
137
333152
746029
746029
746029
746029
746029
746029
746029
421153
47201
279806
678793
652310
228778
5
5
5
684
136
136
136
136
7323
136
136
136
21
2797
136
136
110
2715
136
39662
136
46
136
136
136
136
136
52
136
110
136
136
136
136
114
136
136
59
136
136
1
136
2770
141
214
97
136
142
136
732490
732490
732490
732490
732490
732490
732490
732490
732490
732490
732490
732490
732490
732490
732490
417314
137579
728380
371388
1440918
108
189
292
292
214
292
2
292
292
108
73
292
292
292
292
292
114
292
3029
124
2198
292
576
10775
9047
214
146
2
39215
7065
2
292
292
297
292
97
128
34798
22462
214
2
189
292
2
292
292
57
189
65
292
96
2
157
268
108
292
2
3371
7
292
292
214
292
4219
114
126
292
2
108
86
2
292
189
482594
2693922
2693922
2693922
2693922
2693922
2693922
2693922
2693922
2693922
2693922
409318
503482
887925
22854
658356
991524
2199464
1447784
1447784
10424626
18968
96520
96520
96520
96520
96520
96520
96520
96520
96520
96520
96520
96520
96520
96520
96520
96520
96520
96520
96520
96520
96520
96520
96520
96520
96520
96520
96520
96520
96520
96520
96520
96520
96520
96520
96520
96520
96520
96520
96520
96520
96520
55117
18170
18170
18170
18170
20098
20098
24722
24722
2661
2661
2661
20045
1
43600
3701
4669
18253
60794
75577
80832
92121
102466
4
12
12
4
120
4
4
4
4
4
46475
45453
12094
70758
23697
70758
70758
1651
70758
12
189870
44103
23788
6826
98761
98761
98761
98761
98761
98761
98761
98761
98761
98761
98761
98761
98761
98761
98761
98761
98761
98761
98761
98761
98761
98761
98761
98761
98761
98761
98761
98761
98761
98761
98761
98761
98761
98761
98761
98761
98761
98761
98761
98761
98761
98761
98761
98761
98761
98761
98761
55753
18380
18380
20330
20330
2692
14701
4835
1614
1
6248
37041
39219
81399
37298
98515
47361
12
4
12
47749
46538
89860
87992
87989
35325
86354
30286
77170
66011
13138
19225
71911
71911
71911
194278
140
140
140
140
140
90
631
11849
43701
96968
96968
96968
96968
96968
96968
96968
96968
96968
96968
96968
96968
96968
96968
96968
96968
96968
96968
96968
96968
96968
96968
96968
96968
96968
96968
96968
96968
96968
96968
96968
96968
96968
96968
96968
96968
96968
96968
96968
96968
96968
96968
96968
96968
96968
96968
96968
96968
96968
96968
96968
96968
96968
96968
96968
96968
96968
96968
96968
96968
96968
96968
96968
96968
55244
18213
18213
20145
20145
20145
20145
24780
19900
96424
2717
12629
74113
12
4
103362
102297
70814
49165
15919
71087
71087
71087
71087
190752
63886
21295
68972
13942
63886
21295
27
593
356627
1
356627
356627
356627
356627
356627
356627
356627
356627
356627
356627
356627
356627
356627
356627
356627
356627
356627
356627
356627
356627
356627
356627
356627
356627
356627
356627
356627
356627
356627
356627
356627
356627
356627
356627
356627
356627
356627
356627
356627
356627
356627
356627
356627
356627
356627
356627
356627
356627
356627
356627
356627
356627
356627
356627
356627
356627
148594
48988
48988
48988
48988
48988
48988
48988
54186
54186
54186
54186
54186
66652
66652
66652
66652
66652
9767
90543
6
20
20
20
6
14302
39182
117545
117545
352636
3025
17975
73582
73866
36312
64127
251421
251421
87154
131260
10
10
10
10
249
32
32
32
368343
355933
355669
103708
304709
299026
291170
94154
88836
85422
2899
38976
22719
31149
191660
191660
191660
191660
191660
191660
191660
1380035
6285
2450
47
127
18
77
127
127
82
127
82
1
127
250
127
93
127
90
127
127
1
93
127
127
127
82
127
127
127
2683
994
790
1
42
127
1190
113
54
127
127
127
127
127
127
127
6822
4403
127
127
82
47
127
32
127
127
127
127
127
127
250
127
82
127
1
82
127
9352
6036
8049
49
134
127
127
127
18
127
47
126
127
93
2606
1
127
127
127
2969
127
127
3
101
250
127
250
127
127
93
127
250
127
49
126
51
127
127
127
127
127
1314
47
1
127
53
127
127
127
127
127
1922
49
82
250
86
93
47
127
127
953
127
53
1
127
127
93
48
93
127
68
47
250
250
1
130
127
82
3143
3602
82
20
1
34
4676
3926
93
63
82
127
6976
127
127
127
54
1
17018
3066
127
90
127
1
1
28
127
127
127
127
93
93
127
250
1629
82
127
82
127
127
127
93
127
82
57
127
2529
127
127
2820
127
127
1629
93
127
1
82
129
127
127
127
127
127
127
122
93
39
127
127
42
250
127
127
127
55
127
36948
36948
15973
127
127
127
127
127
39
127
24
127
3318
127
306
1
32
15101
9747
74
93
127
82
1242
56
1
127
127
82
127
10
3824
127
127
127
127
18
92
4293
127
82
127
82
82
127
127
42
127
127
1
127
127
250
127
1
2079
82
2217
127
127
31
127
127
82
2771
44
127
127
127
250
127
127
127
93
82
1
34
25
127
1
106
1
127
127
89
127
127
4446
82
28
127
64
42
82
1
127
1
68
79
116
127
127
1
47
127
127
127
127
68
127
127
127
127
97
127
127
49
127
127
127
127
127
75
63
127
127
1
1
1
1463
3
76
127
127
127
127
127
54
127
93
127
1
127
49
127
82
54
127
127
3602
2325
250
127
127
134
28
1831
49
127
93
54
250
1
38
9048
3756
3360
127
2
82
1
47
43
82
127
127
127
127
47
47
24
3832
127
2930
37
135
1
93
18
61
127
1
127
127
127
127
13
82
1
127
82
96
127
127
34
209429
67524
385329
72828
1169069
1474
1169069
1169069
2898
1169069
1169069
1169069
1169069
1169069
1169069
1169069
1169069
1169069
1169069
1169069
1169069
1169069
1169069
1169069
1169069
1169069
1169069
1169069
1169069
1169069
1169069
1169069
1169069
1169069
1169069
1169069
1169069
1169069
1169069
1169069
1169069
1169069
1169069
1169069
1169069
1169069
1169069
1169069
1169069
1169069
1169069
1169069
1169069
1169069
1169069
1169069
1169069
1169069
1169069
1169069
1169069
1169069
1169069
1169069
1169069
1169069
1169069
1169069
1169069
1169069
1169069
1169069
1169069
1169069
1169069
1169069
1169069
1169069
1169069
1169069
1169069
1169069
1169069
1169069
1169069
1169069
1169069
1169069
1169069
1169069
1169069
1169069
1169069
1169069
1169069
1169069
1169069
1169069
1169069
1169069
1169069
1169069
487112
160590
160590
160590
177630
177630
177630
177630
218494
218494
23522
177157
7
318500
385329
385329
385329
1155988
9918
54593
85765
323628
323682
716784
285704
990892
1148922
430287
1322399
35
107
107
35
107
35
35
35
1288806
1179735
350777
1019886
967840
318164
954492
893791
264608
216694
618232
460278
433504
337372
88744
74476
69280
628288
628288
628288
628288
628288
628288
628288
4523930
