9163185
1341708
12303027
2314846
15710039
7180072
15607890
12456547
12370697
7257561
12464365
9357241
9218760
15462930
9245669
9244941
9470176
9400631
7268638
9418898
1363559
9418712
7267710
12472881
2339888
783362
15900001
43211757
416000
77442834
44228328
34193302
21082405
78082525
24592051
126861819
14330969866
4703890012
78168253434
46169878697
77442257204
11558593714
46300998408
47429033765
7697351595
55666367
43192891875
62467337983
3082258671
34534044
132472
60562008
36901608
28519637
17434325
62415820
20218033
97153086
105889806
3047904
133917
2179404
1423062
18719052
6153125
33071797
20372923
97142896
105889806
3047904
2179404
6153125
97142896
195456794
147296670
382705005
4298030170
195456794
6121851
147296670
103179978
52143020
382705005
2243655054
687279167
4298030170
25696637658
34534044
60562008
17434325
97153086
2505991427
4710223906
1181094960
4298480997
2505991427
6091320
4710223906
3419613947
67252115
1181094960
4882854921
683794345
4298480997
25696637658
6851406
417411
6232599
4084619
22482423
8073800
40815869
24765230
126835228
126861819
537513
31629987
144791
3789749
2699540
1381094
646729
1251208736687
10504222292044
2291804011488
9410937220101
173383660524
6851406
6232599
8073800
126835228
529447
31462341
143560
3709102
2583684
1381094
646729
1215377092090
10478095839188
2272700776553
7355533320585
173383660524
67972402
53142441
125020866
1396589457
8854901
302927789
999524
35642905
40622922
13243374
531693
67972402
2531604
53142441
31100121
16351744
125020866
793870054
204979522
1396589457
7661672793
8989799
304541930
1008098
36417891
42444523
13243374
531693
43211757
77442834
21082405
126861819
13748821601
4703890012
73983542203
45992110395
71475608578
11522668743
45723296453
46640323227
7553093444
51308783
28633043452
62467337983
3075824673
998993165
1987013717
409169818
1396882454
477399623157
11780955569
498082084526
12781495979
998993165
2519100
1987013717
1019587212
20613191
409169818
2021064900
203941270
7661672793
1396882454
4955963
9224153
8691465
5295645
5332391
3136756
8957467
13942482
15102402
2477606
41385
4156
436137
9291912
310165
202532
3202537
1026418
4745994
13940930
15334479
15102402
12422892
209757
2646994
10552
14293446
436137
310165
1026418
13940930
12422892
202435
2500706
10552
13858882
2477606
41385
4052
23691113
17852953
58772503
520970958
873679879
11571240
4052989
403371
550614812
23691113
347234383
17852953
12505264
7210327
58772503
271956937
520970958
334562400
3114729634
873679879
11989749
4290083
403371
567880056
4955963
8691465
3136756
13942482
303755139
570933605
206874939
521025603
303755139
344699854
570933605
414496754
9718075
206874939
591858480
521025603
3114729634
332021050
2354627
12250950
1709340
1069140
8371902
4545716
11472978
15900001
16144335
15900001
24318328
149281
5683275
52178
4402974
751500
454421
129823
4890690
49024
300689
166735
1204253
19253
25276461
2198690464
196455647
5415507818
359842309
1813317476
27223434
157322464
2354627
1709340
4545716
15900001
24318328
147041
5653152
51735
735508
438559
4620403
49024
300689
166735
1152570
24507981
2182123343
190829624
5398676015
356842859
1332748958
27223434
150806313
4402974
129823
18772
12420066
11424247
27908574
231279140
517122137
1492075
50940328
175164
5999415
5484302
1819627
186081
2231936
118918
21270136
221288624
29804076690
35812971370
12420066
141457990
11424247
7292090
4678664
27908574
131480290
231279140
136306519
1268794485
517122137
1514806
51211762
176666
6129861
5682658
1926072
186081
2231936
118918
22223925
228227417
29973630911
37360404599
9163185
1341708
2296276
14488620
7180072
14772327
12370697
7257561
12138713
9183265
14271567
9207374
9129591
9312694
9361969
7065263
8334860
1362984
7267710
12045358
7015967
12282911
12472881
2196030
780911
15900001
165436067
329055039
113311260
231327649
181462079
23333903
240883137
67660137
68051122
388109086
73370690
1473037786
76549340
1664622045
165436067
140425717
329055039
168846499
5970547
113311260
334694011
1268794485
135271332
231327649
181462079
23473560
240984752
68750989
69251777
413533440
15909321
2937533
1442661
1428613
3100848
16022770
2363057
2887103
16300364
2459986
15914636
15873957
3064112
9996193
10023180
10074662
10182145
10228821
2333568
14825
3115652
1474174
16322646
4308560977
68689638
4108973617
67013821
1937495927080
35423167765
2212450941162
41854015626
12107792534
160053480
1790864388
1596479507
1305304035
365377652
384467227
25041405
339377954
1243686973
285387188
5129389377
7741531180
1121884038
826230278
193150
6293981
68866
713046
1131495
341639
202317
1923452805
1900644841
155469929
1707905392
1591517530
999786134
356463555
379670193
25041405
190251
6260647
68281
682444
1107416
341639
202317
11964220464
335438222
1239873113
281922296
5129389377
7682766757
1115337481
825564108
2874529
65391266
224415
8775075
11352497
2864230
153348
630809108838
143377864169
2918067
65739702
226340
9168565
11599316
2864230
153348
720328846650
169407191564
2818205
1428613
15164997
2255521
15822810
14650926
3051420
6363824
10043134
2268275
13118
3002332
15917868
15784292
16322646
15760679
1325712
161830
2837850
16038867
2448895
9841197
10182145
10158186
1469285
16296335
16322646
663820330
1018553805
81890622
2520754
390866154
31095162
5449142014
3136348028
85438382
2848605
490596883
595818906
801680018
7363971579
1404494440
3136348028
325
17096
1329
3739091
989035
3745139
4316019
905227
92862
22153
17615
4271068
3745139
3928644
855199
89621
21347
17615
4141214
309
17096
1296
3675734
989035
218722173
1103388
4178680
498817
137844159
2041122471
13378842
218722173
1167934
4329814
498817
142166442
2584835986
18448225
1737423
3661764
3638253
3614627
1704393
248170
48405
3718313
3729108
243296
31352
1755123
242501
1765089
3722290
1667647
115727
1725669
230367
1739220
741770
368292
110141
249877
252922
116274
504446
251111
802068
220859
1762846
3593234
1539146
101045
7573
523791
64290
1964114
3760217
3785406
3743835
1767044
3728360
271023
273841
271333
271776
267809
273373
268423
271776
97036664
2623202
96469752
97202884
2637742
96469752
3596507
3614627
1685762
243396
47018
3394410
1755123
238862
1755734
114743
1718522
1643101
725984
368292
243723
114823
356055
251111
767645
220859
1752960
1539146
94833
7573
505508
3744254
3615006
3618344
3711955
239145
29817
3682365
1660128
230367
108142
249675
3532348
62684
1964114
3731900
3684669
1767044
3728360
118856395
527972
11715492
65819
796724
2057242
553058
50973
4893003
223373
2107027
50861423
554210
11649190
53130007
370530281
251541233
220859932
11498126
746055591
61748522
13608118
532647406
14547738
535001368
118856395
536015
11777917
66383
843331
2101973
553058
50973
5112328
223373
2183134
52456250
565069
11649190
53356510
431844386
252959778
220859932
11585422
533559813
944789628
14628374
85145680
14499562
535001368
75979
77597
77178
77713
73573
72762
75957
79024
74187
72450
79617
77314
78855
78548
79620
75646
77654
77405
71672
76751
71268
74148
74470
75445
77423
74373
79783
78365
76488
77870
77217
78957
73144
79195
39781
78365
79851
70334
79351
79851
77437
62528
79851
79851
77101
66801
1809
79228
76676
72022
78865
78462
78993
78751
77167
79722
75910
76977
79851
79322
79851
79851
79851
604237
22743
1719135
1692775
2301988
28394
1055796
1037033
1044868
22958
930749
28745
1056687
27590
827452
1564522
23941
1835905
1056687
1048442
28733
1056687
28785
1056687
604237
22927
2322365
2460158
1046669
1048442
2466852
28892
2481042
29189
23175
29402
5815954
1056687
323557
419396
42235
325174
415975
329382
71741
98762
416932
320125
255665
325312
328162
254322
1183
552325
399590
405228
134395
106225
704085
154490484
152980625
38490140
156707706
155199381
15595896
119986218
38617187
114117664
25432403
183924
142711298
20712129
206394953
10240258
10183924
47635594
163329107
48276884
22929606
23762256
263105194
130934
12737
100852
22397
30833
99962
98238
166933
161958
157616
118740
126511
32418
190054
131451
105591
137550
105612
83670
390
170753
174538
44338
213119
232285
166933
161958
118740
190054
36518
730
1597
3452
30798
99942
16820
26226
15271
11602
105904
5310
69310
29522
392
6148
92481
44677
213097
232285
722
1591
3445
30795
11598
105904
29520
6142
213097
99942
15269
743766
1836110
415174
9425504
172134
872820
793790
231427
981664
229679
1639673
2807440
2059228
4371937
176180
1159506
810682
234115
588982
981664
232609
373670
229679
743765
384484
193035
1836110
17357
415174
6272224
1507191
9425504
56352275
12734
100853
22396
30831
131451
105592
83670
170753
213119
2877771
47454826
4725432
231664
9535981
5666559
13276379
9426493
2945418
63041795
4825991
234354
2706004
981867
1479818
1639673
2807440
2542092
2059228
1242631
561972
4371937
9535981
12742702
248969
5666559
17272
13276379
13650209
1499549
9426493
56352275
254322
552325
399590
704085
94959
116972
2399
5142
36192
330681
11059
98649
16095
210089
90028
325222
55602
1189
40610
19461
89192
288485
62334
135423
49661
69550
21996
333714
47421
714756
703937
704085
6648552530
30728100057
27301248343
502988200
7971200240
24041562019
4253714378
3663581574
2395
5135
36186
274065
11052
98644
84049
19454
701954
74040
325221
19073
49654
41281
40652
6855
327842
22864
6593133803
30632594830
21338495538
502988200
7833606132
23510637793
4253714378
3547684479
358801
779572
206785
4254955
551112
2771831
2473336
246056
541683
1965810
330222
588013
507132
353483
63569
2017139
18911
313673405374
504384493250
166880707579
2524185
7827028
3338533
5666485
23342633
23592070
564066
3682264
2525970
248913
573985
1160970
358805
159263
79960
833229
1965810
515425
7189
433401
206789
885248
3083230
618679
624319
529777
420397
101665
2017139
24223
4254955
23342633
318073354105
512903223954
166880707579
42229
273147
347684
272989
71737
98758
185721
521983
702094
153599089
151071871
37313260
154101770
153397343
15595896
119738998
38457237
113395237
24955767
169526
94604890
206394953
10005257
10162666
45609100
160987438
46686555
23762256
239473030
193624544
246721879
244894987
259927705
5128374
2551650
7764361
4255848
4423089
49644817
5282140
246273
8233519409
26421528210
38306140848
37407621
300193865
35523381501
640341867
382660339
1530018805
1368620915
4527061
65951108
5394546
249132
1955749
5333929
5281282
5278371
103129
2727277
1966352
3508062
2524185
7154
7780904
7849407
7827028
7832409
7024537
3338533
5666485
2449408
1709253
621153
1505400
93340
23342633
23592070
2488256
4255848
8493208826
26476079501
44430058764
40584600
305466648
36040092725
654802258
382660339
1595392990
1603737095
21023
15263
20847
16099
20885
20414
19627
20902
26804
26005
25308
33727
31975
30516
35295
19329
19822
18859
18867
18523
19734
17769
19741
15050
24498
24603
25041
26142
1641
29990
29255
30576
33326
26804
26005
31975
30516
12181
1475
538
5863
341
303
1252
20850
20408
3135
21055
4211
7541
19329
1664
18941
3455
761
11856
4928
882
13223
13268
26335
399
29876
30573
33838
33326
58383143
86119776
12181
1468
528
338
300
1248
20850
1659
18941
4924
874
30572
20408
7539
19329
3451
13222
390
29876
33326
90151
281973
50320
1142480
85148
181053
292325
157662
163545
106654
187156
20168
14932
1976249
1245351
214799
367777
601160
572728
87149
240521
298546
159493
77157
163545
38533
277000
48951
106654
90153
187156
46603
26695
281973
50323
20168
760266
984108
14933
1976249
1142480
733689
6830547
1245351
15263
20846
16098
20885
18858
18866
15049
24498
30575
3271370
10042799
3423953
157879
1155871
992527
1609250
1142600
3348269
13341448
3496816
159712
354489
163590
278167
352328
214799
367777
333017
633693
601160
572728
282841
1155871
1135563
1544562
35982
992527
1609250
28073
1654563
976925
61356
2639456
1142600
6830547
728116
1245351
101100
63713
23508
28958
78552
1748
1509
8960
103633
6184
18824
102968
3984
8327
62013
25983
103200
16148
103984
79563
10053
72016
4818
22080
71418
137740
136734
2090
17218
5445
82615
38097
11739
37497
176946
174268
176983
80107
3005
172971
174305
1341184
2749127
20410099
26089135
1260692
19853863
9910001
3308664
6758498
101465
43992267
23674595
586363
8275362
1881660
2855292
12386841
739038
26696927
56331954
1748
1509
8960
99653
6184
99724
25983
4818
133661
171470
101099
63712
19414
78551
13120
5622
103200
5866
69797
2080
9515
2801
80705
27051
6215
25634
77239
1522
172971
174305
1330005
2749127
20325561
25533017
1256960
19754902
9733369
3308664
4967349
101465
23479645
562077
8187621
1838479
2855292
11978795
715659
26247590
72933
194923
42028
864942
404549
828881
1414443
182282
101312
690014
121404
512213
55147
14436
7768
61650
9882
410042
395363
4913
344599
397598
2021894
865125
667482
167495111
254057082
4745709285
113607103
95027510
53189060
56253765
137555894
9366785893
414059
1101135
1444543
184398
116679
236001
690013
72937
153268
32375
18544
227597
512213
141749
847261
88101
14442
42035
179952
626756
683644
10373
85458
20666
410042
443337
4924
391592
864943
509682
397598
2021894
4745069
865125
830887
1591071
678654
4745069
4795775
4761606
169893596
254811266
4785112770
118515922
95720857
54123304
56253765
140662223
12659256887
100103
98456
96135
88011
101008
100430
99971
76311
77836
102284
78035
101305
99653
76583
100755
100618
100962
99724
100545
77492
76193
89885
14698
78381
78377
101111
100803
100997
14678
129900
130930
130966
75662
132852
134511
132462
133661
134511
24941
23682
8158
8421
154720
157191
156068
126188
160792
165746
159602
169399
166588
171470
160358
171470
987025
787234
667482
1550833
865125
6184740
205851
4909391
11612977
5020348
4926896
11415728
182289
11413120
161875
5782676
945630
6504887
6497577
719193
265612
8546942
267146
92095
1523592
66361
23410634
290718
260051
25016199
10717277
241941
280888
397562
1084276
936316
1073574
1074143
1072982
24996
927094
512425
1205049
1077666
830887
20307
1581695
1595620
1591071
1592165
1427941
678654
42623
18974
4745069
4795775
4798535
4761606
4755613
3830035
505810
865125
6479640
223539
5024795
15427366
5030713
5031743
15276693
184406
15305317
164121
6534774
946029
6533874
6532008
719193
269894
271860
8653610
92813
1623400
67919
290456
241941
303140
304725
61020930
60715887
11031325
34364
11599
37758
36612
39865
36994
37798
5368
9382
9597
59621
56120
55002
53151
63615
42085
44420
42749
13598
135
62559
65363
71242
34364
59621
56120
55002
11580
548
39972
5779
37787
272
4419
1298
8316
13693
25311
12378
42918
13702
136
2083
4563
65357
31568
2116
71242
11487637
155389
10937121
151598
37787
4416
287005
51398
6742240739
111393609
67315
287005
51398
103722
218836
460823
452833
999303
978371
52814
656105
361768
4715
126778
259097
2262388
1932175
153442
13526145
8163101241
131616401
460823
278081
496922
287084
125760
452833
999303
978371
849412
2139051
71155
2713647
359934
4680
5047118
4752513
5319782
2262626
13526145
10818251
172068
51087
183651
189857
113750
141642
297487
303187
1512510
1268759
22803975
34416901
34296287
5577573
4987614
5533025
3673212
55411593
107718
55190
2632
53106
190508
191061
28724
184407
1343
26842
58315
579
21384
6186
19744
60320
20276
9006
9462
29949
9472
143701
65263
20420
307782
303123
43364
140257
303187
7995069
5803053
19854913
4712955
1624377
7176915
833871
718185
1709244
55649374
111327
4498448
4381247
23286
183651
84617
105303
291718
1494032
1253355
22803975
34155649
34190930
5442950
4958510
5515084
3670250
53903195
7611926
4444797
19399268
4608876
1584747
7147188
833871
695465
1687918
111327
184406
18859
19827
5841
25432
9296
2799
107361
6141
54199505
308583
770867
584480
809764
150342
130835
104375
202131
79825
12105
593853
6970
2348480483
174154428
73876906
488935143
24442921
394802
820175
621978
28512
411553
223072
809764
193540
195304
2545
165729
203403
264876
187016
82837
96836
131512
31803
631017
602995
7577
1331067
400656
1448060
7302221
1772633
1754166
7302221
7380252
7317682
1331347
2843399499
177213380
75124640
577698168
24442921
48860
39012
157384
109890
49124
169878
169937
173424
172462
50014
175825
24798
175411
175592
39168
156261
22978
226
51844
51352
2803
53467
25456
25371
42317
256542
207425
264307
262350
278455
280698
281404
275351
274869
272562
278615
277147
275694
281859
281859
276616
3448432
13902405
302117
8634168
155638
2035953
11341
4582660
2570910
140347
93007
371880
332651
14052916
32622617
14111005
1772633
1855364
38414
1754166
766242
1969829
1755399
1939298
810100
534701
194314
2527
470931
29199
7231691
7302221
5873709
7359587
7380252
7317682
7327747
5840338
5894068
778395
1331347
4804549
18643519
309213
8759758
159153
2952965
12816
6319078
2693496
93007
387769
389797
78004584
14111005
10405
9794
10058
9599
611
91
179
9999
5261
10581
1254
2372
123
9479
1451
156
2389
11064
11259
11088
11162
583
11265
9952
324
2418
4873
1467
711
721
10246
10184
4919
329
657
11216
5131
11272
11265
11102
606
85
169
9999
5261
10581
2370
11310
9952
4872
1464
716
652
11216
11102
11102
66433
26283
501860
5490
68559
18730
316252
44910
8520695
66433
13934
26283
14962
31569
148765
65325
144158
148144
141138
501860
16258
121583
5497
68559
33226
290128
247781
19677
18734
8071
186317
320919
1734590
316252
61927
12511810
66461
144529
156162
65325
144158
148144
141138
122535
308372
308576
69701
670279
647241
723745
7887
587937
609461
682208
290158
1734590
1387330
11872
184902
316252
599
602
605
596
605
605
596
596
323122
8656
318183
321634
324785
8707
318183
17492
5808
5597
41124
4586
39920
19071
17638
5824
2619
19239
6000
725
8948
42705
2799
42086
40118
1149
2627
42690
6066
19767
5921
42157
87066
2789
42319
8650
6101
18650
89951
5366
82815
91050
42589
5753
90994
90509
89089
85821
37395
2304
42364
87775
89579
88668
46734
85382
184
41149
88239
87144
5939
11718
12281
1522
47719
89891
90970
42367
90670
89522
90339
40362
42402
42932
87829
89539
88957
90584
17922
5928
103669
39094
14741
3114
133864
106117
742413
131618
1854
91203
7474
327792
280677
128349
49254
766722
328064
2751175
74467
2737086
133181
18714
332277
2245425
2717971
1286893
1129927
2652228
1412114
13507
79145
33028
50234
315907
2249061
4418172
69619
59219
58828
1281242
182415
50121
5938
167046
65269
46083
20412
23862
32406
7836
169587
155492
168117
148587
742413
153264
1867
148495
19433
327792
8373
327995
327152
193276
92887
98727
150773
96839
766722
356823
332906
700198
1799377
328064
13507
79498
33774
51413
435608
3039617
6487656
2765337
74180
59853
2751891
60109
1297233
74900
2737086
154662
748433
51758
330867
1799377
1818605
1803187
1805648
1452387
328064
3033325
2759143
1294151
1129927
2779146
1412114
946
34789
34789
73829
74235
916
75787
934
820
931
31694
743
80234
79959
791
754
34407
78892
68909
817
34645
746
34759
34481
33354
78977
33454
34141
33798
34399
79996
80427
755
33209
81561
763
30642
33936
34423
20180
946
27241
885
34789
34789
