766.088
641.075
739.137
17.9958
39.9325
133.28
116.394
613.669
328.771
303.824
113.642
200.307
193.786
144.506
349.638
312.958
510.25
397.737
310.591
794.297
575.913
159.666
285.37
197.894
200.029
286.527
334.208
331.453
320.103
284.059
332.532
1211.03
932.321
1113.17
922.781
392.152
1017.12
831.862
28.6322
48.9289
38.3268
68.2253
213.455
170.024
173.592
52.547
47.3985
56.0802
480.493
362.462
982.018
622.575
419.456
298.419
558.958
1134.22
1306.39
867.833
345.786
1117.74
199.951
167.102
179.848
113.03
105.086
116.741
740.106
485.407
840.084
163.8
301.377
605.548
42.1245
43.1899
37.8479
49.8691
961.399
970.779
1115.24
875.571
887.119
1048.34
6.39995
28.3503
13.4348
10.6967
12.0958
444.476
190.699
494.219
110.481
48.9066
176.212
53.633
35.5712
457.884
178.609
140.22
104.289
397.269
168.495
407.112
377.422
255.052
801.77
369.258
355.125
962.954
959.826
624.768
405.921
653.312
648.206
