40240
6707
6707
6707
201203
6707
6707
6707
6707
201203
40240
6707
40240
201203
40240
201206
201206
201206
201206
201206
33539
33539
33539
33539
33539
33539
1006030
264904
1472
264904
44157
264906
44157
220788
220773
6622704
73493
2450
2204636
440927
2204636
14698
2204664
73494
2204664
12250
73498
367496
73498
31928
354
63856
5322
63856
2128
26611
53218
798215
1596431
1601
17
3202
266
3202
76
1334
2668
40028
400289
326
54
15
8160
89
38
11
29106
439
63
878
190
878
54
951
732
142775
285550
6508
1084
433
162724
3566
1545
618
1159108
17494
2527
34989
7581
34989
3032
37910
29160
5685815
2274298
26529
147
26529
4422
26529
3158
22111
22109
663242
3316248
4422
132646
132646
22111
15793
473770
473770
505464
19543
2093913
97724
45263
5408
901
643
135208
180
5408
5408
901
643
96582
19316
5765
222
23884
23
2581
1483
643
459
482267
128
19290
1483
3215
176
68898
68899
7279
525
7279
3154
7279
2253
15773
6066
2365682
2365679
3154
473130
36395
78867
4333
337968
1689864
54003
9001
9001
1350102
2241
373
67237
13447
67237
448
67238
55
67238
373
46
56039
2241
29590
12824
12824
9616989
119261
495
10455411
1742743
145152
10485
145152
62906
145153
62907
314538
120971
9434794
47174549
10885
3628
21770
1814
108853
3628
9072
272134
544269
4857
2428
682
485
161
971
80
4857
115
404
12143
24286
121433
971
2428
404
809
121433
99
16
23
2475
39
99
16
33
4951
198
495
27
27
11
16
8829
28
27
11
117
17659
133
577
266
57
1332
82
288
43312
6663
86625
692
666
288
2887
433133
4438
739
1479
110954
607
263
526
197457
2980
12916
5960
1291
29803
2582
6458
968594
387433
149016
8048
1341
8048
1341
40240
4791
6707
201203
201203
1006030
1341
40240
40240
40240
40240
40240
40240
6707
6707
6707
143724
143724
143724
11309
1006030
4459
23065
26751
95549
2065
22296
3185
1640
273
976
41017
54
1640
1640
1640
1640
273
273
273
29299
5859
5859
41017
136
703
815
2914
314
14
97
1640
8203
461
450
195
696
146302
39
5852
450
1170
450
975
195
975
20901
20901
1607
146304
241
861
2208
4785
2208
956
11041
3418
4785
55205
717662
717661
956
143530
11040
28705
11041
23925
4785
23925
102527
512644
39434
3588352
21148
75534
8203
273
273
8203
1367
273
273
8203
1367
1640
8203
1640
8203
204
8203
8203
1367
6837
1367
1367
28
6837
1367
1367
1367
205089
4760
2062
10314
1547040
186
485
2425
2425
12127
12127
14550
1813
477100
2385560
23349
50598
23349
10119
116751
50598
50598
1517731
583757
7588749
6117
15905
79529
79529
397650
397650
349974
11666
11666
11666
11666
11666
349974
11666
11666
349974
349974
349974
11666
349976
349976
349976
349976
349976
58334
58334
58334
58334
1749894
936
2340
28
71
50
126
4439
11099
232662
7756
40119
7756
232664
38780
107763
830994
7756
7756
232664
166197
232664
38780
1163328
69994
69994
69994
8333
349975
249995
249995
2610
79
236
1223
236
148
1182
16432
25343
2853
2853
2853
339
14269
50964
10192
7095
236
236
7095
25343
7095
1182
35479
2035
10179
783
93
50895
36355
36356
419
2097
49931
249658
19204
2286
1248306
178336
891695
36782
183915
475
2378
475
14269
14269
14269
475
299
14269
59
2378
2378
71346
71346
356732
14269
475
9
14269
475
475
14269
71346
14269
2378
71346
71346
843
4218
25309
525
843
88
25309
632755
829870
691628
27664
27664
138323
829870
138324
20747280
73
360
6407
6407
12815
2563
512
6407
6407
6407
12815
64077
104
20
261
261
261
522
2612
2
14
1306
261
522
14
186
71
1863
9318
185
463
365
4570
1758
45710
228552
6077
15193
21233
21233
21233
21233
21233
3033
21233
21233
21233
106169
21233
15167
21233
3661
21233
21233
21233
21233
106169
106169
106169
106169
106169
106169
15167
106169
106169
75839
75839
9834
75839
75839
75839
75839
106169
5967
106169
15167
106169
106169
106169
106169
530854
238
238
1191
5956
9
9
48
242
86
86
2153
2824
2824
70620
865
865
4328
865
865
618
149
865
865
865
865
4328
4328
4328
3092
4328
15460
3092
2004
3092
3092
3092
4328
90
618
4328
21643
865
865
123
4328
865
865
4328
4328
21643
4328
15460
243
4328
4328
4328
21643
617
3087
237
617
3087
15439
15439
11029
11029
848
1187
77200
15439
441
15439
1535
27423
27423
1535
1535
7678
5484
7678
7678
191955
15147
75737
5826
15147
75737
378691
378691
54101
270508
20808
29130
1893475
75737
10820
378691
50350
179835
899178
50350
251753
50350
251752
251753
179835
6293976
17409
3481
3481
3481
17409
3481
17409
3481
3481
3481
3481
3481
3481
3481
3481
17409
3481
3481
3481
3481
17409
17409
17409
17409
2074
17409
17409
17409
17409
17409
17409
17409
17409
17409
17409
17409
433
17409
17409
17409
17409
364
17409
87047
3481
3481
3481
3481
3481
72
3481
3481
3481
17409
17409
17409
17409
17409
17409
17409
17409
17409
87047
1187
3087
3087
3087
77200
15439
1839
77200
15439
77200
77200
15439
386003
3087
1924
3087
323
3087
77200
15439
3087
77200
75737
1893475
29130
75737
75737
378690
75737
75737
378690
75737
75737
378690
378690
378690
378690
1893475
229490
45897
45897
45897
45897
7650
229490
45897
229490
38253
1275
7650
1275
7650
1275
38253
229488
229488
38251
38251
1147451
871487
29051
871487
29051
29051
871487
174296
871487
145268
4842
4842
29053
4842
145268
29053
29053
871481
145258
145258
145258
145258
4357438
27659
1106
1106
922
2765
153
30
921
2305
921
13829
27659
921
69149
2765
5531
27659
13829
184
153
2305
2305
4610
69149
138299
231
231
3467
17338
1387
3
55
46
138
5
0
115
33
138
277
1387
693
6
7
115
115
231
3467
34677
1
20
2
0
60
1512
14
252
7560
24
14
414
10
179
26966
1
17
10
0
86
10
824
164
2473
12368
65
975
580
9
380
197
98
31
23
76
380
190
4
27
82
82
63
12368
24737
482
402
67
13
1206
30152
402
5026
150763
427
356
297
59
16521
572
7160
1073914
23344
19459
16218
3243
15155
7879
3940
6567
1263
1313
19702
197023
1313
98511
3031
15155
7577
262
1094
3284
3284
2526
492562
197022
1915
9577
57457
287286
11491
129
2298
2298
2298
383
11491
2298
11491
1915
45
273
3
63
1915
1915
1915
1915
1915
1368
1368
57456
57456
57456
41042
41042
57456
287286
20880
447423
20881
9671
20881
104401
104401
540041
56
1002
167
25054
19
596
1
4176
125270
1002
835
835
596
596
25054
89483
17896
25054
516
11064
10
1195
516
2581
2581
13354
6874
425
2979
446820
49
148
88
6
3574
2979
595
163
425
89364
63834
63835
6874
915
4579
4579
525
6832
34161
40987
204939
204939
2726
8084
4813
378
3152
630
8197
3152
1639
3152
6832
195
227
525
1366
1366
1366
525
375
976
204939
204939
29278
146393
15764
204939
109975
549844
549844
10006
10006
1667
250174
278
8340
278
41701
1250870
31148
1038
31148
25
1038
31148
6229
31148
5192
173
865
21
25960
1038
1038
31147
5191
5191
5191
155740
155740
3881
155740
155740
137080
11881
59408
8910146
8874
1479
1232
1232
9208
229
11049
46047
1841
276243
9208
9208
276242
6884
484310
80725
67281
67281
62873
12574
163468
62873
32693
62873
136244
5449
2096
4541
27248
27248
27248
27248
10480
136244
163466
817341
10479
10479
27246
817337
817337
817337
314368
4086735
392927
392927
471468
1964769
78589
11786849
392922
392922
11786784
11786784
18860
3771
3771
18860
9430
18860
3143
628
628
1571
628
47150
18856
47150
94300
18860
9430
9430
18860
18860
18860
9430
9430
628
1571
1571
1571
3143
3143
18856
47150
47150
94300
70
70
5259
5259
420
210
59
420
4
84
420
210
420
50
0
35
300
210
2103
420
420
210
210
10
35
35
35
70
70
420
1051
2103
10519
517
31066
183
458
25
2
183
21
0
91
458
21
76
2293
36
131
917
91
15
30
183
4587
125
15
54
8180
1
162
96
1
130
93
25
10
109
130
16361
250
50
3752
3752
99
8880
5286
83
115
300
150
115
9
214
115
115
57
57
7
25
25
25
250
250
300
3752
577
7504
37522
822
4111
685
137
2055
10279
685
1713
51399
1458
7293
6078
1215
2814
487
1219
182944
39794
199010
165867
33167
2581
6711
3356
2581
1118
215
223
16781
6711
16781
167818
2581
2581
1290
1290
223
559
559
559
5594
5594
6711
83909
33563
12909
167818
6972
6972
391
6972
6972
34861
6972
6972
6972
6972
6972
6972
6972
6972
1162
1162
830
830
65
5811
1162
1162
1162
1162
1162
1162
5811
1162
34860
34860
34860
34860
34860
24901
24901
24901
24901
1959
34860
34860
174305
51474
51474
51474
51474
36769
8580
8580
8580
794
8580
8580
8580
8580
1225
8580
257372
44380
257372
257372
257372
85
1520
1520
7600
181
905
14
1266
1266
38002
1520
7600
7600
1520
1520
253
253
253
253
253
7600
7600
27146
5429
5429
5429
427
7600
7600
38003
1889
1889
1889
9449
1349
315
315
145
6
315
315
315
45
315
1629
9449
9449
9449
2085
645
903
135549
75
1348
802
63
5421
417
903
180
180
180
903
27109
27109
19365
3873
19365
1489
5421
2085
135550
4519
16760
558
2793
558
399
558
16760
16760
16760
4135
73569
43800
3446
956
956
12434
956
2486
956
956
956
2072
414
296
414
159
414
414
2072
414
2072
62171
4782
62171
62171
8881
8881
44410
3416
12434
4782
62171
310859
797
2072
10363
62171
62171
62171
677753
22594
112975
22594
16140
22594
677744
677744
677744
7600
7600
7600
7600
7600
189
7600
7600
7600
7600
7600
38003
38003
7600
7600
7600
7600
7600
189
1266
1266
1266
1266
1266
6334
1266
6334
1266
1266
1266
1266
1266
1266
26
1266
6334
1266
1266
1266
1266
1266
1266
38003
38003
38003
38003
38003
38003
947
38003
38003
38003
38003
190015
22051
9556
9556
9556
1433333
33703
6740
839
6740
33703
6740
33703
6740
167
1123
5618
5618
5618
1123
5618
1123
5618
432
1123
5618
1123
33703
33703
33703
33703
839
168519
33703
20228
20228
262965
20228
52592
20228
20228
20228
43833
8766
8766
3371
8766
8766
8766
8766
8766
3371
43833
43833
262962
262962
262962
262962
262962
262962
101141
101141
1314828
1839279
367851
1839279
367851
1839279
367851
1839279
367851
367851
61317
306590
306590
306590
61317
61317
306590
306590
23584
61317
306590
61317
1839256
1839256
1839256
1839256
1839256
1839256
9196396
7308
14616
7308
2922
2922
14616
487
2436
487
2436
14614
36542
36542
14614
73084
2922
7308
14616
2436
2436
36542
36542
73084
1829
3658
9149
3658
731
365
146
8
1
121
17
87
1829
3659
104
365
731
121
121
1829
1829
1829
1829
3659
18298
900
1801
33
66
63
7
227
5
58
117
261
522
12
502
1004
1305
13050
6526
2610
74
200
33
435
1305
502
6526
1305
1004
13053
2371
4743
5205
5205
10409
52058
347
52049
26029
10011
10409
20023
2081
4004
667
8677
26029
26029
10011
130148
52058
20023
60637
8662
12127
60637
12127
60636
43314
303187
89534
63956
89534
89534
89534
14923
14923
14923
447674
447674
8662
12127
12127
12127
12127
12127
681
113
2021
2021
1443
2021
1443
1443
60636
60636
60636
60636
60636
60636
60636
43314
43314
60636
60636
60636
60636
60636
303187
89534
89534
14923
14923
14923
14923
14923
447674
41469
77196
319784
5023
184
225
2644
2644
13220
47218
3287
11740
3287
3287
3287
547
547
547
16435
1958
68
3287
547
547
547
547
547
7612
2834
11740
2644
314
314
13220
13220
47218
9443
13220
13220
16435
160
725
168420
9430
86
224
47155
47155
33683
33684
9430
3627
5830
971
971
971
971
3089
1663
77247
3089
1663
4325
21628
277
198
3604
515
8318
108140
8318
108140
8318
108140
15449
77247
21627
21627
8318
21627
8318
108140
21628
8318
108140
108140
108140
540710
235773
39298
39298
39298
39298
277
13220
13220
66102
13220
13220
13220
13220
13220
13220
11017
2203
54
2203
2203
2203
46
2203
2203
2203
2203
2203
2203
2203
2203
66102
66102
66102
66102
1647
66102
66102
66102
66102
66102
66102
7876
66102
66102
330513
66102
11724
58624
11724
1954
243
1954
204
1954
9771
1954
1954
58624
293124
1461
58624
293124
86384
86384
33225
86384
33225
33225
86384
431926
431926
5538
5538
71993
14398
431924
431924
431924
431924
431924
431924
431924
166128
166128
166128
166128
2159647
328043
1640238
328043
54678
273395
54678
54678
273395
54678
54678
1640229
1640229
1640229
8201248
5551
2220
5551
2220
63
62
1110
1110
2220
443
1110
24
317
1110
1110
24
2220
2220
2220
2220
1586
2220
2220
443
317
1110
1110
1110
1110
1110
1110
1110
1110
2220
2220
2220
2220
2220
2220
11102
13
13
1210
242
484
96
69
484
96
242
242
242
484
484
2420
2420
345
49
69
172
66
1726
8633
214
429
791
395
113
152
304
304
1979
3959
1979
791
158
113
395
395
152
152
1979
395
304
3959
304
3959
304
3959
19799
5846
11693
16746
8374
8374
3349
16746
8374
3221
3349
6442
6442
83745
3349
3349
8374
8374
3221
8374
3221
41872
16748
6442
6442
6442
83745
206
206
206
1032
45
45
225
225
199
199
997
5435
5435
5435
27176
4010
4010
4010
4010
4010
4010
4010
4010
4010
4010
4010
4010
4010
20052
4010
4010
4010
4010
4010
20052
4010
4010
4010
4010
4010
2864
4010
4010
4010
4010
341
14324
2864
1857
2864
2864
691
14324
2864
2864
2864
2864
14324
4010
4010
4010
4010
4010
225
477
572
4010
84
572
4010
4010
4010
4010
4010
4010
4010
4010
4010
4010
20052
4010
4010
20053
20053
20053
20053
14305
2860
14305
2860
14305
14305
14305
243
10218
2043
10218
51092
786
2860
2860
1100
1100
1100
71526
17784
17784
88923
71525
2043
14305
17784
17784
12703
12703
12703
3556
3556
3556
3556
3556
3556
17784
3556
3556
2540
3556
17784
2860
5047
65612
5047
13122
65612
13122
65612
5047
65612
65612
5047
13122
65612
9373
9373
9373
9373
46868
46868
3605
13122
13122
5047
65612
13122
5047
5047
5047
13122
5047
5047
65612
328064
96880
96880
484406
96880
484406
96880
96880
484406
96880
96880
69204
96880
484406
484405
2422059
65612
13122
9373
65612
65612
65612
65612
65612
25236
328064
484406
484406
69204
346023
346023
96880
14305
71526
71526
14305
14305
14305
1498
356
71526
14305
14305
71526
71526
71526
14305
14305
14305
14305
71526
14305
14305
14305
71526
1704
71526
14305
14305
71526
71526
14305
356
71526
71526
14305
71526
71526
5502
1782
14305
14305
71526
14305
14305
71526
357632
