18887310.701133817
18887310.701133817
18887310.701133817
18887310.701133817
18887310.701133817
18887310.701133817
18887310.701133817
18887310.701133817
18887310.701133817
18887310.701133817
18887310.701133817
18887310.701133817
18887310.701133817
18887310.701133817
18887310.701133817
18887310.701133817
18887310.701133817
18887310.701133817
18887310.701133817
18887310.701133817
18887310.701133817
18887310.701133817
18887310.701133817
18887310.701133817
18887310.701133817
18887310.701133817
18887310.701133817
199553303.68563408
199553303.68563408
199553303.68563408
199553303.68563408
199553303.68563408
199553303.68563408
199553303.68563408
199553303.68563408
199553303.68563408
100323474899.55984
100323474899.55984
100323474899.55984
100323474899.55984
100323474899.55984
100323474899.55984
100323474899.55984
100323474899.55984
100323474899.55984
100323474899.55984
100323474899.55984
100323474899.55984
100323474899.55984
1202680391.580147
1202680391.580147
1202680391.580147
1202680391.580147
1202680391.580147
1202680391.580147
1202680391.580147
1202680391.580147
1202680391.580147
1202680391.580147
1202680391.580147
1202680391.580147
1202680391.580147
1202680391.580147
1202680391.580147
1202680391.580147
1202680391.580147
1202680391.580147
1202680391.580147
1202680391.580147
1202680391.580147
1202680391.580147
1202680391.580147
1202680391.580147
173833553181.96173
173833553181.96173
173833553181.96173
173833553181.96173
173833553181.96173
173833553181.96173
173833553181.96173
173833553181.96173
173833553181.96173
173833553181.96173
173833553181.96173
173833553181.96173
173833553181.96173
173833553181.96173
1202680391.5801473
1202680391.5801473
1202680391.5801473
1202680391.5801473
173833553181.96173
173833553181.96173
173833553181.96173
173833553181.96173
173833553181.96173
173833553181.96173
173833553181.96173
173833553181.96173
173833553181.96173
173833553181.96173
173833553181.96173
173833553181.96173
173833553181.96173
173833553181.96173
199553303.68563408
199553303.68563408
199553303.68563408
199553303.68563408
199553303.68563408
199553303.68563408
199553303.68563408
199553303.68563408
199553303.68563408
199553303.68563408
275139722.89847153
275139722.89847153
275139722.89847153
275139722.89847153
275139722.89847153
275139722.89847153
275139722.89847153
150876452668013.84
150876452668013.84
150876452668013.84
150876452668013.84
150876452668013.84
199553303.68563408
199553303.68563408
199553303.68563408
199553303.68563408
275139722.8984717
275139722.8984717
275139722.8984717
275139722.8984717
275139722.8984717
275139722.8984717
275139722.8984717
150876452668013.84
150876452668013.84
150876452668013.84
150876452668013.84
150876452668013.84
8518100350.844215
8518100350.844215
8518100350.844215
8518100350.844215
9329309132.286602
9329309132.286602
9329309132.286602
9329309132.286602
9329309132.286602
9329309132.286602
9329309132.286602
8518100350.844215
8518100350.844215
8518100350.844215
8518100350.844215
8518100350.844215
8518100350.844215
8518100350.844215
8518100350.844215
8518100350.844215
8518100350.844215
9329309132.286602
9329309132.286602
9329309132.286602
9329309132.286602
9329309132.286602
9329309132.286602
9329309132.286602
199553303.68563408
199553303.68563408
199553303.68563408
199553303.68563408
100323474899.55984
100323474899.55984
100323474899.55984
100323474899.55984
100323474899.55984
100323474899.55984
100323474899.55984
100323474899.55984
100323474899.55984
100323474899.55984
100323474899.55984
100323474899.55984
100323474899.55984
8518100350.844216
8518100350.844216
8518100350.844216
8518100350.844216
62866545598294.94
62866545598294.94
62866545598294.94
62866545598294.94
8518100350.844215
8518100350.844215
8518100350.844215
8518100350.844215
8518100350.844215
8518100350.844215
8518100350.844215
8518100350.844215
8518100350.844215
8518100350.844215
68412343.03996801
68412343.03996801
68412343.03996801
68412343.03996801
68412343.03996801
68412343.03996801
68412343.03996801
68412343.03996801
68412343.03996801
74241792.24094193
74241792.24094193
74241792.24094193
68412343.03996801
68412343.03996801
68412343.03996801
68412343.03996801
68412343.03996801
68412343.03996801
68412343.03996801
68412343.03996801
68412343.03996801
68412343.03996801
74241792.24094193
74241792.24094193
74241792.24094193
74241792.24094193
74241792.24094193
68412343.03996801
68412343.03996801
68412343.03996801
68412343.03996801
74241792.24094193
74241792.24094193
74241792.24094193
74241792.24094193
74241792.24094193
74241792.24094193
74241792.24094193
74241792.24094193
6965415366.132531
6965415366.132531
6965415366.132531
6965415366.132531
7055833407.125721
7055833407.125721
7055833407.125721
7055833407.125721
7055833407.125721
6965415366.132531
6965415366.132531
6965415366.132531
6965415366.132531
6965415366.132531
6965415366.132531
6965415366.132531
6965415366.132531
6965415366.132531
6965415366.132531
7055833407.125722
7055833407.125722
7055833407.125722
7055833407.125722
7055833407.125722
68412343.03996801
68412343.03996801
68412343.03996801
68412343.03996801
6965415366.132531
6965415366.132531
6965415366.132531
6965415366.132531
6965415366.132531
6965415366.132531
6965415366.132531
6965415366.132531
6965415366.132531
6965415366.132531
6965415366.132531
6965415366.132531
6965415366.132531
6965415366.132531
18887310.701133817
18887310.701133817
18887310.701133817
18887310.701133817
18887310.701133817
18887310.701133817
18887310.701133817
18887310.701133817
18887310.701133817
18887310.701133817
29619525.068488073
29619525.068488073
29619525.068488073
29619525.068488073
29619525.068488073
29619525.068488073
29619525.068488073
29619525.068488073
29619525.068488073
29619525.068488073
29619525.068488073
29619525.068488073
29619525.068488073
29619525.068488073
29619525.068488073
22077440151.13714
22077440151.13714
22077440151.13714
22077440151.13714
22077440151.13714
22077440151.13714
22077440151.13714
18887310.701133817
18887310.701133817
18887310.701133817
18887310.701133817
29619525.068488073
29619525.068488073
29619525.068488073
29619525.068488073
29619525.068488073
29619525.068488073
29619525.068488073
29619525.068488073
29619525.068488073
29619525.068488073
29619525.068488073
29619525.068488073
22077440151.13714
22077440151.13714
22077440151.13714
22077440151.13714
22077440151.13714
22077440151.13714
22077440151.13714
29619525.068488073
29619525.068488073
29619525.068488073
560179489.1416726
560179489.1416726
560179489.1416726
560179489.1416726
665202330.5843182
665202330.5843182
665202330.5843182
665202330.5843182
665202330.5843182
665202330.5843182
665202330.5843182
665202330.5843182
665202330.5843182
665202330.5843182
665202330.5843182
665202330.5843182
14097957241752.133
14097957241752.133
560179489.1416724
560179489.1416724
560179489.1416724
560179489.1416724
560179489.1416724
560179489.1416724
560179489.1416724
560179489.1416724
560179489.1416724
560179489.1416724
665202330.5843186
665202330.5843186
665202330.5843186
665202330.5843186
665202330.5843186
665202330.5843186
665202330.5843186
665202330.5843186
665202330.5843186
665202330.5843186
665202330.5843186
665202330.5843186
14097957241752.133
14097957241752.133
18887310.701133817
18887310.701133817
18887310.701133817
18887310.701133817
18887310.701133817
18887310.701133817
18887310.701133817
18887310.701133817
18887310.701133817
18887310.701133817
18887310.701133817
18887310.701133817
18887310.701133817
18887310.701133817
18887310.701133817
18887310.701133817
18887310.701133817
18887310.701133817
18887310.701133817
18887310.701133817
18887310.701133817
18887310.701133817
18887310.701133817
18887310.701133817
18887310.701133817
18887310.701133817
560179489.1416726
560179489.1416726
560179489.1416726
560179489.1416726
9364287208.807945
9364287208.807945
9364287208.807945
9364287208.807945
9364287208.807945
9364287208.807945
9364287208.807945
9364287208.807945
9364287208.807945
9364287208.807945
560179489.1416724
560179489.1416724
560179489.1416724
560179489.1416724
560179489.1416724
560179489.1416724
560179489.1416724
560179489.1416724
560179489.1416724
560179489.1416724
9364287208.807945
9364287208.807945
9364287208.807945
9364287208.807945
9364287208.807945
9364287208.807945
19293206.736957118
19293206.736957118
19293206.736957118
19293206.736957118
19293206.736957118
19293206.736957118
19293206.736957118
19293206.736957118
19293206.736957118
19293206.736957118
19293206.736957118
19293206.736957118
19293206.736957118
19293206.736957118
19293206.736957118
19293206.736957118
19293206.736957118
19293206.736957118
19293206.736957118
19293206.736957118
19293206.736957118
19293206.736957118
19293206.736957118
35470343842.349396
35470343842.349396
35470343842.349396
35470343842.349396
24659083539954.06
24659083539954.06
24659083539954.06
24659083539954.06
17930167838.872684
17930167838.872684
17930167838.872684
17930167838.872684
17930167838.872684
17930167838.872684
17930167838.872684
17930167838.872684
17930167838.872684
17930167838.872684
17930167838.872684
17930167838.872684
17930167838.872684
17930167838.872684
17930167838.872684
33041239.71112917
33041239.71112917
33041239.71112917
33041239.71112917
33041239.71112917
33041239.71112917
33041239.71112917
1989672096.0
1989672096.0
17930167838.872684
17930167838.872684
17930167838.872684
17930167838.872684
17930167838.872684
17930167838.872684
17930167838.872684
33041239.71112917
33041239.71112917
33041239.71112917
33041239.71112917
33041239.71112917
33041239.71112917
33041239.71112917
17930167838.872684
17930167838.872684
17930167838.872684
17930167838.872684
17930167838.872684
17930167838.872684
17930167838.872684
17930167838.872684
631345137.0522877
631345137.0522877
631345137.0522877
631345137.0522877
631345137.0522877
631345137.0522877
631345137.0522877
10101245478315.666
10101245478315.666
631345137.0522878
631345137.0522878
631345137.0522878
631345137.0522878
631345137.0522878
631345137.0522878
631345137.0522878
10101245478315.666
10101245478315.666
19293206.736957118
19293206.736957118
19293206.736957118
19293206.736957118
19293206.736957118
19293206.736957118
19293206.736957118
19293206.736957118
19293206.736957118
19293206.736957118
19293206.736957118
19293206.736957118
19293206.736957118
19293206.736957118
19293206.736957118
19293206.736957118
19293206.736957118
19293206.736957118
19293206.736957118
19293206.736957118
19293206.736957118
19293206.736957118
19293206.736957118
19293206.736957118
19293206.736957118
19293206.736957118
19293206.736957118
7733514823.182626
7733514823.182626
7733514823.182626
7733514823.182626
7733514823.182626
7733514823.182626
7733514823.182626
7733514823.182626
7733514823.182626
7733514823.182626
7733514823.182626
7733514823.182626
7733514823.182626
7733514823.182626
7733514823.182626
7733514823.182626
4850291.717105263
4850291.717105263
4850291.717105263
4850291.717105263
4850291.717105263
4850291.717105263
4850291.717105263
4850291.717105263
4850291.717105263
4850291.717105263
4850291.717105263
4850291.717105263
4850291.717105263
4850291.717105263
4850291.717105263
4850291.717105263
4850291.717105263
4850291.717105263
4850291.717105263
4850291.717105263
4850291.717105263
4850291.717105263
4850291.717105263
4850291.717105263
275803594.94392633
275803594.94392633
275803594.94392633
275803594.94392633
275803594.94392633
3370689814.872487
3370689814.872487
275803594.9439263
275803594.9439263
275803594.9439263
275803594.9439263
275803594.9439263
3370689814.872487
3370689814.872487
4556475.815464461
4556475.815464461
4556475.815464461
4556475.815464461
4556475.815464461
4556475.815464461
4556475.815464461
4556475.815464461
4556475.815464461
4556475.815464461
4556475.815464461
4556475.815464461
4556475.815464461
4556475.815464461
4556475.815464461
4556475.815464461
4556475.815464461
4556475.815464461
4556475.815464461
4556475.815464461
4556475.815464461
4556475.815464461
4556475.815464461
4556475.815464461
4556475.815464461
4556475.815464461
4556475.815464461
4556475.815464461
4556475.815464461
4556475.815464461
4556475.815464461
4556475.815464461
4556475.815464461
4556475.815464461
4556475.815464461
4556475.815464461
4556475.815464461
4556475.815464461
4556475.815464461
4556475.815464461
4556475.815464461
4556475.815464461
4556475.815464461
271776.0
271776.0
271776.0
271776.0
271776.0
271776.0
271776.0
271776.0
193504512.0
193504512.0
193504512.0
193504512.0
193504512.0
193504512.0
4556475.815464461
4556475.815464461
4556475.815464461
4556475.815464461
4556475.815464461
4556475.815464461
4556475.815464461
4556475.815464461
4556475.815464461
4556475.815464461
4556475.815464461
4556475.815464461
4556475.815464461
4556475.815464461
4556475.815464461
4556475.815464461
4556475.815464461
4556475.815464461
4556475.815464461
4556475.815464461
4556475.815464461
4556475.815464461
4556475.815464461
4556475.815464461
4556475.815464461
4556475.815464461
4556475.815464461
4556475.815464461
4556475.815464461
4556475.815464461
4556475.815464461
4556475.815464461
4556475.815464461
4556475.815464461
4556475.815464461
4556475.815464461
4556475.815464461
4556475.815464461
4556475.815464461
4556475.815464461
4556475.815464461
4556475.815464461
4556475.815464461
58930603.68668565
58930603.68668565
58930603.68668565
58930603.68668565
58930603.68668565
58930603.68668565
58930603.68668565
58930603.68668565
58930603.68668565
58930603.68668565
58930603.68668565
58930603.68668565
58930603.68668565
58930603.68668565
58930603.68668565
1630483739.7199962
1630483739.7199962
1630483739.7199962
1630483739.7199962
1630483739.7199962
1630483739.7199962
1630483739.7199962
1630483739.7199962
1630483739.7199962
1630483739.7199962
58930603.68668564
58930603.68668564
58930603.68668564
58930603.68668564
58930603.68668564
58930603.68668564
58930603.68668564
58930603.68668564
58930603.68668564
58930603.68668564
58930603.68668564
58930603.68668564
58930603.68668564
58930603.68668564
58930603.68668564
1630483739.7199962
1630483739.7199962
1630483739.7199962
1630483739.7199962
1630483739.7199962
1630483739.7199962
1630483739.7199962
1630483739.7199962
1630483739.7199962
1630483739.7199962
79851.0
79851.0
79851.0
79851.0
79851.0
79851.0
79851.0
79851.0
79851.0
79851.0
79851.0
79851.0
79851.0
79851.0
79851.0
79851.0
79851.0
79851.0
79851.0
79851.0
79851.0
79851.0
79851.0
79851.0
79851.0
79851.0
79851.0
79851.0
79851.0
79851.0
79851.0
79851.0
79851.0
79851.0
79851.0
79851.0
79851.0
79851.0
79851.0
79851.0
79851.0
79851.0
79851.0
79851.0
79851.0
79851.0
79851.0
79851.0
79851.0
79851.0
79851.0
79851.0
79851.0
79851.0
79851.0
79851.0
79851.0
79851.0
79851.0
79851.0
79851.0
79851.0
79851.0
2121491.754788866
2121491.754788866
2121491.754788866
2121491.754788866
2121491.754788866
2121491.754788866
2121491.754788866
2121491.754788866
2121491.754788866
2121491.754788866
2121491.754788866
2121491.754788866
2121491.754788866
2121491.754788866
2121491.754788866
2121491.754788866
2121491.754788866
2121491.754788866
2121491.754788866
2121491.754788866
2121491.754788866
2121491.754788866
2121491.754788866
2121491.754788866
2121491.754788866
2121491.754788866
2121491.754788866
2121491.754788866
2121491.754788866
2121491.754788866
2121491.754788866
2121491.754788866
2121491.754788866
2121491.754788866
2121491.754788866
2121491.754788866
2121491.754788866
2121491.754788866
1164362.1188661826
1164362.1188661826
1164362.1188661826
1164362.1188661826
1164362.1188661826
1164362.1188661826
1164362.1188661826
1164362.1188661826
1164362.1188661826
1164362.1188661826
1164362.1188661826
1164362.1188661826
1164362.1188661826
1164362.1188661826
1164362.1188661826
1164362.1188661826
1164362.1188661826
1164362.1188661826
1164362.1188661826
1164362.1188661826
1164362.1188661826
305210522.0336394
305210522.0336394
305210522.0336394
305210522.0336394
305210522.0336394
305210522.0336394
305210522.0336394
305210522.0336394
305210522.0336394
305210522.0336394
305210522.0336394
305210522.0336394
305210522.0336394
305210522.0336394
305210522.0336394
305210522.0336394
305210522.0336394
305210522.0336394
305210522.0336394
305210522.0336394
305210522.0336394
305210522.0336394
1420670.0702404217
1420670.0702404217
1420670.0702404217
1420670.0702404217
1420670.0702404217
1420670.0702404217
1420670.0702404217
1420670.0702404217
1420670.0702404217
1420670.0702404217
1420670.0702404217
1420670.0702404217
1420670.0702404217
1420670.0702404217
2781722.190242763
2781722.190242763
2781722.190242763
2781722.190242763
2781722.190242763
2781722.190242763
2781722.190242763
2781722.190242763
2781722.190242763
2781722.190242763
2781722.190242763
1420670.0702404217
1420670.0702404217
1420670.0702404217
1420670.0702404217
1420670.0702404217
1420670.0702404217
1420670.0702404217
1420670.0702404217
1420670.0702404217
1420670.0702404217
1420670.0702404217
1420670.0702404217
1420670.0702404217
2781722.190242763
2781722.190242763
2781722.190242763
2781722.190242763
2781722.190242763
2781722.190242763
2781722.190242763
2781722.190242763
2781722.190242763
2781722.190242763
2781722.190242763
1420670.0702404217
1420670.0702404217
1420670.0702404217
1420670.0702404217
2781722.1902427636
2781722.1902427636
2781722.1902427636
2781722.1902427636
2781722.1902427636
1420670.0702404217
1420670.0702404217
383389338.89738137
383389338.89738137
383389338.89738137
383389338.89738137
849313030.1511488
849313030.1511488
849313030.1511488
849313030.1511488
100030614.98424633
100030614.98424633
100030614.98424633
100030614.98424633
100030614.98424633
100030614.98424633
849313030.1511488
849313030.1511488
849313030.1511488
849313030.1511488
100030614.98424633
100030614.98424633
100030614.98424633
100030614.98424633
100030614.98424633
383389338.89738137
383389338.89738137
383389338.89738137
383389338.89738137
383389338.89738137
383389338.89738137
383389338.89738137
383389338.89738137
383389338.89738137
383389338.89738137
1420670.0702404217
1420670.0702404217
1420670.0702404217
1420670.0702404217
2781722.1902427636
2781722.1902427636
2781722.1902427636
2781722.1902427636
2781722.1902427636
849313030.1511488
849313030.1511488
849313030.1511488
849313030.1511488
383389338.89738137
383389338.89738137
383389338.89738137
383389338.89738137
849313030.1511488
849313030.1511488
849313030.1511488
849313030.1511488
100030614.98424633
100030614.98424633
100030614.98424633
100030614.98424633
100030614.98424633
100030614.98424633
100030614.98424633
100030614.98424633
100030614.98424633
100030614.98424633
383389338.89738137
383389338.89738137
383389338.89738137
383389338.89738137
383389338.89738137
383389338.89738137
383389338.89738137
383389338.89738137
383389338.89738137
383389338.89738137
1164362.1188661826
1164362.1188661826
1164362.1188661826
1164362.1188661826
1164362.1188661826
1164362.1188661826
1164362.1188661826
1164362.1188661826
1164362.1188661826
1164362.1188661826
1164362.1188661826
1164362.1188661826
1164362.1188661826
1164362.1188661826
1164362.1188661826
1164362.1188661826
1164362.1188661826
1164362.1188661826
1164362.1188661826
1164362.1188661826
1164362.1188661826
1164362.1188661826
1164362.1188661826
1164362.1188661826
1164362.1188661826
1164362.1188661826
1164362.1188661826
1164362.1188661826
1164362.1188661826
1164362.1188661826
1164362.1188661826
1164362.1188661826
383818045016.98895
383818045016.98895
383818045016.98895
383818045016.98895
383818045016.98895
383818045016.98895
383818045016.98895
383818045016.98895
1157435.544667791
1157435.544667791
1157435.544667791
1157435.544667791
1157435.544667791
1157435.544667791
1157435.544667791
1157435.544667791
1157435.544667791
1164362.1188661826
1164362.1188661826
1164362.1188661826
1164362.1188661826
1164362.1188661826
1164362.1188661826
1164362.1188661826
1164362.1188661826
1164362.1188661826
383818045016.98895
383818045016.98895
383818045016.98895
383818045016.98895
383818045016.98895
383818045016.98895
383818045016.98895
383818045016.98895
23900159.08657811
23900159.08657811
23900159.08657811
23900159.08657811
318997839.34367746
318997839.34367746
318997839.34367746
318997839.34367746
23914012.234974895
23914012.234974895
23914012.234974895
23914012.234974895
23914012.234974895
23914012.234974895
23914012.234974895
23914012.234974895
23914012.234974895
240517055011098.28
240517055011098.28
240517055011098.28
23914012.234974895
23914012.234974895
23914012.234974895
23914012.234974895
23914012.234974895
23914012.234974895
318997839.34367746
318997839.34367746
318997839.34367746
318997839.34367746
23914012.234974895
23914012.234974895
23914012.234974895
23914012.234974895
23914012.234974895
23914012.234974895
23914012.234974895
23914012.234974895
23914012.234974895
23914012.234974895
23914012.234974895
23914012.234974895
23914012.234974895
23914012.234974895
23914012.234974895
23914012.234974895
23914012.234974895
23914012.234974895
23914012.234974895
23914012.234974895
23914012.234974895
23914012.234974895
240517055011098.28
240517055011098.28
240517055011098.28
1157435.544667791
1157435.544667791
1157435.544667791
1157435.544667791
1157435.544667791
1157435.544667791
1157435.544667791
1157435.544667791
1157435.544667791
305210522.0336394
305210522.0336394
305210522.0336394
305210522.0336394
305210522.0336394
305210522.0336394
305210522.0336394
305210522.0336394
305210522.0336394
305210522.0336394
305210522.0336394
305210522.0336394
305210522.0336394
305210522.0336394
305210522.0336394
305210522.0336394
305210522.0336394
305210522.0336394
305210522.0336394
305210522.0336394
305210522.0336394
305210522.0336394
305210522.0336394
305210522.0336394
23900159.08657811
23900159.08657811
23900159.08657811
23900159.08657811
318997839.34367746
318997839.34367746
318997839.34367746
318997839.34367746
162756394178.02377
162756394178.02377
162756394178.02377
162756394178.02377
162756394178.02377
162756394178.02377
162756394178.02377
162756394178.02377
162756394178.02377
162756394178.02377
318997839.34367746
318997839.34367746
318997839.34367746
318997839.34367746
23914012.234974895
23914012.234974895
23914012.234974895
23914012.234974895
23914012.234974895
23914012.234974895
23914012.234974895
23914012.234974895
23914012.234974895
23914012.234974895
23914012.234974895
23914012.234974895
23914012.234974895
23914012.234974895
23914012.234974895
23914012.234974895
23914012.234974895
23914012.234974895
23914012.234974895
23914012.234974895
23914012.234974895
23914012.234974895
23914012.234974895
23914012.234974895
23914012.234974895
23914012.234974895
162756394178.02377
162756394178.02377
162756394178.02377
162756394178.02377
162756394178.02377
162756394178.02377
162756394178.02377
162756394178.02377
162756394178.02377
162756394178.02377
116899.90736681619
116899.90736681619
116899.90736681619
116899.90736681619
116899.90736681619
116899.90736681619
116899.90736681619
116899.90736681619
116899.90736681619
116899.90736681619
116899.90736681619
116899.90736681619
116899.90736681619
116899.90736681619
116899.90736681619
166534.11075460486
166534.11075460486
166534.11075460486
166534.11075460486
166534.11075460486
166534.11075460486
166534.11075460486
166534.11075460486
166534.11075460486
166534.11075460486
166534.11075460486
166534.11075460486
166534.11075460486
166534.11075460486
166534.11075460486
166534.11075460486
166534.11075460486
166534.11075460486
116899.90736681619
116899.90736681619
116899.90736681619
116899.90736681619
166534.11075460486
166534.11075460486
166534.11075460486
116899.90736681619
116899.90736681619
116899.90736681619
116899.90736681619
116899.90736681619
116899.90736681619
116899.90736681619
116899.90736681619
116899.90736681619
116899.90736681619
166534.11075460486
166534.11075460486
166534.11075460486
166534.11075460486
166534.11075460486
166534.11075460486
166534.11075460486
166534.11075460486
166534.11075460486
166534.11075460486
166534.11075460486
166534.11075460486
166534.11075460486
166534.11075460486
166534.11075460486
166534.11075460486
99182445.65305161
99182445.65305161
166534.11075460486
166534.11075460486
166534.11075460486
116899.90736681617
116899.90736681617
116899.90736681617
116899.90736681617
166534.11075460486
166534.11075460486
166534.11075460486
166534.11075460486
166534.11075460486
116899.90736681619
116899.90736681619
166534.11075460486
166534.11075460486
166534.11075460486
166534.11075460486
166534.11075460486
166534.11075460486
15522635.989964519
15522635.989964519
15522635.989964519
15522635.989964519
62615951.2334129
62615951.2334129
62615951.2334129
62615951.2334129
5227333.762801828
5227333.762801828
15522635.989964519
15522635.989964519
15522635.989964519
15522635.989964519
15522635.989964519
5227333.762801828
5227333.762801828
5227333.762801828
5227333.762801828
62615951.2334129
62615951.2334129
62615951.2334129
62615951.2334129
5227333.762801828
5227333.762801828
5227333.762801828
5227333.762801828
5227333.762801828
5227333.762801828
15522635.989964519
15522635.989964519
15522635.989964519
15522635.989964519
15522635.989964519
15522635.989964519
15522635.989964519
15522635.989964519
15522635.989964519
15522635.989964519
15522635.989964519
15522635.989964519
15522635.989964519
15522635.989964519
15522635.989964519
116899.90736681617
116899.90736681617
116899.90736681617
116899.90736681617
166534.11075460486
166534.11075460486
166534.11075460486
166534.11075460486
166534.11075460486
62615951.2334129
62615951.2334129
62615951.2334129
62615951.2334129
15522635.989964519
15522635.989964519
15522635.989964519
15522635.989964519
62615951.2334129
62615951.2334129
62615951.2334129
62615951.2334129
5227333.762801828
5227333.762801828
5227333.762801828
5227333.762801828
5227333.762801828
5227333.762801828
5227333.762801828
5227333.762801828
5227333.762801828
5227333.762801828
5227333.762801828
15522635.989964519
15522635.989964519
15522635.989964519
15522635.989964519
15522635.989964519
15522635.989964519
15522635.989964519
15522635.989964519
15522635.989964519
15522635.989964519
15522635.989964519
15522635.989964519
15522635.989964519
15522635.989964519
15522635.989964519
174305.0
174305.0
174305.0
174305.0
174305.0
174305.0
174305.0
174305.0
174305.0
174305.0
174305.0
174305.0
174305.0
174305.0
174305.0
174305.0
174305.0
174305.0
174305.0
174305.0
174305.0
174305.0
174305.0
174305.0
174305.0
174305.0
174305.0
174305.0
174305.0
174305.0
174305.0
174305.0
174305.0
174305.0
174305.0
174305.0
174305.0
174305.0
174305.0
174305.0
174305.0
67179123.49451412
67179123.49451412
67179123.49451412
67179123.49451412
67179123.49451412
67179123.49451412
67179123.49451412
67179123.49451412
67179123.49451412
67179123.49451412
67179123.49451412
67179123.49451412
67179123.49451412
67179123.49451412
67179123.49451412
67179123.49451412
67179123.49451412
67179123.49451412
67179123.49451412
67179123.49451412
171469.99999999997
171469.99999999997
171469.99999999997
171469.99999999997
171469.99999999997
171469.99999999997
171469.99999999997
171469.99999999997
171469.99999999997
171469.99999999997
174305.0
174305.0
174305.0
174305.0
174305.0
174305.0
174305.0
174305.0
174305.0
174305.0
174305.0
174305.0
174305.0
174305.0
174305.0
174305.0
174305.0
174305.0
174305.0
174305.0
67179123.49451412
67179123.49451412
67179123.49451412
67179123.49451412
67179123.49451412
67179123.49451412
67179123.49451412
67179123.49451412
67179123.49451412
67179123.49451412
67179123.49451412
67179123.49451412
67179123.49451412
67179123.49451412
67179123.49451412
67179123.49451412
67179123.49451412
67179123.49451412
2042653.7306513542
2042653.7306513542
2042653.7306513542
2042653.7306513542
29939867.564847484
29939867.564847484
29939867.564847484
29939867.564847484
2048323.730651355
2048323.730651355
2048323.730651355
2048323.730651355
2048323.730651355
2048323.730651355
2048323.730651355
2048323.730651355
2048323.730651355
2048323.730651355
2048323.730651355
2048323.730651355
2048323.730651355
2048323.730651355
2048323.730651355
2048323.730651355
2042653.7306513542
35412819442.24918
35412819442.24918
35412819442.24918
35412819442.24918
35412819442.24918
35412819442.24918
35412819442.24918
35412819442.24918
35412819442.24918
29939867.564847484
29939867.564847484
29939867.564847484
29939867.564847484
2048323.730651355
2048323.730651355
2048323.730651355
2048323.730651355
2048323.730651355
2048323.730651355
2048323.730651355
2048323.730651355
2048323.730651355
2048323.730651355
2048323.730651355
2048323.730651355
2048323.730651355
2048323.730651355
2048323.730651355
2048323.730651355
2048323.730651355
2048323.730651355
2048323.730651355
2048323.730651355
2048323.730651355
2048323.730651355
2048323.730651355
2048323.730651355
2048323.730651355
2048323.730651355
2048323.730651355
2048323.730651355
2048323.730651355
2048323.730651355
2048323.730651355
2048323.730651355
2048323.730651355
2048323.730651355
2048323.730651355
2048323.730651355
35412819442.24918
35412819442.24918
35412819442.24918
35412819442.24918
35412819442.24918
35412819442.24918
35412819442.24918
35412819442.24918
35412819442.24918
171470.0
171470.0
171470.0
171470.0
171470.0
171470.0
171470.0
171470.0
171470.0
171470.0
171470.0
171470.0
171470.0
171470.0
171470.0
171470.0
171470.0
171470.0
171470.0
171470.0
171470.0
171470.0
171470.0
171470.0
171470.0
171470.0
171470.0
171470.0
171470.0
171470.0
171470.0
171470.0
171470.0
171470.0
171470.0
171470.0
171470.0
171470.0
171470.0
171470.0
171470.0
171470.0
171470.0
171470.0
171470.0
171470.0
171470.0
171470.0
171470.0
171470.0
171470.0
171470.0
171470.0
171470.0
2042653.7306513542
2042653.7306513542
2042653.7306513542
2042653.7306513542
2042653.7306513542
29939867.564847484
29939867.564847484
29939867.564847484
29939867.564847484
29939867.564847484
29939867.564847484
29939867.564847484
29939867.564847484
29939867.564847484
29939867.564847484
29939867.564847484
29939867.564847484
29939867.564847484
29939867.564847484
29939867.564847484
29939867.564847484
29939867.564847484
29939867.564847484
29939867.564847484
29939867.564847484
29939867.564847484
29939867.564847484
29939867.564847484
29939867.564847484
29939867.564847484
29939867.564847484
29939867.564847484
29939867.564847484
2048323.730651355
2048323.730651355
2048323.730651355
2048323.730651355
2048323.730651355
2048323.730651355
2048323.730651355
2048323.730651355
2048323.730651355
2048323.730651355
2048323.730651355
2048323.730651355
2048323.730651355
2048323.730651355
2048323.730651355
2048323.730651355
2048323.730651355
2048323.730651355
2048323.730651355
2048323.730651355
2048323.730651355
2048323.730651355
2048323.730651355
2048323.730651355
2048323.730651355
2048323.730651355
2048323.730651355
2048323.730651355
2048323.730651355
29939867.564847484
29939867.564847484
29939867.564847484
29939867.564847484
29939867.564847484
29939867.564847484
29939867.564847484
29939867.564847484
29939867.564847484
29939867.564847484
29939867.564847484
29939867.564847484
29939867.564847484
29939867.564847484
29939867.564847484
29939867.564847484
29939867.564847484
29939867.564847484
29939867.564847484
29939867.564847484
29939867.564847484
29939867.564847484
29939867.564847484
29939867.564847484
29939867.564847484
29939867.564847484
29939867.564847484
29939867.564847484
113366.53162462536
113366.53162462536
113366.53162462536
113366.53162462536
113366.53162462536
113366.53162462536
113366.53162462536
113366.53162462536
113366.53162462536
113366.53162462536
113366.53162462536
113366.53162462536
113366.53162462536
113366.53162462536
113366.53162462536
148357.39231601733
148357.39231601733
148357.39231601733
148357.39231601733
148357.39231601733
148357.39231601733
148357.39231601733
148357.39231601733
113366.53162462536
113366.53162462536
113366.53162462536
113366.53162462536
113366.53162462536
113366.53162462536
113366.53162462536
113366.53162462536
113366.53162462536
113366.53162462536
113366.53162462536
113366.53162462536
113366.53162462536
113366.53162462536
148357.39231601733
148357.39231601733
148357.39231601733
148357.39231601733
148357.39231601733
148357.39231601733
148357.39231601733
148357.39231601733
148357.39231601733
148357.39231601733
148357.39231601733
81140714.27454525
81140714.27454525
81140714.27454525
81140714.27454525
113366.53162462536
113366.53162462536
4510222.776334078
4510222.776334078
55659418081.92054
55659418081.92054
4510222.776334078
4510222.776334078
4510222.776334078
4510222.776334078
4510222.776334078
4510222.776334078
4510222.776334078
4510222.776334078
4510222.776334078
12532305.212602984
12532305.212602984
12532305.212602984
12532305.212602984
12532305.212602984
12532305.212602984
12532305.212602984
12532305.212602984
12532305.212602984
12532305.212602984
55659418081.92054
55659418081.92054
4510222.776334078
4510222.776334078
4510222.776334078
4510222.776334078
4510222.776334078
4510222.776334078
4510222.776334078
4510222.776334078
4510222.776334078
4510222.776334078
12532305.212602984
12532305.212602984
12532305.212602984
12532305.212602984
12532305.212602984
12532305.212602984
12532305.212602984
12532305.212602984
12532305.212602984
12532305.212602984
303187.0
303187.0
303187.0
303187.0
303187.0
303187.0
303187.0
303187.0
67575376.49137047
67575376.49137047
67575376.49137047
67575376.49137047
67575376.49137047
67575376.49137047
67575376.49137047
67575376.49137047
67575376.49137047
67575376.49137047
303187.0
303187.0
303187.0
303187.0
303187.0
303187.0
303187.0
303187.0
303187.0
303187.0
303187.0
303187.0
303187.0
303187.0
303187.0
303187.0
303187.0
303187.0
303187.0
303187.0
303187.0
303187.0
303187.0
303187.0
303187.0
303187.0
303187.0
303187.0
303187.0
67575376.49137047
67575376.49137047
67575376.49137047
67575376.49137047
67575376.49137047
67575376.49137047
67575376.49137047
67575376.49137047
67575376.49137047
67575376.49137047
67575376.49137047
4363316.0
4363316.0
301887.1781655844
301887.1781655844
301887.1781655844
301887.1781655844
301887.1781655844
67575376.49137047
67575376.49137047
67575376.49137047
67575376.49137047
67575376.49137047
67575376.49137047
67575376.49137047
67575376.49137047
67575376.49137047
67575376.49137047
67575376.49137047
67575376.49137047
67575376.49137047
67575376.49137047
67575376.49137047
67575376.49137047
67575376.49137047
67575376.49137047
67575376.49137047
67575376.49137047
301887.1781655844
301887.1781655844
301887.1781655844
301887.1781655844
301887.1781655844
301887.1781655844
301887.1781655844
301887.1781655844
301887.1781655844
67575376.49137047
2285408.6476259157
2285408.6476259157
2285408.6476259157
2285408.6476259157
2285408.6476259157
2285408.6476259157
2285408.6476259157
2285408.6476259157
2285408.6476259157
2285408.6476259157
2285408.6476259157
2285408.6476259157
29675733145.67317
29675733145.67317
29675733145.67317
29675733145.67317
29675733145.67317
2285408.6476259157
2285408.6476259157
2285408.6476259157
2285408.6476259157
2285408.6476259157
2285408.6476259157
2285408.6476259157
2285408.6476259157
2285408.6476259157
2285408.6476259157
2285408.6476259157
2285408.6476259157
2285408.6476259157
2285408.6476259157
2285408.6476259157
2285408.6476259157
2285408.6476259157
2285408.6476259157
2285408.6476259157
2285408.6476259157
2285408.6476259157
2285408.6476259157
2285408.6476259157
2285408.6476259157
2285408.6476259157
2285408.6476259157
2285408.6476259157
2285408.6476259157
2285408.6476259157
2285408.6476259157
2285408.6476259157
29675733145.67317
29675733145.67317
29675733145.67317
29675733145.67317
29675733145.67317
281859.0
281859.0
281859.0
281859.0
281859.0
281859.0
281859.0
281859.0
281859.0
281859.0
281859.0
281859.0
281859.0
281859.0
281859.0
281859.0
281859.0
281859.0
281859.0
281859.0
281859.0
281859.0
281859.0
281859.0
281859.0
281859.0
281859.0
281859.0
281859.0
281859.0
281859.0
281859.0
281859.0
281859.0
281859.0
281859.0
281859.0
281859.0
281859.0
281859.0
281859.0
30860383.316186894
30860383.316186894
30860383.316186894
30860383.316186894
30860383.316186894
30860383.316186894
30860383.316186894
30860383.316186894
30860383.316186894
30860383.316186894
30860383.316186894
30860383.316186894
30860383.316186894
30860383.316186894
30860383.316186894
30860383.316186894
2285408.6476259157
2285408.6476259157
2285408.6476259157
2285408.6476259157
2285408.6476259157
2285408.6476259157
2285408.6476259157
2285408.6476259157
2285408.6476259157
2285408.6476259157
2285408.6476259157
2285408.6476259157
2285408.6476259157
2285408.6476259157
2285408.6476259157
2285408.6476259157
2285408.6476259157
2285408.6476259157
2285408.6476259157
2285408.6476259157
2285408.6476259157
2285408.6476259157
2285408.6476259157
2285408.6476259157
2285408.6476259157
30860383.316186894
30860383.316186894
30860383.316186894
30860383.316186894
30860383.316186894
30860383.316186894
30860383.316186894
30860383.316186894
30860383.316186894
30860383.316186894
30860383.316186894
30860383.316186894
30860383.316186894
30860383.316186894
11102.0
11102.0
11102.0
11102.0
11102.0
11102.0
11102.0
11102.0
11102.0
11102.0
11102.0
11102.0
11102.0
11102.0
11102.0
11102.0
11102.0
11102.0
11102.0
11102.0
11102.0
11102.0
11102.0
11102.0
11102.0
11102.0
11102.0
11102.0
11102.0
11102.0
11102.0
11102.0
11102.0
11102.0
11102.0
11102.0
11102.0
11102.0
11102.0
11102.0
11102.0
11102.0
11102.0
11102.0
11102.0
11102.0
11102.0
11102.0
11102.0
11102.0
11102.0
11102.0
11102.0
11102.0
11102.0
11102.0
303177.50256717467
303177.50256717467
610997.0843885707
610997.0843885707
610997.0843885707
610997.0843885707
610997.0843885707
7611298.157069288
7611298.157069288
303177.50256717467
303177.50256717467
303177.50256717467
303177.50256717467
303177.50256717467
303177.50256717467
303177.50256717467
303177.50256717467
303177.50256717467
303177.50256717467
610997.0843885707
610997.0843885707
610997.0843885707
610997.0843885707
610997.0843885707
610997.0843885707
610997.0843885707
610997.0843885707
610997.0843885707
610997.0843885707
610997.0843885707
610997.0843885707
610997.0843885707
610997.0843885707
610997.0843885707
7611298.157069288
7611298.157069288
303177.50256717467
303177.50256717467
303177.50256717467
303177.50256717467
303177.50256717467
303177.50256717467
303177.50256717467
303177.50256717467
303177.50256717467
303177.50256717467
303177.50256717467
610997.0843885707
610997.0843885707
610997.0843885707
610997.0843885707
610997.0843885707
610997.0843885707
610997.0843885707
610997.0843885707
610997.0843885707
610997.0843885707
610997.0843885707
610997.0843885707
610997.0843885707
596.0
596.0
596.0
596.0
596.0
596.0
596.0
596.0
424352.0
424352.0
424352.0
424352.0
424352.0
424352.0
424352.0
90584.0
90584.0
90584.0
90584.0
90584.0
90584.0
90584.0
90584.0
90584.0
90584.0
90584.0
90584.0
90584.0
90584.0
90584.0
90584.0
90584.0
90584.0
90584.0
90584.0
90584.0
90584.0
90584.0
90584.0
90584.0
90584.0
90584.0
90584.0
90584.0
90584.0
90584.0
90584.0
90584.0
90584.0
90584.0
90584.0
90584.0
90584.0
90584.0
90584.0
90584.0
90584.0
90584.0
90584.0
90584.0
90584.0
90584.0
90584.0
90584.0
90584.0
90584.0
90584.0
90584.0
90584.0
90584.0
90584.0
90584.0
90584.0
90584.0
90584.0
90584.0
90584.0
90584.0
90584.0
90584.0
90584.0
90584.0
90584.0
90584.0
90584.0
90584.0
328064.0
328064.0
328064.0
328064.0
328064.0
328064.0
328064.0
328064.0
328064.0
328064.0
328064.0
328064.0
328064.0
328064.0
328064.0
328064.0
328064.0
328064.0
328064.0
6932980.089179966
6932980.089179966
6932980.089179966
328064.0
328064.0
328064.0
6932980.089179966
6932980.089179966
6932980.089179966
6932980.089179966
6932980.089179966
6932980.089179966
6932980.089179966
6932980.089179966
6932980.089179966
6932980.089179966
6932980.089179966
6932980.089179966
6932980.089179966
6932980.089179966
6932980.089179966
6932980.089179966
6932980.089179966
34788.999999999985
328064.0
328064.0
328064.0
328064.0
328064.0
328064.0
328064.0
328064.0
328064.0
328064.0
328064.0
328064.0
328064.0
328064.0
328064.0
328064.0
328064.0
328064.0
328064.0
328064.0
328064.0
328064.0
328064.0
328064.0
328064.0
328064.0
328064.0
328064.0
328064.0
328064.0
328064.0
328064.0
328064.0
6932980.089179966
6932980.089179966
6932980.089179966
6932980.089179966
6932980.089179966
6932980.089179966
6932980.089179966
6932980.089179966
6932980.089179966
6932980.089179966
6932980.089179966
6932980.089179966
6932980.089179966
6932980.089179966
6932980.089179966
328064.0
328064.0
328064.0
328064.0
328064.0
328064.0
328064.0
328064.0
328064.0
328064.0
6932980.089179966
6932980.089179966
6932980.089179966
6932980.089179966
6932980.089179966
6932980.089179966
34789.0
34789.0
34789.0
34789.0
34789.0
34789.0
34789.0
34789.0
34789.0
34789.0
34789.0
34789.0
34789.0
34789.0
34789.0
34789.0
34789.0
34789.0
34789.0
34789.0
34789.0
34789.0
34789.0
34789.0
34789.0
34789.0
34789.0
34789.0
34789.0
34789.0
34789.0
34789.0
34789.0
34789.0
34789.0
34789.0
34789.0
34789.0
34789.0
34789.0
34789.0
34789.0
34789.0
34789.0
34789.0
