17145488.31056644
3651667.446575424
12146232.119523266
3736058.106237554
17905849.31023903
12069138.047324508
17956756.412433133
12295909.0
12278992.135120235
12153200.458171964
12295909.0
17765511.961836625
17444828.07929445
17669466.5406736
17374110.063298117
17757542.3931635
17931858.999999996
17928786.492286056
12247364.928229764
17931858.999999996
3745755.69801037
17931858.999999996
12247364.928229764
12392111.0
3793509.9999999995
1477176.0
18122741.0
3613412.0
14033.897242355422
3613412.0
3613412.0
3385549.0515272934
3554136.9921921957
3613412.0
1046361.1231617529
3613412.0
15153316947.9283
395149676.4429977
80445415605.2211
77636736352.85529
78930385484.83502
15523850442.878643
79386640191.35297
80323297775.99998
21919294890.49679
125020610.99999997
49159296622.72396
50642760040.0
7412169351.043727
1796947.9239649454
90528.98988411372
1717812.294860706
1956734.0
1956594.317186797
1907566.5259012352
1796947.9239649454
1810811.6938422355
1796947.9239649454
1956734.0
1795251.1593050647
90362.37905244305
1584989.699510542
1742941.5672321133
1806973.1692546583
1907566.5259012352
1584701.0700222705
1810811.6938422355
1624476.1864462383
1956734.0
1795251.1593050647
1584989.699510542
1907566.5259012352
1624476.1864462383
61086428.732750714
33809403.15391498
69742105.64111114
31609923.803566527
61086428.732750714
1535219.7433916784
33809403.15391498
33513497.362435468
2218606.1428571427
69742105.64111114
28361868.528236758
55732115.60364194
31609923.803566527
72322854.0
1796947.9239649454
1717812.294860706
1907566.5259012352
1796947.9239649454
61089965.865206495
62421290.92958373
69742105.64111114
66298681.5161969
61089965.865206495
1605577.2476229495
62421290.92958373
65985562.73966883
2293323.0
69742105.64111114
66266593.281692326
55732115.60364194
66298681.5161969
72322854.0
1738691.3540979791
14030.80812976875
1401640.3880956653
1296923.8012217889
2831501.5333381845
3043364.40584571
2990953.9474364496
1046361.1231617529
3595034.781564631
3613412.0
697960.3473122863
932180.0
901165.3685197106
691886.0211150683
648161.8589789516
923946.6197636985
906620.127978743
2695395337332.043
4345136539118.7114
5925661031183.097
6052942405907.673
164459252964.06848
1738691.3540979791
1401640.3880956653
3043364.40584571
3595034.781564631
697949.0864215491
929839.7270510999
900947.8389292413
691886.0211150683
648161.8589789516
923946.6197636985
906620.127978743
2530524537.643365
7355176665.780293
11501882928.613554
6343757.540281767
164459252964.06848
16628814.811141437
11845610.953448178
20635530.564761773
22485969.734311666
4327449.798471555
7029781.823694482
4424411.0
4619556.127399903
4552030.578147198
6355512.68437859
6905816.127978743
16628814.811141437
111518.87220195855
11845610.953448178
10636796.550969906
278640.5714285714
20635530.564761773
17210934.044937376
4707618.483243059
22485969.734311666
24744203.0
4327461.059362292
7058546.0
4424411.0
4619556.127399903
4552030.578147198
6355512.68437859
6905816.127978743
18388597.96375494
19073748.955984667
19354359.38586497
19358120.299829934
483892681.50756526
395149676.4429977
173991058.36952862
220261203.07979485
80198727.34279142
106322830.2241291
213105847.96110415
103447748.63971494
57662779.214329846
1147775.9867024077
1023732.0
50642760040.0
27936653.088888884
22676959.56797097
24733935.5
24372419.64249244
24785626.0
1038390285.6640041
219805729.57969946
897761639623.0676
23595401895.999992
22676959.56797097
112791.72792987431
24733935.5
22676959.56797097
283071.0
24372419.64249244
24744203.0
4707618.483243059
24744203.0
24785626.0
181628.58682812157
197591.0
172959.86696411314
197591.0
197591.0
192045.40028362986
181628.58682812157
181628.58682812157
197591.0
184549.0
134127.21150139597
75118.52501356753
181375.59202893495
192812.33333333334
159708.65805250374
175113.63610415428
183860.87189440994
192045.40028362986
160714.3030629552
165776.15578463828
197591.0
197591.0
140359.6789256069
135094.05799569917
170107.8185065778
27588.176453499094
195228.0
181375.59202893495
159708.65805250374
192045.40028362986
165776.15578463828
140359.6789256069
135094.05799569917
170102.8185065778
27588.176453499094
195223.0
5130719.837736956
5130712.052256997
768896.7674474724
5481376.1938395435
3094026.394250528
6136271.453024332
2926987.1064228257
1648664.737745716
1510981.6222738859
5121195.181231795
241904.69542773935
6041526.0
5481376.1938395435
4973317.333333333
3094026.394250528
2971940.904143472
234699.42857142858
6136271.453024332
2523267.889072677
2926987.1064228257
5942937.0
6352828.0
1648664.737745716
1510981.6222738859
5121655.181231795
241904.69542773935
6041986.0
18384396.654556178
19069395.763554666
19349689.670492478
19353528.784586813
5481812.607494574
5499491.775231725
6136271.453024332
5837960.401707874
5481812.607494574
6360869.0
5499491.775231725
5928149.744859438
241893.0
6136271.453024332
5833949.372394802
5837960.401707874
6352828.0
5942937.0
223157.45455756428
841088.6666666667
160076.84931958426
146719.95065867557
452803.5746218433
496749.46548396617
475953.6879297033
824070.7048300052
842540.0
842540.0
5015774.494595369
4778445.815559526
5035734.389346529
4446739.025398911
5067349.547052533
5039999.196288399
4827817.980849045
5072626.469210068
5095226.596474793
4050091.5860555503
5057260.213103762
4637181.758937579
5059487.420236867
339921.4259475174
5130728.0
3548326956.5017834
458072761.57285964
3419778189.1567254
1008710625.0762141
1123731378.673917
31949359.31988906
84349323.79843326
12672891.328447813
8747301.739074416
10171608.51571685
15486669.896071892
5015774.494595369
668941.7305452717
1063541.1151396886
3685158.894226183
639258.8084487392
3482640.9913623375
1277867.1755868006
4050091.5860555503
5057260.213103762
4637181.758937579
586706.5228241913
1392170.285522683
217792126.88906345
12123830.758962402
56278668.17526222
33532028.868618924
452504.2096509839
31949359.31988906
1093261.1506003528
5067349.547052533
5072626.469210068
295090.6751644003
1968051.0771054253
1253564.8493239323
2829951.2441817406
4713616.903161715
736816.0
513575.52525843517
898459.3905966654
458975.0
545212.1702718182
597094.518171983
699372.5446306104
30716.61418263161
835841.6715900593
788518.8751985829
724930.0
906826.0
29338489617.793884
175234839.50738546
1968051.0771054253
4971948.666666667
1253564.8493239323
1111730.4447305023
30407.714285714286
2829951.2441817406
2293268.4401943847
4713616.903161715
644574.0
5047162.0
736816.0
513576.27598448435
907470.0
458975.0
545212.1702718182
597094.518171983
700491.2133803423
30716.61418263161
835841.6715900593
788518.8751985829
724930.0
907470.0
750210247335.8644
23268379802.241745
17145488.31056644
3651667.446575423
849979.7176482595
2479414.1544034807
12069138.047324508
1707637.8589676209
12278992.135120235
12153200.458171964
1535737.2690566892
1878608.0896932897
1068621.3101364067
1393100.0611683547
1527036.951271709
1204593.5414340873
3028319.64088145
1059634.3994012454
600059.3613180987
3379302.5115624703
12247364.928229764
4923484.804140694
141629.0
1645295.8000542223
12392111.0
87252.35732250015
124426.82222222222
18122741.0
18386978.868394103
19071689.724921763
19351602.387327526
19356608.0753471
650937994.0162846
121808191.69901113
630876652.379426
19015965.207831632
9007938.422592744
7339009.560456016
4974181.286603675
40165825.227868356
148688700.66680342
3126316172.9999995
4010053.338645676
5134159.0
5027965.5
4010053.338645676
32583.0
5047162.0
5047162.0
5047162.0
644574.0
5134159.0
650937994.0162848
697861235.0527784
717309392.4914032
105384399.71888834
105866487.5492584
726277267.9999999
16253244.583952948
4915987.825192995
1030922.1682986442
1013504.0385491347
5116801.139069399
16390996.733775696
7533847.785230602
4784683.347569418
16394103.0
7767235.0
16089442.762133626
16000079.765119746
5049781.278395928
16373554.639493246
16413643.088949414
16470328.789888756
16538904.0
16538904.0
7370206.324972955
33907.0
5151754.0
1032826.0
16635699.0
5899179231.836566
2093311435.5966403
4544039058.512795
102312201.25797875
1190763010113.6323
10024460412.421593
1664216798848.7678
559155505849.2186
12664876756.053968
362064986.9148794
6042115207.664041
781692062.6847333
1235280225.136897
249926193.09554803
818191286.5378947
34374317.77294112
345088000.80295885
2096258910.307039
2638988027.4790406
9677230264.332457
12827302175.024706
137241835.40953547
908735089.9933368
3428245.098348926
4534028.215145667
2943031.920258292
4439733.158448796
4206262.593017813
4400384.535666317
3185278.0417153575
744032238.5172621
36877105.939706296
8093033.3455546135
4694814788.058677
38454542.85161641
543151.7952541086
27678655.642839663
21387847.53351608
34374317.77294112
657874.0194996987
1061078.1024550209
2556402.1898158826
584028.6635117718
636340.7338783841
4400384.535666317
3185278.0417153575
165473074.2963103
27938136.32142107
75057890.12393299
37081731.831825234
9677230264.332457
11216401845.284338
90542024.86588816
789236755.548684
1128808.4616408176
1325909.0806108764
282259.0
369865.0166957781
1227273.3570550382
1246421.924240496
1303279.2708206268
1185595853926.922
4172855874.135569
1152103.2044172473
1373654.0
282259.0
369865.0166957781
1230734.0
1246421.924240496
1303279.2708206268
1656246485653.7036
69692675051.96715
1785325.557706823
1013504.0385491347
1491092.7878658278
6295746.739376262
1642559.0505773814
1055697.08624541
1145050.8385044197
138232.0
1960193.5034841546
588315.805454744
7752.980385184446
1396514.554851761
1347016.5010564176
1154655.3272409437
16635699.0
1775832.4020166548
310899.75428407453
76076.29485533183
1288521.359060947
1622364.772895111
927136.0888888887
1108760.951178959
16538904.0
14895183.890831567
947568.5814814814
14976730.502660615
16635699.0
1221524239.7448208
77755641.22774537
3264095.332258759
1060361.3395697812
4079577.3728155745
2198102.2575243544
81181320.64485471
3269411133.999999
127851447.57802556
6791333.0
93505691.74854724
695513678.7891188
1620199835.9464383
3172533877.849342
691686697.1836443
3269411133.9999995
466700.23381526733
4367351.751927036
99730.65878669606
4879241.579217244
4526708.424906391
4705182.875414918
4844916.678268369
4646147.843247716
3442957.8396813557
3472181.8896898725
2263784.0125268647
4913782.0
4705182.875414918
4359342.302391541
1272292.2421585205
2638053.2455544407
1047345.8750242651
2263784.0125268647
1389253.9339675165
144137.14036607515
4367351.751927036
88652.66657501359
728686.6108680498
4526708.424906391
86298.96637712396
321446.7571016472
77751.11521268112
101955.0
370993.0
500578945.44427735
52286328.13608722
86298.96637712396
321538.7571016472
77751.11521268112
101955.0
371085.0
637063358.5827017
541754286.9839455
1537006.2924749467
4832224.341619567
4776330.0829511145
4722750.613665562
4610933.005820874
435257.54884692346
182740.40767218833
4849318.761477575
4849318.761477575
596417.9193848593
71495.37461945602
1544235.5521165428
572900.2538932626
1574720.4847634472
4864810.0
1782831.7161700202
407495.58438599756
1447534.6941183498
1448056.1028114804
1525950.723769803
1303681.6509601653
1422615.0194069569
1396078.5124555351
440307.22300226934
448026.8865516388
405321.1701293487
563910.3610083661
439805.0233789594
1438583.463743318
354315.64781670005
1573359.5314689423
4773666.493421758
2184933.5290166433
126960.33978904963
23966.225154751573
553751.7052870541
34846.840785694156
3597647.5445176554
4877623.993674476
4917747.436417133
4885843.540228455
1466164.3972568645
4918165.0
430577.47280601924
431336.60399370466
433364.0
434856.0
230903.79941600544
431336.6039937046
273476.70158730156
434856.0
75377680.76237305
3090410.7105849017
76326699.0
75377680.76237307
4846175.227686703
76326699.0
2010435.445079654
4722750.613665562
3681642.4673619666
241496.11002500728
86649.82701742042
4374745.76612935
1544235.5521165428
189150.85347217007
684811.8798466692
358556.9083761833
585500.0213514804
741470.1650237094
406805.15021104435
1422615.0194069569
221705.82407655055
195312.31699269923
53044.094917908886
439805.0233789594
408859.35519797145
354315.64781670005
867707.5397874692
2184933.5290166433
35766.54486104856
23966.225154751573
449555.01462318236
4877623.993674476
1353416.2359313588
1177571.3711509875
4849318.761477575
253738.38384835096
23749.667550986684
1869318.1275295073
771044.6606666796
1448056.1028114804
547939.7225036541
422178.73837647744
702116.7094484034
30851.551458859733
3597647.5445176554
1822048.4927894433
4639322.891571604
1466164.3972568645
4918165.0
5015412.3969282
639785.0076558456
1061761.3567538492
2550911.945123573
1273242.6455917582
636272.526216189
4477619.088586379
3739953.82750852
584037.5462162731
2093149.8910354194
2632584.7956108483
1391770.9339675165
1255966.3493381725
4667382.458658011
5130328.0
374272059.34849226
81151659.37830956
336704367.48862404
137866563.02053088
498214173.49299103
24218557.121774968
2119285.524270416
645221561.1631534
6205099.198846387
655269353.0
5015412.3969282
3844998.050093624
4679938.8115969235
3016485.536150823
4709656.915220557
4376245.929810206
4477619.088586379
3739953.82750852
4584679.956578695
2093149.8910354194
3467110.2029194585
5130328.0
3458384.4316154015
4667382.458658011
5130328.0
609697668.8365692
249675426.62292197
336704367.48862404
619021673.4450437
645221561.1631536
633885148.7354866
29697197.049180325
81715297.21550545
23183265.92610263
655269353.0
75934.01199112894
77583.67624240447
73784.51945017127
77832.24632086557
73695.40796494974
71092.21212578702
70761.37868358975
78348.05250682085
69350.6775785254
77733.41531197872
78519.0
63762.600000000006
69183.66666666666
78118.70656088577
78519.0
67961.71580819816
77399.60330128612
69396.78136374927
64651.59343101848
66979.48362720589
71752.89874580802
69948.27111703862
76891.7369529901
66811.23490290577
72788.89952984871
77346.58993985486
79517.39790490968
70826.0
64317.91944252109
68936.7672245586
67521.29319589291
72314.0
63140.806400178444
73544.0
33381.0
70826.0
79851.0
58541.66642620645
72733.33333333333
79851.0
69823.90828917467
56828.22491932905
79851.0
79851.0
69045.01606150033
52456.269362908424
8874.855994769843
78519.0
69363.49013450037
63196.685030798566
73671.13937665606
70013.01062002139
69920.58888888889
79517.39790490968
66092.08176388299
79517.39790490968
77461.919772186
67105.0000264401
79851.0
74565.00927536719
79851.0
79851.0
79851.0
1496474.9112619013
1037560.7324367649
1301619.680124668
1435807.9512778786
719513.7186556756
45768.21483303937
1531662.3510569194
776221.0
870166.9999999998
27250.081967213115
313692.88412486226
34914.71941421041
1600337.0
27393.086904993957
445387.1952089579
224157.0583727555
152826.33657831073
737962.1271573047
1600337.0
1592910.9999999995
42457.65793024354
1600337.0
63304.83529428889
1600337.0
1496474.9112619013
1572016.213635455
1520136.9948673628
1562745.8119509644
1592480.019840732
1592911.0
1564756.7202372523
63678.03734061931
1564756.7202372523
63664.5085887232
47702.2131147541
63955.74604795799
1572078.1788907114
1600337.0
713816.8099230537
917738.0
393348.74061559467
915592.5667868453
917738.0
917093.5654712501
530150.4971728215
655505.9668372852
917738.0
915251.9862297721
713799.4413240255
915912.6598986866
916602.8812332156
711711.1563823931
14033.897242355422
725673.7762633765
928228.7566627094
928247.4706617072
675123.057101999
619449.6369050726
932180.0
261070770.11356762
259387634.58410513
61876930.035682425
262548053.99999994
262548053.99999994
4059651.8031575307
167111671.7496951
62271871.0
240681716.51790944
85716712.1145697
438473.99999999994
165407415.9094073
4125412.0
169562472.0
22589876.60423422
22566462.750735473
59951400.74679779
264198671.84495696
60785653.9360808
4240450.789751752
4374577.0
266326181.99999997
1344624.0
1022150.2046737871
1315252.7499118836
1294398.463999418
1303816.7378437216
1297757.423041169
1207631.9420697726
1247584.5306190448
1138333.4944104427
1065068.668451761
1209843.3311867754
1345651.089820553
1259475.624008446
1130196.352889583
1767779.6743933454
1767779.6743933454
1919404.0
1919404.0
1838027.149212407
90528.98988411372
1684529.6853481778
1756013.1619459614
1796169.9043529974
1776643.6743933454
1928288.0
1247584.5306190448
1138333.4944104427
1209843.3311867754
1130196.352889583
1335068.018688643
584636.4249097244
625709.428563999
1168897.1716524067
1268995.634759192
1297757.423041169
1090835.1818731227
1048914.529589653
1259475.624008446
1766227.8978697683
1767779.6743933454
1720587.5672321133
1784619.1692546583
1838027.149212407
90362.37905244305
1561264.9195479741
1555599.604314071
1796169.9043529974
1609479.5771266718
1928288.0
499327.1981029949
625709.428563999
1017529.6272959884
1256835.4474299825
1673549.1226720705
1029330.662600607
1615874.4539679084
1464578.1476144365
1570643.8650724387
1297757.423041169
1259470.310471284
47458252.45911589
40677043.14463933
29218883.270957444
29312669.231582027
584636.4249097244
625709.428563999
1174477.6804160923
1273079.1601016917
13933239.792192237
11991367.33492774
12578169.833710413
11187675.921603117
12954288.194547808
11686025.48446286
584636.4249097244
625709.428563999
1174477.6804160923
1273079.1601016917
12381257.558493998
13933239.792192237
7677803.440376815
10670885.325243754
11991856.180346655
60162810.32949412
32316981.362435468
2218606.1428571427
59678312.88513251
1535219.7433916784
32584882.653166752
26962396.168301594
54941458.971223086
30800353.40030993
67874782.0
813245.1710623346
1285655.7014782685
1076014.4640643988
1285603.4540542343
1675083.7046507732
1029330.662600607
1615874.4539679084
1534314.1011298294
1692151.4423597956
1025325.9650165896
1324755.9630983528
1311510.0249825476
1310933.0048930133
47460207.69344321
40677043.14463933
41270648.61153779
49370602.58995886
1025564.1762756185
1324755.9630983528
1311524.4028550899
1310933.0048930133
14233948.0
13933239.792192237
13282907.352532836
12578169.833710413
11187675.921603117
10687289.482532194
12954288.194547808
14372152.215627596
11991856.180346655
11686025.48446286
60166347.4619499
64789046.73966883
2293323.0
59678312.88513251
1605577.2476229495
57186711.98549663
59965960.45824263
54941458.971223086
63251742.72228107
67874782.0
711711.1563823931
725673.7762633765
928228.7566627094
932180.0
683110.1719859375
875526.2045783671
171262.38250401398
319777.8979918527
656806.137061476
917093.5654712501
408238.9508677332
644588.5868120687
579704.4031307726
873018.1718838357
692539.5431962888
915912.6598986866
598091.3457167083
14030.80812976875
536054.2726578822
501289.7990940395
550395.245717588
691424.5063456574
642862.1890931698
675123.057101999
597787.850301127
883991.1890272112
601513.4277811805
898847.7540681732
612190.724704278
932180.0
925610.3746193446
932180.0
17924429205.878662
15570493045.29873
18640718780.291374
546259334.7989331
5732519517.099115
15337890646.780611
820880033.8728268
8272460515.378496
102228.11779355825
305258.34254412726
583783.2764371429
310691.3176955021
270445.3870885391
596958.4887297018
600791.874900785
449636.36225175695
807813.9227858828
669597.6219856284
915912.6598986866
501741.05203292164
619879.7409429033
597388.1824240419
883556.4439284189
596240.320089635
887843.3165143454
609190.0208892167
125034387.19147293
134988370.99178576
382719.0146992017
546259334.7989331
778947610.3252661
14087219.555905677
820880033.8728268
35516218.6054478
4544872.732641057
3822427.5148332147
3243902.4618194485
4857945.502393164
200757.89486151445
420850.7571591493
601893.6592579405
988714.110703531
4276889.757246757
6773649.953383591
3553082.655094745
4159765.888650262
4686626.72369988
5618402.571125554
3971686.7030674345
6711008.094263373
5936962.909993071
7827873391.339904
132688971.66559482
120738116330.4815
5198788.527378049
5462102.219694451
5462102.219694451
7045615.520247816
7058032.0
7058032.0
200757.89486151445
420850.7571591493
601893.6592579405
988714.110703531
4454373.908724317
5736663.373471196
6086414.298738526
4617578.011601238
278640.5714285714
5114544.1657531075
6773649.953383591
3609038.175939972
111518.87220195855
3748276.7764359154
4017085.6115408908
5001384.6452661045
4315891.681951489
4438627.464159888
4152484.966419545
4690941.664771541
5630742.167553277
4004408.969609962
6857681.57430796
5952858.465106623
6018199.363571657
7058032.0
83002555919.73291
249492553331.09082
120738116330.4815
220603.629956198
798394.9209790968
799172.2926878749
310691.3176955021
330548.3930373624
605096.7863747089
619466.3764784266
628671.8226385799
810399.1413680065
4764577.46605168
3817042.109737321
3189412.496855022
2546476.637053284
3274861.094437858
4059651.8031575307
9696098.228160473
2517649.714285714
4056363.036803069
1312925.433600922
22148.597098449154
86716.0
169562472.0
3365903.3865730464
383898.9555555555
6659795.2392744785
3173475.8497981383
489721.9299542534
4374577.0
2184114.6409146497
598845.8028067807
4103740.3967160606
2386434.3953975635
4006084.303466174
5091428.7087031165
3921998.6904855063
4046153.0886578234
5258470.778144013
499826.19828839455
13897497.921228047
2216999.55679909
13736415.893557351
316738891.53362733
1083827962.757662
295787799.13687754
3772334.3591578584
27072887.23909889
228674129.82661265
1526218.000789289
561535488.2786884
15217603.720255522
4050993.632635653
480066.2186056246
3409478.799362611
856145.5643264656
1001402.3983784923
5239494.330951773
6758271.0
6751753.33226579
6751753.33226579
283071.0
5239476.962352744
6773649.953383591
6775778.758700023
5198788.527378049
112791.72792987431
5462102.219694451
5462102.219694451
5462102.219694451
5462102.219694451
5452155.0899910275
5462102.219694451
7045615.520247816
7043999.338477405
5095508.442479461
4152484.966419545
4835835.658451913
7058546.0
7058032.0
7058032.0
5245147.0
7058546.0
12045805024.625727
39250161188.203766
53070871629.05066
85855854.0
222786556.64397523
58905992107.944046
577621758.1564488
561535488.2786884
2758718422.041642
2758718422.041642
148958.0
128384.03380577752
145227.75682949182
147376.99560679798
148958.0
142792.42227872368
133542.42886929231
148958.0
137556.46611390167
126798.16465454752
119195.11139646742
142179.23178236256
134202.1468940476
125744.4032317311
149080.0
194570.24437296408
194544.0
179237.32637356044
179237.32637356044
170720.29886358225
194544.0
154136.4842629347
194544.0
186102.10211222153
170148.95422439586
170107.8185065778
178090.89218579145
191954.57578773936
30729.238127877572
176477.0753377873
169690.4634042883
179919.32637356044
195228.0
137556.46611390167
126798.16465454752
134202.1468940476
125744.4032317311
182299.0
126590.67113849032
20514.29148666948
148141.9628716284
64597.661186390396
73493.910295085
134188.17822837125
144932.25606837607
142792.42227872368
123971.11638960527
148958.0
117355.97725025733
142179.23178236256
194570.24437296408
179002.4550914117
179237.32637356044
127977.84431417836
173097.63610415428
181844.87189440994
186102.10211222153
157530.96388067413
170106.5788111871
157976.45598575758
188379.43821738515
26963.86349889115
135119.58912631648
164413.23675558678
195228.0
195228.0
9389.027434063622
11102.0
182104.04736024846
126512.93619004078
19957.070974211907
54270.000312332086
73493.910295085
117300.58916491483
143534.49471000218
172737.51136852344
113427.70923302509
168803.34097483236
150642.62645233647
161537.24900606333
142792.42227872368
142178.84913980897
194570.24437296408
127715.01741183831
170070.46735055442
26948.969026865445
135008.36531268284
195223.0
4581930.612262036
3958994.91983838
2716872.041332992
2735654.487036922
64597.661186390396
73493.910295085
135293.24420706875
145567.25606837607
1308975.4189974433
1267529.2960659484
1287878.3661916042
5118922.9324467555
223427.2798207946
1469538.792594036
6041526.0
1182118.0376833214
1056370.8433353617
1222998.0743028424
1095513.2005028378
64597.661186390396
73493.910295085
135293.24420706875
145567.25606837607
1199061.7893674115
1308975.4189974433
799491.5686014765
1342308.289644522
1008834.9453335927
1267564.4991808769
5397419.066270763
1294979.5774908497
2863490.904143472
234699.42857142858
5426880.505188289
2982458.7696448024
5121541.129255849
2395328.868717659
4806371.641485095
223860.028294405
1473055.939807582
2853397.9788540443
5845089.0
6041986.0
6041986.0
97955.33134761674
143063.97551970131
123342.49631052367
146486.3464091043
172971.84532114482
113427.70923302509
168803.34097483236
159520.9822533725
174365.37800873167
499088.4080296698
13896661.040540772
2216207.2438227427
13735586.328748029
4582317.591600551
3958994.91983838
4007251.187666235
4738309.648683583
129586.4014291208
146317.80761683366
150264.0
150264.0
1343401.0
1308975.4189974433
1250051.8392650425
1342308.289644522
1182118.0376833214
1056370.8433353617
1010681.8925556256
1267564.4991808769
1222998.0743028424
1095513.2005028378
1355881.0
5397855.479925794
5125363.568333059
5819699.744859438
241893.0
5426880.505188289
5126431.668949707
5121655.181231795
5383432.574376991
5755229.137611408
566611.5088021291
5632444.482933852
5620107.735066355
6041986.0
5845089.0
6041986.0
142322.0602760658
118803.0
92461.77939242116
118675.87929960561
110071.90394805037
27054.894022607066
42840.873116501934
83477.24288850182
144088.0
54273.54329865509
79385.06920390834
142267.01675213675
66559.43678492712
119796.19418369493
118686.30608464073
96021.66749093751
144088.0
77350.14263992055
144088.0
111019.43533478197
69334.61359021452
97356.35462168291
58720.25195450251
70906.47564637527
93920.65119116475
113302.25426386044
113403.67471653108
5832.72893910951
120041.32258416232
68870.05095109396
124071.02425892197
123952.91821445999
70375.78139417389
120460.96531708099
146580.0
145915.1966159816
146580.0
117632.99647108227
9507.940775787458
142813.0
146580.0
4119386.7638687203
3917349.5084569464
14793089.20145743
42664781.13279696
3935651.9127365113
15470458.356836801
10580471.721834447
43048961.166597016
4907179.636310786
165588.2888708415
42725352.96522369
11879383.323243564
467413.4390588576
13407825.505928248
1627059.5543843117
14188392.356463708
14802282.414613677
1885315.2143858438
16346289.183209881
61287797.00692028
12557.39225285843
41370.59873042945
76157.40903962214
51228.019895182035
36037.04155464564
126937.69673651157
86199.1172656317
54294.80321731293
51718.60782412376
129566.20889803157
145320.46215051413
160900.27781479212
77793.3661396771
166353.17988198236
118432.24981609898
160802.6391364673
166359.83760646364
75319.40986331139
106565.33870229291
110003.5985924237
160606.7806944698
122305.53910054726
103181.59085121039
151162.02867466692
134364.9697493146
67448.37859050142
159016.78926962646
9222.732963066834
166362.2077055691
119046.38043483117
543005.5631299674
3917349.5084569464
1265096.1798821343
2186173.511284786
3586199.5081462706
13045336.887322487
2397081.18861501
43048961.166597
32178.28683042113
165588.2888708415
966838.0530900814
33496.70233729421
2232040.8639879236
732920.7101582263
14188392.356463708
304957.9685615391
222157.15228287928
11412098.287021369
523818.7710886472
473133.55069556297
346313.6083337328
685262.4772169831
462760.97881064954
8401448.47288385
2091142.1486632244
11860549.241533272
473925.0053755568
563515.8649187587
452791.21985186776
874890.0
384818.8118330086
582142.7367340558
28778.68127927545
644963.2830663472
395588.80981344293
741825.2570276104
778061.2207676056
579276.4652531343
595476.7162559676
558650.7558071184
695099.8490350368
906467.0640059253
264353.19187712995
201505038.15273494
948077099.9351742
96501702.04445112
4087160.7496579112
292510095.4937656
8216114.7847362235
3641006560.5681415
1143310.4356685618
2341410930.3130617
48038.15298055512
57411.48170662468
129616.11202213279
810099.9383954905
514070.14961964596
659389.9862618374
563641.5071891384
660769.6914683102
459278.80583899486
457115.6228677409
30407.714285714286
589561.1144689615
874890.0
430601.4850017907
870042.5031075752
425270.6453537792
610453.0772394084
407424.748490902
546784.3522729769
499987.84575186204
675651.6213020916
28813.655380852753
646968.8477916508
401137.4456987748
781428.7498248635
780573.0113482861
582093.490750746
672312.2499527899
815590.7087091075
522852.0
559309.0935345562
695635.0
907357.0
907470.0
668785.4808638361
700491.2133803423
700491.2133803423
907357.0
907357.0
907357.0
8130912003.787848
1082007657.2438762
2875485073.4921584
102833394.48591062
2663654743.6803713
19834989.373715345
3641006560.5681415
190367693.9175846
4134312510.890492
84521.43739314773
73101.90844193127
71959.88734060328
41386.08485443139
168688.0
66947.3696863178
76130.07042415041
47629.39253818267
129746.05028374486
168688.0
89852.06662457698
168688.0
60655.877862752764
71763.27202158234
75778.32142857142
163953.7038700789
96510.99808253997
168687.15792706638
78940.46803602074
66208.03613751491
60117.921566921286
41970.916071974934
23239.554844747578
130511.56996677656
130511.56996677656
163925.8691447301
159220.30247657764
80386.57777777777
24152.341678660272
108153.67406809324
73367.19875184653
69868.57777991678
15904.0
58300.0
132682.0
72383.04318975627
68785.0
132682.0
13874.932391967286
4337.221598028906
4663.970762788494
2682.888888888889
171110.87910806772
92042.1842954691
64765.305181064396
39450.51570169728
82194.88899429992
150990.96665855916
66891.46141432002
82283.09969724788
71645.2252447804
171430.0
44725.0
171430.0
699616.1163976653
544006.0228693768
264353.19187712995
559783.470636612
721634.1041452187
2028031.239410897
826351.0492253521
496956.113391453
13503245.396756819
3909186.40549226
2180604.7580737285
12277875.334368685
13354761.223337978
1957200.9665473732
1928352.2973302999
863072.3821518549
3352532.0167514402
12489958.752961157
2160658.466666667
3486036.6140696164
218712.7594226199
1243280.0
134090.72765579523
1577315.1414498982
232988.28937432208
50550.810495113685
13531357.352658587
89890.132374583
39752.37946061112
9196516.665688105
1651491.7457105175
13711032.163934425
17568.826426919306
674561.9233228265
870886.0
674561.9233228265
870042.5031075752
870042.5031075752
870042.5031075752
32583.0
674561.9233228265
874890.0
874839.0
870042.5031075752
668785.4808638361
700491.2133803423
700491.2133803423
700491.2133803423
700491.2133803423
700491.2133803423
699256.6914741097
700491.2133803423
44024.19626157649
907470.0
907357.0
907357.0
907357.0
907357.0
907357.0
897926.0
522852.0
907470.0
13648965.09518176
13569434.033456542
10637988.514834093
13503245.39675682
10637988.514834093
10637988.514834093
13503245.39675682
13354935.058855433
13501567.356313447
10354719.829214824
13745252.999999998
3619106.790660058
13745252.999999998
13745252.999999998
3486036.6140696174
477925.38891864906
480111.6898743612
10719000.0
3645697.4590163934
3668829.0
81587.76257668303
579366.8004888658
13711032.163934425
613447.2005176226
613447.2005176226
13616530.224390177
13616530.224390177
13861766.999999998
80383.68655345221
87346.88270544528
87845.54901739431
89945.09907459574
89951.50003029671
79858.51926799145
86457.50494709902
70654.6532108985
84119.3438295249
87120.01090655487
84465.42322801077
78005.53310260057
75992.0768679681
72461.65581916267
89953.0
108041.30156243609
105484.43644233914
99165.99657754341
99713.90995347743
5493.943348259136
94977.57118421754
99165.99657754341
108054.0
80383.68655345221
84465.42322801077
78005.53310260057
75992.0768679681
85397.83017472274
48085.77384174316
89951.50003029671
71397.51656216347
86457.50494709902
28256.112803677148
84119.3438295249
77525.6247797658
69925.04516651377
89356.29608581829
99867.38664596273
105484.43644233914
99165.99657754341
99713.90995347743
5477.339839937532
87150.47528123124
98684.03337211489
89685.99836504445
87144.41306589184
95982.93975044164
108054.0
26425353.279929724
11378914.584773116
22090210.810597938
1946925.035671703
86457.50494709902
84118.28112209248
798254.5437965962
659299.3496188633
4507290335.122481
142727049.67749804
408507.5674123177
798254.5437965962
659397.1187026463
599549.7960270501
683831.0517563384
723923.4206161622
719407.7713307034
629296.1022068762
646311.1909448266
120347.14285714286
4202590.890035734
3142785.2376892143
77194.21946445531
1832830.3212890823
3475015.2355207936
1715244.0993818499
1513861.8770457471
1830532.5706162537
4343267.0
6073232150.033085
2162216984.132228
723923.4206161622
815868.0196025087
754710.7579450314
798254.5437965962
659397.1187026463
719407.7713307034
629296.1022068762
646311.1909448266
602136.4103649654
808960.0
123931.0
4202590.890035734
3142785.2376892143
84212.52470940756
3764569.8776774006
3475858.289172998
3989361.386985965
3992278.4992136536
4343267.0
3713697.5178024992
246414.9020050647
227314.06493040634
265568.8198700703
269026.0780546042
232292.9459467533
237339.44930049506
273614.314308027
273930.0
2086029.6434016118
11467312.873531366
40301915.8838968
54147421.994577646
54028765.39803667
50958487.38225286
1704729.1084886785
10693012.363837043
3766707.6024015876
54788536.80767168
221615.64895405626
76099.41778112132
46015.289512409494
235425.47933438665
269404.71575531387
269290.58808814205
81077.14027519576
261385.88702457526
10876.056594817528
73333.46351465106
80368.28597283538
975.4863924832553
57132.80690724196
40994.34013532066
91804.5878639434
225342.43117830995
96227.59130204766
74648.4656813903
79442.54757573394
231731.7685985781
80685.34780744593
238730.64254118214
233549.18189633935
83144.3893725202
273930.0
272854.60297463345
96494.92935580124
233885.43780919115
273930.0
27453410.643084936
5049958.280893037
12916887.2207419
5060427.849746122
1536057.3504645538
5142226.078614477
1452764.1815355534
1533115.286622255
3416001.626756009
55030639.0
160613.40211864875
3590308.0
529854.0
94977.38096430288
142598.97480198706
81091.87538364124
150059.25110935257
80727.63093176836
508110.6730539423
949813.670274058
40301915.8838968
48980618.28359738
11427376.482061079
32302554.078627184
1425863.9189321445
1385859.157780113
3392305.219576943
2179914.185854173
23143333.592594776
38565.68290449705
4244807.671678335
362822.69408565597
457863.1454006248
966342.1866587704
1452764.1815355534
159334.22843173344
381415.4679441399
160613.40211864875
160244.27659669908
65412.31552581116
142747.2207302135
54172.577520343475
75398.83670794814
148151.9166457845
74197.30058380097
100539.61477586043
79912.72358359359
2839146.0
997350.3000607516
772644.5905094619
1138639.4559126818
1310434.845147603
324930.3788268414
326170.77012402803
497601.45622301946
753304.0915961089
930184.6030151987
249272.66654895656
1028389.6937323634
732336.4277400803
4494555636.994589
34187513.93311449
650104.4928980173
61409123.473687425
167775230.90109035
1097969.8753659567
928980.7065799687
1146724.0266976347
15419.571428571428
1138091.4175398177
454720.1004079262
1310434.845147603
351637.4742999269
243973.83105193014
5882.75116430031
326921.89012163226
646444.2569146106
941585.6675934976
825740.3615796235
536428.8841676298
598318.8937233905
938989.123377389
250874.0740857685
1156380.2503152457
926947.7621385094
741940.1941531906
1245849.817604784
835190.510004825
957483.7211584456
1369836.0
1264996.4351097224
1241341.7368959608
1369836.0
1369836.0
1369836.0
1373654.0
6051247546.772855
162662236.75290042
50992344.83665536
315338242.17191565
167775230.90109035
65147.160774740405
61853.69237835822
141801.26590236812
22343.75089070895
58876.869320066355
179896.4431041525
131194.4339517999
166123.78662640142
138022.5804639108
42227.12933254181
272833.0
41394.4766896954
258983.83655333804
187542.51937794127
23503.053531033205
212347.42242876513
28370.166330431428
249.91891610691047
62204.82004451359
59609.651505300455
5518.508989264859
59527.78571428572
42167.0
41611.642592592594
29711.144444444442
127262.84303968103
71888.77741720062
148929.0368648377
129824.60090301289
156312.8576811428
185377.14383001713
260951.33582820423
148846.0637412342
142942.39726913843
135032.50747523847
161501.42817289673
155280.0110512461
146418.15571412345
277348.0
277348.0
150991.0
6773336.788287973
1337110.4671663614
164507.07607450086
1182897.7388335825
15058.860635281058
196258.45657913183
23525.62010753587
1421714.5227074707
1414857.564990576
117730.38289795129
1466107.3606557378
60663.876919825605
29325.157198881432
2569480.3500286187
1490810.5838020984
14226953.999999996
1264996.4351097224
1313019.1747227293
15798.0
1241341.7368959608
1242307.227181091
1350618.913501714
1242124.065964752
1331997.9192802452
1310434.845147603
418095.4439140627
243973.83105193014
6009.010550140423
353022.65320208226
1373406.5793855095
1368862.5
1369836.0
1243129.2234109805
1369836.0
1369836.0
1369836.0
1369836.0
1243129.2234109805
1252504.0
329419.0
1373654.0
8148475.790099687
12885035.768913273
523484.6980549255
14136120.79921919
197654.69231421012
1458249.9484983822
63312.0
4528588.985013122
4602648.0
1466107.3606557378
529493.600529333
529493.600529333
13963631.059025146
14226953.999999998
10420.036522510713
9792.783905404503
9932.951440263583
9461.077513769527
7215.858213471682
4542.478599018761
2063.6074155438846
10177.749637941539
10388.0
10592.107205660483
9016.925297676316
10614.109843943572
6402.812424839981
9389.027434063622
8763.281471836137
3273.6513656979387
11048.679044282031
10857.992136752137
11102.0
11101.734874388321
11101.734874388321
9927.123444323457
11102.0
7616.106077484062
8929.537508675672
10805.073667625798
9724.645657606281
7172.528240781351
10118.525984804013
10046.271126920197
10185.0
9308.073517886585
8999.856469729755
9809.233704259275
7823.823697585542
11101.0
10359.61102484472
11101.0
10776.833333333332
11101.0
126690.81592225039
7854.337712833607
2982.083580340569
83996.43403955208
134954.58996917025
152392.3541633595
133578.59712558196
145611.13035123306
150447.6887264211
98538.22682228984
68383.4315918216
53525.43000532882
51996.53365642333
141714.24133002563
115196.89063592782
139699.2843394961
76472.5239546998
72636.68668926328
76801.84266780509
321351.06779846584
65895.35394851628
68560.69630598562
370993.0
995906.7849607676
3281943.532534389
76472.5239546998
44121.564800318396
72643.72731224899
57737.93409068878
67799.7565708376
77571.3001973289
68568.10740857282
60934.65332363914
69791.82715905391
62011.48548290919
77000.78226723519
165746.33732629515
358632.3743524909
321515.94670645805
66316.27046459708
305848.9274022841
156151.77471543793
132266.91842888607
160171.04240000952
68770.10050375163
12830.428571428572
332105.0
259447.83333333334
370354.0
371085.0
3255095.443555949
3733089.242347152
76472.5239546998
72391.91280250993
72643.72731224899
68568.10740857282
60934.65332363914
69791.82715905391
62011.48548290919
58077.429216796954
77571.3001973289
77741.0
78582.0
342873.8458737556
321401.54166768276
358632.3743524909
321538.7571016472
291984.82194888726
305931.26229959837
340624.983310169
340989.6223386301
370354.0
328406.12996539596
13180.0
332105.0
371085.0
495.0
495.0
495.0
495.0
10722.543520604679
9414.0
9844.042063492063
10766.0
770251.6547392708
49655.03974397895
773311.0
764304.8927547901
770251.6547392708
56687.79143897997
773311.0
33366.32485677223
9198.788182659722
39225.0583993175
39942.423688285024
39242.2317442883
35948.34672332667
36825.53386721345
28762.817511557176
10153.250053737893
9017.441552037883
27548.383315042152
89010.17886276322
1248.4274055365336
39671.61095173979
41318.78610263433
9401.354470058135
85456.92949761945
38885.9062599711
3635.0046217196655
32227.23413806149
36164.69736988434
9888.128765662324
41286.504379280144
8792.129490427142
41425.26382486829
85638.2715578931
8126.884072466017
41442.3201694076
5020.279940668706
9987.956455169078
30006.00686010944
88783.19314160052
8658.217464215963
87383.51681554795
89895.02972345735
37726.65698509119
9133.791328998645
89243.64118972316
88631.58300904153
58104.34409776564
49259.991560101655
36742.90160298783
2111.520001019202
31559.622651707417
84841.70382598875
60618.0
78947.06018874438
46102.74386018589
52907.18896796972
723.6336326341814
38977.698423906244
71983.11165405318
54751.73775952404
8913.489761912468
84235.64286024049
11509.166436746702
1033.8736298047424
46914.45865551024
88252.99115680771
89651.57992184669
33863.11964505912
70728.61415525076
88461.03076931002
73474.12024253223
37695.35518788817
32651.730976594
40542.280792078105
65728.67158717493
72638.19666745796
87255.61697457556
90373.0
43790.86109770512
94164.65026913467
87614.60761830617
64193.73363109259
118795.77488725814
58328.38860637382
92213.58944371874
132760.4184556367
161989.1149791494
136683.8875469232
76556.42384674294
60529.605359996196
45486.21056141661
164487.42427884956
71398.29560944818
113118.95107579016
63774.153135072156
162211.439565938
117517.89164135381
3780261.0110152657
82398.83523072253
3790185.0
136458.70851950132
53246.273676510216
163911.4264407334
2883569.8965677638
3541946.2680271645
1213392.2844159724
2519296.1608658144
2855322.471234232
3179674.3966487395
1835024.9863768364
664641.5411367846
11762.370393862606
83110.69301767573
497186.0492081111
1753122.6756474844
3264523.4385516937
80521.37297972891
1835289.136439911
954115.7252009265
638339.4943150944
28153.37093891929
77840.72280819825
153801.32903207158
155761.98646362705
126067.84071095905
97686.86697732958
55942.73418158188
62866.59711343561
128968.75347809853
25972.85400605899
162170.08705404802
164797.23904645623
162142.02646052558
121281.59227176665
247566.74941604593
160359.79654459644
80414.7588247457
119174.474782586
46563.47295064478
298085.8093902917
1800.7142857142858
279863.31807278347
122573.0
33661.0
56803.96163274183
99305.96556824293
122457.67645383847
68277.32797322044
237943.0
132871.10229510462
294487.8333333333
236985.8881161133
297650.0
302679.0
1835024.9863768364
682590.0816669672
96116.97441384663
104331.67716074956
776413.6563420527
1991162.128239451
3712982.654120996
3780261.011015266
237240.3389838301
3709863.3341217544
3769169.0
3659992.2924663574
1913976.4538304992
164068.2058287796
3790185.0
160125.05450055504
288469.4524350937
70862.56498030515
264640.0
297650.0
297650.0
297650.0
297650.0
241003.0
302679.0
3717461.2632314134
3776881.4731989335
2009318.8102759724
2519296.1608658144
3790185.0
3179674.3966487395
983.6615479322675
34069.0
34069.0
33397.398805886354
32966.416056716975
822.6346138892485
27338.768765426234
1010.0085999070565
646.8375930891863
1006.2116664915872
27720.183087737907
33149.9344242601
33197.97092624676
33188.73326306946
12295.626261151883
31148.866607197302
33824.42857661132
32577.858188041675
16996.42014783999
22310.600551698462
31191.672190096593
26911.70956921141
33824.42857661132
33823.155468812554
27828.333527613675
32554.55866346583
33070.39363528795
28404.0
26712.8407716843
29290.0
27200.632195911763
27834.891336256645
691.2295081967213
21667.301424059293
33436.832515337024
33785.19672131148
19766.463348327754
24920.0
28310.222222222223
32366.666930321007
912.2647705783124
22508.390062383478
488.5419088302211
34069.0
34069.0
