18122741.0
3613412.0
81300448519.99998
1956734.0
1956734.0
1956734.0
72387182.0
72387182.0
1956734.0
72387182.0
72387182.0
3613412.0
98066776487971.98
932180.0
3613412.0
98066776487971.98
932180.0
24785626.0
7058546.0
24785626.0
7058546.0
19358120.299829934
81300448519.99998
24785626.0
18513908862926.992
24785626.0
18513908862926.992
197591.0
197591.0
195228.0
197591.0
195228.0
6360869.0
6041986.0
6360869.0
6041986.0
19353565.306429274
6360869.0
6360869.0
842540.0
16349802046.999998
146580.0
15520779.59247041
16349802046.999998
5130728.0
5134159.0
3722938115799.999
907470.0
5134159.0
3722938115799.999
907470.0
18122741.0
19356608.0753471
3159281637.9999995
5134159.0
3159281637.9999995
16635699.0
12768146870.0
12768146870.0
3304150999914.9995
3304150999914.999
13050787541.0
273930.0
772742385.0
772742385.0
13050787541.0
5093115.0
3303635283850.9995
1373654.0
3303635283850.999
1373654.0
16635699.0
3269411133.9999995
3269411133.9999995
11101.0
4913782.0
371085.0
656003017.0
371085.0
656003017.0
4918165.0
495.0
434856.0
76326699.0
76326699.0
4918165.0
5130328.0
655269353.0
302679.0
655269353.0
79851.0
1600337.0
1600337.0
932180.0
266326181.99999997
1345660.0
1928288.0
1345660.0
1928288.0
1315074.438213708
1814223.7581179999
1345660.0
1356392.0
51529713.56995453
14374852.0
1356392.0
14374852.0
67874782.0
1315074.438213708
1814223.7581179999
1356392.0
51529713.56995453
1356392.0
14374852.0
67874782.0
932180.0
285769185029.99994
810399.1413680065
932180.0
285769185029.99994
5258470.778144013
3613412.0
7058546.0
75987592967998.97
3613412.0
7058546.0
75987592967998.98
810399.1413680065
266326181.99999997
5258470.778144013
14159087.875079866
59509970711.999985
3613412.0
7058546.0
59509970711.999985
149080.0
195228.0
149080.0
195228.0
11102.0
146803.61848289563
149080.0
187327.9100881808
195228.0
150264.0
1355881.0
4962675.305313032
6041986.0
150264.0
1355881.0
6041986.0
146803.61848289563
187327.9100881808
14158183.810276639
4962675.305313032
150264.0
1355881.0
6041986.0
146580.0
61786121.0
129826.04857244155
166363.0
61786121.0
721634.1041452187
12346042.94489552
907470.0
12292230215.999998
842540.0
907470.0
12292230215.999998
171430.0
721634.1041452187
13861766.999999998
907470.0
13861766.999999998
89953.0
108054.0
89953.0
108054.0
11101.0
89953.0
59787620.0
817216.0
11433436194.999998
817216.0
4349115.0
11433436194.999998
817216.0
4349115.0
273930.0
55030639.0
495.0
3590308.0
160454.0
55030639.0
1373123.0
11420769783.999998
1373654.0
11420769783.999998
277348.0
14226953.999999998
1373654.0
14226953.999999998
11102.0
11101.0
153228.0
157519.0
78582.0
371085.0
3803448.0
78582.0
371085.0
3803448.0
78582.0
371085.0
495.0
10766.0
773311.0
773311.0
90373.0
164700.0
28913.617814673686
3790185.0
302679.0
3790185.0
34069.0
