43679874.41869425
25687186.168892965
9621218.422338454
923138.4147359879
80969841.87930164
384.196777849877
25687186.168892965
11666.615427747178
575725500.4924724
746484.1105922054
4354861.669242394
33595777612.52082
746484.1105922054
4354861.669242394
4354861.669242394
33595777612.52082
33204689547.066086
11666.615427747178
424889348.1004127
538875445.1231999
575725500.4924724
575725500.4924724
547662257.6365747
575725500.4924724
10241.302724942698
49138.207969236435
609484875.236058
1456139.7509286397
10241.302724942698
49138.207969236435
49138.207969236435
609484875.236058
540882131.4534175
1456139.7509286397
43679874.41869425
21725145.161184505
80788746.10819048
15434128.918680036
25687186.168892965
25687186.168892965
9621218.422338454
923138.4147359879
80969841.87930164
384.196777849877
14295844.850326497
19949398.11118564
25687186.168892965
25687186.168892965
20813097.85528063
25687186.168892965
84037996.07758832
7143972.779231788
26670749.89240496
21545563.103285886
62849884.76206194
62849898.83849941
1417879113.9213915
1417879113.9213915
1417879113.9213915
1417879113.9213915
21545563.103285886
62849884.76206194
62849884.76206194
62849884.76206194
62849898.83849941
314126.1595781003
2832280231.015814
500669944.44337744
314126.1595781003
314126.1595781003
2832280231.015814
2724331085.9020267
500669944.44337744
500482734.2953889
500669944.44337744
55067928.057875626
73085993.05106245
84037996.07758832
84037996.07758832
75346536.14457232
84037996.07758832
7143972.779231788
26670749.89240496
26670749.89240496
26624568.803604703
26670749.89240496
13678405.16080722
13678358.760209301
13678405.16080722
275706461.6886773
275708717.2907535
275706461.6886773
238641580.4171376
275706461.6886773
229646326.87514505
181724826.7800385
12425676.364590682
10404210.446411902
13678358.760209301
12611420.098466754
13678358.760209301
13678405.16080722
6146.317269847037
104805460.18422551
189182.89071974446
216325591.85734865
5167.5011831401525
216325591.85734865
6146.317269847037
6146.317269847037
104805460.18422551
86068771.96699166
123751156.52397822
85096696.74298088
64376576.73801684
216000937.01106834
91701395.13148251
216325591.85734865
189182.89071974446
5167.5011831401525
5167.5011831401525
2450.0209608748773
216000937.01106834
64706.37507981091
4244746.411407618
7417087.7025847165
7417087.7025847165
2710260.9441665984
274582.45987302175
699106.5669236605
4543514.260227534
21448428.077102203
36038865.0
12606879.932089815
5926434.996259983
3961657.931677889
5534923.094596626
7417087.7025847165
7417087.7025847165
5844057.211308796
7417087.7025847165
8959901.783586647
5592705.38816651
4200207.9697794
10382541.140428143
26755587.84616109
21322300.751835983
5931236.09293873
5174.428647782493
36038865.0
14084613.47168657
140.4594504465361
8452547.539826697
3405787.888997018
14084613.47168657
617172.4084865799
8653150.205291612
2928623.3893347946
17628920.00850215
6287645.111007041
585.8845372849639
5919402.232610835
93772075.00324063
93772075.00324063
93772075.00324063
93772075.00324063
93772075.00324063
17628920.00850215
6287120.283744072
6287645.111007041
585.8845372849639
5919402.232610835
5919402.232610835
5919402.232610835
5919402.232610835
225027.6456842454
4656.378626933028
23998.77324725812
228221808.44067195
35811380.54256666
225027.6456842454
225027.6456842454
225027.6456842454
225027.6456842454
4656.378626933028
23998.77324725812
23998.77324725812
228103295.7551993
228221808.44067195
228221808.44067195
218292068.39440584
35811380.54256666
35811380.54256666
35811380.54256666
35811380.54256666
11241322.370073484
14084613.47168657
14066205.95248988
884116.0488064364
140.4594504465361
8452547.539826697
2714685.86397453
3405787.888997018
14084613.47168657
14084613.47168657
8262634.815080806
617172.4084865799
5390171.232090817
7110631.087069564
8653150.205291612
8433331.447554937
8653150.205291612
8653150.205291612
7431042.478594071
8653150.205291612
2928623.3893347946
2928623.3893347946
2928623.3893347946
2928623.3893347946
1345188.0495151118
723.9901858185235
28.959607432740942
1345188.0495151118
1345188.0495151118
28.959607432740942
23415056.945780404
23415056.945780404
23415056.945780404
23415056.945780404
23196816.06641001
1340391.2404385007
723.9901858185235
723.9901858185235
28.959607432740942
28.959607432740942
968646.6693345065
1345188.0495151118
1345188.0495151118
1345188.0495151118
1345188.0495151118
1340401.9607901506
28.959607432740942
152.05023211419967
16720.01947343558
539.3863788934628
19015426.48598365
4946.183269587296
16720.01947343558
19015426.48598365
152.05023211419967
539.3863788934628
539.3863788934628
11100278.33908792
19015426.48598365
18987203.03964776
8765957.856727878
16720.01947343558
4946.183269587296
4946.183269587296
4946.183269587296
4946.183269587296
4946.183269587296
16720.01947343558
19015426.48598365
18987203.03964776
17548284.365345273
14138137.997020667
11737392.975847252
971730.4918689021
1292362.9053132653
773519.9364482105
1292362.9053132653
2518336.0
12.74731182795699
1182599.707113711
1234331.6833791467
461821.9185129262
1292362.9053132653
1292040.2201425133
87294.08882500906
1292362.9053132653
1292362.9053132653
773519.9364482105
1292362.9053132653
537551.0425169143
718794.9480370493
1675601.2844604515
993369.7843222267
531547.8658093007
2015027.5925684222
2518336.0
2516570.4905180163
2459512.1614067955
2015784.823539884
1343133.2440204564
1068558.4077352788
776900.6260795548
2518336.0
362931.9677787265
98.61873429598607
3951107.2568433606
2143336.7800379596
2143335.3549307263
2119413.31901295
24288628.323145594
22281763.175504576
24288628.323145594
24288628.323145594
24288628.323145594
16000750.238484755
22281763.175504576
22281763.175504576
22281763.175504576
22281763.175504576
22281763.175504576
362931.9677787265
98.61873429598607
3951107.2568433606
2143336.7800379596
2143336.7800379596
2143336.7800379596
2143131.029669611
2143335.3549307263
2143335.3549307263
1452087.6978797773
2119413.31901295
2119413.31901295
2119413.31901295
2119413.31901295
2119413.31901295
2453.3112930130756
33410300.325213566
11626763.635574736
10024923.436744792
86156827.19720091
22723.075045734706
2453.3112930130756
2453.3112930130756
33352023.008084793
33410300.325213566
33410300.325213566
30227494.874289036
11626763.635574736
11609744.531212144
11626763.635574736
5585606.817619664
10024923.436744792
10024923.436744792
10024923.436744792
10024923.436744792
10024923.436744792
86156827.19720091
76053377.51906337
34894022.39302617
22723.075045734706
22723.075045734706
22723.075045734706
22723.075045734706
120804.63668497381
2747933.079824797
1540693.1848482962
2063362.3742501114
2755699.1687926166
2608603.5985004148
2755699.1687926166
2755699.1687926166
2211867.789607751
2755699.1687926166
1066169.9467214427
1453625.9246952627
1453625.9246952627
1453625.9246952627
1447846.251018911
1453625.9246952627
539392.0824787968
1247555.8040863536
1247555.8040863536
1247555.8040863536
1247555.8040863536
1247555.8040863536
4625079.333739248
9907050.523249771
4991897.041065547
250659.02977029778
10188031.279505359
6047900.142287208
2285449.6124186264
5182797.742804627
5182813.199585361
5182813.199585361
5182797.742804627
4795094.354079515
5182797.742804627
1889672.2632250984
5157494.938523797
5182813.199585361
5182813.199585361
5182813.199585361
5182813.199585361
5158777.319518477
4795095.764022078
4723031.615699188
4015965.7971048015
450648.1396116029
435815.71349718753
450648.1396116029
434010.2893292477
394490.1872498005
225571.1355815041
450347.44674279884
363980.13579476665
450648.2397890316
450648.2397890316
450648.2397890316
450648.2397890316
450648.2397890316
450648.2397890316
450084.48119232396
435815.44677188946
246.60899052256332
246.60899052256332
9.86435962090253
9.86435962090253
9.86435962090253
105.58649551984432
105.58649551984432
79.79692752547611
4454240.235922764
2710.2436484496207
4025.116789597339
1137.8026018436092
1137.8026018436092
1137.8026018436092
1137.8026018436092
1137.8026018436092
125.64612453229941
125.64612453229941
3493261.511765344
2425805.1152718686
1845908.9075755584
692679.9578337575
3561771.397045273
3212456.1570801
4456023.0
4456023.0
4454240.235922764
4326193.6925852485
3866506.7842284413
3335856.429013582
2572094.939977186
4456023.0
