0.003863096237182617
0.0034880638122558594
0.003945589065551758
0.0034644603729248047
0.003111124038696289
0.0032224655151367188
0.003470897674560547
0.004761457443237305
0.004927396774291992
0.005962848663330078
0.0065839290618896484
0.0061397552490234375
0.007008790969848633
0.007478237152099609
0.007771968841552734
0.006892681121826172
0.006783723831176758
0.005808591842651367
0.005983591079711914
0.005854129791259766
0.005975484848022461
0.005950212478637695
0.005869388580322266
0.005348920822143555
0.0043642520904541016
0.005018711090087891
0.004411458969116211
0.004642486572265625
0.005346059799194336
0.005986452102661133
0.0060274600982666016
0.0054798126220703125
0.00539708137512207
0.0051119327545166016
0.004317522048950195
0.0045375823974609375
0.0040569305419921875
0.004572391510009766
0.004449367523193359
0.0037567615509033203
0.006743907928466797
0.003735065460205078
0.0033996105194091797
0.004243373870849609
0.004439353942871094
0.004427194595336914
0.004495143890380859
0.004459857940673828
0.004515886306762695
0.003920555114746094
0.0030570030212402344
0.0027594566345214844
0.0027923583984375
0.004101991653442383
0.004507780075073242
0.004029750823974609
0.005572319030761719
0.006732940673828125
0.006558895111083984
0.005553007125854492
0.004677295684814453
0.0049893856048583984
0.00519251823425293
0.004667758941650391
0.004976034164428711
0.004777193069458008
0.0044672489166259766
0.0038552284240722656
0.005779266357421875
0.005705118179321289
0.005189180374145508
0.005127429962158203
0.0049915313720703125
0.004863262176513672
0.0044002532958984375
0.0042569637298583984
0.004222393035888672
0.004226207733154297
0.004250288009643555
0.004222869873046875
0.003714323043823242
0.003102540969848633
0.0036559104919433594
0.0038890838623046875
0.0038716793060302734
0.0033435821533203125
0.0026586055755615234
0.0026764869689941406
0.0026175975799560547
0.003664731979370117
0.0036966800689697266
0.004714012145996094
0.004681825637817383
0.004067182540893555
0.005721092224121094
0.005667924880981445
0.004791975021362305
0.0045948028564453125
0.0036606788635253906
0.003699779510498047
0.003152608871459961
0.003488779067993164
0.003342151641845703
0.0026977062225341797
0.002921581268310547
0.0023386478424072266
0.0029480457305908203
0.0022993087768554688
0.004177570343017578
0.004153728485107422
0.0036547183990478516
0.0036084651947021484
0.004506111145019531
0.004306793212890625
0.004321098327636719
0.0033855438232421875
0.003416776657104492
0.002724170684814453
0.003195524215698242
0.0040454864501953125
0.0038139820098876953
0.0039014816284179688
0.0033659934997558594
0.0032720565795898438
0.002592802047729492
0.0026793479919433594
0.002156496047973633
0.0019161701202392578
0.0019519329071044922
0.002184152603149414
0.002357959747314453
0.0023491382598876953
0.0017948150634765625
0.002547740936279297
0.0026688575744628906
0.0026879310607910156
0.0025310516357421875
0.0026488304138183594
0.0027141571044921875
0.002560138702392578
0.0019173622131347656
0.003345489501953125
0.0032160282135009766
0.0031616687774658203
0.002312183380126953
0.0023589134216308594
0.002340555191040039
0.0024924278259277344
0.0023393630981445312
0.002065896987915039
0.0034296512603759766
0.0034394264221191406
0.0040590763092041016
0.0037407875061035156
0.003330230712890625
0.0033690929412841797
0.003389596939086914
0.0034303665161132812
0.005124807357788086
0.0053026676177978516
0.004761219024658203
0.0047454833984375
0.0057637691497802734
0.006715297698974609
0.006797075271606445
0.00682520866394043
0.006840944290161133
0.006983518600463867
0.0060231685638427734
0.0061571598052978516
0.005248546600341797
0.0058133602142333984
0.005832195281982422
0.005805492401123047
0.005705595016479492
0.0050029754638671875
0.004351377487182617
0.004967451095581055
0.004427194595336914
0.0046138763427734375
0.005900144577026367
0.006090402603149414
0.005822896957397461
0.00568699836730957
0.0053234100341796875
0.005809307098388672
0.0060253143310546875
0.0053594112396240234
0.005414485931396484
0.0054051876068115234
0.005446910858154297
0.005493640899658203
0.005509614944458008
0.005616903305053711
0.0054569244384765625
0.004433393478393555
0.004298210144042969
0.004175662994384766
0.004122495651245117
0.0044362545013427734
0.005852937698364258
0.0046961307525634766
0.004823207855224609
0.00458979606628418
0.0042934417724609375
0.004268646240234375
0.0039751529693603516
0.00449824333190918
0.004459857940673828
0.004507780075073242
0.004478931427001953
0.004515409469604492
0.004483699798583984
0.00450587272644043
0.003942966461181641
0.004257678985595703
0.004454374313354492
0.004426717758178711
0.004504203796386719
0.0037856101989746094
0.003605365753173828
0.003584146499633789
0.0036215782165527344
0.0032117366790771484
0.003252267837524414
0.004286766052246094
0.005276679992675781
0.0053293704986572266
0.005357980728149414
0.005259037017822266
0.005561351776123047
0.004492759704589844
0.0038890838623046875
0.00459742546081543
0.004670381546020508
0.004830360412597656
0.004644632339477539
0.004284858703613281
0.0043125152587890625
0.004294395446777344
0.00432896614074707
0.0038022994995117188
0.0028345584869384766
0.0035042762756347656
0.003450632095336914
0.002910137176513672
0.003887653350830078
0.0034704208374023438
0.0029320716857910156
0.003725290298461914
0.004457235336303711
0.004422903060913086
0.00393986701965332
0.003862619400024414
0.003880739212036133
0.003886699676513672
0.003854513168334961
0.004948139190673828
0.004994630813598633
0.0048639774322509766
0.004888296127319336
0.004383563995361328
0.004023313522338867
0.004194974899291992
0.0041522979736328125
0.003972291946411133
0.004004716873168945
0.003973484039306641
0.003272533416748047
0.0033254623413085938
0.0034966468811035156
0.0027878284454345703
0.002397298812866211
0.0028209686279296875
0.00393223762512207
0.0034379959106445312
0.00323486328125
0.003331899642944336
0.00323486328125
0.0032541751861572266
0.0032122135162353516
0.006470203399658203
0.0032129287719726562
0.0027184486389160156
0.0029480457305908203
0.0029799938201904297
0.002920389175415039
0.0029075145721435547
0.0029325485229492188
0.0029268264770507812
0.0030274391174316406
0.002985239028930664
0.0029458999633789062
0.0029518604278564453
0.002933025360107422
0.0029265880584716797
0.0029685497283935547
0.002374887466430664
0.0030121803283691406
0.003031015396118164
0.0029761791229248047
0.002972126007080078
0.0029850006103515625
0.002993345260620117
0.004012584686279297
0.003980159759521484
0.005614519119262695
0.005514621734619141
0.004731655120849609
0.0059854984283447266
0.00584864616394043
0.0049402713775634766
0.004934072494506836
0.00493311882019043
0.004866838455200195
0.0034089088439941406
0.0035223960876464844
0.00490117073059082
0.003937244415283203
0.0041811466217041016
0.003404855728149414
0.0039556026458740234
0.003958940505981445
0.003909587860107422
0.004836082458496094
0.00480198860168457
0.003928661346435547
0.003785371780395508
0.003916501998901367
0.003916263580322266
0.0032536983489990234
0.002637624740600586
0.002618551254272461
0.0026466846466064453
0.0021026134490966797
0.002735137939453125
0.004271745681762695
0.2715492248535156
0.003754854202270508
0.0036208629608154297
0.0035524368286132812
0.0033943653106689453
0.003421306610107422
0.0035622119903564453
0.0029249191284179688
0.0046770572662353516
0.004282951354980469
0.003448486328125
0.0036284923553466797
0.0035958290100097656
0.003667116165161133
0.0031926631927490234
0.0031435489654541016
0.0030372142791748047
0.0037729740142822266
0.0038878917694091797
0.0036399364471435547
0.003448009490966797
0.0020241737365722656
0.0035359859466552734
0.002498149871826172
0.0026340484619140625
0.002618551254272461
0.0026063919067382812
0.002656698226928711
0.0026688575744628906
0.002583742141723633
0.0020368099212646484
0.0025568008422851562
0.0025937557220458984
0.0026214122772216797
0.002680063247680664
0.0024843215942382812
0.0020492076873779297
0.0034999847412109375
0.00348663330078125
0.002644777297973633
0.0026450157165527344
0.0026106834411621094
0.0026366710662841797
0.002256155014038086
0.00228118896484375
0.002193450927734375
0.002100229263305664
0.002187967300415039
0.0021169185638427734
0.0022940635681152344
0.0026082992553710938
0.002656221389770508
0.0024645328521728516
0.0035393238067626953
0.003428936004638672
0.002826213836669922
0.004423856735229492
0.004338264465332031
0.0034046173095703125
0.003487825393676758
0.0034570693969726562
0.0034265518188476562
0.0034105777740478516
0.0034618377685546875
0.004448890686035156
0.004420280456542969
0.0024733543395996094
0.0024559497833251953
0.0018396377563476562
0.003475666046142578
0.0034439563751220703
0.003366231918334961
0.0033736228942871094
0.0024318695068359375
0.0024428367614746094
0.002457141876220703
0.002476930618286133
0.002481222152709961
0.0024518966674804688
0.002584218978881836
0.0024492740631103516
0.002460002899169922
0.002449512481689453
0.0018603801727294922
0.002471923828125
0.0024743080139160156
0.0018589496612548828
0.002871274948120117
0.0026454925537109375
0.0027475357055664062
0.0021429061889648438
0.00211334228515625
0.0021800994873046875
0.0028352737426757812
0.002789735794067383
0.0026929378509521484
0.002699613571166992
0.00211334228515625
0.0026695728302001953
0.0026891231536865234
0.003242015838623047
0.003167390823364258
0.003137350082397461
0.003114938735961914
0.003068208694458008
0.002086162567138672
0.0022895336151123047
0.002131223678588867
0.0022230148315429688
0.0021791458129882812
0.0022547245025634766
0.002288818359375
0.0024318695068359375
0.0014846324920654297
