0.01020669937133789
0.017778396606445312
0.016314268112182617
0.018250465393066406
0.015297412872314453
0.017037153244018555
0.015025138854980469
0.017244338989257812
0.010834932327270508
0.005513429641723633
0.005159854888916016
0.004777193069458008
0.0047838687896728516
0.00447392463684082
0.006157875061035156
0.0040705204010009766
0.004018306732177734
0.004033565521240234
0.0045130252838134766
0.004418134689331055
0.004508256912231445
0.003840923309326172
0.004504203796386719
0.004202365875244141
0.004210710525512695
0.004522085189819336
0.0037622451782226562
0.021070241928100586
0.0211946964263916
0.021159887313842773
0.02069401741027832
0.020752668380737305
0.021352291107177734
0.019834041595458984
0.019134521484375
0.01904129981994629
0.006677150726318359
0.007394552230834961
0.005308866500854492
0.0057773590087890625
0.005559206008911133
0.0059223175048828125
0.0046651363372802734
0.004887819290161133
0.006473541259765625
0.004702091217041016
0.0064640045166015625
0.005741596221923828
0.006552696228027344
0.022620677947998047
0.022206544876098633
0.02280402183532715
0.02192068099975586
0.02166461944580078
0.025244712829589844
0.021361112594604492
0.02048182487487793
0.0210268497467041
0.020250320434570312
0.02474689483642578
0.024041414260864258
0.02951645851135254
0.028432130813598633
0.027024269104003906
0.026175737380981445
0.024178743362426758
0.022114276885986328
0.02521038055419922
0.021204471588134766
0.02648615837097168
0.027895689010620117
0.027225732803344727
0.027318716049194336
0.029506206512451172
0.029686927795410156
0.028818845748901367
0.027439117431640625
0.026960372924804688
0.024983882904052734
0.02792978286743164
0.028449058532714844
0.026505470275878906
0.027242422103881836
0.025672197341918945
0.023491621017456055
0.026236534118652344
0.022861003875732422
0.02397465705871582
0.02442646026611328
0.025201797485351562
0.02233266830444336
0.026194334030151367
0.026231765747070312
0.0276639461517334
0.02337956428527832
0.024407386779785156
0.025583744049072266
0.024358034133911133
0.024087905883789062
0.023267507553100586
0.024465322494506836
0.023294687271118164
0.021843433380126953
0.021481037139892578
0.022176027297973633
0.023203134536743164
0.022815465927124023
0.024348735809326172
0.024877071380615234
0.02392721176147461
0.024212121963500977
0.022475719451904297
0.020827293395996094
0.024134397506713867
0.01994919776916504
0.02445816993713379
0.02199578285217285
0.02199554443359375
0.02484917640686035
0.02099919319152832
0.021892547607421875
0.02187943458557129
0.010931253433227539
0.009395837783813477
0.009497404098510742
0.010434865951538086
0.009980916976928711
0.0250093936920166
0.02619791030883789
0.02530384063720703
0.025220394134521484
0.027669429779052734
0.02813243865966797
0.03157758712768555
0.03143191337585449
0.027704477310180664
0.024344205856323242
0.023469209671020508
0.015439987182617188
0.011206626892089844
0.013019323348999023
0.013189554214477539
0.011020183563232422
0.027760744094848633
0.028352737426757812
0.027901411056518555
0.026144027709960938
0.031192541122436523
0.027863502502441406
0.03141379356384277
0.02951979637145996
0.027171850204467773
0.025259017944335938
0.02486562728881836
0.026188373565673828
0.023865699768066406
0.026332616806030273
0.02770829200744629
0.030570030212402344
0.026447772979736328
0.024961233139038086
0.022049665451049805
0.024664878845214844
0.02174687385559082
0.02635931968688965
0.02282118797302246
0.023414134979248047
0.025525569915771484
0.022534847259521484
0.02232670783996582
0.02348017692565918
0.021671533584594727
0.022257328033447266
0.02253413200378418
0.020121335983276367
0.012062549591064453
0.008542537689208984
0.010803699493408203
0.01041412353515625
0.00934910774230957
0.007848501205444336
0.008196830749511719
0.007966995239257812
0.010424375534057617
0.0069599151611328125
0.008735895156860352
0.006181240081787109
0.013291358947753906
0.024840354919433594
0.024802207946777344
0.024460554122924805
0.021728515625
0.013012409210205078
0.009248971939086914
0.008634805679321289
0.007070302963256836
0.023223400115966797
0.02173161506652832
0.022800683975219727
0.02289414405822754
0.021767377853393555
0.022900819778442383
0.021785974502563477
0.021030426025390625
0.021084308624267578
0.020087242126464844
0.019910335540771484
0.020131587982177734
0.020543336868286133
0.019750595092773438
0.018798351287841797
0.02045607566833496
0.019381999969482422
0.01982259750366211
0.019337892532348633
0.0212404727935791
0.02493739128112793
0.02092599868774414
0.0225369930267334
0.02196359634399414
0.024196624755859375
0.032716989517211914
0.02189493179321289
0.022257566452026367
0.021828413009643555
0.02330803871154785
0.019896268844604492
0.019312143325805664
0.0200960636138916
0.021966934204101562
0.022790193557739258
0.023054122924804688
0.01806163787841797
0.024191856384277344
0.02576470375061035
0.02511739730834961
0.024785757064819336
0.022444486618041992
0.026853084564208984
0.027188777923583984
0.02810192108154297
0.02308058738708496
0.0251467227935791
0.025833845138549805
0.02367091178894043
0.027245283126831055
0.028847694396972656
0.02628946304321289
0.028467655181884766
0.02471756935119629
0.030517578125
0.030470848083496094
0.02868819236755371
0.023671388626098633
0.025920391082763672
0.02420783042907715
0.02641916275024414
0.030663013458251953
0.02353501319885254
0.02686285972595215
0.02384185791015625
0.023786067962646484
0.021100997924804688
0.020998001098632812
0.02192974090576172
0.023430585861206055
0.025507450103759766
0.023507356643676758
0.018881559371948242
0.020858287811279297
0.022085905075073242
0.021848440170288086
0.01914238929748535
0.02414226531982422
0.024271249771118164
0.022960901260375977
0.02093648910522461
0.02247762680053711
0.02086472511291504
0.022341489791870117
0.02216339111328125
0.01999974250793457
0.023038625717163086
0.021143198013305664
0.01949596405029297
0.019942283630371094
0.020101547241210938
0.021129369735717773
0.02085280418395996
0.022302865982055664
0.023397207260131836
0.02073812484741211
0.020714998245239258
0.022690773010253906
0.0216062068939209
0.018467187881469727
0.01795339584350586
0.018963098526000977
0.022628068923950195
0.01998114585876465
0.01998138427734375
0.018631458282470703
0.02297687530517578
0.020288944244384766
0.022742271423339844
0.021121978759765625
0.021917343139648438
0.019780397415161133
0.01987290382385254
0.019125699996948242
0.01923966407775879
0.017101287841796875
0.009188175201416016
0.01060795783996582
0.008764028549194336
0.009202718734741211
0.008634090423583984
0.009093999862670898
0.009793996810913086
0.02280879020690918
0.02521657943725586
0.022294282913208008
0.022756338119506836
0.02060079574584961
0.02519989013671875
0.024321556091308594
0.02650141716003418
0.026102304458618164
0.023914098739624023
0.02607893943786621
0.025417804718017578
0.021615028381347656
0.019947528839111328
0.023288965225219727
0.020968914031982422
0.012487649917602539
0.014301300048828125
0.010264396667480469
0.01195383071899414
0.011092901229858398
0.01006770133972168
0.012079000473022461
0.02274298667907715
0.02625250816345215
0.02167224884033203
0.035153865814208984
0.07790732383728027
0.05577492713928223
0.02452874183654785
0.026785612106323242
0.08132433891296387
0.05132555961608887
0.034793853759765625
0.03263115882873535
0.032099246978759766
0.033202409744262695
0.032172441482543945
0.02809000015258789
0.028017759323120117
0.030423402786254883
0.026914358139038086
0.01630544662475586
0.016214847564697266
0.0289156436920166
0.025987863540649414
0.029189348220825195
0.030815839767456055
0.027886152267456055
0.027571678161621094
0.026436567306518555
0.027296066284179688
0.024246692657470703
0.02330613136291504
0.024521350860595703
0.028695106506347656
0.0249786376953125
0.026033639907836914
0.025293350219726562
0.022061586380004883
0.024127483367919922
0.023329734802246094
0.020976543426513672
0.021814346313476562
0.02061915397644043
0.017764806747436523
0.011657476425170898
0.01169729232788086
0.005993843078613281
0.009809017181396484
0.008582353591918945
0.01027989387512207
0.007055997848510742
0.0094451904296875
0.006426572799682617
0.008639812469482422
0.009305715560913086
0.009373664855957031
0.008250951766967773
0.0067691802978515625
0.007305622100830078
0.007120609283447266
0.0076503753662109375
0.009140253067016602
0.006179094314575195
0.007178068161010742
0.005284309387207031
0.0076446533203125
0.006983757019042969
0.006619453430175781
0.005030632019042969
0.007406711578369141
0.009569406509399414
0.004727363586425781
0.022933483123779297
0.022365093231201172
0.02110457420349121
0.019369125366210938
0.012736320495605469
0.010542631149291992
0.009251117706298828
0.010969161987304688
0.009896039962768555
0.009504318237304688
0.011583328247070312
0.00821065902709961
0.00781559944152832
0.006111621856689453
0.021402359008789062
0.020062923431396484
0.020851850509643555
0.021062374114990234
0.018871784210205078
0.020068883895874023
0.019747495651245117
0.019116640090942383
0.01860833168029785
0.018062114715576172
0.008889198303222656
0.007615566253662109
0.006715536117553711
0.007630348205566406
0.007607460021972656
0.006371021270751953
0.0030236244201660156
0.00415802001953125
0.0029990673065185547
0.0039463043212890625
0.002950906753540039
0.003106832504272461
0.003962039947509766
0.00391840934753418
0.002949237823486328
0.002876758575439453
0.002916097640991211
0.0029408931732177734
0.003113269805908203
0.0029129981994628906
0.0030171871185302734
0.0029888153076171875
0.0029878616333007812
0.0030345916748046875
0.002892732620239258
0.0018658638000488281
0.0018603801727294922
0.0017838478088378906
0.0017986297607421875
0.02123856544494629
0.021048784255981445
0.026226282119750977
0.027397632598876953
0.029724836349487305
0.030669212341308594
0.024154186248779297
0.023476362228393555
0.005894899368286133
0.00908207893371582
0.006524324417114258
0.007094860076904297
0.007785320281982422
0.00552678108215332
0.0069692134857177734
0.007140398025512695
0.00923609733581543
0.0055768489837646484
0.009274005889892578
0.006145477294921875
0.00574040412902832
0.005173921585083008
0.007285594940185547
0.021543502807617188
0.020879745483398438
0.020885705947875977
0.01995253562927246
0.021572589874267578
0.020343303680419922
0.020972490310668945
0.018538951873779297
0.020399808883666992
0.013376235961914062
0.011402606964111328
0.008748769760131836
0.009821653366088867
0.012233495712280273
0.010463237762451172
0.008264780044555664
0.0242159366607666
0.024937868118286133
0.027133941650390625
0.02423405647277832
0.025304555892944336
0.022194862365722656
0.021929025650024414
0.007062673568725586
0.013962268829345703
0.00853419303894043
0.014044761657714844
0.007086038589477539
0.008174896240234375
0.009580612182617188
0.009894132614135742
0.026561260223388672
0.02661442756652832
0.02972888946533203
0.025876283645629883
0.026984453201293945
0.025024890899658203
0.023813724517822266
0.014691352844238281
0.015556812286376953
0.024026870727539062
0.022430896759033203
0.02254796028137207
0.021270275115966797
0.02338695526123047
0.021988630294799805
0.022335529327392578
0.009756088256835938
0.008814334869384766
0.009624242782592773
0.004835367202758789
0.007246255874633789
0.008692502975463867
0.007139444351196289
0.006817817687988281
0.004620075225830078
0.005423307418823242
0.007898092269897461
0.007075071334838867
0.004107475280761719
0.008344173431396484
0.005077362060546875
0.004729032516479492
0.0026619434356689453
0.00438380241394043
0.006125688552856445
0.007907629013061523
0.0074160099029541016
0.005925655364990234
0.005857706069946289
0.007388114929199219
0.0035643577575683594
0.005158662796020508
0.006468534469604492
0.004314422607421875
0.004502058029174805
0.011978626251220703
0.011492729187011719
0.010176897048950195
0.006155729293823242
0.009788751602172852
0.00982522964477539
0.009100198745727539
0.006310224533081055
0.006117105484008789
0.0039920806884765625
0.0058629512786865234
0.004990339279174805
0.007006168365478516
0.0062482357025146484
0.004953861236572266
0.0039937496185302734
0.021442651748657227
0.02252197265625
0.019991159439086914
0.020577669143676758
0.017963409423828125
0.01907515525817871
0.019039630889892578
0.019672870635986328
0.01919412612915039
0.019275426864624023
0.02089381217956543
0.017353296279907227
0.022023677825927734
0.023855209350585938
0.023415327072143555
0.023823976516723633
0.025690078735351562
0.023572444915771484
0.020984172821044922
0.024802684783935547
0.022430419921875
0.02268671989440918
0.023994922637939453
0.021951913833618164
0.023738384246826172
0.02674722671508789
0.027138710021972656
0.025238752365112305
0.02230691909790039
0.02713298797607422
0.029435396194458008
0.021509647369384766
0.022827625274658203
0.021737337112426758
0.021820783615112305
0.01807236671447754
0.021704912185668945
0.022083759307861328
0.005480766296386719
0.004468202590942383
0.005551576614379883
0.004498004913330078
0.005892753601074219
0.006659984588623047
0.007768154144287109
0.004657268524169922
0.0044553279876708984
0.00726628303527832
0.006911754608154297
0.0058100223541259766
0.0064351558685302734
0.005528688430786133
0.003940582275390625
0.004773855209350586
0.005632638931274414
0.006042957305908203
0.006935834884643555
0.004675388336181641
0.007400035858154297
0.005331277847290039
0.008301496505737305
0.00620722770690918
0.005213737487792969
0.005605459213256836
0.005732059478759766
0.005490541458129883
0.005167961120605469
0.005952358245849609
0.00508880615234375
0.006136417388916016
0.00534367561340332
0.005904436111450195
0.005717039108276367
0.004455089569091797
0.00513911247253418
0.004157066345214844
0.0038237571716308594
0.004009723663330078
0.0036695003509521484
0.00353240966796875
0.0026972293853759766
0.017584800720214844
0.01724839210510254
0.016479969024658203
0.015482425689697266
0.018962383270263672
0.021310091018676758
0.022068500518798828
0.017281770706176758
0.023743152618408203
0.025106191635131836
0.019658803939819336
0.019417285919189453
0.018761873245239258
0.017445087432861328
0.008626461029052734
0.0061626434326171875
0.007957696914672852
0.011129379272460938
0.012023210525512695
0.009297609329223633
0.00701451301574707
0.008775472640991211
0.009959936141967773
0.012165069580078125
0.00730443000793457
0.008176803588867188
0.009923219680786133
0.006861448287963867
0.01128077507019043
0.009006261825561523
0.0077741146087646484
0.0061151981353759766
0.00882101058959961
0.00898599624633789
0.009135723114013672
0.00652623176574707
0.008619308471679688
0.006601810455322266
0.00881505012512207
0.007339954376220703
0.006198883056640625
0.006021738052368164
0.008397102355957031
0.010641813278198242
0.010783672332763672
0.008697271347045898
0.007295370101928711
0.007489442825317383
0.01290750503540039
0.00859379768371582
0.008602142333984375
0.007938623428344727
0.00447535514831543
0.008504390716552734
0.006123065948486328
0.00730133056640625
0.004346370697021484
0.020569562911987305
0.023921728134155273
0.023169279098510742
0.026042461395263672
0.023781299591064453
0.023110389709472656
0.020826339721679688
0.02115321159362793
0.02324509620666504
0.022641420364379883
0.024166345596313477
0.020463228225708008
0.025780677795410156
0.020722627639770508
0.02156376838684082
0.01103973388671875
0.011286020278930664
0.008563518524169922
0.010791778564453125
0.01254415512084961
0.014073848724365234
0.010875463485717773
0.01047825813293457
0.011017322540283203
0.006542205810546875
0.0195162296295166
0.0215301513671875
0.019388675689697266
0.0200045108795166
0.020605802536010742
0.020048856735229492
0.01857757568359375
0.019645214080810547
0.01882624626159668
0.019264936447143555
0.019657611846923828
0.016669511795043945
0.021469831466674805
0.02030014991760254
0.01761460304260254
0.00886392593383789
0.006943702697753906
0.007412433624267578
0.007829666137695312
0.00665736198425293
0.007620334625244141
0.006142616271972656
0.007737159729003906
0.008064031600952148
0.004834890365600586
0.002762317657470703
0.005860805511474609
0.004993915557861328
0.0035266876220703125
0.00422978401184082
0.007332563400268555
0.006212949752807617
0.002658843994140625
0.006585359573364258
0.0069086551666259766
0.002643108367919922
0.0039899349212646484
0.005702972412109375
0.0025162696838378906
0.0048100948333740234
0.005566835403442383
0.008218050003051758
0.00596165657043457
0.005430459976196289
0.0037043094635009766
0.004649639129638672
0.007239341735839844
0.004155635833740234
0.00519108772277832
0.004587888717651367
0.0052340030670166016
0.003331422805786133
0.0023622512817382812
0.004204273223876953
0.004270076751708984
0.004076480865478516
0.0053997039794921875
0.005051136016845703
0.004071950912475586
0.0034520626068115234
0.0023605823516845703
0.0026280879974365234
0.003924369812011719
0.006135225296020508
0.00473785400390625
0.0032486915588378906
0.0031201839447021484
0.004519462585449219
0.0016341209411621094
0.0035262107849121094
0.005349874496459961
0.006827592849731445
0.005837917327880859
0.0055844783782958984
0.00587153434753418
0.007078886032104492
0.004929065704345703
0.004891633987426758
0.0034286975860595703
0.00404810905456543
0.003200531005859375
0.003166675567626953
0.005547046661376953
0.0026149749755859375
0.005605459213256836
0.004717826843261719
0.0034377574920654297
0.0015575885772705078
0.009252786636352539
0.007733583450317383
0.007422447204589844
0.009962320327758789
0.010834693908691406
0.007532835006713867
0.005483388900756836
0.0045049190521240234
0.007609367370605469
0.004827976226806641
0.005985736846923828
0.006429910659790039
0.003885507583618164
0.009074211120605469
0.005209684371948242
0.00828409194946289
0.008922576904296875
0.007962942123413086
0.005562543869018555
0.007950305938720703
0.009319782257080078
0.004788875579833984
0.005282402038574219
0.003114461898803711
0.004954099655151367
0.004116535186767578
0.005032539367675781
0.0049266815185546875
0.004021644592285156
0.003979206085205078
0.0049283504486083984
0.004311561584472656
0.0049283504486083984
0.004081249237060547
0.003194093704223633
0.004235267639160156
0.004242420196533203
0.0030579566955566406
0.006124734878540039
0.004004240036010742
0.005526304244995117
0.004980564117431641
0.00396418571472168
0.004971504211425781
0.0055315494537353516
0.0052645206451416016
0.003984212875366211
0.004994630813598633
0.006479740142822266
0.005002021789550781
0.005450010299682617
0.00654149055480957
0.0052983760833740234
0.005191802978515625
0.004170417785644531
0.004177093505859375
0.0030777454376220703
0.0031578540802001953
0.0030431747436523438
0.004033327102661133
0.0040819644927978516
0.00420379638671875
0.003973484039306641
0.0042111873626708984
0.005704641342163086
0.00468897819519043
0.004262447357177734
0.0051326751708984375
0.0057964324951171875
0.004022359848022461
0.00541377067565918
0.00453639030456543
0.004472255706787109
0.005459308624267578
0.005319356918334961
0.00497126579284668
0.004750728607177734
0.0047795772552490234
0.008014202117919922
0.0037567615509033203
0.003960371017456055
0.005311250686645508
0.007088661193847656
0.006355762481689453
0.00691986083984375
0.0065119266510009766
0.007173061370849609
0.007092475891113281
0.0068378448486328125
0.006613969802856445
0.006859779357910156
0.005834341049194336
0.005347490310668945
0.004377841949462891
0.004780292510986328
0.005545854568481445
0.006861686706542969
0.005198240280151367
0.0066754817962646484
0.00988149642944336
0.007990360260009766
0.008891105651855469
0.02227497100830078
0.007807016372680664
0.004458427429199219
0.004327535629272461
0.007729053497314453
0.007645606994628906
0.006867885589599609
0.0055730342864990234
0.011334419250488281
0.009787321090698242
0.010458230972290039
0.009624958038330078
0.008875370025634766
0.011920452117919922
0.011968374252319336
0.010732650756835938
0.008818387985229492
0.008409976959228516
0.008333206176757812
0.009891510009765625
0.009867429733276367
0.010724067687988281
0.00856781005859375
0.010704994201660156
0.009424924850463867
0.006018638610839844
0.00975489616394043
0.004954814910888672
0.027772903442382812
0.030148029327392578
0.02749347686767578
0.027877092361450195
0.0239717960357666
0.026549816131591797
0.025300979614257812
0.02516484260559082
0.0253293514251709
0.02809906005859375
0.025588512420654297
0.026834487915039062
0.02754521369934082
0.02746748924255371
0.026189327239990234
0.030092954635620117
0.033586740493774414
0.03057408332824707
0.03174757957458496
0.029349088668823242
0.028111934661865234
0.008603096008300781
0.009364128112792969
0.008338451385498047
0.007348060607910156
0.026067256927490234
0.028639554977416992
0.02553415298461914
0.02670454978942871
0.011718511581420898
0.01179957389831543
0.01360774040222168
0.012557268142700195
0.010742664337158203
0.010970354080200195
0.013483047485351562
0.011009454727172852
0.012564897537231445
0.009160995483398438
0.012298583984375
0.011277914047241211
0.007236957550048828
0.010354995727539062
0.006775617599487305
0.02512812614440918
0.0264739990234375
0.025840282440185547
0.025459766387939453
0.02133345603942871
0.02424168586730957
0.023087263107299805
0.021814346313476562
0.020621538162231445
0.02752685546875
0.030434370040893555
0.02815389633178711
0.030038833618164062
0.023943424224853516
0.02503824234008789
0.023528099060058594
0.0217132568359375
0.022648334503173828
0.024543285369873047
0.023206710815429688
0.024448394775390625
0.006769895553588867
0.0073184967041015625
0.008619308471679688
0.007700443267822266
0.00883173942565918
0.008599281311035156
0.007788419723510742
0.006259918212890625
0.00644230842590332
0.006711244583129883
0.008098125457763672
0.007691383361816406
0.007660627365112305
0.010076761245727539
0.00786280632019043
0.0091094970703125
0.008723020553588867
0.005763053894042969
0.00539708137512207
0.006178379058837891
0.0073049068450927734
0.006459474563598633
0.004951953887939453
0.0038764476776123047
0.013009786605834961
0.008990049362182617
0.008331537246704102
0.00864100456237793
0.006933689117431641
0.0064716339111328125
0.0081939697265625
0.007239341735839844
0.00838327407836914
0.008330821990966797
0.009340047836303711
0.010260820388793945
0.009600639343261719
0.007287502288818359
0.008696317672729492
0.008882999420166016
0.008987665176391602
0.007680416107177734
0.0060617923736572266
0.004669666290283203
0.007501125335693359
0.0065577030181884766
0.005739688873291016
0.005610942840576172
0.006951332092285156
0.004559516906738281
0.008027315139770508
0.003657817840576172
0.009223699569702148
0.007750034332275391
0.010661125183105469
0.009435653686523438
0.009641408920288086
0.008183956146240234
0.008945941925048828
0.009541511535644531
0.025540590286254883
0.02813863754272461
0.022501707077026367
0.02408456802368164
0.02567124366760254
0.025580406188964844
0.023997783660888672
0.023283004760742188
0.023532629013061523
0.026401758193969727
0.026380538940429688
0.02396106719970703
0.022986888885498047
0.024179458618164062
0.022653579711914062
0.026226520538330078
0.02348160743713379
0.021894454956054688
0.012141942977905273
0.009611845016479492
0.012172937393188477
0.01082158088684082
0.01253652572631836
0.009776115417480469
0.0107421875
0.013994455337524414
0.02507805824279785
0.026042699813842773
0.025530338287353516
0.025150537490844727
0.028385162353515625
0.03189539909362793
0.028926372528076172
0.03052043914794922
0.027786970138549805
0.027859926223754883
0.026810884475708008
0.024853944778442383
0.02591252326965332
0.023016929626464844
0.027626752853393555
0.025022506713867188
0.023694515228271484
0.015995025634765625
0.012707233428955078
0.01304769515991211
0.008800029754638672
0.007828474044799805
0.006830930709838867
0.0067708492279052734
0.005656719207763672
0.0057566165924072266
0.024474620819091797
0.02583479881286621
0.024068593978881836
0.02541184425354004
0.012050390243530273
0.011033058166503906
0.009285211563110352
0.010861635208129883
0.009704828262329102
0.011058807373046875
0.011040687561035156
0.011232614517211914
0.008000373840332031
0.010579586029052734
0.010540485382080078
0.010429620742797852
0.009635210037231445
0.0074405670166015625
0.0059566497802734375
0.009270429611206055
0.007238864898681641
0.007023811340332031
0.006489992141723633
0.00858306884765625
0.008689403533935547
0.005403280258178711
0.012446880340576172
0.01173710823059082
0.011355876922607422
0.023023366928100586
0.024622440338134766
0.01962876319885254
0.022513389587402344
0.024315357208251953
0.023873090744018555
0.021061182022094727
0.020165681838989258
0.01941847801208496
0.008036136627197266
0.007539987564086914
0.011848211288452148
0.007182598114013672
0.010951995849609375
0.006566286087036133
0.009839534759521484
0.0057582855224609375
0.009630203247070312
0.009640693664550781
0.006072282791137695
0.007931232452392578
0.005167484283447266
0.008929252624511719
0.010470151901245117
0.010338306427001953
0.0077288150787353516
0.006464958190917969
0.0057599544525146484
0.007465839385986328
0.0098724365234375
0.00856924057006836
0.008205175399780273
0.01015019416809082
0.021961688995361328
0.023659706115722656
0.022023677825927734
0.02019357681274414
0.025870323181152344
0.028590679168701172
0.027331113815307617
0.02770543098449707
0.014199495315551758
0.01171875
0.012644529342651367
0.008360862731933594
0.012003660202026367
0.009824991226196289
0.009937763214111328
0.007704019546508789
0.011049747467041016
0.013455867767333984
0.02202010154724121
0.022973299026489258
0.021588563919067383
0.02293682098388672
0.006556034088134766
0.005497455596923828
0.006464242935180664
0.006400108337402344
0.006414890289306641
0.008180618286132812
0.005854368209838867
0.006797075271606445
0.007976531982421875
0.006130218505859375
0.007040739059448242
0.0070858001708984375
0.007025241851806641
0.007384538650512695
0.006667613983154297
0.006017208099365234
0.0057964324951171875
0.005055665969848633
0.0045604705810546875
0.00451350212097168
0.005133152008056641
0.00475001335144043
0.004721641540527344
0.0048732757568359375
0.004468441009521484
0.0038971900939941406
0.006482839584350586
0.007050991058349609
0.008402585983276367
0.006237983703613281
0.008836030960083008
0.0069963932037353516
0.008038759231567383
0.0060083866119384766
0.0073261260986328125
0.0073125362396240234
0.0032303333282470703
0.0050160884857177734
0.003351449966430664
0.004701375961303711
0.003199338912963867
0.0033669471740722656
0.0038335323333740234
0.003144502639770508
0.004704952239990234
0.004625082015991211
0.0048792362213134766
0.002285003662109375
0.0027649402618408203
0.0026564598083496094
0.002132415771484375
0.003183126449584961
0.0031850337982177734
0.0034246444702148438
0.0035490989685058594
0.0037555694580078125
0.003264904022216797
0.003657817840576172
0.003267526626586914
0.005145072937011719
0.00489497184753418
0.0049021244049072266
0.005033016204833984
0.004393339157104492
0.004719734191894531
0.0022928714752197266
0.002679109573364258
0.0023932456970214844
0.002154111862182617
0.005483865737915039
0.005574941635131836
0.0034704208374023438
0.0034432411193847656
0.004757404327392578
0.009849309921264648
0.0060214996337890625
0.008222341537475586
0.007655143737792969
0.006895303726196289
0.007308006286621094
0.005564689636230469
0.007997989654541016
0.008591413497924805
0.004963397979736328
0.008722782135009766
0.0067615509033203125
0.003945112228393555
0.006536245346069336
0.0048258304595947266
0.006098747253417969
0.008147716522216797
0.006907224655151367
0.007624149322509766
0.008292913436889648
0.008675336837768555
0.007404327392578125
0.006119489669799805
0.00932002067565918
0.003870248794555664
0.007045745849609375
0.0036067962646484375
0.002773284912109375
0.021260976791381836
0.02056121826171875
0.022760629653930664
0.02427840232849121
0.02245473861694336
0.024786710739135742
0.026595115661621094
0.025280237197875977
0.02504754066467285
0.022299528121948242
0.02262091636657715
0.02222299575805664
0.022879838943481445
0.023416757583618164
0.02511739730834961
0.02347874641418457
0.022370100021362305
0.025023698806762695
0.025029659271240234
0.025634050369262695
0.02012467384338379
0.02100658416748047
0.024310827255249023
0.024316072463989258
0.025027751922607422
0.024143695831298828
0.028090953826904297
0.030251264572143555
0.028180360794067383
0.028698444366455078
0.025797605514526367
0.02604389190673828
0.027797698974609375
0.027428865432739258
0.02662181854248047
0.021837711334228516
0.021886348724365234
0.006096601486206055
0.00732874870300293
0.0053005218505859375
0.00541996955871582
0.024033784866333008
0.024642229080200195
0.023164033889770508
0.02360987663269043
0.009763479232788086
0.008772134780883789
0.010471582412719727
0.007845401763916016
0.009997367858886719
0.008139610290527344
0.008783578872680664
0.008814811706542969
0.010575056076049805
0.008194208145141602
0.009463787078857422
0.010809183120727539
0.011809110641479492
0.009064912796020508
0.0069081783294677734
0.010053396224975586
0.005864143371582031
0.007978439331054688
0.005221366882324219
0.004787445068359375
0.003545522689819336
0.022844314575195312
0.023029565811157227
0.022572755813598633
0.021831512451171875
0.018946409225463867
0.021161317825317383
0.019558191299438477
0.019386768341064453
0.018586158752441406
0.02536749839782715
0.02634739875793457
0.02507615089416504
0.025829076766967773
0.02162623405456543
0.02111530303955078
0.021132230758666992
0.019436359405517578
0.02081155776977539
0.02117156982421875
0.02071094512939453
0.021209716796875
0.004622697830200195
0.004128694534301758
0.0055332183837890625
0.006154298782348633
0.005521297454833984
0.0067005157470703125
0.006675004959106445
0.0041751861572265625
0.004550457000732422
0.004449367523193359
0.002774953842163086
0.005933284759521484
0.006294965744018555
0.00578761100769043
0.004583597183227539
0.006683826446533203
0.00675201416015625
0.007561445236206055
0.006618022918701172
0.00549626350402832
0.00510096549987793
0.004258394241333008
0.003179788589477539
0.004102468490600586
0.0034918785095214844
0.0027799606323242188
0.002772808074951172
0.003548145294189453
0.00925445556640625
0.0069692134857177734
0.007719516754150391
0.006161689758300781
0.0055119991302490234
0.0047762393951416016
0.003475189208984375
0.0061986446380615234
0.004471302032470703
0.004261970520019531
0.006344318389892578
0.007843971252441406
0.0052225589752197266
0.006112575531005859
0.0069506168365478516
0.006901741027832031
0.0037500858306884766
0.0042307376861572266
0.006957292556762695
0.006959676742553711
0.0068051815032958984
0.00687098503112793
0.00563359260559082
0.004932880401611328
0.004354000091552734
0.00835561752319336
0.004221439361572266
0.003635406494140625
0.003651857376098633
0.005222797393798828
0.0048503875732421875
0.0036792755126953125
0.0023987293243408203
0.005839109420776367
0.0025277137756347656
0.005694389343261719
0.004504680633544922
0.002547740936279297
0.0016145706176757812
0.007652759552001953
0.007012128829956055
0.0072536468505859375
0.006636142730712891
0.00851297378540039
0.0075092315673828125
0.008574724197387695
0.0077092647552490234
0.007825613021850586
0.008337020874023438
0.006257772445678711
0.0062673091888427734
0.009547948837280273
0.007816553115844727
0.0078089237213134766
0.007871627807617188
0.005661964416503906
0.008298158645629883
0.006545543670654297
0.006403923034667969
0.02365851402282715
0.025195837020874023
0.020366668701171875
0.02124333381652832
0.024118900299072266
0.023377180099487305
0.02086186408996582
0.021799087524414062
0.01936650276184082
0.02145671844482422
0.020761966705322266
0.02157139778137207
0.025072336196899414
0.02269268035888672
0.023232221603393555
0.022450685501098633
0.024083614349365234
0.022526264190673828
0.023355484008789062
0.023709774017333984
0.020694732666015625
0.024361371994018555
0.022006511688232422
0.021958589553833008
0.019817113876342773
0.02206563949584961
0.0235595703125
0.02048182487487793
0.018585205078125
0.01977372169494629
0.01083517074584961
0.00786900520324707
0.009297609329223633
0.00971841812133789
0.01249074935913086
0.012010812759399414
0.012273311614990234
0.011736631393432617
0.010277271270751953
0.00919961929321289
0.009903192520141602
0.01121664047241211
0.010173559188842773
0.012447834014892578
0.009550809860229492
0.00745701789855957
0.012552738189697266
0.010251998901367188
0.02350783348083496
0.023049592971801758
0.0233762264251709
0.022641897201538086
0.02516770362854004
0.027576446533203125
0.026600122451782227
0.026654481887817383
0.02613973617553711
0.024683475494384766
0.025756120681762695
0.024944067001342773
0.024410486221313477
0.02595376968383789
0.025161027908325195
0.02155900001525879
0.025651931762695312
0.022634029388427734
0.02443981170654297
0.021570682525634766
0.02326226234436035
0.024286985397338867
0.02032613754272461
0.02056431770324707
0.0197446346282959
0.012639999389648438
0.014772653579711914
0.011877059936523438
0.013301849365234375
0.012307167053222656
0.013804435729980469
0.011898279190063477
0.01112055778503418
0.013353347778320312
0.02274179458618164
0.0234982967376709
0.022306442260742188
0.0226747989654541
0.010028839111328125
0.008941888809204102
0.009587287902832031
0.007282257080078125
0.007100582122802734
0.00879216194152832
0.006600141525268555
0.008185863494873047
0.0074214935302734375
0.008175849914550781
0.006330728530883789
0.008493185043334961
0.009625673294067383
0.00859689712524414
0.008659601211547852
0.007376194000244141
0.006008625030517578
0.008956670761108398
0.004823923110961914
0.005239725112915039
0.004456996917724609
0.007169246673583984
0.006335735321044922
0.005377769470214844
0.006741046905517578
0.0039520263671875
0.0064983367919921875
0.00445246696472168
0.003422975540161133
0.002361297607421875
0.005637645721435547
0.005702495574951172
0.004747867584228516
0.0035610198974609375
0.0032956600189208984
0.0036466121673583984
0.010818958282470703
0.01065373420715332
0.00818014144897461
0.010650396347045898
0.009272098541259766
0.010592937469482422
0.010187387466430664
0.009540081024169922
0.011790275573730469
0.007633686065673828
0.006217241287231445
0.010901927947998047
0.005745649337768555
0.003816366195678711
0.006003618240356445
0.010051488876342773
0.007759809494018555
0.0045316219329833984
0.00802922248840332
0.008437871932983398
0.003903627395629883
0.0065157413482666016
0.00846099853515625
0.004887580871582031
0.005948781967163086
0.00650334358215332
0.0071337223052978516
0.007838249206542969
0.0067632198333740234
0.007737398147583008
0.005321979522705078
0.00628662109375
0.0067005157470703125
0.004539966583251953
0.007210493087768555
0.007611274719238281
0.006006956100463867
0.007539033889770508
0.006636381149291992
0.007723331451416016
0.007159233093261719
0.005873203277587891
0.007204532623291016
0.007246971130371094
0.0056610107421875
0.0052335262298583984
0.004608631134033203
0.006813526153564453
0.0062334537506103516
0.006667137145996094
0.00847935676574707
0.005072116851806641
0.008249521255493164
0.006623268127441406
0.008799552917480469
0.006985902786254883
0.0064029693603515625
0.006704092025756836
0.009166717529296875
0.005738496780395508
0.00442814826965332
0.004609346389770508
0.0035712718963623047
0.02027440071105957
0.020180940628051758
0.019418954849243164
0.0198671817779541
0.01809859275817871
0.012878656387329102
0.008077859878540039
0.009830713272094727
0.010913848876953125
0.010408401489257812
0.0101318359375
0.010123968124389648
0.010316610336303711
0.011186361312866211
0.009708404541015625
0.007241249084472656
0.008575439453125
0.009206771850585938
0.008029937744140625
0.011139154434204102
0.009802103042602539
0.009308576583862305
0.008878946304321289
0.008648872375488281
0.00829768180847168
0.009965658187866211
0.008148670196533203
0.009589195251464844
0.012106895446777344
0.009434938430786133
0.007825374603271484
0.006768465042114258
0.007778644561767578
0.004361867904663086
0.0036742687225341797
0.005681037902832031
0.004559516906738281
0.00501704216003418
0.0046312808990478516
0.0033555030822753906
0.005242109298706055
0.0028429031372070312
0.00376129150390625
0.004536151885986328
0.0048677921295166016
0.006078481674194336
0.00498199462890625
0.005007743835449219
0.004982709884643555
0.005337953567504883
0.00458526611328125
0.004281044006347656
0.0043222904205322266
0.002529144287109375
0.002737283706665039
0.0026988983154296875
0.002836465835571289
0.002843141555786133
0.0028672218322753906
0.0023179054260253906
0.0023500919342041016
0.0016412734985351562
0.005213499069213867
0.005563497543334961
0.005919933319091797
0.006230831146240234
0.005813121795654297
0.005814075469970703
0.006156444549560547
0.006300687789916992
0.006071567535400391
0.0069959163665771484
0.005156040191650391
0.005813121795654297
0.005196809768676758
0.005240678787231445
0.006941556930541992
0.006735324859619141
0.006697893142700195
0.005597829818725586
0.0057811737060546875
0.005566120147705078
0.006764888763427734
0.006076335906982422
0.005010128021240234
0.0060770511627197266
0.006064414978027344
0.00593876838684082
0.005928993225097656
0.004873037338256836
0.0056650638580322266
0.005323171615600586
0.004721879959106445
0.004620075225830078
0.004702329635620117
0.005189180374145508
0.004597187042236328
0.003793478012084961
0.0037708282470703125
0.003565073013305664
0.003771066665649414
0.0037021636962890625
0.00405120849609375
0.00398707389831543
0.0035295486450195312
0.004801034927368164
0.004931211471557617
0.005027294158935547
0.003596782684326172
0.003564596176147461
0.003917694091796875
0.0038199424743652344
0.0035173892974853516
0.00575566291809082
0.0044400691986083984
0.004454374313354492
0.004817485809326172
0.007175445556640625
0.00836181640625
0.007668733596801758
0.00965428352355957
0.009371519088745117
0.006768703460693359
0.008018970489501953
0.0063893795013427734
0.00789022445678711
0.008605480194091797
0.008128643035888672
0.007681608200073242
0.006528377532958984
0.005159854888916016
0.005385875701904297
0.007541179656982422
0.006482124328613281
0.00827336311340332
0.006281614303588867
0.0079498291015625
0.0043697357177734375
0.019968032836914062
0.019820451736450195
0.024189472198486328
0.026470422744750977
0.027495861053466797
0.02471160888671875
0.027391910552978516
0.02661895751953125
0.02731919288635254
0.02908611297607422
0.011368036270141602
0.010025262832641602
0.009501218795776367
0.009631872177124023
0.01024007797241211
0.007512331008911133
0.005131959915161133
0.006141185760498047
0.006567239761352539
0.009131908416748047
0.009349584579467773
0.006486415863037109
0.00608515739440918
0.009486913681030273
0.009221553802490234
0.0090789794921875
0.008188486099243164
0.010253190994262695
0.005962371826171875
0.022342920303344727
0.022361040115356445
0.0066983699798583984
0.005110025405883789
0.007044792175292969
0.00572514533996582
0.005595207214355469
0.004430532455444336
0.005423784255981445
0.005745649337768555
0.005429506301879883
0.004863739013671875
0.005820512771606445
0.0063855648040771484
0.004869699478149414
0.0042266845703125
0.006125926971435547
0.006186008453369141
0.0056018829345703125
0.0045928955078125
0.005487203598022461
0.0058956146240234375
0.004034280776977539
0.005174398422241211
0.006154537200927734
0.003923892974853516
0.005544900894165039
0.0058476924896240234
0.00504612922668457
0.003000020980834961
0.007531404495239258
0.008423805236816406
0.005338907241821289
0.005171537399291992
0.005102872848510742
0.004790782928466797
0.004267454147338867
0.0037162303924560547
0.006443977355957031
0.005063056945800781
0.0064563751220703125
0.005517482757568359
0.006552696228027344
0.00596308708190918
0.006091117858886719
0.004720926284790039
0.0076084136962890625
0.008313179016113281
0.004945516586303711
0.00502777099609375
0.004221916198730469
0.004137754440307617
0.006272315979003906
0.004887819290161133
0.005795478820800781
0.007923126220703125
0.0052032470703125
0.006589412689208984
0.005689859390258789
0.005391120910644531
0.004838705062866211
0.004798173904418945
0.007148027420043945
0.005739688873291016
0.003710031509399414
0.006644725799560547
0.005938291549682617
0.004631996154785156
0.003061056137084961
0.004832267761230469
0.006489992141723633
0.005924224853515625
0.0054225921630859375
0.00494694709777832
0.004638671875
0.0062255859375
0.007201194763183594
0.006405353546142578
0.003713369369506836
0.005882978439331055
0.01724386215209961
0.018059968948364258
0.02256631851196289
0.02497720718383789
0.02367997169494629
0.020998716354370117
0.02049565315246582
0.012108087539672852
0.013190984725952148
0.006262540817260742
0.0074346065521240234
0.010594606399536133
0.010220050811767578
0.00865030288696289
0.00684809684753418
0.008893489837646484
0.0085296630859375
0.009770393371582031
0.008956670761108398
0.010035037994384766
0.006649494171142578
0.011486291885375977
0.007122993469238281
0.00809335708618164
0.011452436447143555
0.009194612503051758
0.006695270538330078
0.025243759155273438
0.023215055465698242
0.023221969604492188
0.022197961807250977
0.024002790451049805
0.02122354507446289
0.025687694549560547
0.02299332618713379
0.021576881408691406
0.005177497863769531
0.024164438247680664
0.024930715560913086
0.0218198299407959
0.02659916877746582
0.024415969848632812
0.025675296783447266
0.023612260818481445
0.025745630264282227
0.023631572723388672
0.027164697647094727
0.023818492889404297
0.02221202850341797
0.012819051742553711
0.012499332427978516
0.01046442985534668
0.015321493148803711
0.010188579559326172
0.007035017013549805
0.007336139678955078
0.006978034973144531
0.008247852325439453
0.0077495574951171875
0.010211706161499023
0.009073019027709961
0.0064849853515625
0.005273580551147461
0.004904270172119141
0.008522987365722656
0.007506847381591797
0.009353876113891602
0.007397651672363281
0.00908517837524414
0.00793766975402832
0.006463050842285156
0.0065441131591796875
0.005845069885253906
0.008621931076049805
0.007367849349975586
0.008036375045776367
0.00735163688659668
0.006818532943725586
0.004897356033325195
0.005724191665649414
0.005483388900756836
0.004973173141479492
0.004847049713134766
0.004971027374267578
0.0038564205169677734
0.00805044174194336
0.009376049041748047
0.008826494216918945
0.008056402206420898
0.008629798889160156
0.007800102233886719
0.007023811340332031
0.006708621978759766
0.004489898681640625
0.005814313888549805
0.005388021469116211
0.006656646728515625
0.007048130035400391
0.005097150802612305
0.0038263797760009766
0.00302886962890625
0.003038167953491211
0.004510164260864258
0.007720470428466797
0.005949497222900391
0.0074384212493896484
0.004847526550292969
0.0032196044921875
0.0075190067291259766
0.00879049301147461
0.005946636199951172
0.002939939498901367
0.0028159618377685547
0.005691051483154297
0.00405430793762207
0.004903078079223633
0.007162570953369141
0.005821704864501953
0.005442142486572266
0.007402896881103516
0.006263256072998047
0.003556489944458008
0.007866144180297852
0.004498958587646484
0.004282951354980469
0.005159854888916016
0.004386186599731445
0.0047702789306640625
0.0038099288940429688
0.0017681121826171875
0.0026688575744628906
0.010456085205078125
0.009837150573730469
0.008636236190795898
0.0071659088134765625
0.007093191146850586
0.007642507553100586
0.005460500717163086
0.010906219482421875
0.010985374450683594
0.008136987686157227
0.005018949508666992
0.007864952087402344
0.010705709457397461
0.007890939712524414
0.007856369018554688
0.0057849884033203125
0.005101203918457031
0.005052089691162109
0.0046596527099609375
0.004930019378662109
0.003976106643676758
0.005705356597900391
0.004945039749145508
0.00527191162109375
0.0043599605560302734
0.0036454200744628906
0.0037658214569091797
0.003032684326171875
0.004054546356201172
0.003782510757446289
0.004133462905883789
0.004139900207519531
0.0046498775482177734
0.004163265228271484
0.004148006439208984
0.0041615962982177734
0.004012584686279297
0.004686117172241211
0.0036056041717529297
0.003606557846069336
0.0030546188354492188
0.00521540641784668
0.005113124847412109
0.0053253173828125
0.00417637825012207
0.0053141117095947266
0.0044629573822021484
0.003295421600341797
0.004643678665161133
0.003248929977416992
0.003390073776245117
0.004624128341674805
0.004827022552490234
0.004425764083862305
0.0032651424407958984
0.002494335174560547
0.002309560775756836
0.0026483535766601562
0.002540111541748047
0.009078502655029297
0.0060732364654541016
0.00548243522644043
0.006912946701049805
0.003015756607055664
0.006805419921875
0.006952762603759766
0.005579233169555664
0.004979372024536133
0.004695892333984375
0.005610227584838867
0.0046541690826416016
0.006318569183349609
0.0036797523498535156
0.0029532909393310547
0.005311250686645508
0.004191875457763672
0.004082441329956055
0.0033609867095947266
0.003203153610229492
0.00552678108215332
0.004314422607421875
0.0057220458984375
0.004417896270751953
0.004641294479370117
0.004380941390991211
0.0031516551971435547
0.006720542907714844
0.0043981075286865234
0.005708932876586914
0.007075071334838867
0.0029027462005615234
0.004687070846557617
0.0030112266540527344
0.0032014846801757812
0.0021092891693115234
0.022783756256103516
0.024027347564697266
0.02142810821533203
0.023050308227539062
0.02133965492248535
0.023493289947509766
0.022673368453979492
0.01978445053100586
0.019228696823120117
0.022901058197021484
0.023204565048217773
0.02513599395751953
0.022972822189331055
0.021747350692749023
0.02029705047607422
0.020591259002685547
0.02505326271057129
0.02658867835998535
0.022547006607055664
0.025358915328979492
0.026261091232299805
0.023963451385498047
0.020488262176513672
0.02867579460144043
0.025409936904907227
0.008612632751464844
0.008330583572387695
0.007439374923706055
0.007436275482177734
0.007742404937744141
0.005881071090698242
0.0030670166015625
0.004264354705810547
0.0044825077056884766
0.0045244693756103516
0.005070209503173828
0.007334470748901367
0.006341218948364258
0.008450508117675781
0.006974458694458008
0.00701451301574707
0.006783008575439453
0.006313800811767578
0.009087085723876953
0.0077092647552490234
0.006100893020629883
0.004346609115600586
0.0039010047912597656
0.0040438175201416016
0.002778291702270508
0.021725177764892578
0.02059006690979004
0.0022728443145751953
0.003795146942138672
0.003336668014526367
0.002299785614013672
0.003414630889892578
0.00402522087097168
0.0037424564361572266
0.0032646656036376953
0.003998279571533203
0.0027840137481689453
0.0020656585693359375
0.003476381301879883
0.003717660903930664
0.003439664840698242
0.004540443420410156
0.004481792449951172
0.004251956939697266
0.0036013126373291016
0.002508401870727539
0.003262042999267578
0.00395965576171875
0.002790689468383789
0.0027832984924316406
0.0020759105682373047
0.004003763198852539
0.002612590789794922
0.002594470977783203
0.0016222000122070312
0.019895076751708984
0.017194509506225586
0.02025151252746582
0.01658940315246582
0.02164602279663086
0.02276158332824707
0.018628597259521484
0.01800394058227539
0.017979145050048828
0.017246007919311523
0.01700735092163086
0.009141921997070312
0.0068359375
0.007802248001098633
0.009805917739868164
0.006910800933837891
0.0076580047607421875
0.006157875061035156
0.008861064910888672
0.009173870086669922
0.00957345962524414
0.004660367965698242
0.008250951766967773
0.009150505065917969
0.006000518798828125
0.0052068233489990234
0.01045846939086914
0.006207942962646484
0.00718998908996582
0.009806632995605469
0.011141538619995117
0.007475614547729492
0.007991790771484375
0.00778651237487793
0.01033782958984375
0.007552385330200195
0.006260395050048828
0.007830381393432617
0.005617380142211914
0.006825685501098633
0.005475759506225586
0.008227109909057617
0.00510096549987793
0.008352279663085938
0.007489204406738281
0.00666046142578125
0.008370399475097656
0.004981517791748047
0.0050661563873291016
0.008534908294677734
0.007387399673461914
0.008443117141723633
0.0052487850189208984
0.008530855178833008
0.007367610931396484
0.005213022232055664
0.004180431365966797
0.008689165115356445
0.006598472595214844
0.005429983139038086
0.005753278732299805
0.009035110473632812
0.006730318069458008
0.0059397220611572266
0.00914454460144043
0.00797724723815918
0.008083820343017578
0.006747245788574219
0.003831148147583008
0.004445314407348633
0.006582021713256836
0.00612187385559082
0.007637500762939453
0.005495309829711914
0.008431673049926758
0.0057413578033447266
0.006783485412597656
0.00646662712097168
0.005835056304931641
0.007155418395996094
0.0060231685638427734
0.0037500858306884766
0.02254796028137207
0.023450136184692383
0.02186274528503418
0.02288985252380371
0.020424365997314453
0.025223255157470703
0.021810054779052734
0.023246049880981445
0.021491527557373047
0.019942522048950195
0.02034163475036621
0.02297806739807129
0.022505998611450195
0.02275371551513672
0.022156238555908203
0.023274898529052734
0.02388143539428711
0.019820451736450195
0.020249366760253906
0.008962869644165039
0.009515762329101562
0.005931854248046875
0.01965165138244629
0.025054931640625
0.02085280418395996
0.009326934814453125
0.0072405338287353516
0.010599136352539062
0.008068561553955078
0.007170677185058594
0.008781671524047852
0.00919961929321289
0.011743545532226562
0.008306503295898438
0.01044011116027832
0.013789892196655273
0.010583877563476562
0.010850191116333008
0.009888172149658203
0.008971452713012695
0.009012699127197266
0.008567333221435547
0.023945093154907227
0.0055675506591796875
0.0065691471099853516
0.0039288997650146484
0.006551980972290039
0.0052907466888427734
0.0069234371185302734
0.00540924072265625
0.0041158199310302734
0.00423431396484375
0.004689216613769531
0.003473997116088867
0.006433725357055664
0.007136344909667969
0.006253719329833984
0.0046007633209228516
0.005861759185791016
0.0042302608489990234
0.0065419673919677734
0.0060062408447265625
0.005277395248413086
0.0053484439849853516
0.003886699676513672
0.003101348876953125
0.006359100341796875
0.0057621002197265625
0.0053446292877197266
0.005112409591674805
0.003690958023071289
0.004445075988769531
0.0026841163635253906
0.00458526611328125
0.0028388500213623047
0.001644134521484375
0.007517337799072266
0.008440732955932617
0.006737947463989258
0.007075309753417969
0.006987571716308594
0.006981611251831055
0.006031036376953125
0.005262851715087891
0.007283926010131836
0.0060350894927978516
0.00511622428894043
0.006319522857666016
0.004823446273803711
0.0043332576751708984
0.004224300384521484
0.005286693572998047
0.005828380584716797
0.006283283233642578
0.002666950225830078
0.0026788711547851562
0.002719879150390625
0.002696990966796875
0.002793550491333008
0.0023910999298095703
0.0016014575958251953
0.00750279426574707
0.004806041717529297
0.006089448928833008
0.006620883941650391
0.0047838687896728516
0.0061986446380615234
0.007642507553100586
0.003943443298339844
0.006213188171386719
0.005548238754272461
0.008141279220581055
0.0068781375885009766
0.009739875793457031
0.006405353546142578
0.009490489959716797
0.0068013668060302734
0.00984954833984375
0.007331371307373047
0.005461215972900391
0.006818532943725586
0.007119417190551758
0.005339384078979492
0.004442453384399414
0.00680232048034668
0.006564140319824219
0.00513458251953125
0.0068264007568359375
0.006123781204223633
0.004538536071777344
0.00621342658996582
0.006568193435668945
0.005409717559814453
0.004539012908935547
0.003638029098510742
0.005242824554443359
0.006770610809326172
0.007805585861206055
0.006161212921142578
0.0038118362426757812
0.006208658218383789
0.007895946502685547
0.00400543212890625
0.0051097869873046875
0.00587916374206543
0.005150794982910156
0.0075838565826416016
0.005543708801269531
0.0043125152587890625
0.004868268966674805
0.004716634750366211
0.0030655860900878906
