0.005942821502685547
0.020285606384277344
0.004919290542602539
0.021111011505126953
0.0219573974609375
0.024205923080444336
0.024953365325927734
0.022609949111938477
0.023367643356323242
0.023739337921142578
0.022147655487060547
0.020644426345825195
0.006963014602661133
0.01971578598022461
0.02221822738647461
0.007886648178100586
0.02163386344909668
0.0235443115234375
0.02225494384765625
0.02164459228515625
0.020493745803833008
0.020870208740234375
0.005671024322509766
0.022207975387573242
0.007886409759521484
0.0208892822265625
0.007203817367553711
0.0192110538482666
0.0197906494140625
0.019103050231933594
0.021007537841796875
0.01990795135498047
0.021867752075195312
0.020677804946899414
0.02053093910217285
0.01921367645263672
0.01925492286682129
0.02120184898376465
0.01958918571472168
0.01859283447265625
0.005899667739868164
0.01716446876525879
0.019353628158569336
0.00653076171875
0.01819300651550293
0.020789623260498047
0.00883173942565918
0.01973557472229004
0.019229650497436523
0.00809788703918457
0.018327713012695312
0.0047419071197509766
0.0200347900390625
0.006935596466064453
0.018573760986328125
0.006082057952880859
0.001905202865600586
0.018674612045288086
0.019474029541015625
0.021097183227539062
0.020386219024658203
0.003706693649291992
0.018321752548217773
0.016654491424560547
0.01761913299560547
0.004442691802978516
0.0193326473236084
0.006552934646606445
0.020943641662597656
0.006036281585693359
0.01915740966796875
0.003506898880004883
0.0048007965087890625
0.003914356231689453
0.01761174201965332
0.01832294464111328
0.019597530364990234
0.02008843421936035
0.01811385154724121
0.019804000854492188
0.0029311180114746094
0.017548322677612305
0.01761937141418457
0.019124746322631836
0.018458843231201172
0.003712177276611328
0.01877570152282715
0.005974292755126953
0.01707005500793457
0.005069255828857422
0.0016298294067382812
0.0037839412689208984
0.0030956268310546875
0.0033631324768066406
0.003875732421875
0.004322052001953125
0.004403352737426758
0.005174398422241211
0.005151987075805664
0.022080183029174805
0.02186298370361328
0.02100849151611328
0.024723529815673828
0.022446870803833008
0.02166128158569336
0.022823333740234375
0.006032228469848633
0.005983114242553711
0.020765066146850586
0.02087569236755371
0.023811817169189453
0.02157449722290039
0.022076845169067383
0.0052204132080078125
0.0050203800201416016
0.00402522087097168
0.005876779556274414
0.020395278930664062
0.019423961639404297
0.006523847579956055
0.021775007247924805
0.02361774444580078
0.02018141746520996
0.00873875617980957
0.02175140380859375
0.00477910041809082
0.007921934127807617
0.01993560791015625
0.004872560501098633
0.021277666091918945
0.022161483764648438
0.0069735050201416016
0.021219730377197266
0.004267692565917969
0.006208181381225586
0.0022711753845214844
0.0022058486938476562
0.003075838088989258
0.002928495407104492
0.01969742774963379
0.01946568489074707
0.018411636352539062
0.01951456069946289
0.018620014190673828
0.022346019744873047
0.019608259201049805
0.02044057846069336
0.019507646560668945
0.02108311653137207
0.0038118362426757812
0.0036253929138183594
0.01899862289428711
0.018565654754638672
0.02066493034362793
0.01944422721862793
0.020164966583251953
0.002973794937133789
0.002962827682495117
0.0016741752624511719
0.0049285888671875
0.01839423179626465
0.017946243286132812
0.005560636520385742
0.019133806228637695
0.020537614822387695
0.01814889907836914
0.007661581039428711
0.019757986068725586
0.002380847930908203
0.00699615478515625
0.0037086009979248047
0.018283843994140625
0.0059435367584228516
0.0016338825225830078
0.0054094791412353516
0.0036551952362060547
0.0037384033203125
0.004430532455444336
0.004233598709106445
0.017896175384521484
0.020009994506835938
0.018364667892456055
0.021234750747680664
0.020655155181884766
0.005029439926147461
0.0051136016845703125
0.019782543182373047
0.00424504280090332
0.004197120666503906
0.003230571746826172
0.0030698776245117188
0.01737236976623535
0.016930103302001953
0.018556594848632812
0.003885984420776367
0.019253969192504883
0.005917072296142578
0.003846883773803711
0.005149126052856445
0.00182342529296875
0.0039958953857421875
0.0032820701599121094
0.0032134056091308594
0.002167224884033203
0.0022499561309814453
0.0177001953125
0.017348289489746094
0.018369436264038086
0.018450260162353516
0.01994466781616211
0.002898693084716797
0.002868175506591797
0.018808603286743164
0.0021295547485351562
0.002215862274169922
0.0017788410186767578
0.015809059143066406
0.01797318458557129
0.017023563385009766
0.0026845932006835938
0.01700878143310547
0.017298460006713867
0.004899024963378906
0.0016491413116455078
0.004239559173583984
0.0030388832092285156
