0.0038955211639404297
0.0036690235137939453
0.003472566604614258
0.003205537796020508
0.003072500228881836
0.003258943557739258
0.0034453868865966797
0.007077932357788086
0.004803895950317383
0.00626826286315918
0.006371974945068359
0.005563974380493164
0.007664680480957031
0.007536888122558594
0.007272243499755859
0.00686955451965332
0.010883808135986328
0.005963802337646484
0.006053447723388672
0.0060465335845947266
0.005999565124511719
0.0059697628021240234
0.005965232849121094
0.005400180816650391
0.004533290863037109
0.005156278610229492
0.004594087600708008
0.005039691925048828
0.005318641662597656
0.005891323089599609
0.005814790725708008
0.00689387321472168
0.010401487350463867
0.006671428680419922
0.004381656646728516
0.004439592361450195
0.0040662288665771484
0.0043375492095947266
0.004438638687133789
0.0036814212799072266
0.005148172378540039
0.0038623809814453125
0.0033845901489257812
0.004324913024902344
0.004370212554931641
0.0043675899505615234
0.004449367523193359
0.004404306411743164
0.004408836364746094
0.003917217254638672
0.0031659603118896484
0.0028526782989501953
0.0028314590454101562
0.004230022430419922
0.005079746246337891
0.004145622253417969
0.005131959915161133
0.006094455718994141
0.005918025970458984
0.00715947151184082
0.004294633865356445
0.005012989044189453
0.005066633224487305
0.004584074020385742
0.0049037933349609375
0.004617929458618164
0.006254911422729492
0.003626585006713867
0.005377292633056641
0.0063304901123046875
0.00516057014465332
0.005356311798095703
0.005557537078857422
0.004656791687011719
0.0039670467376708984
0.003976583480834961
0.0038225650787353516
0.0037717819213867188
0.0039081573486328125
0.0038404464721679688
0.003631114959716797
0.003220081329345703
0.0036699771881103516
0.003916501998901367
0.0038847923278808594
0.0032644271850585938
0.002679586410522461
0.002561807632446289
0.002588987350463867
0.0034332275390625
0.0033769607543945312
0.004477739334106445
0.004645347595214844
0.003999233245849609
0.005583763122558594
0.005590915679931641
0.004613161087036133
0.00457763671875
0.003684520721435547
0.0035734176635742188
0.002963542938232422
0.0035474300384521484
0.0032155513763427734
0.002593517303466797
0.0028328895568847656
0.0022797584533691406
0.0027916431427001953
0.0021047592163085938
0.004050254821777344
0.004324674606323242
0.0035364627838134766
0.00373077392578125
0.004245758056640625
0.003974199295043945
0.004106998443603516
0.0032415390014648438
0.0031363964080810547
0.00244903564453125
0.0029916763305664062
0.003579378128051758
0.003840208053588867
0.0038001537322998047
0.0033385753631591797
0.003235340118408203
0.002580881118774414
0.002496480941772461
0.0022039413452148438
0.0019049644470214844
0.0019960403442382812
0.002203226089477539
0.0022475719451904297
0.002157926559448242
0.0016415119171142578
0.0025331974029541016
0.0025348663330078125
0.002473592758178711
0.002541780471801758
0.0024819374084472656
0.002558469772338867
0.002471446990966797
0.001954793930053711
0.0032339096069335938
0.0031251907348632812
0.0031158924102783203
0.0021140575408935547
0.002146005630493164
0.002169370651245117
0.002209901809692383
0.002391338348388672
0.0016622543334960938
0.0034215450286865234
0.003286600112915039
0.0035829544067382812
0.004519462585449219
0.003076791763305664
0.0030143260955810547
0.003041982650756836
0.003131389617919922
0.004750728607177734
0.0047664642333984375
0.00462031364440918
0.004366636276245117
0.005492687225341797
0.0067064762115478516
0.006615877151489258
0.006627082824707031
0.006567716598510742
0.0068356990814208984
0.005870819091796875
0.006876230239868164
0.004911661148071289
0.007065296173095703
0.005443096160888672
0.005616664886474609
0.007490634918212891
0.0047571659088134766
0.004026651382446289
0.005133628845214844
0.004523515701293945
0.004566669464111328
0.006046772003173828
0.008681297302246094
0.007759809494018555
0.005919218063354492
0.005148410797119141
0.007476806640625
0.005918025970458984
0.00733184814453125
0.0074481964111328125
0.005312442779541016
0.005417346954345703
0.005513191223144531
0.0052623748779296875
0.0052340030670166016
0.005247592926025391
0.006165504455566406
0.0042383670806884766
0.004076957702636719
0.0040857791900634766
0.004231929779052734
0.005770683288574219
0.004642963409423828
0.004670381546020508
0.004178285598754883
0.00413966178894043
0.004168272018432617
0.003782510757446289
0.004338264465332031
0.00452423095703125
0.0040493011474609375
0.0042879581451416016
0.004319429397583008
0.004341840744018555
0.004312992095947266
0.0038194656372070312
0.004330873489379883
0.00435948371887207
0.004431724548339844
0.004625558853149414
0.003619670867919922
0.006827354431152344
0.003508329391479492
0.0034515857696533203
0.0031142234802246094
0.003145933151245117
0.004045963287353516
0.00511622428894043
0.005013704299926758
0.005093574523925781
0.005179405212402344
0.005326747894287109
0.004482269287109375
0.00397181510925293
0.004480600357055664
0.0045239925384521484
0.004517078399658203
0.004439353942871094
0.004147768020629883
0.004190206527709961
0.004122257232666016
0.007722139358520508
0.0035467147827148438
0.002816438674926758
0.003628253936767578
0.0047473907470703125
0.004374504089355469
0.00373077392578125
0.0032799243927001953
0.0027909278869628906
0.003743886947631836
0.004166841506958008
0.004273891448974609
0.003512859344482422
0.005667686462402344
0.0037217140197753906
0.003857135772705078
0.0038001537322998047
0.0048046112060546875
0.004831552505493164
0.0047016143798828125
0.004867076873779297
0.004401445388793945
0.003937244415283203
0.003893136978149414
0.003887176513671875
0.003966331481933594
0.0038580894470214844
0.004685401916503906
0.0031824111938476562
0.0031599998474121094
0.0032553672790527344
0.00403285026550293
0.002331256866455078
0.002755403518676758
0.004034519195556641
0.0032358169555664062
0.003165721893310547
0.0032739639282226562
0.0031480789184570312
0.003146648406982422
0.0032351016998291016
0.0030281543731689453
0.003183603286743164
0.002650022506713867
0.0028388500213623047
0.0027828216552734375
0.002668142318725586
0.0026907920837402344
0.002588510513305664
0.0027153491973876953
0.002991199493408203
0.0029044151306152344
0.002919435501098633
0.002860546112060547
0.0028481483459472656
0.0028123855590820312
0.0029234886169433594
0.0023882389068603516
0.0030770301818847656
0.003111600875854492
0.0030617713928222656
0.0030460357666015625
0.003039836883544922
0.0028362274169921875
0.003946065902709961
0.0037920475006103516
0.004813671112060547
0.004782676696777344
0.003911256790161133
0.005216360092163086
0.005516767501831055
0.004660606384277344
0.004851102828979492
0.004748821258544922
0.0048754215240478516
0.0032341480255126953
0.0032253265380859375
0.004734992980957031
0.003944873809814453
0.0039784908294677734
0.0032737255096435547
0.003700733184814453
0.0037021636962890625
0.0038123130798339844
0.004717588424682617
0.004673004150390625
0.0038487911224365234
0.0037186145782470703
0.0035822391510009766
0.003604412078857422
0.003223896026611328
0.0023314952850341797
0.002292633056640625
0.002274751663208008
0.0019872188568115234
0.002542257308959961
0.0037610530853271484
0.004033803939819336
0.003483295440673828
0.0036962032318115234
0.003551006317138672
0.003331899642944336
0.0033311843872070312
0.003441333770751953
0.0027618408203125
0.004446744918823242
0.004372596740722656
0.003430604934692383
0.0034401416778564453
0.0034782886505126953
0.0034329891204833984
0.0031137466430664062
0.0028533935546875
0.0030617713928222656
0.0036859512329101562
0.003724336624145508
0.0034224987030029297
0.0034749507904052734
0.0019066333770751953
0.003273487091064453
0.0024080276489257812
0.002388477325439453
0.002433300018310547
0.002418994903564453
0.0024619102478027344
0.0025794506072998047
0.0024933815002441406
0.0019626617431640625
0.0024280548095703125
0.0024802684783935547
0.0025343894958496094
0.0024566650390625
0.0024204254150390625
0.0019326210021972656
0.0034852027893066406
0.0035254955291748047
0.002611398696899414
0.0025920867919921875
0.0026030540466308594
0.002600431442260742
0.0021309852600097656
0.002115011215209961
0.0020265579223632812
0.0020499229431152344
0.0020935535430908203
0.0020394325256347656
0.001988649368286133
0.0023784637451171875
0.0021522045135498047
0.0021712779998779297
0.0033881664276123047
0.0033354759216308594
0.0025818347930908203
0.0039048194885253906
0.004194974899291992
0.003155946731567383
0.0031456947326660156
0.003150463104248047
0.00313568115234375
0.003117084503173828
0.003108501434326172
0.003989696502685547
0.003977060317993164
0.0022869110107421875
0.002283334732055664
0.001623392105102539
0.0032241344451904297
0.0031609535217285156
0.003348112106323242
0.0031731128692626953
0.002130746841430664
0.002282381057739258
0.0022728443145751953
0.0023169517517089844
0.0023317337036132812
0.0024111270904541016
0.002410888671875
0.002340078353881836
0.0023508071899414062
0.002353668212890625
0.0016298294067382812
0.002359628677368164
0.002532958984375
0.0017201900482177734
0.0027341842651367188
0.002548694610595703
0.0026178359985351562
0.0020935535430908203
0.0020728111267089844
0.0018284320831298828
0.002592325210571289
0.002655029296875
0.0025107860565185547
0.0023641586303710938
0.0018329620361328125
0.002594470977783203
0.0025866031646728516
0.0031168460845947266
0.0029795169830322266
0.0028448104858398438
0.0029311180114746094
0.002912759780883789
0.002019166946411133
0.0022401809692382812
0.0020062923431396484
0.001987934112548828
0.0020003318786621094
0.0021278858184814453
0.0020482540130615234
0.001978635787963867
0.001613616943359375
