0.02120208740234375
0.008460760116577148
0.0053713321685791016
0.005320310592651367
0.004606962203979492
0.006036043167114258
0.004578590393066406
0.0053558349609375
0.005365133285522461
0.005709409713745117
0.005667448043823242
0.00858926773071289
0.004896402359008789
0.004812479019165039
0.0057604312896728516
0.004153013229370117
0.0038993358612060547
0.003841400146484375
0.0046689510345458984
0.003885507583618164
0.004667043685913086
0.004142284393310547
0.004990577697753906
0.004294872283935547
0.0042955875396728516
0.0046498775482177734
0.003576040267944336
0.021222829818725586
0.0214078426361084
0.021381616592407227
0.020775794982910156
0.02086353302001953
0.024338483810424805
0.019994735717773438
0.01954340934753418
0.02125382423400879
0.012824296951293945
0.014992475509643555
0.009001970291137695
0.008994579315185547
0.009000301361083984
0.00899958610534668
0.013576269149780273
0.004805564880371094
0.00667119026184082
0.00865936279296875
0.006695270538330078
0.00708317756652832
0.006493806838989258
0.04641103744506836
0.02273869514465332
0.023152589797973633
0.022217988967895508
0.02718663215637207
0.02286052703857422
0.022444725036621094
0.021007537841796875
0.02079010009765625
0.020821094512939453
0.02550029754638672
0.024797677993774414
0.026867389678955078
0.02871251106262207
0.026563644409179688
0.026094675064086914
0.024492740631103516
0.02240467071533203
0.025779247283935547
0.021448612213134766
0.029568195343017578
0.028401851654052734
0.027311325073242188
0.027405977249145508
0.029512643814086914
0.02997136116027832
0.03074479103088379
0.027593135833740234
0.03011798858642578
0.02470231056213379
0.028303146362304688
0.032974958419799805
0.03098130226135254
0.029170751571655273
0.02587270736694336
0.02379465103149414
0.028972387313842773
0.022943973541259766
0.024004459381103516
0.024693965911865234
0.027393579483032227
0.022568225860595703
0.03363370895385742
0.026362180709838867
0.028662919998168945
0.024257421493530273
0.024598360061645508
0.023390531539916992
0.02474808692932129
0.025067806243896484
0.023222923278808594
0.024852514266967773
0.023707866668701172
0.022288799285888672
0.023622512817382812
0.02228689193725586
0.023241281509399414
0.02371525764465332
0.02460765838623047
0.02504253387451172
0.024546146392822266
0.02487349510192871
0.023001670837402344
0.02147388458251953
0.025838851928710938
0.020492076873779297
0.024914026260375977
0.022272348403930664
0.022196292877197266
0.025166034698486328
0.021212339401245117
0.021956920623779297
0.022132158279418945
0.012351751327514648
0.009765863418579102
0.009586811065673828
0.011703252792358398
0.011824369430541992
0.02557992935180664
0.026738882064819336
0.028400421142578125
0.025679349899291992
0.028750181198120117
0.02675461769104004
0.031009912490844727
0.03353476524353027
0.02601480484008789
0.02560710906982422
0.026361703872680664
0.023960351943969727
0.01466679573059082
0.01366424560546875
0.013214588165283203
0.011191368103027344
0.02755141258239746
0.028130054473876953
0.027489185333251953
0.026304006576538086
0.029216289520263672
0.02812957763671875
0.030376434326171875
0.029926538467407227
0.026935100555419922
0.024174928665161133
0.02584218978881836
0.02619767189025879
0.02399754524230957
0.0264742374420166
0.027950525283813477
0.02592158317565918
0.02624797821044922
0.02422046661376953
0.022672176361083984
0.025115966796875
0.021982431411743164
0.02676701545715332
0.022947072982788086
0.023058176040649414
0.02557229995727539
0.022182703018188477
0.022660255432128906
0.023331403732299805
0.022299528121948242
0.021960735321044922
0.022922277450561523
0.020513057708740234
0.02608036994934082
0.014499425888061523
0.015325307846069336
0.01275491714477539
0.009732484817504883
0.007795095443725586
0.008419036865234375
0.008132219314575195
0.011240959167480469
0.007077217102050781
0.00902867317199707
0.006689786911010742
0.011718511581420898
0.025084257125854492
0.025169849395751953
0.02455925941467285
0.022121906280517578
0.013421773910522461
0.010075569152832031
0.008968114852905273
0.0076372623443603516
0.023497343063354492
0.022047758102416992
0.022853851318359375
0.023023128509521484
0.023088932037353516
0.023092985153198242
0.021996021270751953
0.020797252655029297
0.021532058715820312
0.020293712615966797
0.02016925811767578
0.020676374435424805
0.023333072662353516
0.022914409637451172
0.018796682357788086
0.0197908878326416
0.019721508026123047
0.0218048095703125
0.01852250099182129
0.019656896591186523
0.023967742919921875
0.02108287811279297
0.022820472717285156
0.022237539291381836
0.026303529739379883
0.02503180503845215
0.0222780704498291
0.02247905731201172
0.025135040283203125
0.024859905242919922
0.022634029388427734
0.019173860549926758
0.02053213119506836
0.027391910552978516
0.02305006980895996
0.02810359001159668
0.018292903900146484
0.02630615234375
0.026676654815673828
0.024239301681518555
0.02486443519592285
0.026978015899658203
0.026789188385009766
0.026962995529174805
0.02781820297241211
0.022473573684692383
0.02497386932373047
0.02660346031188965
0.02425670623779297
0.029247283935546875
0.028360605239868164
0.02633953094482422
0.025747299194335938
0.025125741958618164
0.035866737365722656
0.029460430145263672
0.028388023376464844
0.022919178009033203
0.027211904525756836
0.02300858497619629
0.026249170303344727
0.027035951614379883
0.025625228881835938
0.024776935577392578
0.024221420288085938
0.02390146255493164
0.02162337303161621
0.022463560104370117
0.021889925003051758
0.023537397384643555
0.025649070739746094
0.024063825607299805
0.020756006240844727
0.024883747100830078
0.05145692825317383
0.022491931915283203
0.020949840545654297
0.028609275817871094
0.02437138557434082
0.023165225982666016
0.02306222915649414
0.0225980281829834
0.02144789695739746
0.022353649139404297
0.02445220947265625
0.0233762264251709
0.023392438888549805
0.023651599884033203
0.01932501792907715
0.019932270050048828
0.01961350440979004
0.021419763565063477
0.021356821060180664
0.024266719818115234
0.0237884521484375
0.023504972457885742
0.021307706832885742
0.020589351654052734
0.022078514099121094
0.0189206600189209
0.018350839614868164
0.019225358963012695
0.02307581901550293
0.020341157913208008
0.020153045654296875
0.018743276596069336
0.02414560317993164
0.01978135108947754
0.02531576156616211
0.021338224411010742
0.02241206169128418
0.021187543869018555
0.020201683044433594
0.01924300193786621
0.019726276397705078
0.01727747917175293
0.008979082107543945
0.021207094192504883
0.022777557373046875
0.00878453254699707
0.012397527694702148
0.009341716766357422
0.00957942008972168
0.022747039794921875
0.023412704467773438
0.022008180618286133
0.02307891845703125
0.02104783058166504
0.027475833892822266
0.026213407516479492
0.027473926544189453
0.0266110897064209
0.024498939514160156
0.028343677520751953
0.02564096450805664
0.021343469619750977
0.021691560745239258
0.023299217224121094
0.020621061325073242
0.01151585578918457
0.014228343963623047
0.010621070861816406
0.012096166610717773
0.011284828186035156
0.009873628616333008
0.016254663467407227
0.025432109832763672
0.023614168167114258
0.020841598510742188
0.025356292724609375
0.026052474975585938
0.026549577713012695
0.02425384521484375
0.023198604583740234
0.027231454849243164
0.025110960006713867
0.030722856521606445
0.028270959854125977
0.028114795684814453
0.030414581298828125
0.02725505828857422
0.023263931274414062
0.022978782653808594
0.02524590492248535
0.026652097702026367
0.02149486541748047
0.01705455780029297
0.026010751724243164
0.021347999572753906
0.024412870407104492
0.025511741638183594
0.02243351936340332
0.024075031280517578
0.022579669952392578
0.022740602493286133
0.020392894744873047
0.020289897918701172
0.020836353302001953
0.02463054656982422
0.021097660064697266
0.02152729034423828
0.025378704071044922
0.022222518920898438
0.025703907012939453
0.022853374481201172
0.02082681655883789
0.021494626998901367
0.02058553695678711
0.01783275604248047
0.015417337417602539
0.011574029922485352
0.005972385406494141
0.009786844253540039
0.008215665817260742
0.011392831802368164
0.006699323654174805
0.008821964263916016
0.006361484527587891
0.008640527725219727
0.012430429458618164
0.009025335311889648
0.010507583618164062
0.007232189178466797
0.007356405258178711
0.007195234298706055
0.01070094108581543
0.009128808975219727
0.006175994873046875
0.006581783294677734
0.005385160446166992
0.00725102424621582
0.006993532180786133
0.006655216217041016
0.00509333610534668
0.007316112518310547
0.00961446762084961
0.004516124725341797
0.022556781768798828
0.022443056106567383
0.021691083908081055
0.019404888153076172
0.02499532699584961
0.010626792907714844
0.008948802947998047
0.010498523712158203
0.009884357452392578
0.009484529495239258
0.011740684509277344
0.008242130279541016
0.0077724456787109375
0.010686397552490234
0.02263665199279785
0.02040386199951172
0.02239513397216797
0.021469593048095703
0.019086122512817383
0.02048516273498535
0.019901514053344727
0.019432783126831055
0.01901388168334961
0.01828455924987793
0.008639812469482422
0.007691383361816406
0.006661415100097656
0.00764918327331543
0.014345169067382812
0.006414890289306641
0.0029022693634033203
0.0040705204010009766
0.002920866012573242
0.003991842269897461
0.002886056900024414
0.0029709339141845703
0.0038721561431884766
0.003844738006591797
0.0028922557830810547
0.002876758575439453
0.0029532909393310547
0.002871274948120117
0.0029098987579345703
0.002928018569946289
0.0028908252716064453
0.002901792526245117
0.0030164718627929688
0.002907276153564453
0.0029516220092773438
0.0018284320831298828
0.0019266605377197266
0.0019159317016601562
0.0018732547760009766
0.021776914596557617
0.021187543869018555
0.025777578353881836
0.027503490447998047
0.02895379066467285
0.03525662422180176
0.024312496185302734
0.023957252502441406
0.0056056976318359375
0.008342742919921875
0.006511211395263672
0.0073757171630859375
0.0071506500244140625
0.009384393692016602
0.007050991058349609
0.006682157516479492
0.009253501892089844
0.005627155303955078
0.009353876113891602
0.0059642791748046875
0.00705409049987793
0.0048236846923828125
0.0066187381744384766
0.022408008575439453
0.021178483963012695
0.02089238166809082
0.0201413631439209
0.021811485290527344
0.02336597442626953
0.020822525024414062
0.01898360252380371
0.020429134368896484
0.012947320938110352
0.011055707931518555
0.008965015411376953
0.00991964340209961
0.01286458969116211
0.010652542114257812
0.00803375244140625
0.027808427810668945
0.025373220443725586
0.02782726287841797
0.024601221084594727
0.02891683578491211
0.026950597763061523
0.022351503372192383
0.0072498321533203125
0.013429641723632812
0.00943303108215332
0.013958215713500977
0.009371280670166016
0.00753021240234375
0.009479284286499023
0.008944272994995117
0.026862144470214844
0.026552200317382812
0.03194761276245117
0.026613712310791016
0.027373552322387695
0.024638891220092773
0.023996829986572266
0.01472163200378418
0.0158083438873291
0.023670434951782227
0.022320985794067383
0.02270030975341797
0.02142047882080078
0.023299455642700195
0.02378392219543457
0.02239370346069336
0.009482860565185547
0.009088516235351562
0.013134241104125977
0.004801273345947266
0.007129192352294922
0.008440971374511719
0.00731968879699707
0.007369518280029297
0.0048449039459228516
0.005558490753173828
0.00797128677368164
0.00726771354675293
0.004250288009643555
0.008670806884765625
0.005343437194824219
0.005039691925048828
0.002529144287109375
0.004485607147216797
0.007389068603515625
0.008905172348022461
0.01132965087890625
0.0062296390533447266
0.006289243698120117
0.007586002349853516
0.003557920455932617
0.004718303680419922
0.0065195560455322266
0.0038700103759765625
0.004542827606201172
0.011533021926879883
0.012000560760498047
0.01089620590209961
0.006414890289306641
0.009958505630493164
0.0102691650390625
0.010648727416992188
0.0065729618072509766
0.0067234039306640625
0.004137754440307617
0.0063016414642333984
0.006159782409667969
0.007054805755615234
0.006283760070800781
0.005479097366333008
0.004076242446899414
0.021599769592285156
0.02316761016845703
0.020532608032226562
0.0210421085357666
0.01835322380065918
0.021310806274414062
0.019487857818603516
0.02327704429626465
0.021941661834716797
0.02295541763305664
0.02061152458190918
0.01760697364807129
0.021529197692871094
0.026200056076049805
0.02319931983947754
0.02457571029663086
0.028448820114135742
0.02386331558227539
0.020639896392822266
0.025320053100585938
0.022679567337036133
0.022234201431274414
0.02355813980102539
0.022208690643310547
0.02545166015625
0.026705026626586914
0.0275876522064209
0.025232315063476562
0.022125244140625
0.027324438095092773
0.02990102767944336
0.02303004264831543
0.02289748191833496
0.021810293197631836
0.021996021270751953
0.018569469451904297
0.022290945053100586
0.02320694923400879
0.0055010318756103516
0.004561424255371094
0.00559687614440918
0.004506349563598633
0.005677700042724609
0.0066950321197509766
0.007291555404663086
0.004522800445556641
0.004499673843383789
0.0072748661041259766
0.007052421569824219
0.005693197250366211
0.009339332580566406
0.005970478057861328
0.0037565231323242188
0.005054473876953125
0.006052970886230469
0.006131410598754883
0.006974458694458008
0.004686832427978516
0.006570100784301758
0.005113363265991211
0.007321596145629883
0.006268739700317383
0.00471186637878418
0.0062236785888671875
0.005326747894287109
0.0065076351165771484
0.0048639774322509766
0.00634002685546875
0.005056142807006836
0.005452394485473633
0.0072574615478515625
0.005873680114746094
0.005765199661254883
0.0053212642669677734
0.005766153335571289
0.004147529602050781
0.0035979747772216797
0.003833293914794922
0.003808736801147461
0.003543853759765625
0.002902984619140625
0.0192105770111084
0.020540475845336914
0.018634319305419922
0.017012834548950195
0.02104663848876953
0.021854400634765625
0.022761821746826172
0.01771998405456543
0.023897886276245117
0.024916648864746094
0.01992034912109375
0.019982337951660156
0.020369529724121094
0.01810145378112793
0.008688688278198242
0.006412506103515625
0.008235931396484375
0.011492729187011719
0.011704444885253906
0.008899211883544922
0.007129669189453125
0.00940561294555664
0.009361743927001953
0.012163162231445312
0.007765054702758789
0.008058547973632812
0.00956416130065918
0.006946563720703125
0.011741876602172852
0.009000778198242188
0.007789134979248047
0.006815195083618164
0.009062767028808594
0.009380578994750977
0.009399175643920898
0.00651860237121582
0.008798360824584961
0.006470203399658203
0.011917829513549805
0.007691144943237305
0.006113290786743164
0.006399393081665039
0.008388280868530273
0.011316299438476562
0.011111021041870117
0.00917816162109375
0.007904291152954102
0.007720470428466797
0.01195526123046875
0.0074193477630615234
0.011950016021728516
0.0069348812103271484
0.004662513732910156
0.008502483367919922
0.005644083023071289
0.008888959884643555
0.004479885101318359
0.022198915481567383
0.024616003036499023
0.02433180809020996
0.027009963989257812
0.024651527404785156
0.024063825607299805
0.02151203155517578
0.02185535430908203
0.02399587631225586
0.02339792251586914
0.025646209716796875
0.020702123641967773
0.02759528160095215
0.02177596092224121
0.02228522300720215
0.01425313949584961
0.020018815994262695
0.008806467056274414
0.017058372497558594
0.01596689224243164
0.014780998229980469
0.012087106704711914
0.010596990585327148
0.012645721435546875
0.006712913513183594
0.02015519142150879
0.02164459228515625
0.0198976993560791
0.020359039306640625
0.021520376205444336
0.02051568031311035
0.019301414489746094
0.02171611785888672
0.01916790008544922
0.01985788345336914
0.0201871395111084
0.016916990280151367
0.023555517196655273
0.020245790481567383
0.0177001953125
0.008766412734985352
0.006840944290161133
0.007500171661376953
0.01175546646118164
0.006552696228027344
0.007619142532348633
0.006016254425048828
0.008278369903564453
0.008003711700439453
0.007901430130004883
0.00274658203125
0.006056308746337891
0.004761219024658203
0.006453037261962891
0.0036721229553222656
0.009335517883300781
0.006611824035644531
0.002614736557006836
0.006200075149536133
0.006318330764770508
0.0026497840881347656
0.004175662994384766
0.005848884582519531
0.0025420188903808594
0.004977226257324219
0.005951881408691406
0.008347749710083008
0.006033658981323242
0.008018970489501953
0.003720998764038086
0.0037984848022460938
0.007609844207763672
0.0037016868591308594
0.0056874752044677734
0.004205226898193359
0.005837440490722656
0.0028269290924072266
0.002578258514404297
0.004304170608520508
0.004361629486083984
0.00413060188293457
0.005360126495361328
0.0047473907470703125
0.004506111145019531
0.003545999526977539
0.0024967193603515625
0.0027174949645996094
0.003937721252441406
0.006007671356201172
0.0046575069427490234
0.0032231807708740234
0.003162384033203125
0.004210233688354492
0.0016012191772460938
0.004502058029174805
0.005601167678833008
0.007120370864868164
0.00824284553527832
0.0058441162109375
0.005846738815307617
0.007357597351074219
0.004930019378662109
0.006380796432495117
0.002651214599609375
0.0035974979400634766
0.0027794837951660156
0.0026407241821289062
0.005589962005615234
0.002628803253173828
0.005811452865600586
0.0046977996826171875
0.0034439563751220703
0.0016069412231445312
0.00900578498840332
0.006831169128417969
0.007077217102050781
0.01516103744506836
0.010746479034423828
0.0071184635162353516
0.004962444305419922
0.004719257354736328
0.007557392120361328
0.004791736602783203
0.006095170974731445
0.00649261474609375
0.003800630569458008
0.010218143463134766
0.005277156829833984
0.009181737899780273
0.009266376495361328
0.009203195571899414
0.005921125411987305
0.008001327514648438
0.009698629379272461
0.0048182010650634766
0.005484104156494141
0.0030684471130371094
0.004973649978637695
0.004079580307006836
0.0052487850189208984
0.0049877166748046875
0.0070912837982177734
0.006005287170410156
0.011982440948486328
0.0056607723236083984
0.005009174346923828
0.004242420196533203
0.0031943321228027344
0.00453639030456543
0.004323482513427734
0.003110647201538086
0.005858898162841797
0.005168914794921875
0.005766868591308594
0.007666826248168945
0.004350900650024414
0.0053484439849853516
0.005684852600097656
0.005271434783935547
0.004136800765991211
0.005258083343505859
0.006635904312133789
0.005010366439819336
0.005115032196044922
0.006620645523071289
0.005433320999145508
0.005309343338012695
0.004251241683959961
0.004256010055541992
0.00321197509765625
0.003204345703125
0.0031502246856689453
0.004081010818481445
0.004097938537597656
0.004187583923339844
0.005295276641845703
0.0040738582611083984
0.006153583526611328
0.00513768196105957
0.00408172607421875
0.004991292953491211
0.00607752799987793
0.004082679748535156
0.005515575408935547
0.004942893981933594
0.006136417388916016
0.0059051513671875
0.005525350570678711
0.004839897155761719
0.0047910213470458984
0.004838705062866211
0.0057294368743896484
0.003777027130126953
0.004060983657836914
0.005398273468017578
0.007263898849487305
0.0064890384674072266
0.006987810134887695
0.0065593719482421875
0.0065996646881103516
0.0068819522857666016
0.00683140754699707
0.00672602653503418
0.007234334945678711
0.006005525588989258
0.005521059036254883
0.00450444221496582
0.0048580169677734375
0.005657196044921875
0.0068721771240234375
0.005268573760986328
0.0062406063079833984
0.010884284973144531
0.00667572021484375
0.007543802261352539
0.006970882415771484
0.0043888092041015625
0.0046885013580322266
0.004271984100341797
0.0076634883880615234
0.007581949234008789
0.006856203079223633
0.0057849884033203125
0.010631561279296875
0.010117292404174805
0.010170698165893555
0.009715080261230469
0.011707067489624023
0.012295007705688477
0.011538505554199219
0.01098012924194336
0.009083032608032227
0.00833272933959961
0.008419990539550781
0.010357379913330078
0.009934425354003906
0.010886907577514648
0.008421659469604492
0.010727405548095703
0.009485006332397461
0.0060727596282958984
0.011090517044067383
0.005095005035400391
0.029723644256591797
0.029845476150512695
0.02832341194152832
0.027432918548583984
0.024062395095825195
0.026247739791870117
0.02595806121826172
0.02558302879333496
0.025629281997680664
0.029158830642700195
0.026364803314208984
0.031270742416381836
0.02920842170715332
0.031621456146240234
0.026613950729370117
0.03389263153076172
0.03364729881286621
0.031247854232788086
0.03495287895202637
0.03029632568359375
0.03042125701904297
0.008430719375610352
0.009485006332397461
0.009764432907104492
0.0074999332427978516
0.026758909225463867
0.02827000617980957
0.026571989059448242
0.027254104614257812
0.013778448104858398
0.012134313583374023
0.01357722282409668
0.012433528900146484
0.010803461074829102
0.010990142822265625
0.012640714645385742
0.01104283332824707
0.016780376434326172
0.011989593505859375
0.017991065979003906
0.016852617263793945
0.010117053985595703
0.010910749435424805
0.008272171020507812
0.031156063079833984
0.03295612335205078
0.027561187744140625
0.02509331703186035
0.021379470825195312
0.026152372360229492
0.023375749588012695
0.022070646286010742
0.021047115325927734
0.02761387825012207
0.03077387809753418
0.032387733459472656
0.03122997283935547
0.024333953857421875
0.025013446807861328
0.02912735939025879
0.024487018585205078
0.02716660499572754
0.02507185935974121
0.023496389389038086
0.02455759048461914
0.006855487823486328
0.007627725601196289
0.008931636810302734
0.009118080139160156
0.008712291717529297
0.00852513313293457
0.007616996765136719
0.006476402282714844
0.0063169002532958984
0.006851673126220703
0.011130571365356445
0.007768154144287109
0.008698225021362305
0.011086225509643555
0.007858753204345703
0.009377717971801758
0.008699655532836914
0.008527278900146484
0.007291555404663086
0.006129741668701172
0.007470607757568359
0.006543874740600586
0.0050890445709228516
0.0040018558502197266
0.01181173324584961
0.00970149040222168
0.008589506149291992
0.008477210998535156
0.007031679153442383
0.0067365169525146484
0.008490324020385742
0.00777888298034668
0.00848388671875
0.01202535629272461
0.009347915649414062
0.010334014892578125
0.010192155838012695
0.007328987121582031
0.008871793746948242
0.009742021560668945
0.009100198745727539
0.008228778839111328
0.006163835525512695
0.004667997360229492
0.008788824081420898
0.006725311279296875
0.005970001220703125
0.005865812301635742
0.00708317756652832
0.004621744155883789
0.008046627044677734
0.003932476043701172
0.00870203971862793
0.007848024368286133
0.00995326042175293
0.009550809860229492
0.009304046630859375
0.0077893733978271484
0.00891256332397461
0.013484716415405273
0.026240825653076172
0.02851414680480957
0.024424314498901367
0.027172565460205078
0.02698230743408203
0.026364564895629883
0.02460789680480957
0.024252891540527344
0.02676701545715332
0.027359724044799805
0.02845168113708496
0.025011301040649414
0.024164199829101562
0.025096654891967773
0.028898239135742188
0.028457164764404297
0.024295568466186523
0.022686481475830078
0.012349843978881836
0.009685516357421875
0.012543678283691406
0.010167598724365234
0.013565540313720703
0.009614944458007812
0.010819196701049805
0.013611555099487305
0.02540278434753418
0.027727127075195312
0.025870084762573242
0.025098085403442383
0.02898097038269043
0.032433509826660156
0.03004145622253418
0.03316020965576172
0.028245210647583008
0.028680086135864258
0.02676987648010254
0.025519371032714844
0.02714085578918457
0.024540424346923828
0.028296470642089844
0.025107145309448242
0.02370476722717285
0.01617145538330078
0.012557029724121094
0.01371145248413086
0.00878286361694336
0.007950544357299805
0.006903886795043945
0.008132696151733398
0.005711078643798828
0.005713939666748047
0.026234865188598633
0.02646660804748535
0.024688005447387695
0.025696277618408203
0.012192249298095703
0.01588749885559082
0.012125492095947266
0.011752128601074219
0.010706901550292969
0.01114797592163086
0.011109352111816406
0.011373758316040039
0.008053064346313477
0.013415098190307617
0.01062631607055664
0.011045694351196289
0.011306524276733398
0.0077173709869384766
0.00614476203918457
0.011310815811157227
0.007206916809082031
0.007026195526123047
0.006474494934082031
0.008272409439086914
0.008541345596313477
0.005724906921386719
0.01376199722290039
0.015532493591308594
0.011402606964111328
0.02309393882751465
0.024880647659301758
0.019617319107055664
0.023918867111206055
0.02384018898010254
0.02366948127746582
0.021527528762817383
0.020248889923095703
0.019194364547729492
0.008285760879516602
0.0074083805084228516
0.012309074401855469
0.00759434700012207
0.013968944549560547
0.006812572479248047
0.009407997131347656
0.005973100662231445
0.00981593132019043
0.010102033615112305
0.006403684616088867
0.013440608978271484
0.00524139404296875
0.009282827377319336
0.010552644729614258
0.010758161544799805
0.008087635040283203
0.006453275680541992
0.005763053894042969
0.00786590576171875
0.010277748107910156
0.0077838897705078125
0.008708000183105469
0.010593414306640625
0.02337360382080078
0.024449586868286133
0.022124528884887695
0.020398616790771484
0.026324748992919922
0.028750896453857422
0.026978254318237305
0.028141260147094727
0.014181137084960938
0.013463735580444336
0.01306605339050293
0.008391380310058594
0.012542963027954102
0.009968757629394531
0.00975656509399414
0.00932168960571289
0.011567831039428711
0.013833761215209961
0.02210092544555664
0.02317190170288086
0.022005796432495117
0.0283966064453125
0.00636601448059082
0.005575656890869141
0.006639003753662109
0.006618976593017578
0.006459474563598633
0.008429288864135742
0.008196830749511719
0.006989955902099609
0.008274555206298828
0.006221294403076172
0.01033473014831543
0.009019136428833008
0.00870370864868164
0.008234500885009766
0.007149934768676758
0.006516695022583008
0.006161928176879883
0.006109952926635742
0.004633665084838867
0.004598855972290039
0.005063295364379883
0.0047893524169921875
0.004980325698852539
0.004960775375366211
0.004588127136230469
0.0038051605224609375
0.00681757926940918
0.00739288330078125
0.008155107498168945
0.006567955017089844
0.008807897567749023
0.006962299346923828
0.008127450942993164
0.006150007247924805
0.007527589797973633
0.0073277950286865234
0.003329038619995117
0.005066633224487305
0.003416776657104492
0.006789445877075195
0.006688833236694336
0.003444671630859375
0.0039310455322265625
0.003201723098754883
0.004747629165649414
0.005028486251831055
0.005353689193725586
0.0035262107849121094
0.0027425289154052734
0.0026586055755615234
0.0020918846130371094
0.003271818161010742
0.0033063888549804688
0.0035552978515625
0.0035660266876220703
0.0038690567016601562
0.003088712692260742
0.0038025379180908203
0.0031681060791015625
0.005449056625366211
0.005109310150146484
0.005029439926147461
0.004808664321899414
0.0044820308685302734
0.004472970962524414
0.002290487289428711
0.002650737762451172
0.002482175827026367
0.0021567344665527344
0.005568265914916992
0.0061337947845458984
0.003629446029663086
0.003509044647216797
0.004850625991821289
0.011026382446289062
0.006299495697021484
0.0085601806640625
0.008079290390014648
0.009433984756469727
0.010368108749389648
0.005744218826293945
0.009608983993530273
0.008906364440917969
0.00509953498840332
0.010276079177856445
0.006865978240966797
0.00391697883605957
0.006470441818237305
0.00506901741027832
0.006241798400878906
0.007842540740966797
0.006551265716552734
0.007741689682006836
0.008530616760253906
0.008847236633300781
0.0073544979095458984
0.006308555603027344
0.013771295547485352
0.004102230072021484
0.009722709655761719
0.003973722457885742
0.0029158592224121094
0.023584365844726562
0.021263599395751953
0.02356886863708496
0.024787187576293945
0.021680116653442383
0.025582075119018555
0.02683568000793457
0.0284879207611084
0.02420210838317871
0.022124290466308594
0.023359298706054688
0.022529125213623047
0.02353644371032715
0.023740530014038086
0.026473283767700195
0.024582386016845703
0.02319955825805664
0.025329113006591797
0.025650501251220703
0.03148961067199707
0.020984649658203125
0.023941516876220703
0.02564072608947754
0.02524590492248535
0.0256502628326416
0.02567911148071289
0.02849292755126953
0.031755685806274414
0.029552221298217773
0.02890300750732422
0.02833104133605957
0.026483774185180664
0.028846263885498047
0.029009580612182617
0.026767492294311523
0.022531509399414062
0.02167534828186035
0.006325721740722656
0.007437229156494141
0.005555391311645508
0.0052678585052490234
0.023838520050048828
0.029644250869750977
0.023737430572509766
0.0238950252532959
0.009948492050170898
0.009388208389282227
0.01071023941040039
0.0077016353607177734
0.01145315170288086
0.00826120376586914
0.008997201919555664
0.011308908462524414
0.010923624038696289
0.008038997650146484
0.009633302688598633
0.010277271270751953
0.011584997177124023
0.010613679885864258
0.007052421569824219
0.01036834716796875
0.006018400192260742
0.00822758674621582
0.00516819953918457
0.004808664321899414
0.0035593509674072266
0.022773265838623047
0.02473759651184082
0.02400684356689453
0.02230095863342285
0.018987655639648438
0.021961212158203125
0.019914627075195312
0.01978754997253418
0.01881551742553711
0.03037714958190918
0.02963542938232422
0.027327537536621094
0.0247652530670166
0.023874759674072266
0.021613121032714844
0.021428823471069336
0.019628524780273438
0.020929813385009766
0.023083209991455078
0.02088475227355957
0.021902084350585938
0.004645586013793945
0.005843162536621094
0.005762338638305664
0.005880594253540039
0.0056231021881103516
0.00658416748046875
0.006445169448852539
0.004235744476318359
0.0048749446868896484
0.0066149234771728516
0.0029778480529785156
0.006097316741943359
0.008378267288208008
0.00565648078918457
0.00458979606628418
0.009539127349853516
0.006891012191772461
0.008331537246704102
0.006594181060791016
0.005153179168701172
0.006191253662109375
0.0040628910064697266
0.0031714439392089844
0.0039556026458740234
0.003512144088745117
0.0027930736541748047
0.002805471420288086
0.0035164356231689453
0.009594202041625977
0.007053852081298828
0.00784444808959961
0.00622868537902832
0.005526304244995117
0.0047910213470458984
0.003445148468017578
0.0061855316162109375
0.004517793655395508
0.004312276840209961
0.00628209114074707
0.008057832717895508
0.00553584098815918
0.0062143802642822266
0.006639719009399414
0.006979227066040039
0.0037641525268554688
0.004288911819458008
0.006777524948120117
0.009841203689575195
0.006730079650878906
0.006966590881347656
0.00593256950378418
0.00496220588684082
0.004342079162597656
0.008348703384399414
0.00437164306640625
0.0036330223083496094
0.003530740737915039
0.0051343441009521484
0.004584074020385742
0.0037186145782470703
0.002416849136352539
0.0055315494537353516
0.002458333969116211
0.005541563034057617
0.004350900650024414
0.0025162696838378906
0.0016529560089111328
0.008307218551635742
0.007225751876831055
0.006934642791748047
0.012073278427124023
0.008647918701171875
0.007624149322509766
0.008040428161621094
0.007815837860107422
0.00784921646118164
0.008458137512207031
0.006322622299194336
0.006144285202026367
0.008639097213745117
0.00726318359375
0.0073299407958984375
0.007953882217407227
0.0057392120361328125
0.008303642272949219
0.008496999740600586
0.0064814090728759766
0.02403712272644043
0.02555561065673828
0.020694732666015625
0.021337270736694336
0.024269580841064453
0.02234196662902832
0.020837783813476562
0.0221097469329834
0.01932525634765625
0.022565841674804688
0.02414679527282715
0.023482322692871094
0.025928497314453125
0.022754192352294922
0.026392698287963867
0.022166728973388672
0.02427506446838379
0.022988557815551758
0.02440643310546875
0.024497270584106445
0.020640134811401367
0.024535417556762695
0.021604061126708984
0.02446722984313965
0.02055048942565918
0.02197265625
0.02428579330444336
0.02015399932861328
0.018488645553588867
0.01842212677001953
0.010988235473632812
0.008004188537597656
0.008632421493530273
0.009944677352905273
0.012428760528564453
0.014246702194213867
0.01274871826171875
0.011814117431640625
0.015877246856689453
0.009359121322631836
0.009893178939819336
0.01142573356628418
0.009837627410888672
0.010961532592773438
0.009868144989013672
0.007744789123535156
0.012224674224853516
0.010677099227905273
0.023601531982421875
0.023744583129882812
0.02444744110107422
0.022722482681274414
0.025519847869873047
0.0278470516204834
0.027319669723510742
0.026493549346923828
0.026262760162353516
0.027087926864624023
0.026546239852905273
0.02486896514892578
0.025324106216430664
0.034078359603881836
0.02599620819091797
0.023062705993652344
0.02624344825744629
0.022216796875
0.025060653686523438
0.021829843521118164
0.02356743812561035
0.02538919448852539
0.0209043025970459
0.02042984962463379
0.02071356773376465
0.013530969619750977
0.014436721801757812
0.012372016906738281
0.013818979263305664
0.01253962516784668
0.019219636917114258
0.012077569961547852
0.010811090469360352
0.014018535614013672
0.022318124771118164
0.023626327514648438
0.02261972427368164
0.022307395935058594
0.010277509689331055
0.008438348770141602
0.009763002395629883
0.0074121952056884766
0.006968021392822266
0.008788824081420898
0.006946086883544922
0.008129358291625977
0.01265573501586914
0.008318901062011719
0.0062639713287353516
0.00865626335144043
0.009737968444824219
0.008601665496826172
0.008879899978637695
0.007535457611083984
0.006287813186645508
0.009154319763183594
0.005211830139160156
0.0052945613861083984
0.004575252532958984
0.007146120071411133
0.006511211395263672
0.0054128170013427734
0.006846189498901367
0.003977537155151367
0.007482767105102539
0.006963014602661133
0.0035238265991210938
0.0024764537811279297
0.006280183792114258
0.0058917999267578125
0.004910707473754883
0.0035605430603027344
0.0037543773651123047
0.0037093162536621094
0.010166406631469727
0.01091766357421875
0.01332402229309082
0.014472007751464844
0.009944915771484375
0.012540817260742188
0.011614322662353516
0.009197235107421875
0.009907960891723633
0.0074689388275146484
0.0064258575439453125
0.011404991149902344
0.006554365158081055
0.003933906555175781
0.006131887435913086
0.010443687438964844
0.0079498291015625
0.0046579837799072266
0.007868528366088867
0.008484601974487305
0.004027843475341797
0.006566047668457031
0.008635520935058594
0.004938364028930664
0.005126237869262695
0.008032083511352539
0.006817340850830078
0.008590936660766602
0.0071871280670166016
0.007974863052368164
0.009818315505981445
0.012619972229003906
0.012436628341674805
0.004637718200683594
0.007497310638427734
0.008086919784545898
0.009344816207885742
0.009567975997924805
0.008862733840942383
0.008369922637939453
0.0076351165771484375
0.0060482025146484375
0.007335186004638672
0.007803201675415039
0.005796670913696289
0.008320093154907227
0.004715681076049805
0.006476163864135742
0.0064694881439208984
0.007203817367553711
0.0085906982421875
0.004704713821411133
0.009021997451782227
0.006830453872680664
0.009269952774047852
0.006712675094604492
0.007245063781738281
0.008349180221557617
0.010282278060913086
0.00593113899230957
0.004524707794189453
0.0069696903228759766
0.004202604293823242
0.021068096160888672
0.02070450782775879
0.019819259643554688
0.020321130752563477
0.01835489273071289
0.014919042587280273
0.008698225021362305
0.01277923583984375
0.016690492630004883
0.010644912719726562
0.011411428451538086
0.008088350296020508
0.01010894775390625
0.011068582534790039
0.01485753059387207
0.007432222366333008
0.0078887939453125
0.008913040161132812
0.00825190544128418
0.010874032974243164
0.009560108184814453
0.00949406623840332
0.009049177169799805
0.00974273681640625
0.008481979370117188
0.010561704635620117
0.010635852813720703
0.010190486907958984
0.012755632400512695
0.00996255874633789
0.008013248443603516
0.007031917572021484
0.007794380187988281
0.004320621490478516
0.003499269485473633
0.005347490310668945
0.004427671432495117
0.004676103591918945
0.004584074020385742
0.0033485889434814453
0.005357027053833008
0.0027997493743896484
0.003850221633911133
0.004399299621582031
0.005322933197021484
0.005822181701660156
0.0052645206451416016
0.005091190338134766
0.0069653987884521484
0.005134105682373047
0.004718303680419922
0.004399776458740234
0.004400491714477539
0.0025115013122558594
0.002786397933959961
0.0028650760650634766
0.0028557777404785156
0.0027425289154052734
0.002875089645385742
0.0023200511932373047
0.002389192581176758
0.0016202926635742188
0.0053026676177978516
0.00543522834777832
0.005939006805419922
0.0063266754150390625
0.005955934524536133
0.0059812068939208984
0.006232261657714844
0.0064220428466796875
0.010160684585571289
0.0075266361236572266
0.005244255065917969
0.0059244632720947266
0.005263090133666992
0.0052492618560791016
0.0073566436767578125
0.0068094730377197266
0.0071868896484375
0.00571894645690918
0.007567882537841797
0.006078243255615234
0.006897687911987305
0.006176471710205078
0.005130767822265625
0.006196737289428711
0.011056184768676758
0.0059967041015625
0.0061190128326416016
0.0049877166748046875
0.0055599212646484375
0.004904747009277344
0.005033254623413086
0.0047037601470947266
0.004801750183105469
0.005309343338012695
0.0046575069427490234
0.0039103031158447266
0.003758668899536133
0.0035343170166015625
0.0036971569061279297
0.003679037094116211
0.006473541259765625
0.003959178924560547
0.006975889205932617
0.005944013595581055
0.009035587310791016
0.008020639419555664
0.003889322280883789
0.003991127014160156
0.004380226135253906
0.00468897819519043
0.0070247650146484375
0.005970001220703125
0.005602121353149414
0.004683017730712891
0.005063295364379883
0.008262157440185547
0.008554935455322266
0.008083581924438477
0.00989985466003418
0.009695053100585938
0.006788015365600586
0.008259296417236328
0.006318092346191406
0.007900476455688477
0.008870124816894531
0.008246660232543945
0.007817268371582031
0.006582975387573242
0.005213737487792969
0.005456447601318359
0.010591983795166016
0.0066547393798828125
0.008380413055419922
0.0065762996673583984
0.008670568466186523
0.004430532455444336
0.01983928680419922
0.019877195358276367
0.024106264114379883
0.027037858963012695
0.02708268165588379
0.02601909637451172
0.02786707878112793
0.027629852294921875
0.027439355850219727
0.03164958953857422
0.012093544006347656
0.010794639587402344
0.009694814682006836
0.009251594543457031
0.010625362396240234
0.007720947265625
0.005336284637451172
0.006511211395263672
0.00675511360168457
0.009683370590209961
0.00956416130065918
0.006528139114379883
0.006220579147338867
0.011486053466796875
0.009381771087646484
0.00983285903930664
0.008106708526611328
0.011057138442993164
0.006093740463256836
0.022611141204833984
0.023427486419677734
0.006985902786254883
0.005347490310668945
0.006891489028930664
0.0055277347564697266
0.005613803863525391
0.00452113151550293
0.005921125411987305
0.0058362483978271484
0.005507707595825195
0.007254123687744141
0.005876779556274414
0.008506059646606445
0.0051229000091552734
0.004306793212890625
0.006119966506958008
0.0062291622161865234
0.0057866573333740234
0.0070056915283203125
0.00524449348449707
0.005940437316894531
0.004110813140869141
0.005275726318359375
0.006218910217285156
0.00403285026550293
0.005931854248046875
0.006006956100463867
0.0052318572998046875
0.003018617630004883
0.007753610610961914
0.00857853889465332
0.005843400955200195
0.005112171173095703
0.005072116851806641
0.0047724246978759766
0.004125356674194336
0.003816843032836914
0.006533145904541016
0.005137443542480469
0.008101463317871094
0.005574941635131836
0.007128715515136719
0.005964994430541992
0.006122589111328125
0.005009651184082031
0.007679939270019531
0.00783681869506836
0.005135297775268555
0.005041360855102539
0.0039899349212646484
0.004085063934326172
0.006410837173461914
0.005017280578613281
0.008190155029296875
0.011944770812988281
0.005978822708129883
0.006741523742675781
0.005880832672119141
0.006475925445556641
0.004934787750244141
0.005356311798095703
0.007692575454711914
0.005843639373779297
0.003931522369384766
0.006818294525146484
0.0060117244720458984
0.004689216613769531
0.0031659603118896484
0.004877567291259766
0.006954193115234375
0.0060312747955322266
0.005157470703125
0.005005598068237305
0.005430698394775391
0.0063173770904541016
0.006590843200683594
0.006439924240112305
0.0036873817443847656
0.005997419357299805
0.018151521682739258
0.01848292350769043
0.022711515426635742
0.027474164962768555
0.024283170700073242
0.02167201042175293
0.021116018295288086
0.011754989624023438
0.013733863830566406
0.005976200103759766
0.006910800933837891
0.012919902801513672
0.010484933853149414
0.009146451950073242
0.006733417510986328
0.008494853973388672
0.008193254470825195
0.00922250747680664
0.00912618637084961
0.01121973991394043
0.007900714874267578
0.011862516403198242
0.0067844390869140625
0.008704185485839844
0.01581287384033203
0.009342670440673828
0.006745338439941406
0.02636885643005371
0.023781299591064453
0.02384471893310547
0.023752450942993164
0.024403810501098633
0.021824359893798828
0.025999069213867188
0.022936105728149414
0.02100539207458496
0.005386829376220703
0.026538372039794922
0.025595903396606445
0.022290945053100586
0.029970407485961914
0.024972915649414062
0.026256084442138672
0.026154518127441406
0.025444984436035156
0.023082971572875977
0.027794837951660156
0.024116039276123047
0.022959232330322266
0.0156552791595459
0.015223503112792969
0.010921001434326172
0.01511383056640625
0.010657310485839844
0.007164716720581055
0.007033109664916992
0.007007598876953125
0.008841276168823242
0.008008480072021484
0.010412216186523438
0.009124279022216797
0.006693363189697266
0.005322694778442383
0.004904031753540039
0.008826971054077148
0.007619142532348633
0.00938868522644043
0.007440328598022461
0.009639978408813477
0.007960319519042969
0.006508350372314453
0.0065460205078125
0.005696296691894531
0.008553504943847656
0.008347511291503906
0.00792241096496582
0.00801229476928711
0.006735324859619141
0.0047779083251953125
0.007321596145629883
0.005494594573974609
0.0048220157623291016
0.0048580169677734375
0.004785060882568359
0.003778219223022461
0.008062601089477539
0.009246110916137695
0.00832986831665039
0.008103132247924805
0.008692502975463867
0.008403539657592773
0.010692834854125977
0.007012605667114258
0.0045964717864990234
0.006915092468261719
0.005802631378173828
0.006816864013671875
0.00719141960144043
0.005131959915161133
0.0037360191345214844
0.004405975341796875
0.0029871463775634766
0.0040760040283203125
0.00807952880859375
0.006409168243408203
0.008031845092773438
0.004805564880371094
0.0032651424407958984
0.008013725280761719
0.009943485260009766
0.007086992263793945
0.003027677536010742
0.0029528141021728516
0.005743503570556641
0.004466056823730469
0.005081653594970703
0.0074462890625
0.005318641662597656
0.005393028259277344
0.007805347442626953
0.00525975227355957
0.0029349327087402344
0.008362293243408203
0.004556894302368164
0.004262208938598633
0.005219459533691406
0.004433393478393555
0.004475593566894531
0.0036673545837402344
0.0018429756164550781
0.002602815628051758
0.010929584503173828
0.009952306747436523
0.00941324234008789
0.007209062576293945
0.007044076919555664
0.008344888687133789
0.005419015884399414
0.011411905288696289
0.011377573013305664
0.008434295654296875
0.005058765411376953
0.008638858795166016
0.011054754257202148
0.0088348388671875
0.0074977874755859375
0.0057735443115234375
0.0067903995513916016
0.005351543426513672
0.004673957824707031
0.005826711654663086
0.004139900207519531
0.005040168762207031
0.004701137542724609
0.005343198776245117
0.004050254821777344
0.003727436065673828
0.003654956817626953
0.0030891895294189453
0.004216670989990234
0.0038192272186279297
0.003974199295043945
0.0041961669921875
0.0046880245208740234
0.004079341888427734
0.00425410270690918
0.004054069519042969
0.004186391830444336
0.007953643798828125
0.003625154495239258
0.003767728805541992
0.0031685829162597656
0.005313396453857422
0.005173921585083008
0.005408525466918945
0.0042836666107177734
0.00539708137512207
0.004552125930786133
0.003257274627685547
0.0043032169342041016
0.003778219223022461
0.0038022994995117188
0.004676342010498047
0.004659175872802734
0.005298137664794922
0.0033724308013916016
0.002431631088256836
0.0024290084838867188
0.002753734588623047
0.0026810169219970703
0.008223772048950195
0.0056591033935546875
0.00950479507446289
0.006417751312255859
0.003200054168701172
0.0064544677734375
0.0063512325286865234
0.00567936897277832
0.0061719417572021484
0.0047452449798583984
0.006088972091674805
0.004979133605957031
0.006421327590942383
0.003725767135620117
0.002923250198364258
0.008993387222290039
0.008994579315185547
0.004978179931640625
0.006005048751831055
0.005147457122802734
0.005457401275634766
0.004582881927490234
0.009762287139892578
0.005974292755126953
0.006691932678222656
0.004748344421386719
0.003229379653930664
0.006974220275878906
0.004362583160400391
0.00651240348815918
0.0072400569915771484
0.0028607845306396484
0.0050580501556396484
0.0033309459686279297
0.003173351287841797
0.0021636486053466797
0.0224611759185791
0.0239560604095459
0.021735429763793945
0.023012638092041016
0.02176952362060547
0.023748397827148438
0.025155305862426758
0.019520044326782227
0.01938343048095703
0.022187471389770508
0.02362966537475586
0.02550363540649414
0.02299952507019043
0.022142887115478516
0.019751787185668945
0.020840883255004883
0.025666475296020508
0.025526046752929688
0.023247718811035156
0.024859189987182617
0.026806354522705078
0.02430105209350586
0.020200252532958984
0.02901458740234375
0.025519371032714844
0.0077970027923583984
0.008971452713012695
0.008157014846801758
0.007097005844116211
0.008517742156982422
0.005770206451416016
0.0033409595489501953
0.004281282424926758
0.004634857177734375
0.0046727657318115234
0.005089759826660156
0.007277727127075195
0.006387948989868164
0.008517742156982422
0.0069806575775146484
0.007089853286743164
0.007110595703125
0.008406639099121094
0.008590936660766602
0.009424448013305664
0.006154060363769531
0.004851102828979492
0.004034519195556641
0.005126476287841797
0.0028731822967529297
0.023117542266845703
0.021027803421020508
0.0024912357330322266
0.003879547119140625
0.0034868717193603516
0.002386808395385742
0.0035352706909179688
0.0038154125213623047
0.0037369728088378906
0.003331899642944336
0.0040705204010009766
0.002803325653076172
0.0020940303802490234
0.0063021183013916016
0.003864288330078125
0.0033855438232421875
0.00462031364440918
0.004479408264160156
0.004304170608520508
0.0035924911499023438
0.0023725032806396484
0.0032143592834472656
0.0040438175201416016
0.0027692317962646484
0.002788066864013672
0.002177000045776367
0.004405498504638672
0.002537250518798828
0.002841472625732422
0.0017006397247314453
0.02193474769592285
0.01863384246826172
0.02202630043029785
0.018099308013916016
0.022402048110961914
0.02492046356201172
0.01928234100341797
0.019829988479614258
0.019206523895263672
0.018461227416992188
0.018414735794067383
0.00954437255859375
0.007277011871337891
0.012909650802612305
0.012743949890136719
0.00699162483215332
0.009101152420043945
0.006230354309082031
0.008966922760009766
0.010651826858520508
0.009508848190307617
0.005202293395996094
0.008876323699951172
0.008689641952514648
0.006097555160522461
0.0055353641510009766
0.010925054550170898
0.0058863162994384766
0.007549762725830078
0.009442329406738281
0.012668848037719727
0.008338212966918945
0.0067462921142578125
0.00825190544128418
0.010760068893432617
0.00794363021850586
0.0063495635986328125
0.008007287979125977
0.005732536315917969
0.0070323944091796875
0.005551338195800781
0.007921695709228516
0.004486799240112305
0.008305072784423828
0.009422063827514648
0.006638765335083008
0.011902332305908203
0.005648136138916016
0.004555225372314453
0.008817911148071289
0.0071485042572021484
0.007448911666870117
0.0055921077728271484
0.007962942123413086
0.0080413818359375
0.004636287689208984
0.004327297210693359
0.008684158325195312
0.006718635559082031
0.005992412567138672
0.005735158920288086
0.012812376022338867
0.0064051151275634766
0.0063359737396240234
0.00981450080871582
0.008334636688232422
0.008661031723022461
0.00801849365234375
0.0038938522338867188
0.004803180694580078
0.007685661315917969
0.00599217414855957
0.007857084274291992
0.004862785339355469
0.008965253829956055
0.006129026412963867
0.006512880325317383
0.0073931217193603516
0.0052280426025390625
0.0075075626373291016
0.00610661506652832
0.0049114227294921875
0.0218203067779541
0.023227453231811523
0.020401716232299805
0.02278876304626465
0.02039623260498047
0.025228500366210938
0.021389484405517578
0.02336716651916504
0.02105545997619629
0.01957225799560547
0.02042222023010254
0.022980690002441406
0.02248358726501465
0.022194862365722656
0.021938323974609375
0.023064851760864258
0.02358245849609375
0.01920914649963379
0.01862478256225586
0.008898019790649414
0.009808540344238281
0.006123542785644531
0.017535686492919922
0.025391578674316406
0.01906895637512207
0.008906364440917969
0.00668644905090332
0.010621786117553711
0.011375665664672852
0.006693840026855469
0.01008152961730957
0.009335756301879883
0.011851310729980469
0.008280277252197266
0.010836124420166016
0.01392674446105957
0.011163711547851562
0.010207414627075195
0.013080120086669922
0.008661746978759766
0.009626626968383789
0.00846552848815918
0.02367687225341797
0.005491018295288086
0.00915670394897461
0.003866434097290039
0.0065762996673583984
0.005651950836181641
0.007697582244873047
0.005509376525878906
0.004912376403808594
0.00421142578125
0.004697084426879883
0.003423929214477539
0.009481191635131836
0.006586790084838867
0.006190299987792969
0.004537343978881836
0.005437374114990234
0.00428009033203125
0.005903482437133789
0.0054187774658203125
0.004933357238769531
0.005727529525756836
0.004151821136474609
0.0030515193939208984
0.006582975387573242
0.0052912235260009766
0.005325794219970703
0.005126237869262695
0.003560781478881836
0.0043756961822509766
0.002559185028076172
0.004472255706787109
0.0026869773864746094
0.00164031982421875
0.011707305908203125
0.007677793502807617
0.006671905517578125
0.007809162139892578
0.007129669189453125
0.00797581672668457
0.006058454513549805
0.004757404327392578
0.007212162017822266
0.0059206485748291016
0.005042552947998047
0.006308078765869141
0.004833221435546875
0.004018068313598633
0.004056215286254883
0.005064487457275391
0.0059893131256103516
0.008558511734008789
0.0024878978729248047
0.0026662349700927734
0.0027093887329101562
0.0025949478149414062
0.0027484893798828125
0.0023469924926757812
0.0014734268188476562
0.007086038589477539
0.00471186637878418
0.005959033966064453
0.006646394729614258
0.0068359375
0.006271839141845703
0.008651494979858398
0.0038628578186035156
0.0061571598052978516
0.005662441253662109
0.007821798324584961
0.00753021240234375
0.009978055953979492
0.005812883377075195
0.012128829956054688
0.006979465484619141
0.010322093963623047
0.00688934326171875
0.004979610443115234
0.007445573806762695
0.007615327835083008
0.004910707473754883
0.0041997432708740234
0.007273674011230469
0.006933927536010742
0.005555391311645508
0.006441593170166016
0.0064809322357177734
0.00394439697265625
0.005739688873291016
0.009310245513916016
0.00503849983215332
0.0040531158447265625
0.003823518753051758
0.005473136901855469
0.007223844528198242
0.008121013641357422
0.012227058410644531
0.004357099533081055
0.011982202529907227
0.013305187225341797
0.006941556930541992
0.005087137222290039
0.006491661071777344
0.005650758743286133
0.007123708724975586
0.006009817123413086
0.004343509674072266
0.0049669742584228516
0.0047588348388671875
0.0030100345611572266
