40240
6707
6707
6707
201203
6707
201203
6707
6707
6707
6707
40240
40240
201203
40240
201206
201206
201206
33539
201206
33539
201206
33539
33539
33539
33539
1006030
264904
1472
44157
264904
264906
44157
220788
220773
6622704
73493
2450
2204636
440927
2204636
14698
2204664
2204664
12250
73494
73498
367496
73498
31928
354
5322
63856
63856
2128
26611
53218
798215
1596431
1601
17
266
3202
3202
76
1334
2668
40028
400289
326
54
15
8160
89
38
11
29106
439
63
190
878
878
54
951
732
142775
285550
6508
1084
433
162724
3566
1545
618
1159108
17494
2527
7581
34989
34989
3032
37910
29160
5685815
2274298
26529
147
4422
26529
26529
3158
22111
22109
663242
3316248
4422
132646
132646
22111
15793
473770
473770
505464
19543
2093913
97724
45263
5408
901
643
135208
180
5408
5408
901
643
19316
96582
5765
222
23884
23
2581
1483
643
459
482267
128
19290
1483
3215
176
68899
68898
7279
525
3154
7279
7279
2253
15773
6066
2365682
2365679
3154
473130
36395
78867
4333
1689864
337968
54003
9001
9001
1350102
2241
373
67237
13447
67237
448
67238
67238
373
55
46
56039
2241
29590
12824
12824
9616989
119261
495
10455411
1742743
145152
10485
62906
145152
145153
62907
314538
120971
9434794
47174549
10885
3628
1814
21770
108853
3628
9072
272134
544269
4857
2428
682
485
161
80
971
4857
115
404
12143
24286
121433
971
2428
404
809
121433
99
16
23
2475
39
99
16
33
4951
198
495
27
27
11
16
8829
28
27
11
117
17659
133
577
57
266
1332
82
288
43312
6663
86625
692
666
288
2887
433133
4438
739
1479
110954
607
263
526
197457
2980
12916
1291
5960
29803
2582
6458
968594
387433
149016
8048
1341
1341
8048
40240
4791
6707
201203
201203
1006030
40240
1341
40240
40240
40240
6707
40240
40240
6707
6707
143724
143724
143724
11309
1006030
4459
23065
26751
95549
22296
2065
3185
1640
273
976
41017
1640
54
1640
1640
273
1640
273
273
5859
29299
5859
41017
136
703
815
2914
14
314
97
1640
8203
461
450
195
696
146302
1170
39
5852
450
975
450
195
975
20901
20901
1607
146304
241
861
2208
4785
956
2208
11041
3418
4785
717662
55205
717661
28705
956
143530
11040
23925
11041
4785
23925
512644
102527
39434
3588352
21148
75534
8203
273
273
8203
1367
8203
1367
273
273
1640
8203
1640
8203
8203
8203
1367
204
1367
6837
1367
28
1367
6837
1367
1367
205089
4760
2062
10314
1547040
186
485
12127
2425
2425
12127
14550
1813
477100
2385560
23349
50598
10119
23349
116751
50598
50598
1517731
583757
7588749
6117
15905
397650
79529
79529
397650
349974
11666
11666
11666
11666
349974
11666
11666
349974
11666
349974
349974
11666
349976
349976
349976
349976
349976
58334
58334
58334
58334
1749894
936
2340
28
71
50
126
4439
11099
232662
40119
7756
7756
232664
38780
830994
107763
7756
7756
232664
166197
232664
38780
1163328
69994
69994
69994
8333
349975
249995
249995
2610
79
1223
236
236
148
1182
25343
16432
2853
2853
2853
339
14269
10192
50964
7095
236
236
7095
25343
7095
1182
35479
2035
10179
783
93
50895
36356
36355
419
2097
49931
249658
19204
2286
1248306
891695
178336
36782
183915
475
2378
14269
475
14269
14269
475
299
14269
2378
59
2378
71346
71346
356732
14269
475
9
475
14269
475
14269
71346
14269
2378
71346
71346
843
4218
25309
525
843
88
25309
632755
829870
691628
27664
138323
27664
829870
138324
20747280
73
6407
360
6407
12815
512
2563
6407
6407
6407
12815
64077
20
104
261
261
261
522
2612
2
1306
14
261
522
14
186
71
1863
9318
185
463
365
4570
1758
45710
228552
6077
15193
21233
21233
21233
21233
21233
15167
3661
21233
21233
21233
3033
21233
21233
21233
106169
21233
21233
21233
106169
106169
106169
75839
106169
106169
106169
75839
106169
75839
75839
106169
75839
106169
15167
15167
9834
106169
5967
75839
106169
106169
106169
106169
530854
238
238
1191
5956
9
9
48
242
86
86
2153
2824
2824
70620
865
865
865
618
149
865
4328
865
865
865
865
4328
4328
3092
4328
3092
90
15460
3092
4328
3092
3092
618
2004
4328
4328
21643
865
865
865
123
4328
865
21643
4328
4328
4328
243
15460
4328
4328
4328
21643
617
617
3087
237
3087
15439
11029
11029
848
15439
1187
77200
441
15439
15439
1535
27423
27423
1535
1535
7678
5484
7678
7678
191955
15147
15147
75737
5826
75737
378691
270508
54101
20808
378691
29130
1893475
10820
75737
378691
50350
899178
179835
50350
251753
50350
251752
251753
179835
6293976
17409
3481
3481
3481
3481
3481
3481
17409
3481
3481
17409
3481
3481
17409
3481
3481
3481
3481
3481
3481
17409
17409
17409
17409
17409
17409
17409
17409
17409
17409
17409
17409
17409
17409
364
2074
17409
17409
17409
17409
17409
433
17409
87047
3481
3481
72
3481
3481
3481
3481
3481
3481
17409
17409
17409
17409
17409
17409
17409
17409
17409
87047
1187
3087
3087
3087
15439
15439
77200
77200
77200
1839
77200
15439
386003
3087
1924
3087
323
3087
77200
15439
3087
77200
75737
1893475
29130
75737
75737
75737
378690
378690
75737
75737
75737
378690
378690
378690
378690
1893475
38253
229490
1275
45897
229490
45897
1275
7650
229490
45897
7650
45897
45897
7650
1275
38253
229488
229488
38251
38251
1147451
871487
871487
29051
871487
871487
4842
145268
29051
174296
4842
29051
29053
4842
145268
29053
29053
145258
871481
145258
145258
145258
4357438
27659
30
1106
153
922
1106
2765
921
921
2305
13829
27659
921
69149
13829
2765
27659
5531
184
153
2305
2305
4610
69149
138299
231
231
3467
17338
1387
0
3
5
46
55
138
115
33
693
138
1387
277
6
7
115
115
231
3467
34677
0
1
2
20
1512
60
14
252
7560
24
14
414
10
179
26966
0
1
10
17
86
10
824
164
2473
12368
9
65
580
975
380
197
98
31
23
190
380
76
4
27
82
82
63
12368
24737
13
482
67
402
30152
1206
402
5026
150763
59
427
297
356
16521
572
7160
1073914
3243
23344
16218
19459
15155
7879
3940
6567
1313
1263
19702
197023
1313
98511
7577
15155
3031
262
1094
3284
3284
2526
492562
197022
1915
9577
57457
287286
1915
11491
3
129
11491
2298
45
383
11491
2298
273
2298
2298
63
1915
1915
1915
1915
1368
1915
1368
41042
57456
57456
41042
57456
57456
287286
447423
20880
20881
9671
20881
104401
104401
540041
1
56
25054
1002
19
167
596
4176
125270
835
1002
835
596
596
17896
25054
25054
89483
11064
516
10
1195
516
2581
2581
13354
6874
425
2979
446820
6
49
88
148
2979
3574
595
163
425
63835
6874
89364
63834
915
4579
4579
525
6832
34161
40987
204939
204939
378
2726
4813
8084
6832
3152
3152
3152
630
195
8197
1639
227
1366
1366
525
1366
375
525
976
146393
15764
204939
29278
204939
204939
109975
549844
549844
278
10006
250174
10006
278
1667
8340
41701
1250870
31148
31148
1038
31148
31148
865
5192
1038
6229
173
25
21
25960
1038
1038
5191
31147
5191
5191
155740
3881
155740
155740
155740
137080
11881
59408
8910146
1232
8874
1232
1479
9208
46047
11049
229
1841
276243
9208
9208
276242
6884
67281
484310
67281
80725
136244
62873
62873
62873
12574
5449
163468
32693
2096
4541
27248
27248
27248
27248
10480
136244
163466
817341
10479
10479
27246
817337
817337
817337
314368
4086735
392927
1964769
471468
392927
78589
11786849
392922
392922
11786784
11786784
18860
628
3771
3143
18860
3771
9430
18860
628
628
1571
18856
47150
47150
94300
18860
18860
9430
9430
9430
18860
9430
18860
628
1571
1571
1571
3143
3143
18856
47150
47150
94300
70
70
5259
5259
420
210
59
420
0
4
50
420
84
210
420
35
300
2103
210
210
210
420
420
10
35
35
35
70
70
420
1051
2103
10519
517
31066
183
458
25
0
2
21
183
458
91
21
76
2293
36
131
917
91
15
30
183
4587
125
15
54
8180
1
1
96
162
130
93
25
10
109
130
16361
250
50
3752
3752
83
99
5286
8880
115
300
150
115
9
214
57
57
115
115
7
25
25
25
250
250
300
3752
577
7504
37522
137
822
685
4111
10279
2055
685
1713
51399
1215
1458
6078
7293
2814
487
1219
182944
33167
39794
165867
199010
2581
6711
3356
2581
1118
223
215
6711
16781
16781
167818
1290
1290
2581
2581
223
559
559
559
5594
5594
6711
83909
33563
12909
167818
34861
6972
1162
6972
1162
65
391
6972
6972
830
6972
6972
6972
6972
6972
830
6972
6972
6972
5811
1162
1162
1162
1162
1162
1162
5811
1162
24901
34860
34860
24901
24901
24901
34860
34860
34860
34860
1959
34860
174305
36769
51474
51474
8580
51474
51474
8580
8580
8580
794
8580
8580
1225
8580
8580
257372
257372
44380
257372
257372
14
85
7600
1520
181
1520
905
1266
1266
38002
7600
1520
253
253
1520
7600
1520
253
253
253
5429
7600
7600
5429
27146
5429
7600
427
7600
38003
1349
9449
1889
315
1889
1889
315
315
6
145
315
45
315
315
9449
9449
1629
9449
2085
645
903
135549
63
75
802
1348
903
180
417
5421
180
180
903
19365
2085
27109
3873
19365
1489
27109
5421
135550
4519
558
16760
2793
399
558
558
16760
16760
16760
3446
4135
43800
73569
2072
956
414
956
956
956
956
296
12434
2486
956
414
414
414
159
414
2072
2072
44410
4782
62171
8881
8881
3416
62171
4782
62171
12434
62171
310859
797
2072
10363
62171
62171
62171
22594
677753
112975
16140
22594
22594
677744
677744
677744
7600
7600
7600
189
38003
7600
7600
1266
6334
7600
1266
38003
7600
1266
7600
7600
7600
7600
7600
1266
1266
189
1266
1266
6334
7600
7600
7600
1266
1266
1266
1266
26
1266
1266
1266
1266
6334
1266
1266
1266
1266
38003
38003
38003
947
38003
38003
38003
38003
38003
38003
38003
190015
22051
9556
9556
9556
1433333
33703
167
5618
6740
5618
5618
6740
6740
6740
1123
839
5618
33703
33703
432
1123
5618
1123
1123
5618
1123
33703
33703
839
33703
168519
33703
33703
43833
20228
8766
20228
20228
20228
20228
8766
262965
52592
20228
3371
8766
8766
8766
8766
8766
3371
43833
43833
262962
262962
262962
262962
262962
262962
101141
101141
1314828
1839279
367851
306590
367851
306590
306590
367851
367851
367851
61317
1839279
306590
1839279
1839279
23584
61317
61317
306590
61317
306590
61317
1839256
1839256
1839256
1839256
1839256
1839256
9196396
7308
2436
2922
14616
14616
7308
2922
487
487
2436
14614
14614
36542
36542
73084
14616
2922
7308
2436
2436
36542
36542
73084
1829
3658
3658
9149
121
8
731
365
146
1
17
87
1829
3659
731
104
365
121
121
1829
1829
1829
1829
3659
18298
1801
900
66
33
63
7
227
5
117
58
261
522
12
502
1004
1305
13050
2610
6526
200
74
33
435
1305
502
6526
1305
1004
13053
4743
2371
5205
52058
5205
10409
347
52049
10409
26029
10011
20023
4004
2081
667
8677
26029
10011
26029
130148
52058
20023
60637
8662
12127
60637
12127
43314
60636
303187
14923
89534
63956
89534
89534
89534
14923
14923
447674
447674
12127
2021
681
8662
12127
12127
12127
12127
113
1443
2021
2021
1443
1443
60636
60636
60636
60636
60636
43314
60636
60636
60636
43314
60636
60636
60636
60636
303187
14923
89534
89534
14923
14923
14923
14923
77196
319784
447674
41469
5023
184
225
2644
2644
47218
13220
547
3287
11740
3287
3287
3287
547
547
16435
1958
547
68
3287
547
547
547
547
2834
11740
7612
2644
314
314
13220
13220
9443
13220
13220
47218
16435
160
725
168420
9430
86
224
9430
47155
33684
3627
47155
33683
971
5830
971
971
971
3089
1663
77247
1663
3089
4325
21628
198
277
3604
515
21627
108140
8318
8318
21627
77247
8318
108140
8318
15449
108140
8318
21627
108140
21628
8318
108140
108140
108140
540710
39298
235773
39298
39298
39298
2203
2203
13220
277
2203
13220
13220
13220
13220
2203
66102
11017
13220
13220
2203
13220
2203
54
2203
2203
46
2203
2203
2203
2203
66102
1647
66102
66102
66102
66102
66102
66102
66102
66102
66102
66102
7876
66102
330513
66102
1954
11724
11724
58624
1954
1954
243
1954
9771
204
1954
58624
1461
293124
58624
293124
86384
86384
33225
33225
431926
86384
33225
86384
431926
5538
5538
71993
14398
431924
431924
431924
166128
431924
431924
431924
431924
166128
166128
166128
2159647
54678
328043
328043
1640238
54678
54678
273395
54678
273395
54678
1640229
1640229
1640229
8201248
2220
2220
5551
5551
1110
63
62
1110
2220
443
1110
317
24
1110
1110
24
2220
2220
2220
2220
2220
1586
2220
443
1110
317
1110
1110
1110
1110
1110
1110
1110
2220
2220
2220
2220
2220
2220
11102
1210
13
13
242
484
96
69
484
96
242
242
242
484
484
2420
2420
345
49
69
172
66
1726
8633
214
429
791
395
113
152
304
304
3959
791
1979
1979
158
395
113
395
152
152
1979
395
304
3959
304
304
3959
3959
19799
5846
11693
16746
8374
3349
16746
3349
8374
8374
3221
6442
6442
83745
3349
8374
3349
8374
3221
3221
8374
41872
16748
6442
6442
6442
83745
206
206
206
1032
45
45
225
225
199
199
997
5435
5435
5435
27176
4010
4010
20052
4010
4010
4010
341
4010
4010
4010
4010
4010
572
2864
20052
4010
4010
4010
691
4010
4010
4010
2864
4010
4010
4010
2864
14324
84
14324
2864
4010
4010
4010
4010
2864
20052
4010
4010
477
4010
2864
572
4010
4010
4010
4010
2864
4010
1857
4010
4010
4010
2864
4010
4010
225
14324
4010
4010
4010
4010
4010
4010
4010
4010
4010
20053
20053
20053
20053
2860
2860
243
14305
10218
1100
14305
2043
2860
51092
10218
786
14305
14305
1100
14305
1100
2860
71526
17784
17784
88923
71525
2043
14305
3556
17784
12703
12703
17784
12703
3556
17784
3556
3556
3556
3556
3556
2540
3556
3556
17784
2860
13122
13122
9373
65612
5047
5047
13122
46868
5047
9373
65612
9373
5047
13122
46868
9373
3605
65612
65612
5047
65612
5047
5047
13122
5047
65612
5047
13122
13122
65612
5047
65612
328064
96880
484406
96880
96880
96880
96880
96880
484406
69204
96880
484406
96880
484406
484405
2422059
65612
13122
9373
65612
65612
65612
65612
65612
25236
328064
96880
484406
346023
69204
484406
346023
14305
71526
71526
14305
14305
14305
14305
14305
356
14305
71526
14305
14305
14305
1498
14305
71526
14305
14305
356
71526
14305
71526
71526
71526
14305
71526
71526
71526
71526
14305
14305
1704
71526
14305
14305
71526
71526
71526
5502
14305
1782
14305
71526
357632
