0
300
7520
7520
0
70
1772
1772
7
4979
24896
0
340
1700
1
1071
5357
0
138
3462
3462
0
292
7300
7300
0
68
1720
1720
0
32
816
816
7
4833
24168
0
330
1651
0
142
712
0
300
7520
7520
0
70
1772
1772
7
4979
24896
0
340
1700
1
1071
5357
0
138
3462
3462
0
292
7300
7300
0
68
1720
1720
0
32
816
816
7
4833
24168
0
330
1651
0
142
712
52814
1320377
1320377
12447
12447
311185
311185
874225
4371136
59721
59721
298610
188108
940543
24315
607897
607897
51270
1281760
1281760
12083
12083
302084
302084
5730
5730
143268
143268
848657
4243296
57975
57975
289877
25021
25021
125105
52814
1320377
1320377
12447
12447
311185
311185
874225
4371136
59721
59721
298610
1085779
217155
1085779
255895
51179
51179
255895
7140275
223453
223453
223453
188108
940543
12157
303948
303948
25635
640880
640880
6041
6041
151042
151042
2865
2865
71634
71634
424328
2121648
28987
28987
144938
12510
12510
62552
499889
99977
499889
527012
105402
527012
124205
24841
24841
124205
58906
11781
11781
58906
6931447
108459
108459
108459
93617
93617
93617
0
0
0
0
0
0
0
0
0
0
0
896
896
1092
218
1092
2304
460
2304
0
0
543
0
0
257
2014
2014
0
0
505
0
0
225
121549
121549
121549
121549
607749
1382
1382
6912
10087
10087
10087
10087
6
1
6
0
0
1
5
5
0
0
1
44088
44088
51954
10390
5
1
5
68545
68545
0
0
1
80773
16154
38543
38543
38543
38543
192716
48385
9677
9677
9677
48385
4
4
56250
56250
281252
281252
281252
0
0
1
70613
14122
70613
70613
70613
70613
6710
6710
33550
2987
2987
14936
48963
48963
48963
21798
21798
21798
157465
157465
191883
38376
191883
404588
80917
404588
0
0
95353
0
0
45222
353699
353699
0
0
88803
0
0
39534
157790
31558
157790
157790
157790
101491
101491
213997
213997
252173
50434
119597
23919
332703
66540
332703
332703
332703
0
0
78411
392056
78411
0
0
37187
185939
37187
83287
83287
83287
83287
416436
187080
187080
187080
187080
935403
234851
46970
46970
46970
234851
104554
20910
20910
20910
104554
273026
273026
273026
273026
1365131
0
0
68548
342743
68548
342743
342743
342743
0
0
30517
152587
30517
152587
152587
152587
53487
53487
53487
13429
13429
13429
0
0
0
0
0
0
0
0
0
0
0
3587
3587
4371
874
4371
9217
1843
9217
0
0
2172
0
0
1030
8058
8058
0
0
2023
0
0
900
27462
137311
137311
6472
161807
161807
2
0
45
2
30162
42695
213479
213479
0
0
2
0
7108
10062
251563
251563
24008
120040
6027
150692
1
37
1
24752
35037
175187
9
1632
0
0
1
0
6214
8796
219922
2
2
2
11
2049
0
0
53487
80
10697
53487
75711
378558
53487
53487
53487
267435
47324247
0
69434
13886
104
13886
69434
347172
98285
491427
491427
63217
316089
316089
133295
666479
666479
31414
785376
785376
14899
372478
372478
146403
29280
220
146403
207235
1036181
1036181
0
0
10
34504
34504
48841
1221032
1221032
0
0
0
4
3272
16364
16364
16364
81821
23163
579095
579095
51878
259392
116529
582649
29257
731428
13025
325628
120143
180
120143
170063
850321
600716
106300096
0
0
9
30164
30164
42697
1067450
150821
150821
150821
754109
133443797
0
0
0
0
0
0
4
2685
2685
13429
13429
13429
67145
19008
475223
13429
13429
13429
67145
67145
67145
335725
59408481
9390739
9390739
2357730
2357730
2357730
486199
486199
486199
2430998
5529
5529
27648
40350
40350
40350
40350
24
4
24
0
0
5
21
21
0
0
5
176355
176355
207816
41563
20
4
20
274181
274181
0
0
4
323094
64618
154173
154173
154173
770867
38708
193541
38708
38708
193541
16
16
225001
1125008
1125008
1125008
0
0
4
56491
282455
282455
282455
282455
282455
26840
26840
134200
11949
11949
59745
195853
195853
195853
87192
87192
87192
314930
314930
383766
76753
383766
809177
161835
809177
1
0
190706
0
0
90445
707398
707398
1
1
177606
0
0
79069
315580
63116
315580
315580
315580
202983
202983
427994
427994
504347
100869
239195
47839
665406
133081
665406
665406
665406
0
0
156822
784113
156822
0
0
74375
371879
74375
166574
166574
166574
832873
374161
374161
374161
1870806
93940
469703
93940
93940
469702
41821
209109
41821
41821
209109
546052
546052
546052
2730263
0
0
137097
137097
685487
685486
685486
685486
0
0
61035
61035
305175
305175
305175
305175
82444
82444
412222
601599
601599
601599
601599
681245
3406233
3406233
160555
4013893
4013893
394
78
394
5295701
5295701
1059138
5295701
5295701
0
0
93
1248086
249616
249616
6240436
6240436
595558
2977795
149526
3738175
323
323
4345810
4345810
869160
4345810
1619
0
0
81
1091101
218219
218219
5455511
406
406
406
2033
23
2801032
2801032
1
27
3300726
660144
3300726
324
64
324
4354790
4354790
36
4354790
4354790
0
0
76
1026332
205265
1
43
5131669
1026332
5131669
2298610
2298610
2298610
2298610
11493051
115421
2885559
577111
2885559
577111
577111
2885557
250
250
3354603
3354603
3354603
3354603
1250
1250
16773017
16773017
16773017
0
0
62
842239
168447
168447
4211200
842239
4211200
313
313
313
1569
313
313
313
4211197
4211197
4211197
4211197
4211197
400166
400166
2000832
178152
178152
890760
2920024
2920024
2920024
1299979
1299979
1299979
96
96
9390739
1878145
9390739
1878145
9390739
9390739
9390739
46953704
62
6095311
1219060
1219060
6095311
30476555
1219060
6095311
6095311
784108
3920547
3920547
1653303
8266532
8266532
389649
9741252
9741252
184797
4619959
4619959
12852052
2570407
12852052
2570406
12852052
12852052
17
3
3028960
605789
3028960
605791
15144813
15144813
2
8
1
287307
1436537
1436537
287306
1436537
7182687
287307
7182692
7182692
643462
3217317
1445350
7226764
362883
9072117
161553
4038859
10546776
10546776
2109352
10546776
52733889
15
15
2647976
529593
2647976
529594
13239893
13239884
13239884
13239884
66199473
2
12
12
60
6
6
235772
235772
1178865
1178865
235772
1178865
5894331
235772
5894331
1178865
1178865
1178865
5894327
5894327
5894327
29471659
515
50123290
10024658
2004928
10024658
50123290
84
10024658
10024658
10024658
16119829
27
3223965
644793
3223965
57
6797779
6797779
2
67
8010478
1602094
8010478
18995548
1
32
3799109
151964
759821
3799109
10568569
2113711
10568569
89
10568569
10568569
14
2
2490790
498156
2490790
4
104
12453964
2490790
12453964
12
29532553
7
1
1181301
1181301
1181301
236259
1181301
5906505
1
49
5906510
1181301
1181301
5906510
4967002
993400
4967002
4967002
4967002
24835014
5578459
5578460
5578460
27892301
1400582
280115
7002917
1400582
1400582
7002913
3117662
124706
623531
124705
3117662
623532
623532
3117660
16282464
16282464
16282464
81412330
12
12
2044017
408801
2044017
2044017
408801
10220093
10220086
10220086
10220086
10220086
10220086
10220086
10220086
10220086
51100472
18
93
93
468
9099864
10
10
1819971
1819971
1819971
1819971
363992
1819971
9099864
1819971
1819971
363992
9099864
1819971
1819971
1819971
9099858
9099858
9099858
9099858
9099858
9099858
9099858
9099858
9099858
9099858
9099858
45499327
4
4
4
33
33
33
4
4
4
32
32
32
0
0
0
0
0
0
0
0
0
0
127
127
127
30
30
30
0
994
994
994
0
0
0
0
0
0
0
234
234
234
0
0
906
906
906
31
31
31
0
3292
3292
0
0
0
0
0
0
0
224
224
224
0
0
20
20
20
9
9
9
162
162
162
77
77
77
22
22
22
9
9
9
155
155
155
67
67
67
2
2
0
0
0
1
1
0
0
0
19
19
0
0
0
4
4
0
0
0
885
3542
3542
885
572
2289
2289
2289
572
294
294
294
621
621
621
146
146
146
69
69
69
1206
4827
4827
4827
1206
16
16
3
3
0
284
1137
1137
1137
284
9
8
8
1
1
0
134
539
539
539
134
4
975
975
975
4399
4399
4399
154
154
154
66
66
66
3995
15982
15982
3995
119
119
4
4
0
272
1091
1091
1091
272
9
26
26
1
1
0
117
471
471
471
117
4
4
4
4
33
33
33
4
4
4
32
32
32
0
0
0
0
0
0
0
0
0
0
127
127
127
30
30
30
0
994
0
0
994
994
0
0
0
0
0
0
0
234
0
0
0
234
234
0
0
906
906
906
31
31
31
0
3292
0
3292
0
0
0
0
0
0
0
224
0
0
0
224
224
0
0
20
20
20
9
9
9
162
162
162
77
77
77
22
22
22
9
9
9
155
155
155
67
67
67
11
11
2
2
0
5
5
1
1
0
79
79
2
2
0
17
17
1
1
0
3542
3542
500
3542
3542
2289
2289
323
64
2289
2289
2289
294
294
294
621
621
621
146
146
146
69
69
69
4827
4827
682
136
4827
4827
4827
67
67
15
15
0
1137
1137
0
160
0
1137
1137
1137
39
32
32
7
7
0
539
539
0
76
0
539
539
539
18
975
975
975
4399
4399
4399
154
154
154
66
66
66
15982
15982
2258
15982
15982
478
478
16
16
0
1091
1091
0
0
154
1091
1091
1091
38
105
105
7
7
0
471
471
0
0
66
471
471
471
16
21
21
21
166
166
166
22
22
22
159
159
159
0
0
0
0
0
0
0
0
0
0
634
634
634
149
149
149
0
4934
4934
4934
0
0
0
0
0
0
0
1162
1162
1162
0
0
4496
4496
4496
157
157
157
0
16335
16335
0
0
0
0
0
0
0
1115
1115
1115
0
0
103
103
103
49
49
49
806
806
806
382
382
382
109
109
109
47
47
47
773
773
773
333
333
333
13
13
3
3
0
6
6
1
1
0
98
98
3
3
0
21
21
1
1
0
4393
17574
17574
4393
2839
11358
11358
11358
2839
1461
1461
1461
3081
3081
3081
726
726
726
344
344
344
5987
23950
23950
23950
5987
83
83
19
19
0
1411
5644
5644
5644
1411
49
39
39
9
9
0
669
2677
2677
2677
669
23
4837
4837
4837
21824
21824
21824
765
765
765
330
330
330
19822
79288
79288
19822
592
592
20
20
0
1354
5416
5416
5416
1354
47
131
131
8
8
0
584
2337
2337
2337
584
20
33771
33771
33771
21
21
21
166
166
166
22
22
22
159
159
159
87
87
87
683
683
683
84
84
84
421
84
84
596
596
596
596
596
596
596
0
0
0
0
0
0
0
0
0
0
0
0
0
0
0
0
0
0
0
0
634
634
634
149
149
149
1
0
0
4934
4934
4934
0
0
0
0
0
0
0
0
0
0
1162
1162
1162
0
0
4496
4496
4496
157
157
157
6
1
16335
16335
1
0
0
0
0
0
0
0
0
0
1115
1115
1115
0
0
2609
13049
2609
2609
13049
615
15377
615
615
3075
1
0
1
20288
20288
20288
20288
1
20288
0
0
0
0
0
0
0
0
0
4781
23907
4781
4781
0
0
4781
249432
1247164
249432
249432
1247164
249432
249432
1247164
590
14756
590
590
2951
590
590
2951
13
13
184844
184844
184844
184844
184844
184844
13
184844
2
2
0
0
0
0
0
0
0
4175
20876
4175
4175
4175
4175
4175
4175
0
0
4175
103
103
103
49
49
49
806
806
806
382
382
382
109
109
109
47
47
47
773
773
773
333
333
333
426
426
426
202
202
202
3315
3315
3315
1572
1572
1572
409
409
2046
409
409
409
176
176
883
176
176
176
2895
2895
2895
2895
2895
2895
1249
1249
1249
1249
1249
1249
55
55
13
13
0
26
26
6
6
0
395
395
13
13
0
87
87
5
5
0
229
229
54
54
1
108
108
25
25
0
26340
26340
51
51
1
1732
1732
22
22
0
17574
17574
87872
17574
17574
11358
11358
56794
11358
11358
11358
11358
1461
1461
1461
3081
3081
3081
726
726
726
344
344
344
23950
23950
119751
23950
23950
23950
23950
334
334
78
78
2
5644
5644
0
28223
0
5644
5644
5644
197
158
158
37
37
1
2677
2677
0
13385
0
2677
2677
2677
93
4837
4837
4837
21824
21824
21824
765
765
765
330
330
330
79288
79288
396441
79288
79288
2371
2371
83
83
2
5416
5416
0
0
27082
5416
5416
5416
189
525
525
35
35
1
2337
2337
0
0
11688
2337
2337
2337
81
46703
46703
46703
46703
9340
46703
46703
46703
46703
30040
6008
6008
6008
30040
63339
12667
12667
12667
63339
74639
2985
2985
2985
14927
35399
1415
1415
1415
7079
98475
98475
98475
98475
19694
98475
98475
98475
98475
1376
1376
324
324
11
116042
23208
23208
0
23208
0
23208
23208
23208
23208
811
652
652
153
153
5
55035
11007
11007
0
11007
0
11007
11007
11007
11007
384
49945
49945
49945
249725
49945
49945
249725
1210689
1210689
1210689
6053446
1210689
1210689
6053446
2864
2864
2864
14324
71623
2864
2864
14324
1236
1236
1236
6182
30911
1236
1236
6182
897190
897190
897190
158045
158045
311
311
10
0
20266
0
20266
20266
20266
20266
101330
20266
20266
20266
708
20266
10394
10394
134
134
4
0
8746
0
8746
8746
8746
8746
43732
8746
8746
8746
305
8746
17
17
17
133
133
133
3
94
94
18
18
18
128
128
18
90
90
0
0
0
0
0
0
0
0
0
511
511
120
120
120
0
0
3978
3978
112
2810
0
0
0
0
0
0
0
0
937
937
937
26
662
662
3625
3625
127
127
127
0
13171
1860
9304
0
0
0
0
0
0
0
899
899
127
635
635
83
83
83
39
39
39
650
650
650
91
18
91
308
308
308
43
8
43
88
88
88
38
38
38
623
623
88
88
269
269
38
38
11
11
2
0
2
5
5
1
0
1
79
2
2
0
17
1
1
0
3542
14170
2002
2289
2289
9158
9158
1293
258
1178
1178
2484
2484
585
585
585
277
277
277
4827
4827
19311
19311
2728
545
67
67
15
0
15
1137
39
1137
4551
4551
4551
643
643
128
32
32
7
0
7
539
18
539
2158
2158
2158
304
304
60
3900
3900
17596
17596
617
617
617
266
266
266
15982
63930
9032
478
16
16
0
1091
1091
38
4367
4367
617
617
105
7
7
0
471
471
16
1884
1884
266
266
49
9
49
8
1
8
292
292
344
68
344
90
90
60
12
60
273
273
273
273
273
1368
2127
2127
2127
2127
2127
10637
60
1502
1502
262
262
262
262
262
1313
1857
1857
1857
1857
9289
262
1312
1312
0
0
0
0
0
0
0
0
0
731
0
0
49
0
0
0
0
0
8129
8129
8129
40645
1915
1915
1915
1915
1915
9579
1
1
1
1
63191
63191
63191
315960
2
1785
1785
44638
44638
0
0
0
0
0
0
0
0
0
0
0
0
0
0
14893
14893
14893
14893
14893
74465
0
420
420
10520
10520
10520
26911
26911
26911
134558
1838
1838
1838
1838
1838
9192
24442
1
97771
488856
20
13813
13813
69065
731
0
49
0
0
0
0
0
3251
0
0
0
0
0
13004
13004
13004
13004
65024
2
1837
1837
9186
9186
1328
1328
1328
1328
1328
6642
630
630
630
630
630
3150
2781
556
2781
10326
10326
10326
10326
10326
51633
1458
291
1458
4897
4897
4897
4897
4897
24488
4324
864
4324
691
138
691
1274
1274
1274
1274
1274
6373
550
550
550
550
550
2750
485
97
485
9017
9017
9017
9017
45087
1273
1273
3891
3891
3891
3891
19458
687
137
687
549
549
178
178
178
178
42
42
1
42
42
84
84
84
84
19
19
0
19
19
3549
591
591
242
40
40
40
1
0
786
131
131
104
17
17
17
0
0
26296
26296
105187
525939
3715
14860
4
3715
3715
2972
14860
36366
36366
36366
36366
145466
145466
145466
727336
25689
1
5137
5137
25689
25689
822
20551
4110
20551
18713
18713
18713
93565
16523
660
660
16523
16523
39456
39456
39456
197284
9299
9299
9299
9299
9299
46495
4410
4410
4410
4410
4410
22051
19471
155
155
3894
19471
3894
76679
76679
76679
76679
306719
306719
306719
1533598
2
1733
43333
8666
43333
1072
1072
1072
1072
252
252
8
252
252
18071
18071
631
18071
18071
72287
72287
72287
72287
72287
361437
0
408
10212
10212
2042
10212
508
508
508
508
119
119
4
119
119
8570
8570
299
8570
8570
34283
34283
34283
34283
34283
171417
30272
0
1210
1210
6054
30272
6054
193
4843
4843
968
4843
28953
28953
28953
144765
5113
1022
1022
5113
5113
130622
130622
130622
653113
8923
8923
8923
8923
8923
44616
3851
3851
3851
3851
3851
19255
3400
136
136
680
3400
680
118639
118639
474558
2372794
20
13409
67045
3549
3549
242
242
242
242
1
8
15780
15780
15780
15780
110
551
63122
63122
63122
63122
315614
2
1783
8917
8917
786
786
104
104
104
104
0
3
6810
6810
6810
6810
47
238
27242
27242
27242
27242
136212
4811
3848
3848
1
962
962
962
4811
962
769
3848
3848
17
17
17
133
133
133
3
94
94
18
18
18
128
128
18
90
90
0
0
0
0
0
0
0
0
0
511
511
120
120
120
0
0
3978
3978
0
0
112
2810
0
0
0
0
0
0
0
0
937
937
937
0
0
0
26
662
662
3625
3625
127
127
127
0
13171
0
1860
9304
0
0
0
0
0
0
0
899
899
0
0
0
127
635
635
83
83
83
39
39
39
650
650
650
91
18
91
308
308
308
43
8
43
88
88
88
38
38
38
623
623
88
88
269
269
38
38
44
44
10
0
10
21
21
5
0
5
318
11
11
0
70
4
4
0
14170
14170
2002
9158
9158
9158
9158
1293
1293
258
258
1178
1178
2484
2484
585
585
585
277
277
277
19311
19311
19311
19311
2728
2728
545
545
269
269
63
2
63
4551
159
4551
4551
4551
4551
643
643
0
643
128
0
128
128
30
1
30
2158
75
2158
2158
2158
2158
304
304
0
304
60
0
3900
3900
17596
17596
617
617
617
266
266
266
63930
63930
9032
1912
67
67
2
4367
4367
152
4367
4367
0
0
617
617
617
423
28
28
1
1884
1884
65
1884
1884
0
0
266
266
266
3
0
0
196
39
196
18
0
0
1217
34
34
6
34
34
63
1
1
21
0
0
1169
1169
1378
275
1378
12811
361
361
361
383
10
10
130
3
3
8520
240
240
48
240
273
273
273
273
273
1368
2127
2127
2127
2127
2127
10637
60
1502
1502
262
262
262
262
262
1313
1857
1857
1857
1857
9289
262
1312
1312
0
0
0
0
0
0
0
0
0
0
0
2924
0
0
0
0
0
199
8129
8129
8129
40645
8128
40642
40642
1915
1915
1915
1915
1915
9579
1915
47892
47892
4
4
4
4
63191
63191
63191
315960
13
2
0
0
8927
1785
1785
44638
44638
12637
63186
63186
0
0
0
0
0
0
0
0
0
1
1
0
1
1
14893
14893
14893
14893
14893
74465
0
0
0
0
0
2104
420
420
10520
10520
10520
2978
74458
74458
26911
26911
26911
134558
26909
134546
1838
1838
1838
1838
1838
9192
1838
45957
7
97771
97771
488856
1
1
1
20
20
1
1
13813
13813
13813
69065
19552
97762
182
0
2924
0
0
0
0
0
199
0
0
0
0
0
13004
13004
13004
13004
13004
65024
0
0
0
0
2
0
0
0
0
0
0
0
1837
1837
1837
9186
9186
2600
65019
121
176
4
4
249
7
7
1328
1328
1328
1328
1328
6642
630
630
630
630
630
3150
11126
2225
11126
10326
10326
10326
10326
10326
51633
1458
291
1458
4897
4897
4897
4897
4897
24488
17298
3459
17298
691
138
691
1274
1274
1274
1274
1274
6373
1056
29
29
550
550
550
550
550
2750
68770
1943
1943
388
1943
1943
9017
9017
9017
9017
45087
1273
1273
1494
42
42
3891
3891
3891
3891
19458
97295
2749
2749
549
2749
549
549
2749
714
714
714
714
168
168
5
168
168
338
338
338
338
79
79
2
79
79
3608
101
101
1232
34
34
2366
2366
14196
161
161
161
5
1
969
524
524
3146
2622
74
74
69
69
69
2
0
418
1743
49
49
105187
105187
105187
525939
14860
2972
14860
14860
14860
22
4
2972
2972
2972
14860
21035
105178
2629719
145466
145466
145466
145466
145466
145466
145466
727336
102757
30
1
4110
822
4110
20551
20551
20551
20551
4110
4110
20551
102757
29090
145454
145454
18713
18713
18713
93565
66094
2643
2643
66094
18711
93557
93557
39456
39456
39456
197284
39453
197267
197267
9299
9299
9299
9299
9299
46495
9298
232459
232459
4410
4410
4410
4410
4410
22051
77885
623
623
15577
15577
77885
4409
110247
110247
306719
306719
306719
306719
306719
306719
306719
1533598
65
2
1733
43333
43333
8666
8666
43333
61338
306693
306693
4288
4288
4288
4288
1010
1010
35
1010
1010
72287
72287
2527
72287
72287
72287
72287
72287
72287
72287
361437
3
0
408
10212
10212
0
10212
10212
2042
0
10212
14456
361406
361406
2033
2033
2033
2033
479
479
16
479
479
34283
34283
1198
34283
34283
34283
34283
34283
34283
34283
171417
121089
1
0
968
193
193
4843
4843
4843
4843
0
4843
4843
4843
968
0
4843
24217
24217
121089
6856
171403
171403
28953
28953
28953
144765
723826
20452
20452
4090
4090
20452
28950
144752
130622
130622
130622
653113
130611
653058
8923
8923
8923
8923
8923
44616
8922
223065
21653
611
611
7396
208
208
3851
3851
3851
3851
3851
19255
481394
13602
13602
544
544
2720
2720
13602
3850
96270
474558
474558
474558
2372794
67045
67045
67045
100
20
13409
67045
94903
474518
11864075
14196
14196
969
969
969
969
6
33
63122
63122
63122
63122
441
2207
63122
63122
63122
63122
315614
44589
44589
44589
2
2
1783
8917
8917
8917
0
0
8917
8917
8917
8917
44589
12623
315587
7890436
3146
3146
15733
444
444
418
418
418
418
2
14
10463
295
295
27242
27242
27242
27242
190
952
27242
27242
27242
27242
136212
681065
19244
769
3848
19244
3848
3848
19244
1
1
769
769
769
153
769
3848
3848
3848
0
3848
0
3848
3848
3848
3848
3848
19244
5448
136201
3405356
85
85
85
664
664
664
664
16613
16613
90
90
90
637
637
3188
15941
15941
0
0
0
0
0
0
0
0
0
2539
2539
598
598
598
0
0
19737
19737
19737
493439
0
0
0
0
0
0
0
0
4651
4651
4651
4651
116293
116293
17985
17985
631
631
631
1
65341
326708
1633541
0
0
0
0
0
0
0
4463
4463
22318
111593
111593
414
414
414
196
196
196
16127
3225
3225
3225
3225
16127
7648
1529
1529
1529
1529
7648
437
437
437
188
188
188
15475
3095
3095
15475
6679
1335
1335
6679
55
55
13
0
13
26
26
6
0
6
395
13
13
0
87
5
5
0
17574
70298
351491
11358
11358
45435
45435
227177
45435
5844
5844
12324
12324
2904
2904
2904
1377
1377
1377
23950
23950
95801
95801
479007
95801
334
334
78
2
78
5644
197
5644
22578
22578
22578
112892
112892
22578
158
158
37
1
37
2677
93
2677
10708
10708
10708
53541
53541
10708
19349
19349
87296
87296
3062
3062
3062
1321
1321
1321
79288
317152
1585765
2371
83
83
2
5416
5416
189
21666
21666
108330
108330
525
35
35
1
2337
2337
81
9350
9350
46753
46753
1728
8643
301
1509
51346
12101
60506
3177
15888
3177
422
422
2113
10567
422
2113
1357
1357
1357
1357
1357
6788
10554
10554
10554
10554
10554
52773
10554
263867
263867
1302
1302
1302
1302
1302
6514
9216
9216
9216
9216
46082
46082
230414
230414
0
0
0
0
0
0
0
0
0
3627
0
0
247
0
0
0
0
0
40327
40327
40327
201638
9504
9504
9504
9504
9504
47521
5
5
5
5
313488
313488
313488
1567445
313488
313488
7837229
7837229
0
0
0
0
0
0
0
0
0
1
1
0
1
1
73882
73882
73882
73882
73882
369414
73882
73882
73882
1847071
1847071
1847071
133505
133505
133505
667528
9120
9120
9120
9120
9120
45601
121258
9
485032
2425163
2425163
2425160
12125819
3627
0
247
0
0
0
0
0
16128
1
1
1
0
0
64515
64515
64515
64515
322580
322580
322579
322579
1612901
1612901
6590
6590
6590
6590
6590
32951
97673
488370
3125
3125
3125
3125
3125
15627
256150
51229
51229
51229
51229
51229
51229
256150
256150
151854
759273
121483
24296
24296
24296
24296
24296
24296
121483
121483
6323
6323
6323
6323
6323
31619
17058
85291
2729
2729
2729
2729
2729
13646
223675
44735
44735
44735
44735
223675
223675
24133
120667
96534
19306
19306
19306
19306
96534
96534
886
886
886
886
208
208
7
208
208
420
420
420
420
99
99
3
99
99
17606
2934
2934
1202
200
200
200
7
1
3902
650
650
519
86
86
86
3
0
130456
130456
130456
130456
130456
130456
652282
652282
521825
521825
2609129
180411
180411
180411
180411
180411
180411
180411
902058
902058
4510294
4510294
144329
721646
721646
721646
3608235
3608235
721646
3608235
116042
116042
2901053
2901053
92833
92833
92833
464168
195740
195740
195740
978706
46132
46132
46132
46132
46132
230660
27348
27348
683717
3418591
683717
21878
21878
21878
21878
21878
109394
380400
380400
380400
380400
304319
1521601
1521601
1521601
7608018
7608018
1521601
7608018
5318
5318
5318
5318
1253
1253
43
1253
1253
89652
89652
3134
89652
89652
71721
71721
358609
358609
358609
358609
358609
1793050
1793050
1793050
358609
1793050
2522
2522
2522
2522
594
594
20
594
594
42519
42519
1486
42519
42519
42519
42519
42519
212596
212596
1062982
5314915
1062982
34015
34015
170076
170076
170076
170076
170076
850385
850385
850385
170076
850385
179540
179541
179541
897706
897706
143632
143632
143632
718165
648004
648004
648004
3240028
44267
44267
44267
44267
44267
221339
23881
23881
23881
119407
23881
23881
119407
597037
119407
19105
19105
19105
19105
19105
95525
588558
588558
2354232
2354232
11771181
17606
17606
1202
1202
1202
1202
8
42
78286
78286
78286
78286
547
2737
313145
313145
313145
313145
313145
313145
1565729
1565729
1565729
3902
3902
519
519
519
519
3
18
33786
33786
33786
33786
236
1181
33786
33786
33786
33786
33786
33786
168934
168934
168934
168934
844673
168934
135147
135147
135147
135147
135147
135147
675738
675738
675738
675738
85
85
85
664
664
664
664
16613
16613
90
90
90
637
637
3188
15941
15941
351
351
351
2732
2732
2732
546
13661
13661
337
337
337
337
337
1686
2385
2385
2385
2385
2385
2385
2385
11929
11929
0
0
0
0
0
0
0
0
0
0
0
0
0
0
1
0
0
0
2539
2539
598
598
598
7
1
1
1
19737
19737
19737
493439
0
0
0
0
0
0
1
0
0
0
0
4651
4651
4651
4651
116293
116293
17985
17985
631
631
631
24
4
65341
326708
1633541
0
0
0
0
0
0
1
0
0
0
4463
4463
22318
111593
111593
10439
10439
52198
52198
2460
2460
2460
61510
12302
6
1
6
6
81153
81153
81153
81153
16230
405767
0
0
0
0
0
0
1
0
1
0
1
19126
19126
19126
95631
19126
3825
95630
95630
997731
997731
4988658
997731
997731
4988658
2360
2360
2360
11804
59024
2360
2360
11804
55
55
739376
739376
739376
739376
739376
739376
3696883
9
0
0
0
0
0
1
1
1
0
16701
16701
16701
83507
16701
16701
16701
16701
16701
83506
83506
414
414
414
196
196
196
16127
3225
3225
3225
3225
16127
7648
1529
1529
1529
1529
7648
437
437
437
188
188
188
15475
3095
3095
15475
6679
1335
1335
6679
1706
1706
1706
809
809
809
13262
2652
13262
13262
13262
13262
6289
1257
6289
6289
6289
6289
1637
1637
8185
1637
1637
1637
706
706
3532
706
706
706
11580
11580
11580
11580
11580
11580
11580
4997
4997
4997
4997
4997
4997
4997
223
223
52
1
52
105
105
24
0
24
1581
55
55
1
350
23
23
0
917
917
216
7
216
435
435
102
3
102
105363
207
207
7
6929
89
89
3
70298
70298
351491
22717
22717
22717
22717
113588
113588
22717
22717
2922
2922
6162
6162
1452
1452
1452
688
688
688
47900
47900
47900
47900
239503
239503
47900
47900
669
669
157
5
157
11289
394
11289
11289
11289
11289
56446
56446
0
56446
11289
0
317
317
74
2
74
5354
187
5354
5354
5354
5354
26770
26770
0
26770
5354
0
9674
9674
43648
43648
1531
1531
1531
660
660
660
158576
158576
792882
4743
166
166
5
10833
10833
378
10833
10833
0
0
54165
54165
54165
1051
71
71
2
4675
4675
163
4675
4675
0
0
23376
23376
23376
186814
186814
186814
186814
186814
186814
186814
37362
37362
60080
60080
12016
12016
126679
126679
25335
25335
149278
29855
5971
5971
5971
70798
14159
2831
2831
2831
196950
196950
196950
196950
196950
196950
196950
39389
39389
2753
2753
648
22
648
232085
46417
46417
1623
46417
46417
46417
46417
46417
46417
0
46417
9283
0
1305
1305
307
10
307
110070
22014
22014
769
22014
22014
22014
22014
22014
22014
0
22014
4402
0
199780
199780
199780
199780
998903
2421378
2421378
2421378
2421378
12106893
5729
5729
5729
5729
5729
28649
143246
2472
2472
2472
2472
2472
12364
61822
3588762
316090
622
622
21
40532
0
40532
0
40532
1417
40532
40532
40532
40532
202661
41579
268
268
9
34985
0
34985
0
34985
1223
34985
34985
34985
34985
174929
24396
24396
24396
603
603
603
15
15
15
11
11
11
6914
34574
92
92
1207
6038
6038
6038
5686
28431
69
69
903
4518
4518
4518
316
316
108
108
654
654
80
80
205384
48404
242024
12710
63554
12710
1901
649
1690
1690
8453
42268
1690
8453
168892
39804
199022
24425
4885
4885
4885
24425
24425
118416
118416
118416
2931
2931
2931
3925
485
6325
6325
1265
1265
1265
6325
31629
6325
31629
1357
1357
1357
1357
1357
6788
10554
10554
10554
10554
10554
52773
10554
263867
263867
1302
1302
1302
1302
1302
6514
9216
9216
9216
9216
46082
46082
230414
230414
5582
5582
5582
5582
5582
5582
5582
5582
43396
43396
43396
43396
43396
43396
43396
43396
8679
216984
216984
4874
4874
4874
4874
4874
4874
4874
4874
4874
4874
24374
34484
34484
34484
34484
34484
34484
34484
34484
34484
34484
34484
34484
172421
172421
0
0
0
0
0
0
0
0
0
0
0
14509
0
0
0
0
0
991
0
0
0
0
0
0
0
0
0
12
12
2
2
164184
1
1
0
0
0
0
0
3708
40327
40327
40327
201638
201638
1008192
1008192
9504
9504
9504
9504
9504
47521
47521
1188050
1188050
116
23
23
23
23
23
1567445
1567445
313488
313488
313488
1567445
313488
1567445
1567445
313488
313488
7837229
7837229
0
0
0
0
0
0
0
0
0
0
27
0
5
5
0
5
5
369414
73882
73882
73882
73882
73882
73882
369414
73882
1847072
1847072
73882
73882
73882
1847071
1847071
1847071
133505
133505
133505
667528
667527
3337642
9120
9120
9120
9120
9120
45601
45601
1140041
180
180
36
2425163
2425163
485032
2425163
485032
2425163
2425163
485032
2425160
12125819
1
14509
0
0
0
0
0
991
24
24
24
120
0
0
24
4
4
4
0
0
322580
64515
64515
64515
64515
64515
322580
64515
1612902
322580
64515
322579
322579
1612901
1612901
6
165812
165812
165812
165812
165812
165812
829062
829062
0
8
39078
39078
39078
39078
39078
39078
39078
39078
976963
195392
976963
96
19
96
96
96
96
1288950
1288950
10
1288950
1288950
1288950
1288950
1288950
1288950
1288950
1288950
257789
10
1288950
1288950
6444753
1288948
6444753
1
1
1
1
0
0
0
0
0
0
22
0
22
22
0
22
22
303778
60755
0
12
303778
303778
303778
303778
303778
303778
303778
303778
1518894
303778
1518894
60755
2
303778
303778
1518893
1518893
303778
303778
1518893
6892078
1378415
1378415
1378415
1378415
1378415
6892078
1378415
1378415
6892078
1378415
1378415
1378415
34124
853105
34124
34124
34124
34124
34124
34124
34124
34124
170620
853105
34124
34124
170620
34124
34124
34124
69
69
69
69
69
932045
932045
932045
932045
932045
932045
932045
932045
932045
932045
932045
932045
932045
4660225
12
12
12
164184
1
1
0
0
0
0
0
3708
89
17
17
17
89
0
0
17
17
17
17
17
17
17
0
0
241390
48277
48277
1206952
241390
241390
241390
241390
241390
241390
241390
241390
1206952
241390
241390
241390
241390
241390
241390
241390
241390
241390
241390
1206951
1206951
1206951
873
873
873
1235
1235
1235
653
653
653
924
924
924
6590
6590
6590
6590
6590
32951
390695
1953480
3125
3125
3125
3125
3125
15627
256150
51229
51229
51229
51229
51229
51229
256150
256150
607418
3037094
121483
24296
24296
24296
24296
24296
24296
121483
121483
6323
6323
6323
6323
6323
31619
5241
5241
68232
341164
2729
2729
2729
2729
2729
13646
341164
341164
223675
44735
44735
44735
44735
223675
223675
7415
7415
96534
482670
96534
19306
19306
19306
19306
96534
96534
482670
482670
27096
27096
27096
27096
27096
27096
27096
12851
12851
321279
1606396
12851
12851
12851
12851
12851
210638
210638
42127
210638
210638
210638
210638
210638
210638
99899
499495
2497479
99899
19979
99899
99899
99899
99899
99899
99899
23661
23661
23661
23661
118307
23661
23661
23661
23661
23661
3922
3922
10211
10211
10211
10211
51059
51059
255296
10211
10211
10211
10211
10211
255296
255296
167378
167378
167378
167378
167378
167378
167378
167378
167378
167378
5549
5549
72237
72237
72237
72237
72237
361187
72237
72237
72237
72237
72237
72237
361187
361187
3545
3545
3545
3545
835
835
29
835
835
1681
1681
1681
1681
396
396
13
396
396
17903
17903
6115
6115
11737
11737
70426
801
801
801
28
5
4811
13008
2601
13008
2601
15610
8651
346
346
346
12
8651
2
2076
14578
14578
14578
14578
3435
3435
120
3435
3435
6913
6913
6913
6913
1629
1629
56
1629
1629
36969
36969
4576
4576
132819
132819
796915
3000
3000
3000
104
20
18001
90005
4999
4999
4999
29997
6474
1294
1294
1294
45
6474
9
7768
38844
721646
721646
721646
721646
721646
721646
144329
721646
721646
721646
721646
721646
721646
721646
3608235
3608235
3608235
3608235
3608235
3608235
3608235
721646
721646
3608235
18041179
46416
46416
46416
232083
232084
232084
1160421
1160421
232084
5802107
97870
97870
97870
489352
2446765
2446765
489353
23066
23066
23066
23066
23066
115330
2883260
2883260
115330
10939
10939
10939
10939
10939
54697
54697
54697
1367436
1367436
54697
1367435
1367435
6837183
760800
760800
760800
760800
152159
760800
760800
760800
760800
3804009
3804009
3804009
3804009
3804009
760800
760800
3804009
10636
10636
10636
10636
2506
2506
87
2506
2506
179304
179304
6269
179304
179304
35860
35860
179304
179304
179304
179304
179304
179304
4482630
4482630
896525
896525
896525
5
896525
179304
896525
179304
1
896525
5044
5044
5044
5044
1188
1188
41
1188
1188
85038
85038
85038
2973
85038
85038
85038
17007
17007
85038
85038
85038
85038
85038
17007
85038
85038
85038
425192
425192
2125966
2125966
425192
425192
425192
2
425192
425192
85038
425192
85038
0
425192
2125964
2125964
10629830
143632
143632
143632
718163
718163
718165
718165
718165
3590825
324002
324002
324002
1620011
1620014
8100070
22133
22133
22133
22133
22133
110669
110669
2766749
53709
18345
9552
9552
9552
9552
9552
47762
47762
47762
47762
238814
47762
47762
47762
238814
238814
1194074
2354232
2354232
2354232
2354232
2354232
11771181
35213
35213
2405
2405
2405
2405
16
84
156572
156572
156572
156572
1094
5474
156572
156572
156572
156572
156572
156572
156572
782864
782864
782864
4
4
782864
782864
782864
782864
156572
782864
3914327
15610
15610
78051
1038
1038
1038
1038
7
36
25954
135147
135147
135147
135147
135147
135147
945
4725
135147
135147
135147
135147
135147
135147
135147
27029
135147
135147
135147
135147
675737
135147
135147
135147
135147
675737
675738
675738
675738
4
675738
4
675738
675738
675738
675738
135147
675738
675738
3378693
16
381697
381697
381697
1908488
381697
1908488
381697
381697
381697
381697
9542440
16
402407
2012037
2012037
402407
402407
402407
402407
0
19
94839
94839
2370978
474195
2370978
94839
94839
94839
94839
94839
0
9
44979
44979
44979
44979
1124477
44979
224895
1124477
44979
44979
44979
44979
44979
1124476
1124476
5622389
52
52
6256266
6256266
6256266
6256266
6256266
6256266
6256266
6256266
6256266
6256266
6256266
1251251
1251251
6256266
43734
43734
43734
43734
10307
10307
360
10307
10307
1
31
6
737235
737235
737235
3686181
737235
3686181
737235
25778
737235
737235
737235
737235
737235
737235
737235
737235
737235
737235
4
737235
147446
737235
147446
147446
0
737235
41483
41483
41483
41483
4888
4888
170
4888
4888
1
29
5
699293
699293
699293
699293
699293
3496471
699293
699293
3496471
699293
24451
699293
699293
699293
699293
699293
699293
699293
699293
699293
699293
699293
139858
699293
4
699293
699293
139858
699293
139858
139858
0
699293
3496469
3496469
17482359
6690509
6690509
6690509
6690509
6690509
6690509
6690509
6690509
6690509
33452545
82815
82815
82815
82815
82815
82815
82815
82815
82815
82815
82815
82815
414077
82815
2070387
221815
13728
71483
71483
71483
71483
71483
71483
71483
71483
71483
71483
71483
71483
71483
71483
71483
357415
357415
71482
357415
357415
1787077
796915
9000
9000
9000
62
314
9000
45002
1171652
1171652
1171652
1171652
6
1171652
6
1171652
1171652
8193
40968
1171652
1171652
1171652
1171652
1171652
1171652
234329
234329
1171652
1171652
5858265
7768
7768
7768
54
271
7768
38844
