1956405
4695371
1956405
3912808
1956405
1956405
9390739
4695371
3912808
9390739
9390739
4695371
3912808
4695371
1956405
1956405
4695371
1956405
1956405
3912808
1956405
1956405
1956405
1956405
1956405
3912808
3912808
3912808
1956405
1956405
3912808
1956405
1956405
3912808
1956405
1956405
3912808
1956405
1956405
1956405
3912808
1956405
1956405
23476861
23476861
46953704
227437
12698566
6349285
15238283
12698566
454874
227437
189531
6349285
94765
94765
94765
94765
6349285
94765
189531
189531
94765
94765
94765
94765
94765
94765
6349285
94765
6349285
189531
189531
189531
189531
12698566
12698566
94765
94765
6349285
189531
94765
94765
94765
94765
6349285
6349285
189531
189531
94765
94765
94765
94765
94765
1137187
1137187
1137187
1137187
1137187
1137187
1137187
76191426
1137187
1137187
1137187
1137187
1137187
2274373
2274373
2274373
2274373
152382794
301
13387561
362
26775113
479555
13387561
199814
199814
199814
13387561
2
4
2
2
199814
199814
2
150
13387561
150
399629
399629
4
301
301
26775113
26775113
199814
150
199814
2
150
13387561
2
2
27
27
2397775
2397775
1811
1811
1811
160650741
27
27
2397775
54
54
54
54
3622
321301359
71
2629313
85
6310334
565106
3155168
47092
39243
47092
15775855
2
1
2133
0
0
39243
39243
0
29
2629313
29
78487
31
1
355
59
5258624
2133
5258624
47092
29
15
0
29
2629313
0
0
5
0
470922
2825530
0
355
355
31551759
31551759
5
5
565105
63
0
10
10
711
25607
44668
2992786
1246997
3591344
2992786
89337
268011
15
1496393
22334
18611
7
18611
22334
18611
1246997
506
7481975
111671
37223
44668
14889
1012
2493994
18611
18611
18611
18611
18611
22334
22334
18611
22334
1246997
1246997
506
1246997
1246997
16160
1496393
18611
18611
1246997
1496393
37223
37223
44668
15
15
44668
2493994
1012
2493994
2493994
14963945
22334
22334
1246997
1246997
1246997
37223
18611
7
18611
22334
1246997
1246997
1246997
37223
37223
18611
18611
18611
22334
22334
223343
223343
90
223343
223343
90
1340057
90
223343
268011
268011
14963974
14963974
6072
14963974
14963974
14963974
14963974
6072
223343
90
223343
223343
268011
446686
446686
181
2680113
446686
181
446686
536022
29927937
12144
24
49
2197246
2197246
118
59
4394490
118
5273390
59
24
2197246
49
2197246
24
24
2197246
24
24
24
2197246
49
49
24
24
24
24
24
24
24
24
24
24
24
2197246
24
24
24
2197246
49
49
49
49
49
49
4394490
4394490
24
24
2197246
24
2197246
49
4394490
24
24
2197246
24
24
297
297
297
297
297
297
297
297
297
297
297
297
26366954
297
297
297
26366954
594
594
594
594
594
594
594
52733889
5
12
459719
186
149
14
1103323
29
6619949
12
5
551662
0
551662
5
5
186
186
459719
186
551662
551662
2758312
6
31
5
186
12
0
373
1103323
1103323
5
5
6
5
5
31
0
5
6
0
6
459719
459719
459719
5
5
5
551662
10
10
62
12
10
10
919438
919438
373
919438
919438
373
31
5
551662
6
551662
12
373
1103323
5
5
186
186
459719
5
6
62
62
74
0
0
373
62
74
62
74
62
62
2238
5516633
5516633
5516633
5516633
33099749
0
62
62
2238
5516633
5516633
6619944
124
746
124
0
124
0
0
4477
204664
491195
204664
491193
204664
83
5894331
589432
491193
982390
1178865
2947166
166
491195
204664
204664
491195
245597
204664
166
245597
81866
204664
83
83
83
83
204664
204664
204664
204664
204664
204664
204664
204664
204664
83
83
245597
245597
1227986
204664
245597
204664
83
83
245597
1227986
163732
409329
166
409329
409329
491193
491193
166
491193
204664
204664
204664
204664
204664
83
83
204664
204664
204664
204664
204664
204664
204664
204664
204664
2652
204664
245597
245597
83
245597
245597
245597
245597
245597
245597
1227986
204664
204664
204664
204664
204664
204664
204664
204664
245597
83
245597
409329
409329
409329
166
409329
409329
409329
409329
409329
409329
491193
491193
166
166
2455971
409329
204664
204664
204664
204664
83
245597
245597
1227986
245597
245597
245597
166
166
409329
491193
491193
204664
204664
83
83
204664
204664
245597
245597
204664
204664
204664
409329
409329
409329
204664
204664
204664
204664
409329
204664
204664
245597
83
166
409329
245597
204664
2455976
2455976
996
2455976
2455976
2455976
2455976
996
996
996
2455976
2455976
2455976
2455976
2455976
2455976
2455976
2455976
996
2947164
2947164
2947164
996
996
2947164
2947164
2947164
2947164
14735835
2947164
2455976
2455976
2455976
996
996
996
2455976
2455976
2947164
996
2947164
4911951
1993
1993
4911951
4911951
4911951
4911951
4911951
4911951
5894327
5894327
1993
1993
1993
29471659
748109
311712
20884706
50123290
20884706
20884706
311712
50123290
20884706
748109
311712
311712
311712
748109
311712
20884706
50123290
20884706
50123290
311712
311712
311712
748109
311712
311712
311712
311712
311712
311712
311712
311712
311712
311712
311712
311712
311712
311712
311712
311712
311712
311712
311712
311712
311712
311712
311712
311712
20884706
20884706
311712
311712
311712
311712
311712
311712
311712
20884706
311712
311712
311712
311712
311712
311712
311712
311712
20884706
311712
311712
20884706
311712
311712
20884706
311712
3740550
3740550
3740550
3740550
3740550
3740550
3740550
3740550
3740550
3740550
3740550
3740550
3740550
3740550
3740550
3740550
3740550
250616479
100247
16119829
1679150
100247
25061
25061
25061
6716596
4029960
4029960
100247
100247
60148
25061
25061
100247
25061
100247
25061
100247
25061
25061
25061
25061
25061
1679150
1679150
1679150
1679150
25061
100247
25061
100247
100247
100247
100247
1679150
1679150
1679150
6716596
6716596
100247
25061
25061
25061
100247
1679150
1679150
6716596
100247
100247
25061
1679150
6716596
1679150
1679150
300743
1202974
300743
300743
300743
300743
1202974
300743
300743
1202974
300743
300743
300743
300743
300743
1202974
1202974
1202974
1202974
20149803
20149803
20149803
20149803
80599153
2
33988896
3540512
211374
0
95
211374
0
0
2
0
2
52843
0
3540512
159
2
0
52843
211374
2
211374
39
39
3540512
39
39
159
159
39
3540512
159
159
159
2
3540512
159
634122
7
7
7
2536488
7
7
634122
28
28
478
42486155
478
478
42486155
1915
1915
0
6675409
695355
49816
0
0
41513
0
0
0
0
0
10378
0
282
834424
31
0
0
10378
49816
0
41513
0
7
834424
7
7
31
37
47
695355
0
31
31
0
695355
31
124541
0
1
0
597797
1
1
50
5
6
94
8344268
112
0
8344268
451
451
23626
3165929
329784
23626
4922
5906
5906
1319137
321
321
7
19688
14175
29532
5906
23626
1
23626
4922
7
7
4922
4922
5906
4922
1
329784
133
395740
329784
329784
329784
395740
1582961
1319137
4922
19688
4922
1
23626
19688
19688
19688
133
329784
395740
133
329784
395740
329784
329784
329784
329784
1319137
1319137
1582961
23626
4922
29532
1
23626
1978704
329784
1319137
535
1319137
1582961
19688
7
7
4922
329784
1319137
329784
329784
59065
95
23626
23
59065
23
283515
95
59065
23
70879
236263
59065
23
70879
23
59065
236263
95
236263
283515
3957415
3957415
3957415
3957415
3957415
3957415
1605
4748887
18995536
15829650
15829650
6423
18995536
18995536
3
248
52842846
22017855
22017855
328625
595
22017855
3
788700
595
22017855
328625
328625
3
3
3
3
328625
3
3
3
328625
328625
3
248
3
3
328625
3
328625
3
3
328625
328625
3
3
328625
248
248
248
248
248
248
248
248
248
248
22017855
22017855
328625
248
248
248
248
248
22017855
3
328625
3
248
22017855
248
3
3
44
3943502
44
44
44
44
44
44
3943502
44
44
44
44
44
3943502
3943502
3943502
3943502
44
44
44
2978
2978
2978
2978
2978
2978
2978
2978
2978
264214263
0
58
10378320
4324300
4324300
77450
140
5189148
0
929401
0
5189148
64541
77450
4
4
0
0
64541
0
0
0
64541
77450
0
48
1754
1754
5189148
0
0
64541
64541
0
77450
0
0
64541
26
64541
0
0
64541
48
0
48
48
292
48
58
48
48
48
4324300
4324300
1754
4324300
5189148
25945762
77450
292
0
48
48
48
4324300
0
26
0
48
4324300
4324300
48
0
0
8
774502
8
0
8
8
0
0
929401
52
0
10
8
8
774502
4647009
314
929401
8
8
10
0
701
701
584
584
701
0
584
584
51891606
51891606
51891606
51891606
21057
73464
36732
2461044
4922099
2050875
2050875
36732
5906505
2461044
73464
30610
36732
36732
440785
12
2050875
1997
2461044
1997
12
30610
36732
88156
183660
36732
36732
30610
12
30610
12
36732
30610
36732
12
30610
12
30610
183660
30610
36732
30610
36732
12244
30610
12
2461044
2050875
832
832
2050875
2050875
2050875
2050875
2050875
2461044
832
2461044
30610
30610
30610
30610
12
30610
30610
30610
36732
30610
36732
30610
30610
30610
30610
12
12
30610
36732
36732
36732
30610
36732
30610
30610
2050875
2050875
2050875
2050875
2050875
2050875
832
832
832
2050875
2050875
2050875
2050875
2050875
2050875
2050875
2050875
26578
2461044
2461044
832
2461044
2461044
2461044
12305231
12305231
36732
36732
30610
36732
183660
12
30610
36732
2050875
2050875
2050875
832
2050875
2050875
2050875
2461044
12305231
30610
30610
12
12
12
30610
30610
36732
30610
30610
2050875
2050875
2050875
2050875
30610
30610
2050875
30610
36732
2050875
2050875
36732
367321
367321
149
146929
367321
149
149
367321
367321
149
149
367321
440784
149
367321
149
367321
367321
367321
149
440784
2203925
367321
367321
367321
149
2203925
367321
149
440784
149
440784
149
149
367321
367321
440784
367321
149
440784
440784
367321
440784
29532533
24610502
24610502
24610502
24610502
24610502
9987
24610502
24610502
24610502
24610502
24610502
24610502
24610502
24610502
24610502
24610502
9987
9987
9987
9987
29532533
29532533
29532533
517396
1241751
2069584
4967002
2069584
2069584
517396
2069584
517396
2069584
1241751
517396
517396
517396
1241751
517396
517396
517396
517396
517396
2069584
1241751
1241751
517396
2069584
4967002
2069584
2069584
1241751
517396
517396
517396
517396
517396
517396
517396
2069584
2069584
517396
517396
517396
517396
2069584
517396
2069584
2069584
2069584
517396
517396
6208758
6208758
6208758
6208758
24835014
581090
15
26
5578459
26
26
6
26
581090
2324358
15
581090
6
15
6
6
581090
6
15
6
2324358
62
2324358
6
6
6
6
581090
6
6
6
581090
6
26
26
26
26
26
26
26
6
6
6
6
6
581090
6
6
6
6
6
581090
26
26
26
26
26
2324358
6
6
6
6
581090
581090
26
26
26
26
2324358
6
581090
26
26
2324358
26
26
78
78
78
78
78
78
78
78
78
78
78
78
6973080
78
78
78
78
78
78
78
6973080
314
314
314
314
314
314
314
314
314
314
27892301
49
3
6
1167154
6
0
1
6
121578
583576
3
145894
1
3
1
1
49
0
0
0
583576
0
486314
1
1
1
1
121578
1
0
8
121578
49
121578
145894
1
5
5
6
0
0
5
5
0
1
1
1
0
121578
145894
1
1
1
0
1
121578
121578
6
5
6
5
5
486314
583576
8
1
1
1
121578
121578
121578
0
5
5
5
583576
1
121578
0
5
486314
0
5
16
16
0
16
16
16
0
16
16
16
16
0
1458944
0
16
16
19
0
19
0
1458944
1458944
592
592
1458944
65
78
78
0
65
65
65
65
78
78
5835774
7002913
21
129902
259805
519611
259805
87
54126
259805
54126
259805
129902
64951
64951
54126
129902
64951
64951
64951
21
21
216504
52
52
21
259805
210
87
216504
155883
54126
54126
54126
54126
64951
64951
54126
21
21
54126
54126
54126
64951
21
64951
324756
54126
54126
21
54126
54126
64951
259805
216504
87
216504
87
87
259805
259805
21
54126
64951
21
54126
54126
54126
21
54126
64951
64951
54126
54126
54126
54126
54126
21
54126
54126
54126
216504
216504
216504
216504
216504
259805
259805
259805
21
54126
54126
54126
64951
324756
54126
54126
324756
216504
87
216504
216504
259805
259805
259805
259805
54126
54126
54126
216504
216504
87
216504
87
87
216504
54126
54126
649514
649514
649514
649514
649514
263
8417
259806
649514
263
263
649514
649514
649514
649514
649514
649514
779415
649514
649514
649514
649514
263
263
263
263
263
649514
649514
649514
263
779415
779415
3117660
1054
2598056
2598056
2598056
2598056
1054
2598056
2598056
2598056
2598056
2598056
2598056
1054
3117660
3117660
1054
1054
3117660
3117660
3117660
6784360
16282464
183
76
76
76
76
76
16282464
6784360
76
76
6784360
76
183
76
76
6784360
6784360
183
6784360
76
183
6784360
76
183
76
183
76
16282464
76
16282464
183
6784360
6784360
6784360
76
76
183
183
16282464
6784360
183
16282464
6784360
76
183
183
6784360
76
183
76
16282464
6784360
6784360
6784360
76
76
76
76
76
76
76
76
76
76
76
76
76
76
76
76
76
76
76
76
76
76
76
76
76
76
76
76
76
76
76
76
76
76
76
76
76
76
76
76
76
76
76
76
76
76
76
76
76
76
76
76
76
76
76
76
76
76
76
76
76
76
76
76
76
76
76
6784360
6784360
76
76
76
76
76
76
76
76
76
76
76
76
76
6784360
76
76
76
76
76
76
76
6784360
76
76
76
6784360
76
76
76
6784360
76
917
917
917
917
917
917
917
917
917
917
917
917
917
917
917
917
917
917
917
917
917
917
917
917
917
917
917
917
917
917
917
917
917
917
917
917
917
917
917
917
917
917
917
917
917
917
917
917
917
917
917
917
917
917
917
917
917
917
917
917
917
917
81412330
288
1703351
19
0
8
9
8
9
1703351
709729
9
9
288
0
115
8
9
709729
851673
19
851673
9
23
851673
9
23
0
19
9
10220093
9
1703351
19
851673
288
709729
0
8
23
0
1703351
851673
19
1703351
709729
0
19
0
851673
0
0
0
2044017
709729
709729
851673
8
8
8
8
9
9
8
48
9
0
8
8
9
9
9
0
0
0
48
8
0
48
8
9
8
0
8
8
8
851673
709729
288
288
288
288
288
709729
709729
709729
709729
709729
709729
851673
851673
288
851673
851673
851673
8
8
8
9
0
8
8
8
9
8
48
8
8
8
9
8
8
0
9
8
9
8
8
8
8
8
48
0
8
8
8
8
8
9
0
0
9
8
709729
709729
709729
709729
709729
709729
709729
288
709729
709729
709729
709729
288
851673
851673
851673
4258372
48
0
8
8
48
8
8
8
9
9
8
8
9
709729
288
709729
851673
851673
851673
851673
9
0
8
0
8
8
8
288
288
709729
709729
709729
288
8
9
0
851673
8
0
8
709729
9
96
96
115
0
0
96
96
96
96
96
96
0
96
96
576
0
96
115
115
96
115
115
96
0
96
96
0
96
576
96
96
96
96
0
115
96
96
96
96
96
0
96
96
96
0
96
115
115
1
96
115
0
115
96
0
115
96
96
0
96
96
0
3456
8516758
8516758
8516758
3456
3456
3456
8516758
8516758
8516758
8516758
8516758
8516758
8516758
8516758
10220086
10220086
3456
51100472
631936
631936
256
1516646
631936
1516646
256
631936
758321
1516646
758321
631936
631936
758321
1516646
1819971
631936
758321
256
758321
256
9099864
631936
758321
631936
758321
1516646
758321
758321
1819971
758321
758321
1516646
1819971
631936
256
1516646
758321
758321
9099864
758321
1516646
256
1516646
758321
758321
256
631936
256
631936
256
631936
1819971
631936
1516646
1516646
615
758321
1516646
631936
1516646
631936
256
631936
615
256
256
1516646
615
758321
256
631936
615
256
1819971
631936
256
631936
758321
1819971
631936
758321
631936
758321
758321
631936
252775
252775
631936
631936
631936
631936
631936
631936
631936
631936
256
256
256
256
256
256
256
256
256
256
256
256
256
631936
631936
631936
631936
631936
631936
631936
631936
631936
631936
631936
631936
631936
631936
631936
631936
631936
631936
631936
631936
631936
631936
631936
631936
256
631936
631936
256
631936
758321
758321
758321
758321
758321
758321
256
256
256
256
256
256
758321
758321
758321
758321
758321
758321
758321
758321
758321
758321
758321
631936
631936
631936
631936
631936
631936
631936
631936
631936
631936
631936
631936
631936
631936
631936
631936
631936
631936
631936
631936
631936
256
256
256
256
256
256
631936
631936
631936
631936
631936
631936
631936
631936
631936
631936
631936
631936
631936
631936
631936
631936
631936
631936
631936
631936
631936
631936
631936
631936
8189
631936
631936
631936
631936
631936
758321
758321
758321
758321
758321
758321
758321
256
256
256
256
256
758321
758321
758321
758321
758321
758321
758321
758321
758321
758321
758321
3791610
631936
3791610
758321
631936
631936
631936
631936
631936
256
256
256
256
631936
631936
631936
631936
631936
631936
256
256
631936
758321
758321
758321
758321
758321
758321
758321
758321
758321
758321
758321
758321
758321
3791610
631936
256
631936
758321
256
631936
631936
631936
631936
256
256
631936
631936
631936
631936
631936
631936
256
631936
256
631936
631936
631936
256
256
758321
758321
758321
758321
256
256
631936
631936
631936
631936
631936
631936
758321
758321
631936
256
631936
631936
631936
256
631936
758321
256
758321
631936
631936
631936
631936
631936
631936
758321
3077
9099858
7583233
9099858
9099858
9099858
3077
9099858
7583233
7583233
7583233
3077
3033304
3077
7583233
7583233
7583233
7583233
7583233
7583233
7583233
7583233
7583233
7583233
7583233
7583233
7583233
7583233
7583233
7583233
7583233
7583233
7583233
7583233
3077
3077
3077
3077
3077
3077
3077
3077
3077
3077
3077
3077
3077
3077
3077
3077
3077
3077
7583233
7583233
7583233
7583233
7583233
7583233
7583233
7583233
7583233
7583233
7583233
7583233
7583233
7583233
7583233
7583233
7583233
7583233
7583233
7583233
7583233
7583233
7583233
7583233
7583233
3077
7583233
7583233
3077
7583233
7583233
7583233
7583233
3077
3077
7583233
7583233
7583233
7583233
7583233
7583233
7583233
7583233
9099858
9099858
9099858
9099858
9099858
9099858
9099858
9099858
9099858
3077
3077
3077
3077
3077
3077
3077
3077
3077
3077
3077
9099858
9099858
9099858
9099858
9099858
9099858
9099858
9099858
9099858
9099858
9099858
98275
45499327
134635
134635
134635
134635
134635
134635
134635
134635
134635
134635
134635
134635
134635
134635
134635
134635
134635
134635
134635
134635
134635
134635
134635
134635
134635
134635
134635
9020593
134635
134635
134635
134635
134635
134635
134635
134635
134635
134635
134635
134635
134635
134635
134635
134635
134635
9020593
269271
269271
269271
269271
269271
269271
269271
269271
269271
269271
269271
269271
269271
269271
269271
269271
269271
269271
269271
269271
18041179
10824
10824
43299
10824
10824
10824
10824
10824
10824
10824
43299
10824
10824
10824
43299
10824
10824
10824
10824
10824
10824
43299
43299
10824
10824
10824
10824
10824
725264
725264
725264
2901054
10824
43299
10824
10824
10824
43299
725264
725264
725264
2901054
86598
21649
86598
21649
21649
86598
21649
21649
86598
21649
21649
86598
86598
86598
86598
86598
21649
21649
21649
1450527
1450527
1450527
5802107
0
22824
22824
22824
22824
22824
0
22824
22824
1
0
0
1
1
91297
22824
22824
0
0
0
0
0
1
0
17
17
17
17
1529230
68
6116917
1529230
0
45648
2
2
45648
182594
0
45648
2
182594
45648
34
34
34
34
137
137
137
12233829
0
4482
4482
4482
1
4482
0
5379
4482
0
0
0
0
1
107584
4482
5379
0
0
0
0
0
0
0
4
3
0
4
300340
121
121
300340
13
487
1441629
360407
0
8965
0
0
8965
35861
0
10758
0
35861
8965
8
8
8
8
32
27
27
2402720
2125
0
2125
2125
3401
2125
2551
2125
2125
0
2125
2551
2551
0
0
2125
3
10204
0
0
0
2125
2551
0
3
51023
2125
2125
2551
2125
2125
2551
12755
2125
2551
12755
10204
8503
2551
2551
2125
2125
2551
2125
142441
142441
142441
142441
57
142441
142441
170929
142441
57
57
142441
170929
231
231
569766
683718
2551
8503
2125
2125
2125
8503
142441
57
170929
57
170929
231
17007
6
4251
25511
17007
20409
4251
1
17007
1
55
17007
5102
4251
17007
17007
6
6
17007
20409
1
4251
4251
284883
3691
341859
341859
115
341859
341859
341859
341859
1139532
1139532
1139532
1367435
1
141940
1
1
141940
1
1
141940
1
1
1
1
1
1
1
1
1
1
1
1
141940
1
1
1
1
1
1
1
141940
1
1
141940
1
1
141940
141940
1
141940
1
141940
1
1
1
1
1
1
1
141940
1
1
107
107
107
107
107
107
107
107
107
107
107
107
107
107
107
107
107
107
9510026
1
1
1
1
141940
1
141940
141940
107
107
107
107
9510026
3
283881
3
3
283881
283881
3
3
3
3
3
3
3
3
3
283881
283881
3
3
283881
3
283881
3
283881
283881
283881
214
214
214
214
214
214
214
214
214
214
214
214
214
214
19020046
27877
0
27877
0
0
27877
0
0
11
27877
11
0
0
0
0
0
0
0
0
0
0
1
0
27877
27877
27877
33452
0
1
1
0
0
0
0
27877
27877
33452
167262
0
0
27877
27877
11
27877
33452
33452
167262
0
0
167262
0
27877
33452
0
0
0
0
1
0
0
0
27877
0
0
21
0
21
21
25
25
0
21
21
25
0
21
25
21
21
25
21
0
1867766
1867766
1867766
757
757
757
757
757
1867766
1867766
1867766
2241314
2241314
11206581
1
0
0
0
33452
0
33452
27877
33452
21
21
21
21
757
2241314
3
55754
0
0
55754
55754
55754
0
0
0
3
0
0
0
0
0
22
66904
55754
55754
66904
0
0
55754
0
22
0
55754
55754
55754
42
50
50
50
42
252
42
50
42
0
42
42
50
50
3735531
1515
1515
3735531
3735531
3735531
4482627
1515
13221
13221
5
13221
5288
13221
5
13221
13221
13221
15865
13221
5
13221
13221
13221
13221
13221
13221
15865
5
5
13221
13221
5
5
5
5
5
5
13221
13221
13221
13221
13221
13221
13221
15865
15865
15865
5
15865
15865
79327
13221
13221
5
5
5
5
5
5
5
13221
13221
13221
13221
13221
15865
5
15865
15865
15865
79327
5
13221
13221
13221
13221
13221
5
5
13221
13221
13221
13221
15865
5
5
15865
15865
79327
13221
15865
15865
79327
13221
13221
15865
13221
13221
13221
5
13221
13221
13221
15865
5
15865
15865
15865
15865
15865
13221
13221
79327
15865
15865
13221
13221
13221
13221
13221
13221
15865
15865
15865
15865
5
13221
13221
13221
15865
885820
885820
885820
885820
885820
885820
885820
885820
885820
885820
885820
359
359
359
359
359
359
359
359
359
359
359
359
885820
885820
885820
885820
885820
885820
885820
885820
885820
885820
885820
885820
885820
885820
885820
885820
885820
885820
885820
11479
885820
1062982
1062982
359
359
359
1062982
1062982
1062982
1062982
1062982
1062982
5314917
13221
15865
15865
5
13221
15865
13221
13221
13221
13221
13221
15865
13221
13221
5
13221
79327
13221
13221
13221
15865
13221
5
13221
13221
13221
15865
13221
885820
885820
359
359
885820
885820
885820
885820
885820
359
359
885820
1062982
359
1062982
1062982
26442
26442
10
26442
10
158654
26442
26442
26442
31730
26442
26442
10
26442
342
31730
10
10
26442
26442
26442
26442
26442
26442
26442
26442
31730
10
10
10
31730
31730
158654
26442
26442
26442
31730
26442
26442
10
10
31730
26442
26442
26442
10
26442
26442
26442
10
26442
31730
31730
10
10
10
26442
26442
342
31730
26442
10577
26442
1771641
1771641
1771641
1771641
718
718
718
718
1771641
1771641
1771641
1771641
1771641
1771641
1771641
1771641
1771641
1771641
22959
2125964
2125964
2125964
718
2125964
2125964
2125964
2125964
2125964
2125964
10629830
448853
448853
448853
448853
1795413
448853
448853
448853
1795413
897706
897706
897706
3590825
11
11
11
1012509
11
11
11
11
11
1012509
11
11
11
11
11
11
1012509
45
45
45
45
45
4050036
1012509
22
2025019
22
22
22
22
2025019
22
2025019
91
91
91
91
91
91
8100070
0
0
0
57640
57640
57640
0
0
0
0
0
57640
69168
69168
0
0
0
3
0
0
57640
23
23
23
57640
57640
57640
0
2
2
15
3
93
276674
1383375
69168
0
138337
1
7
1
1
115281
115281
1
115281
6
6
5
5
5
5
461125
461125
461125
24876
24876
24876
24876
24876
24876
10
10
10
10
10
24876
24876
24876
24876
24876
24876
24876
24876
24876
29851
10
29851
29851
149259
29851
29851
24876
24876
24876
10
10
24876
24876
24876
24876
24876
24876
24876
24876
29851
29851
29851
29851
29851
29851
29851
29851
24876
24876
24876
24876
10
10
10
10
10
10
24876
24876
24876
24876
24876
24876
10
24876
29851
29851
29851
149259
39802
40
40
40
40
40
99506
99506
99506
99506
99506
99506
99506
99506
119407
119407
119407
597037
24876
24876
24876
24876
24876
24876
10
29851
29851
10
24876
24876
29851
24876
24876
24876
24876
24876
29851
99506
99506
99506
99506
99506
40
99506
119407
49753
49753
644
20
20
59703
59703
59703
59703
20
20
49753
49753
644
59703
59703
59703
298518
49753
49753
20
59703
20
238814
199012
199012
199012
199012
80
80
80
80
199012
199012
199012
199012
199012
199012
199012
199012
238814
238814
238814
66
66
66
66
66
66
66
66
66
66
66
66
66
66
66
66
66
66
66
66
66
66
66
66
66
66
66
66
66
66
66
66
66
66
66
66
66
66
66
66
66
66
66
66
66
66
66
66
66
66
66
66
66
66
66
66
66
66
66
66
66
66
66
66
66
66
66
66
66
66
66
66
66
66
66
66
66
66
66
66
66
66
66
66
66
66
66
66
66
66
66
66
66
66
66
66
66
66
66
66
66
66
66
66
66
66
66
5885593
66
66
66
66
66
66
66
66
66
66
66
66
66
66
66
66
66
66
66
66
66
66
5885593
132
132
132
132
132
132
132
132
132
132
132
132
132
132
132
132
132
132
132
132
132
132
132
132
132
132
132
132
132
132
132
132
132
132
132
132
132
132
132
132
132
132
132
132
132
132
132
132
132
11771181
3
3
3
3
4
0
3
3
3
0
3
3
3
3
3
4
4
0
0
3
22
3
3
4
3
3
3
22
0
3
4
22
0
0
4
4
4
3
22
4
3
3
0
3
0
4
3
4
4
3
0
3
3
3
4
3
3
0
3
0
4
3
3
3
22
0
4
0
0
4
3
0
4
4
4
3
0
3
0
0
3
3
4
0
3
3
3
3
4
22
3
4
4
22
0
3
3
3
3
3
3
0
4
4
3
0
4
132
326194
326194
326194
326194
326194
326194
326194
326194
326194
132
132
132
132
132
132
132
132
132
132
132
132
132
132
326194
326194
326194
326194
326194
326194
326194
326194
326194
391432
391432
391432
132
132
132
391432
391432
391432
391432
391432
1957164
3
3
3
3
3
4
0
22
3
3
3
3
3
3
3
4
3
4
3
3
3
3
391432
130478
326194
132
132
132
326194
326194
391432
391432
391432
391432
391432
391432
8
7
8
8
7
44
7
7
8
44
8
7
7
0
8
7
7
44
0
8
7
7
0
7
7
8
7
8
0
7
7
7
0
8
7
0
7
0
7
8
7
0
0
44
7
7
8
8
0
652388
652388
652388
652388
264
264
264
264
264
652388
652388
652388
652388
652388
652388
652388
652388
652388
652388
782864
782864
264
264
782864
782864
782864
782864
114
281558
281558
337869
337869
114
112623
112623
281558
281558
281558
281558
281558
281558
281558
281558
281558
281558
281558
281558
281558
281558
281558
281558
281558
281558
281558
281558
281558
281558
281558
281558
281558
281558
281558
281558
281558
281558
281558
281558
281558
281558
281558
281558
281558
281558
281558
281558
281558
114
114
114
114
114
114
114
114
114
114
114
114
114
114
114
114
114
114
114
114
114
114
114
114
114
114
114
114
114
114
114
114
114
114
114
114
114
114
114
114
114
114
114
114
114
114
114
114
114
114
114
114
281558
281558
281558
281558
281558
281558
281558
281558
281558
281558
281558
281558
281558
281558
281558
281558
281558
281558
281558
281558
281558
281558
281558
281558
281558
281558
281558
281558
281558
281558
281558
281558
281558
281558
281558
281558
281558
281558
281558
281558
281558
281558
281558
281558
281558
281558
281558
281558
281558
281558
281558
281558
281558
281558
281558
281558
281558
281558
281558
281558
281558
281558
281558
281558
281558
281558
281558
281558
281558
281558
281558
281558
281558
281558
3648
281558
281558
281558
114
281558
281558
114
281558
281558
281558
281558
281558
281558
281558
114
114
281558
281558
281558
337869
337869
337869
337869
337869
337869
337869
337869
337869
337869
337869
337869
337869
337869
337869
337869
337869
337869
337869
337869
114
114
114
114
114
114
114
114
114
114
114
114
114
114
337869
337869
337869
337869
337869
337869
337869
337869
337869
337869
337869
337869
337869
337869
337869
337869
337869
337869
337869
337869
337869
337869
337869
337869
337869
337869
337869
337869
337869
337869
337869
337869
337869
337869
337869
1689347
337869
281558
337869
281558
337869
281558
337869
112623
281558
281558
281558
281558
281558
281558
281558
281558
281558
281558
281558
281558
281558
281558
114
114
114
114
114
114
114
114
114
281558
281558
281558
281558
281558
281558
281558
281558
281558
281558
281558
281558
281558
281558
281558
281558
281558
281558
281558
281558
281558
281558
281558
281558
114
281558
281558
281558
281558
281558
281558
281558
281558
281558
114
114
281558
281558
281558
337869
337869
337869
337869
337869
337869
114
114
114
337869
337869
337869
337869
337869
337869
337869
337869
337869
337869
337869
1689347
228
675738
563116
563116
563116
563116
563116
563116
563116
563116
563116
225247
563116
563116
563116
563116
563116
563116
563116
563116
563116
563116
563116
563116
563116
228
228
228
228
228
228
228
228
228
228
228
228
228
228
228
228
228
228
563116
563116
563116
563116
563116
563116
563116
563116
563116
563116
563116
563116
563116
563116
563116
563116
563116
563116
563116
563116
563116
563116
563116
563116
563116
563116
563116
563116
563116
563116
563116
563116
7297
7297
563116
563116
228
563116
563116
563116
563116
563116
563116
563116
675738
675738
675738
7297
675738
675738
675738
675738
675738
675738
675738
675738
675738
675738
228
228
228
228
228
228
228
228
228
228
228
228
228
675738
675738
675738
675738
675738
675738
675738
675738
675738
675738
675738
675738
675738
3378693
35606
35606
35606
142424
142424
35606
35606
35606
35606
142424
35606
35606
35606
142424
35606
35606
35606
35606
35606
142424
35606
35606
35606
35606
142424
35606
35606
35606
142424
35606
35606
35606
35606
142424
35606
35606
142424
142424
35606
35606
35606
35606
142424
35606
142424
35606
35606
35606
142424
142424
35606
35606
35606
35606
35606
35606
35606
35606
35606
35606
35606
142424
142424
142424
142424
35606
35606
35606
142424
35606
35606
2385611
2385611
2385611
2385611
9542440
0
37538
1
0
0
37538
0
37538
0
0
0
37538
0
1
1
1
1
0
37538
0
37538
0
37538
150152
0
0
37538
0
0
37538
0
0
0
37538
1
1
1
150152
0
37538
0
0
0
0
0
0
0
0
1
1
1
1
1
1
1
150152
0
37538
0
37538
0
1
0
0
150152
37538
37538
37538
0
1
150152
150152
0
0
0
0
0
1
1
1
1
150152
150152
0
0
37538
0
37538
1
1
150152
0
0
0
28
28
28
28
28
28
2515048
28
28
28
28
28
28
28
28
28
28
28
2515048
2515048
28
28
28
28
28
28
28
28
28
2515048
113
113
113
113
113
113
113
113
113
113
113
113
113
113
113
113
10060188
0
29489
7372
0
0
0
7372
0
7372
0
0
0
7372
0
0
0
0
0
0
7372
0
7372
7372
0
2
7372
29489
35387
0
0
7372
0
0
8846
0
0
0
7372
0
0
0
35387
0
8846
0
0
0
0
0
0
0
0
0
0
1
0
0
0
0
176938
0
7372
0
8846
0
0
0
0
2
2
7372
0
0
29489
29489
0
0
0
0
0
0
0
0
35387
0
29489
0
0
7372
0
7372
44234
0
29489
0
0
0
0
0
0
0
0
5
5
200
493954
592744
5
33
6
5
5
6
6
6
5
6
0
493954
200
493954
592744
592744
493954
6
5
5
6
5
0
0
6
5
493954
493954
200
200
493954
493954
493954
493954
0
22
22
22
26
22
22
26
26
22
26
0
26
22
22
22
801
801
1975818
1975818
1975818
2370976
3496
3496
13986
13986
3496
13986
5
4195
20979
3496
1
3496
20979
5
13986
4195
1398
3496
1
1
1
3496
3496
5594
13986
13986
13986
16783
16783
3496
4195
3496
3496
3496
3496
1
1
3496
1
13986
16783
3496
3496
1
1
45
4195
1
4195
1
3496
3496
1
1
3496
5
5
13986
16783
16783
5
5
16783
16783
1
1
4195
1
1
4195
3496
3496
3496
3496
1
4195
1
1
1
3496
3496
4195
13986
13986
13986
5
13986
5
16783
5
16783
16783
83916
3496
3496
3496
3496
4195
3496
3496
3496
5
5
4195
3496
4195
5
5
1
1
3496
3496
4195
13986
13986
4195
20979
13986
3496
1
4195
20979
3496
1
3496
3496
3496
4195
20979
13986
13986
16783
16783
16783
16783
13986
13986
4195
4195
4195
1
3496
3496
1
4195
3496
3496
3496
3496
4195
3496
3496
20979
13986
5
13986
13986
13986
16783
16783
3496
3496
1
13986
3496
1
234266
234266
95
95
234266
234266
234266
234266
234266
234266
234266
95
3036
234266
234266
281119
95
95
95
95
281119
281119
281119
234266
234266
95
95
95
95
234266
234266
234266
234266
234266
234266
234266
234266
281119
281119
281119
281119
281119
281119
281119
1405598
234266
234266
234266
234266
234266
234266
234266
234266
234266
234266
234266
95
95
95
95
234266
234266
234266
234266
234266
234266
281119
95
281119
281119
281119
281119
1124476
1124476
937066
937066
937066
380
380
380
380
937066
937066
937066
937066
937066
937066
937066
937066
937066
937066
937066
937066
380
1124476
1124476
380
380
1124476
1124476
1124476
1124476
1124476
5
5
5
5
5
466886
5
5
5
5
5
466886
5
5
5
5
5
5
5
5
5
5
5
5
466886
5
466886
5
5
5
5
5
5
5
5
5
466886
5
5
5
5
5
5
5
5
5
5
5
5
5
5
5
5
5
5
5
5
5
5
5
5
5
5
466886
5
5
5
5
5
5
5
5
5
5
5
5
5
5
5
5
5
5
5
5
5
5
5
5
5
5
5
5
466886
5
5
5
5
5
5
5
5
5
466886
5
5
5
5
5
5
5
5
466886
466886
5
5
466886
5
5
5
5
466886
5
5
466886
5
466886
466886
5
5
5
5
5
5
5
5
5
5
5
5
5
466886
466886
5
5
466886
5
5
5
5
5
466886
5
466886
5
466886
5
466886
466886
5
5
5
466886
5
466886
352
352
352
352
352
352
352
352
352
352
352
352
352
352
352
352
352
352
352
352
352
352
352
352
352
352
352
352
352
352
352
352
352
352
352
352
352
352
352
352
352
352
352
352
352
352
352
352
352
352
352
352
352
352
352
352
352
352
352
352
352
352
352
352
352
352
352
352
352
352
352
352
352
352
352
352
31281333
3
0
45848
45848
0
0
0
45848
3
0
3
0
0
55017
45848
45848
0
0
0
0
0
0
0
0
0
0
0
0
45848
45848
45848
55017
0
45848
0
0
0
0
0
0
0
0
0
18
45848
45848
45848
18
55017
0
0
0
0
0
0
0
0
0
0
0
0
0
0
0
0
0
0
0
0
0
0
3
0
0
0
45848
45848
45848
55017
55017
55017
0
0
0
0
0
0
3
0
3
3
0
0
0
0
0
0
0
0
0
0
0
0
0
0
0
0
0
0
45848
45848
55017
18
55017
275088
0
0
0
0
0
0
0
0
0
45848
45848
18
45848
45848
45848
45848
55017
55017
55017
275088
0
0
0
0
0
0
0
0
275088
0
0
18
18
0
0
0
0
45848
45848
45848
0
0
45848
45848
55017
0
45848
55017
0
0
0
0
0
0
0
0
0
3
0
0
45848
18
55017
0
45848
0
0
18
0
0
0
0
0
45848
45848
45848
45848
55017
45848
0
275088
0
45848
55017
0
45848
0
0
0
18
45848
0
45848
34
34
34
207
0
0
0
41
34
34
0
34
34
34
34
41
34
34
34
0
34
41
0
41
34
41
34
207
0
34
41
34
0
41
0
41
41
34
34
41
34
34
34
34
34
34
41
0
34
41
34
0
41
34
34
0
0
41
0
34
34
34
41
34
41
34
34
34
41
41
41
34
34
0
34
34
3071822
3071822
3071822
3071822
3071822
3071822
1246
1246
1246
1246
1246
1246
1246
1246
1246
1246
1246
1246
3071822
3071822
3071822
3071822
3071822
3071822
3071822
3071822
3071822
3071822
3071822
3071822
3071822
3686178
3686178
3686178
1246
3686178
3686178
3686178
18430905
43488
43488
43488
43488
43488
43488
43488
43488
43488
43488
17
52186
260931
52186
43488
17
17
43488
43488
43488
17
52186
52186
260931
43488
17395
17395
43488
43488
43488
17
17
17
17
17
43488
43488
43488
43488
43488
52186
52186
52186
52186
52186
43488
17
43488
43488
43488
52186
43488
17
17
17
43488
43488
43488
43488
43488
43488
43488
43488
43488
52186
17
17
17
52186
43488
43488
43488
43488
43488
43488
17
17
17
17
17
17
17
17
43488
43488
43488
43488
43488
43488
43488
43488
43488
43488
43488
43488
17
43488
52186
52186
563
52186
52186
52186
52186
17
17
17
17
17
17
52186
52186
52186
52186
260931
43488
43488
17
43488
43488
43488
43488
43488
43488
43488
43488
43488
43488
17
17
17
17
17
17
17
17
17
43488
43488
43488
43488
43488
43488
43488
43488
43488
43488
43488
17
43488
52186
52186
52186
52186
17
17
17
17
17
17
17
52186
52186
52186
52186
52186
52186
52186
52186
260931
17
43488
43488
43488
43488
43488
43488
43488
17
17
17
17
43488
43488
43488
43488
43488
43488
43488
43488
43488
52186
17
17
17
52186
52186
52186
260931
43488
43488
43488
17
17
43488
52186
52186
52186
52186
52186
52186
52186
260931
260931
43488
17
17
17
43488
43488
43488
17
43488
43488
43488
43488
43488
43488
52186
52186
43488
43488
43488
43488
43488
17
17
52186
43488
43488
52186
260931
43488
43488
43488
43488
43488
43488
43488
43488
17
17
17
17
43488
43488
43488
43488
43488
43488
52186
52186
52186
17
17
17
17
52186
52186
52186
52186
52186
52186
52186
17
43488
43488
43488
260931
52186
17
43488
52186
52186
43488
43488
17
52186
43488
17
43488
43488
43488
43488
43488
17
43488
43488
43488
43488
43488
563
17
52186
52186
17
52186
52186
52186
43488
52186
43488
43488
260931
43488
43488
52186
52186
17
52186
43488
43488
17395
43488
43488
43488
43488
17
52186
17
43488
17
43488
3496469
3496469
2913731
2913731
2913731
2913731
2913731
2913731
2913731
2913731
2913731
2913731
2913731
2913731
2913731
2913731
2913731
2913731
2913731
2913731
2913731
2913731
2913731
2913731
2913731
2913731
2913731
2913731
2913731
2913731
2913731
2913731
2913731
1182
1182
1182
1182
1182
1182
1182
1182
1182
1182
1182
1182
1182
1182
1182
1182
1182
1182
1182
1182
1182
1182
1182
1182
1182
1182
2913731
2913731
2913731
2913731
2913731
2913731
2913731
2913731
2913731
2913731
2913731
2913731
2913731
2913731
2913731
2913731
2913731
2913731
2913731
2913731
2913731
2913731
2913731
2913731
2913731
2913731
2913731
2913731
2913731
2913731
2913731
2913731
2913731
2913731
2913731
2913731
2913731
2913731
2913731
2913731
2913731
2913731
2913731
2913731
2913731
2913731
2913731
2913731
2913731
2913731
2913731
2913731
2913731
2913731
1182
1182
37760
2913731
37760
2913731
2913731
2913731
1182
2913731
2913731
1182
2913731
3496469
3496469
3496469
3496469
3496469
3496469
3496469
3496469
3496469
3496469
1182
1182
1182
1182
1182
1182
1182
1182
1182
1182
1182
1182
3496469
3496469
3496469
3496469
3496469
3496469
3496469
3496469
3496469
3496469
3496469
3496469
3496469
3496469
3496469
3496469
3496469
3496469
3496469
3496469
3496469
3496469
3496469
17482359
94
94
94
94
94
94
94
94
94
94
94
94
94
94
94
94
94
94
94
94
94
94
94
94
94
94
94
94
94
94
94
94
94
8363142
94
94
94
94
94
94
94
94
94
94
94
94
94
94
94
94
94
94
94
94
94
94
94
94
94
94
94
94
94
94
94
94
94
94
94
94
94
94
94
94
94
94
94
94
94
94
8363142
94
94
94
8363142
94
94
94
94
94
94
94
94
94
94
94
94
94
94
94
94
94
94
94
94
94
94
94
94
94
94
94
94
94
94
94
94
94
94
94
94
94
94
94
94
94
94
94
94
94
8363142
377
377
377
377
377
377
377
377
377
377
377
377
377
377
377
377
377
377
377
377
377
377
377
377
377
377
377
377
377
377
377
377
377
377
377
377
377
377
377
377
377
377
377
377
377
377
377
377
377
377
377
377
377
377
377
377
377
377
377
377
377
377
377
377
377
377
377
377
377
377
33452545
0
0
0
0
0
0
0
0
0
1
0
0
0
0
1
0
0
0
0
0
0
1
0
0
0
0
0
0
1
0
0
1
0
86266
86266
35
35
86266
86266
86266
86266
1117
35
86266
86266
35
86266
103519
35
103519
103519
0
0
0
5
1
0
0
1
5
0
0
0
1
1
0
0
0
0
0
1
0
0
1
1
0
0
0
1
1
1
5
1
1
0
0
1
1
0
0
0
0
0
0
1
0
1
0
86266
86266
86266
86266
86266
35
86266
86266
86266
103519
103519
103519
103519
103519
0
0
0
86266
0
0
0
0
0
0
0
0
1
0
0
0
1
0
0
0
0
1
0
0
0
0
0
1
0
1
0
0
0
0
1
0
0
0
0
0
0
0
0
1
5
0
0
1
0
86266
86266
86266
35
35
35
35
35
35
86266
86266
86266
86266
86266
86266
86266
86266
86266
103519
517597
0
3
3
0
4
3
0
3
0
3
4
3
3
4
3
3
3
4
0
4
4
3
23
3
4
4
4
0
3
3
0
0
3
4
3
3
3
3
3
4
0
3
0
0
3
3
3
3
4
3
4
0
4
4
3
3
0
4
0
3
0
4
3
3
3
3
3
0
3
4
0
0
3
414077
345065
345065
345065
140
140
345065
345065
345065
345065
345065
345065
345065
345065
414077
414077
414077
414077
414077
414077
2070387
74461
74461
74461
74461
74461
74461
74461
74461
74461
74461
74461
74461
74461
30
30
30
30
30
30
30
30
30
30
74461
74461
74461
74461
74461
74461
74461
74461
74461
74461
74461
74461
74461
74461
74461
74461
74461
74461
74461
74461
30
964
964
74461
74461
74461
30
74461
74461
74461
74461
74461
30
74461
89353
89353
89353
89353
89353
89353
89353
89353
30
30
30
30
30
30
30
30
30
30
89353
89353
89353
89353
89353
89353
89353
89353
89353
964
446769
74461
89353
89353
29784
74461
74461
74461
74461
74461
74461
74461
74461
74461
74461
74461
74461
74461
74461
74461
74461
30
30
30
30
30
30
30
30
30
30
30
74461
74461
74461
74461
74461
74461
74461
74461
74461
74461
74461
74461
74461
74461
74461
74461
74461
74461
74461
74461
74461
74461
74461
74461
74461
74461
89353
89353
964
89353
89353
89353
89353
89353
89353
89353
30
30
30
89353
89353
89353
89353
89353
89353
89353
89353
89353
89353
89353
89353
89353
89353
89353
446769
74461
74461
30
74461
74461
74461
89353
74461
74461
30
74461
74461
74461
74461
74461
74461
74461
74461
74461
74461
74461
74461
74461
74461
74461
74461
30
30
30
30
30
30
30
30
30
30
30
30
30
30
30
30
30
30
30
30
74461
74461
74461
74461
74461
74461
74461
74461
74461
74461
74461
74461
74461
74461
74461
74461
74461
74461
74461
74461
74461
74461
74461
74461
74461
74461
74461
74461
74461
74461
30
74461
74461
74461
30
74461
74461
89353
89353
89353
30
30
89353
89353
89353
89353
89353
89353
89353
89353
89353
446769
357415
357415
297846
297846
357415
357415
120
297846
119139
120
297846
297846
297846
297846
297846
297846
297846
297846
297846
297846
297846
297846
297846
297846
120
120
120
120
120
120
120
120
120
120
120
120
120
120
120
120
120
297846
297846
297846
297846
297846
297846
297846
297846
297846
297846
297846
297846
297846
297846
297846
297846
297846
297846
297846
297846
297846
297846
297846
297846
297846
297846
297846
297846
297846
3859
297846
297846
297846
297846
297846
120
297846
297846
297846
297846
120
297846
297846
297846
297846
120
120
120
120
120
297846
297846
297846
297846
297846
357415
357415
357415
357415
357415
357415
357415
357415
357415
357415
120
120
120
120
120
120
120
120
357415
357415
357415
357415
357415
357415
357415
357415
357415
357415
357415
357415
357415
357415
357415
357415
357415
357415
357415
357415
357415
1787077
11
11
0
0
11
13
11
11
11
11
11
0
11
66
11
13
0
13
11
0
0
13
11
11
11
11
11
11
0
11
0
11
0
11
11
11
13
11
11
11
11
11
11
11
0
0
11
11
11
11
11
11
13
0
11
0
11
11
11
66
11
11
11
0
11
11
11
11
11
11
13
11
11
11
13
11
13
13
11
13
11
0
11
11
0
13
11
11
0
13
66
11
66
0
11
13
11
66
11
11
13
13
11
11
11
11
11
0
11
0
11
13
11
11
11
11
0
0
0
11
66
13
13
11
11
11
13
11
13
0
11
11
13
13
13
11
13
11
66
66
0
13
0
11
0
0
11
11
0
13
11
13
13
13
11
0
11
11
11
0
11
0
11
11
11
13
11
0
0
13
11
11
11
0
13
13
11
66
13
11
11
11
11
0
0
13
0
11
13
11
11
0
11
11
11
0
13
13
11
0
11
13
11
11
11
11
0
11
13
13
13
0
0
11
66
11
11
0
11
11
0
11
11
11
11
11
0
11
13
11
13
0
13
11
13
0
13
11
11
13
13
11
11
13
13
0
11
11
11
0
11
0
0
11
11
0
11
13
11
0
11
11
11
11
11
11
11
11
0
0
11
0
66
11
0
13
11
13
11
11
13
11
0
11
11
13
11
11
11
66
11
11
11
13
11
0
13
11
11
0
13
0
11
0
13
11
0
11
11
13
11
13
13
11
0
11
0
13
13
13
11
11
0
11
0
11
0
11
13
11
11
0
0
13
0
11
11
11
11
0
11
11
13
13
0
11
0
0
0
13
0
13
0
11
11
0
11
11
11
13
11
0
11
11
11
11
13
11
0
11
11
66
11
11
13
13
11
11
0
13
11
66
0
13
66
0
13
11
0
11
0
11
11
11
0
11
11
11
11
11
13
0
0
13
13
13
0
13
11
13
11
0
0
11
0
11
13
11
0
11
11
13
0
11
13
1171652
976379
976379
1171652
976379
1171652
396
390553
1171652
976379
976379
976379
976379
976379
976379
976379
976379
976379
976379
976379
976379
976379
976379
976379
976379
976379
976379
976379
976379
976379
976379
976379
976379
976379
396
396
396
396
396
396
396
396
396
396
396
396
396
396
396
396
396
396
396
396
396
396
396
396
396
396
396
396
396
396
396
976379
976379
976379
976379
976379
976379
976379
976379
976379
976379
976379
976379
976379
976379
976379
976379
976379
976379
976379
976379
976379
976379
976379
976379
976379
976379
976379
976379
976379
976379
976379
976379
976379
976379
976379
976379
976379
976379
976379
976379
12653
976379
976379
976379
976379
976379
396
976379
976379
396
976379
976379
976379
976379
976379
1171652
1171652
1171652
1171652
1171652
1171652
1171652
1171652
1171652
1171652
1171652
396
396
396
396
396
396
396
396
1171652
1171652
1171652
1171652
1171652
1171652
1171652
1171652
1171652
1171652
1171652
1171652
1171652
1171652
1171652
1171652
1171652
1171652
1171652
1171652
1171652
1171652
1171652
1171652
5858265
