3912808
3912808
3912808
3912808
46953704
31
3912808
1
189539
3
4
399657
0
1
1
94193
94193
0
44671
44671
44671
44671
44671
223358
35
49
4394490
594
8
12
12
1103323
1103323
746
491193
491193
5894327
491193
491193
2455971
2455971
2455971
29471659
3
491193
491193
491193
491193
491193
2455971
311719
3740637
3740637
300757
300757
300757
634167
149463
149463
747317
354420
70883
70883
354420
70883
3
328640
3943686
0
0
77455
77455
929466
929466
4647334
36733
36733
36733
36733
36733
183669
2204028
440805
440805
440805
2204028
6208758
6208758
6208758
6973080
6973080
1750729
1750729
8753654
1458944
1458944
649514
649514
779415
779415
3897081
779415
76
6784360
917
81412330
917
81412330
9
9
851673
851673
8516758
8516758
8516758
10220086
10220086
51100472
576
115
115
115
10220086
10220086
758321
758321
3791610
3791610
3791610
9099858
9099858
9099858
45499327
758321
758321
758321
758321
758321
758321
758321
3791610
7583233
7583233
7583233
9099858
9099858
9099858
9099858
9099858
45499327
9020803
2
134639
134639
9020803
269278
269278
269278
10825
10825
21650
21650
45651
10759
10759
10759
10759
2126
2551
2551
25513
5102
5102
5102
5102
107
2
3
283894
283894
25
25
25
0
0
0
0
66909
66909
66909
66909
66909
66909
66909
66909
1063032
1063032
1063032
37170
0
13221
15866
15866
1063032
1063032
1063032
158661
31732
31732
31732
31732
31732
31732
31732
158661
31732
31732
31732
31732
448853
448853
448853
448853
897706
897706
2025019
138337
138337
138337
138337
24876
29851
149259
29851
29851
29851
29851
59703
59703
59703
59703
298518
94
132
132
11771181
66
132
11771181
6
8
8
782864
782864
782864
782864
44
4
4
4
0
22
44
782864
782864
782864
782864
782864
337869
337869
337869
1689347
3378693
5
281558
337869
337869
337869
337869
11813
337869
337869
337869
1689347
675738
675738
675738
675738
675738
675738
675738
675738
675738
675738
675738
675738
675738
3378693
35607
35607
35607
35607
35607
35607
37539
37539
8847
8847
44237
7372
7372
8847
8847
8847
8847
20980
20980
3496
4196
4196
20980
4196
4196
4196
3496
3496
4196
4196
4196
4196
5
466897
466897
466897
31282062
352
0
0
55020
55020
55020
55020
55020
55020
275101
45850
45850
55020
55020
55020
55020
3686350
3686350
3686350
41
41
41
1
260937
43489
52187
52187
52187
52187
52187
52187
52187
260937
52187
52187
52187
52187
52187
260937
43489
43489
52187
52187
52187
52187
3496550
3496550
3496550
122260
3496550
3496550
3496550
8363142
8363142
8363142
103519
103519
517597
86266
86266
103519
103519
103519
103519
103519
103519
86266
86266
89353
89353
446769
74461
74461
74461
74461
89353
89353
89353
89353
89353
89353
89353
89353
89353
89353
446769
89353
89353
446769
13
13
13
1171652
1171652
66
13
13
13
0
66
13
13
976379
976379
976379
976379
976379
1171652
1171652
1171652
1171652
1171652
1171652
1171652
1171652
5858265
