3211
4709
18025351
18025351
937
2593
12537009
12537009
883
224637
93412178
257
124679
64970125
7
6459
1946320
18
30
127210
127210
3211
4709
18025351
18025351
937
2593
12537009
12537009
7
17
88478
88478
883
224637
93412178
257
124679
64970125
7
6459
1353706
3211
4709
18025351
18025351
937
2593
12537009
12537009
883
224637
93412178
257
124679
64970125
7
6459
1946320
18
30
127210
127210
3211
4709
18025351
18025351
937
2593
12537009
12537009
7
17
88478
88478
883
224637
93412178
257
124679
64970125
7
6459
1353706
4709
18025351
18025351
1373
2593
12537009
12537009
459215
93412178
133809
253084
64970125
14828
1946320
30
127210
127210
4709
18025351
18025351
1373
2593
12537009
12537009
9
17
88478
88478
459215
93412178
133809
253084
64970125
4322
8164
1353706
4709
18025351
18025351
1373
2593
12537010
12537010
897635
93412178
261561
494166
64970125
557561
12264
557561
387796
3574
6752
387796
6547234
1907785
4553739
3604383
14827
1946320
29
127209
127209
4708
18025351
18025351
1372
2592
12537009
12537009
8
16
88477
88477
897634
93412178
261559
494165
64970125
4320
8162
1353706
6505
116
6505
557559
12263
557559
387794
3573
6751
387794
4524
33
64
4524
6547234
1907785
4553738
3604382
105301
251346
198946
1219478078
37243865
1252379063
12198123
357931
525826733
1479808
1311697
14799
14802
638078
1250042
1291406
198720075
5432291
204081456
26275326302
773621498
26984223103
20693654
358770
11329657533
82439
1478
85686106
100313232
103019639
15919
28945
43254061
67
119
542213
144278
149775
196689
342732
5212164
173691
1012629
6954767
1019563
1960530
2878335
1835024
1219478078
37243865
1252379063
12198123
357931
525826733
1479808
1311697
14799
14802
638078
6982610
8615964
6982610
4743259
25830278
788877
26527167
1849115
2281655
297515
7700
11137757
1849115
1256096
494368
861437
428286
1839405
12053250
494368
474238
173691
1012629
6954767
38289
37246
138712
241707
2514034
3408550
3180574
385
723
16510
138712
133064
1019563
1960530
2878335
1835024
38138177
8608891
261934128
1030936
213973
7080500
142337001
86587435
63785973
4716871
2869399
2113787
1250042
1291406
198720075
5432291
204081456
26275326302
773621498
26984223103
20693654
358770
11329657533
82439
1478
85686106
100313232
103019639
15919
28945
43254061
67
119
542213
9621616
239999
9912835
177607
147500
541550
455478
63757168
57150951
63757168
31462735
541550
250750
938296276
26204735
963611099
20167907
18056064
446868
7710
404583956
20167907
9940222
1850
33
4162025
177607
81203
498633
868869
1872659
527613
12861479
20501166
35723282
69276656
21227747
475794122
20501166
19666377
38138177
8608891
261934128
498633
478329
1030936
213973
7080500
5390305
5535734
6777060
11809027
157283028
385
723
2324245
6777060
6501104
142337001
86587435
63785973
3
5
62885
196689
188682
4716871
2869399
2113787
474595
3282502
46131
79210
2316479
25158
1219478078
37243865
1252379063
12198123
357931
525826733
1479808
1311697
14799
14802
638078
1250043
1291406
198720075
5432291
204081456
26275326302
773621498
26984223103
20693654
358770
11329657533
82439
1478
85686106
100313232
103019639
15919
28947
43254061
69
121
542214
333860
177049612
125374229
183797
177049612
125374229
609739039
18621932
1462225547
626189531
1263135206
78687
50483881
35749176
6099061
186241
14642867
262913366
206202573
45949
50483881
35749176
32471
11219095
17876
11219095
645957
1960800
663385
1650726
8251
3658219
18848319
18848319
8375
8376
24919
278530
363913
4542
3658219
726171
5459258
7344894
18848319
18848319
185276
842
2115274
16260
876068
2181362
36
85347
474595
3282502
46131
75413110
80274241
31273989
198709142
5097629
8536643
106408186
204352845
203562507
212
847383
600057
849
2782867
1970633
333860
643628683
451153285
183797
643628683
451153285
467
2782867
1970633
23191212886
661701897
2194827719
23816901657
78687
186058143
131753445
13329425
216769
22275398
9999818718
3888029087
45949
186058143
131753445
20529
45021
742
85486
25257570
85800052
112500306
33359914
112065209
116
847383
600057
114
265498
32471
63738008
17876
63738008
63
265498
106287553
3602683
109155145
8251
18453979
3101350543
3101350543
8923
18305
36770
45830128
17819210
4542
18453979
119486104
898280326
1208547686
3101350543
3101350543
34
71367
254
842
31
66
277
283348
530761
962534
1262066
374243
2181362
33
85347
79210
2316479
25158
2774764
21842778
29387604
75413110
80274241
3472037
62035
2414874
566799
25158
144278
149774
196689
5212164
173691
1012629
6954767
1019563
1960530
2878335
1835024
1219478078
37243865
1252379063
12198123
357931
525826733
1479808
1311697
14799
14802
638078
6982610
4944599
6982610
2722100
25830278
788877
26527167
1849115
1309414
297515
7699
11137757
1849115
720858
494368
428286
1839405
12053250
272159
494368
173691
1012629
6954767
38289
37246
138712
2514034
3408550
3180574
385
723
16510
76364
138712
1019563
1960530
2878335
1835024
38138177
8608891
261934128
1030936
213973
7080500
142337001
86587435
63785973
4716871
2869399
2113787
1250042
1291406
198720075
5432291
204081456
26275326302
773621498
26984223103
20693654
358769
11329657533
82437
1476
85686106
100313232
103019639
15918
28945
43254061
67
119
542212
9621616
239998
9912835
177607
84647
541550
261393
63757168
32798250
63757168
18056089
541550
143902
938296276
26204735
963611099
20167907
10362160
446868
7708
404583956
20167907
5704575
1849
31
4162025
177607
46600
498633
1872659
527613
12861479
20501166
69276656
21227747
475794122
11286299
20501166
38138177
8608891
261934128
274507
498633
1030936
213973
7080500
5390305
5535734
6777060
157283028
384
722
2324245
3730906
6777060
142337001
86587435
63785973
1
3
62884
108281
196689
4716871
2869399
2113787
147394
787704
5409981
753424
1480787
2242301
1364052
2146471
177049612
125374229
1181675
177049612
125374229
609739039
18621932
626189531
1263135206
1462225547
612044
50483881
35749176
6099061
186241
262913366
206202573
14642867
336942
50483881
35749176
192076
11219095
105742
11219095
645957
663385
1650726
1960800
62630
3658219
18848319
8375
8376
278530
363913
24919
34479
3658219
726171
5459258
7344894
18848319
2214239
4355666
3084380
22173
2214239
4355666
1698012
3084380
14871683
454193
15272915
33858574
39649639
710817
1385905
981401
148757
4542
6412521
6462771
397055
7118
710817
1385905
540281
981401
328572
373460
303093
1430838
9827040
3399
328572
205597
373460
147394
787704
5409981
29327
30118
57375
65386
89882
102193
784390
784390
1802008
2634019
2421973
285
589
12645
9366
2015
2510
89882
56259
102193
30220
227192
333464
784390
471096
139695
9268
753424
1480787
2242301
1364052
26838
48677192
10621179
334316395
3155967
604336
22522727
195262079
118783187
87503472
32800177
19577448
12591515
335775
2604
2212519
1193722
2292497
23909
2974012
3472036
62034
80274241
31570486
198709142
5097629
106408186
204352845
203562507
23335
3776623
1829206
74743
11623509
5727870
13051341
1632631420
856613322
7185023
1632631420
856613322
41147
11623509
5727870
23191212886
661701897
23816901657
4113193
514688814
267122151
13329423
216767
9999818718
38112541
3888029087
2264394
514688814
267122151
20527
45019
741
25257569
85800052
112500306
155296
33359914
112065209
12846
3776623
1829206
60212
7271630
4472766
406328945
2462347
406328945
33147
7271630
106287553
109155145
1443557
133631964
3101350543
8922
18304
45830128
67542
17819210
794706
133631964
119486104
898280326
1208547686
3101350543
32
71366
252
2604
29
64
283347
530760
962533
1262065
275
374242
2292497
13162
2974012
2414873
566798
25157
2883456
23250764
31281613
80274241
11714270
32604339
13417190
307269
13873818
13820161
45953
232583
98961
108947
81185855
122273
603701
11024
284082
13723503
55676808
28585427
54503
13723503
55676808
15736846
28585427
81185855
208
122273
603701
3519
156393
284082
876398081
23474159
900042918
4118467
17754036
8951102
327426
5422
377894075
986730
146928979
17217
4118467
17754036
4927760
8951102
2682
32604339
1217
18
3293157
5825093
7637813
4310
2264854
7608273
64
45953
232583
31589
59977
108947
2704107
50949
1390364
5732704
1490166
40911741
25059721
88420406
26189633
607273961
13795875
8262
25059721
48677192
10621179
334316395
2704107
16263
765423
61
1390364
3155967
604335
22522727
6659139
6887753
8762860
215765477
284
588
2891907
2013
1124402
4824128
2508
8762860
8312822
62494671
84080423
195262079
118783187
87503472
35222988
941006
215765477
13
160495
8217
84626
2356264
2
5
217268
387296
410139
507819
23
147086
922436
385574
666887
30
1211378
992967
227646
8992
1110001
10444158
14113573
1162573
5056726
22492642
32800177
19953232
14695465
5777925
36032
36244344
1545107
102081
2097434
366706
115602
497791
35487
48173
8195
9130
12394
9130
5587980
2424665
4213845
889410
68725
562727
980553
424347
359684
27793
3809916
251712
3809916
1545107
102081
2097434
3147611
904221
285053
904221
1365771
5587980
2424665
4213845
889410
68725
2373585
366706
115602
497791
500989
46691
87504
87504
20208
35487
48173
8195
53548
22514
22514
93307
562727
980553
424347
359684
27793
40380
9130
12394
9130
34226
2644
24931040
1184074
33843096
190177
9283
254222
8061774
1628835
10943602
72006
12824
97745
1927771
2564270
436250
42057
57092
9714
634981
856197
634981
15255
20708
15255
5587980
2424665
4213845
889410
68725
130665
56696
98533
20797
1634
582003
1014141
443984
376328
29079
16993
29611
13431
11384
1015
299758
37615
37615
522329
1701386
152476
31621
152476
405199
461623
22890
461623
61474792
2919683
61474792
24931040
1184074
33843096
190177
9283
254222
185073545
19878669
4016372
19878669
51467992
5587980
2424665
4213845
889410
68725
139562281
8061774
1628835
10943602
18879369
1458832
132876
57656
100200
21149
1634
1283000
72006
12824
97745
148635
11486
80700
80700
23949
4657906
4657906
1075703
1927771
2564270
436250
42057
57092
9714
14315726
1555252
1555252
24945153
588768
1025928
443984
376328
29079
10795359
634981
856197
634981
9150323
707056
20539
35790
15488
13128
1015
226046
15255
20708
15255
191601
14806
1545107
102081
2097434
366706
115602
497791
35487
48173
8195
9130
12394
9130
5587980
2424665
4213845
889410
68725
562727
980553
424347
359684
27793
3809916
251712
3809916
1545107
102081
2097434
3147611
904221
94365652
3476018
285053
904221
1365771
5587980
2424665
4213845
889410
68725
2373585
366706
943915
39620578
31095
115602
497791
500989
46691
87504
87504
20208
35487
48173
8195
53548
22514
106992
22514
93307
562727
980553
424347
359684
27793
40380
9130
1094
1094
44921
12394
9130
34226
2644
24931040
1184074
33843096
190177
9283
254222
8061774
1628835
10943602
72006
12824
97745
1927771
2564270
436250
42057
57092
9714
634981
856197
634981
15255
20708
15255
5587980
2424665
4213845
889410
68725
130665
56696
98533
20797
1634
582003
1014141
443984
376328
29079
16993
29611
13431
11384
1015
299758
37615
612638
37615
522329
1701386
152476
51952788
1310600
31621
152476
405199
461623
22890
461623
61474792
2919683
61474792
24931040
1184074
33843096
190177
9283
254222
185073545
19878669
5548520594
154744370
4016372
19878669
51467992
5587980
2424665
4213845
889410
68725
139562281
8061774
2012770
2329614527
31192
1628835
10943602
18879369
1458832
132876
57656
100200
21149
1634
1283000
72006
8151
21813016
138
12824
97745
148635
11486
80700
80700
23949
4657906
4657906
1075703
1927771
2564270
436250
42057
57092
9714
14315726
1555252
29258051
1555252
24945153
588768
1025928
443984
376328
29079
10795359
634981
1294
2829
12284352
856197
634981
9150323
707056
20539
35790
15488
13128
1015
226046
15255
6
13
257223
20708
15255
191601
14806
1545107
102081
2097434
366706
115602
497791
35487
48173
8195
9130
12394
9130
5587980
2424665
4213845
889410
68725
562727
980553
424347
359684
27793
3809916
251712
3809916
1545107
102081
2097434
3147611
904221
285053
904221
1365771
5587980
2424665
4213845
889410
68725
2373585
366706
115602
497791
500989
46691
87504
87504
20208
35487
48173
8195
53548
22514
22514
93307
562727
980553
424347
359684
27793
40380
9130
12394
9130
34226
2644
24931040
1184074
33843096
217472
9283
295210
8061774
1628835
10943602
72006
12824
97745
2349456
3189313
542586
42057
57092
9714
789453
1071657
789453
15255
20708
15255
5587980
2424665
4213845
889410
68725
130665
56696
98533
20797
1634
582003
1014141
443984
376328
29079
16993
29611
13431
11384
1015
299758
37615
37615
522329
1701386
177550
31621
177550
405199
536239
22890
536239
61474792
2919683
61474792
24931040
1184074
33843096
217472
9283
295210
185073545
19878669
4016372
19878669
51467992
5587980
2424665
4213845
889410
68725
139562281
8061774
1628835
10943602
18879369
1458832
132876
57656
100200
21149
1634
1283000
72006
12824
97745
148635
11486
103705
103705
23949
5793274
5793274
1337907
2349456
3189313
542586
42057
57092
9714
14315726
1946628
1946628
24945153
588768
1025928
443984
376328
29079
10795359
789453
1071657
789453
9150323
707056
20539
35790
15488
13128
1015
226046
15255
20708
15255
191601
14806
270172
270172
470774
1545107
102081
2097434
366706
115602
497791
35487
48173
8195
9130
12394
9130
416790
30343
565779
123701
38996
167921
7408
2350
3739
16467
10056
2350
2350
2350
4116
6126
3727
2587
2350
5587980
2424665
4213845
889410
68725
562727
980553
424347
359684
27793
894618
388181
674623
142391
11002
91343
159165
69159
58384
4559
3809916
251712
3809916
1545107
102081
2097434
94365652
3476018
3147611
904221
285053
904221
1365771
5587980
2424665
4213845
889410
68725
943915
39620578
31095
2373585
366706
115602
497791
500989
46691
87504
87504
20208
35487
48173
8195
106992
53548
22514
22514
93307
562727
980553
424347
359684
27793
1094
1094
44921
40380
9130
12394
9130
34226
2644
1027718
556423
74821
1027718
686580
416790
556423
30343
565779
377976
2213555
67603
150900
305023
155604
96157
305023
65476
192003
894618
388181
674623
142391
11002
22141
929388
558
113792
123701
155604
38996
167921
24018
1878
117200
18266
25664
2350
4355
29912
18266
4218
44719
7408
25664
2350
3739
16467
10056
2350
24618
1520
1520
4700
6416
4700
7478
6770
4700
2648
11179
91343
159165
69159
58384
4559
30
68
760
1146
2350
6416
2350
4116
6126
3727
2587
2350
1324
1324
6154
24931040
1184074
33843096
217472
9283
295210
8061774
1628835
10943602
72006
12824
97745
2349456
3189313
542586
42057
57092
9714
789453
1071657
789453
15255
20708
15255
15063911
640369
20448782
199949
7484
271425
4989356
900236
6772892
71265
11391
96739
514058
116037
3530569
2527081
3430432
583607
22948
4416
157778
112933
153303
26082
1965029
1195380
880595
880595
1195380
880595
122250
74368
54784
54784
74368
54784
5587980
2424665
4213845
889410
68725
130665
56696
98533
20797
1634
582003
1014141
443984
376328
29079
16993
29611
13431
11384
1015
894618
388181
674623
142391
11002
19525
8316
14723
3339
258
101816
177414
76778
65078
5028
2495
4347
2122
3028
240
299758
37615
612638
37615
522329
1701386
177550
51952788
1310600
31621
177550
405199
536239
22890
536239
61474792
2919683
61474792
24931040
1184074
33843096
217472
9283
295210
185073545
19878669
5548520594
154744370
4016372
19878669
51467992
5587980
2424665
4213845
889410
68725
139562281
8061774
2012768
2329614527
31192
1628835
10943602
18879369
1458832
132876
57656
100200
21149
1634
1283000
72006
8151
21813016
138
12824
97745
148635
11486
103705
103705
23949
5793274
5793274
1337907
2349456
3189313
542586
42057
57092
9714
14315726
1946628
29258051
1946628
24945153
588768
1025928
443984
376328
29079
10795359
789453
1294
2828
12284352
1071657
789453
9150323
707056
20539
35790
15488
13128
1015
226046
15255
6
13
257223
20708
15255
191601
14806
46483
175723
233071
3703114
82401
28086
175723
37072
48941
135212
493034
18452
493034
109101
11245724
37144493
1579019
37144493
9449554
11245724
15063911
640369
20448782
5202167
135212
199949
7484
271425
60063
3597444
12302721
15935606
234241465
6097034
2219796
12302721
2979309
3867995
894618
388181
674623
142391
11002
3597444
4989356
12016896
40483
98349156
559
900236
6772892
1640169
1418849
109636
20980
9103
15821
3339
258
46483
71265
175757
200
1554798
4
11391
96739
20410
17953
1389
278470
41682
10887
286599
278470
64311
499398
6231260
933769
286125
6413155
6231260
1439055
11174922
2527081
514058
116037
3530569
6413155
3430432
583607
6152017
112933
22948
4416
157778
286599
153303
26082
274928
2171367
2171367
3783606
101816
177414
76778
65078
5028
30
1637408
68
911675
1965029
1195380
880595
2171367
1195380
880595
1387893
107247
2082950
4849
8449
3656
3101
240
2
101868
2
56718
122250
74368
54784
135086
74368
54784
86344
5861
129586
102081
2097434
1545107
115602
497791
366706
29206
2915089
7271081
48173
35487
8195
12394
9130
186295
16107139
40175902
1391486
5587980
510421
39440
4213845
562727
206418
424347
15950
251712
3809916
102081
2097434
1545107
783800
3147611
285053
904221
51178
5295156
1391486
5587980
510421
39440
4213845
287511
26795
2373585
115602
497791
366706
29206
3682892
2915089
87504
20208
48173
35487
8195
53548
22514
307332
29258051
562727
206418
424347
15950
19642
40380
1517
12394
9130
186295
20349587
16107139
1184075
33843096
24931040
9283
254222
190177
1628835
10943602
8061774
2915089
49205
7271081
12824
97745
72006
18491
298
46120
2564270
1927771
436250
57093
42059
9714
856197
634981
16107139
40175902
20709
15255
337269
841248
1391486
5587980
510421
39440
4213845
32537
130665
11935
938
98533
582003
215970
443984
16688
16993
6533
13431
582
299759
37616
612638
232540
1701386
31621
152476
33587
539
22889
461623
2919684
61474792
1184075
33843096
24931040
9283
254222
190177
29536868
185073545
4016372
19878669
5295156
89379
1391486
5587980
510421
39440
4213845
10834645
837206
139562281
1628835
10943602
8061774
3682892
2915089
49205
33088
132876
12137
938
100200
85300
6592
1283000
12824
97746
72006
23360
18491
298
80700
23951
4657906
1075703
2564270
1927771
436250
57093
42059
9714
14315726
1555252
29258051
588768
215970
443984
16688
5251261
10795359
405772
856197
634981
20349587
16107139
20539
7534
15488
582
109957
226046
8497
20709
15256
426103
337269
119425166
120507766
120531600
403442
564478
564590
119425166
120531600
119425166
120507766
120531600
403442
564590
403442
564478
564590
402343
323048
56440
1052363
713720
10727297
161296
129507
79321
341563
251618
2998020
19977
2089505
5211835
10411
8359
24086
17743
4097
266690
6587
4852
3238
3193
89585
121609
19193126
47873254
6862734
6883381
7465452
27851277
2881403
2524946
196579
2738459
21002395
185742535
1575693
1575693
168092107
577992
1188216
661574
45647
10244
1486855
139169
1644864
26451298
402343
323048
56440
1052363
713720
10727297
471257
472674
508802
1898184
596069
195591
620438
7392498
412
34403
922
3795512
3795512
6862734
6883381
7465452
27851277
2881403
2524946
196579
2738459
21002395
197863
173385
13397
186637
1431403
161296
129507
79321
341563
251618
2998020
120
19977
507
2639858
2089505
2639858
38475
43752
10104
657604
10411
8359
24086
17743
4097
266690
8736515
29637
11964
179822
62
179822
42151
34863638
185742535
1607464
168092107
589646
1244252
674913
10243
46768
7906316
12822
26359
12443
495
990
6587
4852
3238
3193
89585
18
121609
25437
24248390
19193126
11393363
9147936
881942
27062559
19936053
316138669
92902
86617
8533
178568
133367
3417143
119425166
177353470
177388547
4178069
3333413
1249462
8867658
6532497
104045934
2089505
37224
5211835
52808
42400
14172
85314
81883
1315894
38286916
67358091
67371414
20344
330
50745
852624
684587
1972498
1453071
335574
39818829
54295
43595
80700
80700
21370
1604982
403442
2888214
2888786
658971
485441
323907
260071
14138913
19193126
47873254
80700
60425
40319
32373
1058130
131671
960119
960119
960119
1895549
7017731
6993118
7527620
28083206
2946480
2565199
198216
2761264
21177291
110278
110610
119064
444192
46301
40573
3306
43674
334961
195308449
1575693
1575693
176749007
577992
1188216
661574
45647
10244
6987844
30855
30855
6323820
11318
23267
12954
1737
225
109156967
1130651
80700
1413179
131671
34549
7
960119
167775994
6459
960119
268911
270876
320530
2092141
108953
34943
110290
3244723
38286916
7
1363724
1610628
67371414
11772817739
7
36955
599
36955
274041
21037
319739
8425969
119425166
159866
631734
177388547
30997761645
42104045
2174687
49155834
779532617
11393363
9147936
881942
27062559
19936053
316138669
92902
86617
8533
178568
133367
3417143
119425166
29421
265242
177353470
177388547
17064884403
23713837
23877078
27711409
162301410
15342281
3080917
16045962
256555770
412
922
3795512
67617
3795512
7334314
7356379
7918645
29542002
3079401
2698450
208512
2904699
22277355
9956546
8758534
676783
10165034
122390021
4178069
3333413
1249462
8867658
6532497
104045934
120
507
2639858
2089505
37225
2639858
135773
136181
146590
546884
57006
49953
3861
53772
412400
112906
99362
7396
117576
1577664
52808
42400
14172
85314
81883
1315894
38286916
3
250973
676242
67358091
67371414
6481170354
4
25703
20344
330
25703
80700
80700
52693
3957554
403442
575141
152140
2888786
504800909
3150862
3582973
827456
98185003
852624
684587
1972498
1453071
335574
39818829
54295
43595
80700
80700
21370
1604982
403442
241481
28000
2888214
2888786
369456090
1644814380
17058494
1196997
34863638
62
42151
34863638
195308449
2025558
176749007
743010
1527455
850455
10244
57413
1488513732
6257357
12863656
7162218
495
483515
658971
485441
323907
260071
14138913
18
25437
24248390
19193126
6987844
72471
6323820
26584
54650
30428
225
2055
109156967
463353
952543
530357
5
26445
80700
60425
40319
32373
1058130
131671
34549
34549
7
473273
960119
960119
960119
167775994
6459
960119
960119
102081
2097434
1545107
115602
497791
366706
29206
2915089
7271081
48173
35487
8195
12394
9130
186295
16107139
40175902
1391486
5587980
510421
39440
4213845
562727
206418
424347
15950
251712
3809916
102081
2097434
1545107
783800
3147611
285053
904221
94365652
3476018
51178
5295156
1391486
5587980
510421
39440
4213845
287511
26795
2373585
115602
497791
366706
943915
39620578
31095
29206
3682892
2915089
87504
20208
48173
35487
8195
53548
22514
106992
307332
29258051
562727
206418
424347
15950
19642
40380
1517
12394
9130
1094
1094
44921
186295
20349587
16107139
1184075
33843096
24931040
9283
254222
190177
1628835
10943602
8061774
2915089
49205
7271081
12824
97745
72006
18491
298
46120
2564270
1927771
436250
57093
42059
9714
856197
634981
16107139
40175902
20709
15255
337269
841248
1391486
5587980
510421
39440
4213845
32537
130665
11935
938
98533
582003
215970
443984
16688
16993
6533
13431
582
299759
37616
612638
232540
1701386
31621
152476
33587
51952788
539
1310601
22889
461623
2919684
61474792
1184075
33843096
24931040
9283
254222
190177
29536868
185073545
4016372
19878669
5295156
5548520594
89379
154744370
1391486
5587980
510421
39440
4213845
10834645
837206
139562281
1628835
10943602
8061774
3682892
2915089
2012770
2329614527
49205
31192
33088
132876
12137
938
100200
85300
6592
1283000
12824
97746
72006
23360
18491
8151
21813016
298
140
80700
23951
4657906
1075703
2564270
1927771
436250
57093
42059
9714
14315726
1555252
29258051
588768
215970
443984
16688
5251261
10795359
405772
856197
634981
1295
2829
12284352
20349587
16107139
20539
7534
15488
582
109957
226046
8497
20709
15256
7
13
257224
426103
337269
607972
186141
426861
119425166
120507766
120531600
607972
426861
426861
804137
403442
142145
564478
564590
564590
426861
186141
426861
426861
186141
426861
119425166
120531600
119425166
120507766
120531600
564590
403442
142145
564590
426861
426861
426861
426861
426861
426861
564590
403442
142145
564478
564590
402343
323048
56440
1052363
713720
10727297
161296
129507
79321
341563
251618
2998020
19977
2089505
5211835
10411
8359
24086
17743
4097
266690
6587
4852
3238
3193
89585
121609
19193126
47873254
6862734
6883381
7465452
27851277
2881403
2524946
196579
2738459
21002395
1575693
1575693
2050036
577992
1188216
661574
45647
10244
1855228
1486855
139169
1644864
26451298
12254
14709521
9755148
402343
323048
56440
1052363
713720
10727297
6746
14709521
9755148
471257
472674
508802
1898184
596069
195591
620438
7392498
137283612
412
47182826
1441002
115750091
34403
922
3795512
3795512
3063
3892736
2756565
6862734
6883381
7465452
27851277
2881403
2524946
196579
2738459
21002395
197863
173385
13397
186637
1431403
161296
129507
79321
341563
251618
2998020
1374771
120
471957
19810289
14300
18895813
19977
507
2639858
2089505
2639858
1686
3892736
2756565
38475
43752
10104
657604
983
923904
10411
8359
24086
17743
4097
266690
541
923904
29637
96424
11964
179822
60572
60572
60572
179822
62
60572
60572
151322
179822
42151
34863638
305
244172
60572
1607464
2050036
589646
1244252
674913
10243
46768
1855228
12822
26359
12443
495
990
87261
6587
4852
3238
3193
89585
60572
60572
60572
2350
18
2333
17544
27839
60572
760
760
25431
30230
121609
25437
24248390
19193126
167
244172
60572
607972
186141
426861
210958
61959
148115
11393363
9147936
881942
27062559
19936053
316138669
92902
86617
8533
178568
133367
3417143
119425166
177353470
177388547
4178069
3333413
1249462
8867658
6532497
104045934
2089505
37224
5211835
52808
42400
14172
85314
81883
1315894
38286916
67358091
67371414
20344
330
50745
852624
684587
1972498
1453071
335574
39818829
607972
426861
426861
54295
43595
80700
80700
21370
1604982
5801226
403442
142145
2888214
2888786
2888786
658971
485441
323907
260071
14138913
19193126
47873254
210958
148115
148115
80700
60425
40319
32373
1058130
2012770
131671
44572
960119
960119
960119
1895549
960119
7017731
6993118
7527620
28083206
2946480
2565199
198216
2761264
21177291
110278
110610
119064
444192
46301
40573
3306
43674
334961
426861
186141
426861
426861
186141
426861
1575693
1575693
2155614
577992
1188216
661574
45647
10244
1950774
30855
30855
77124
148115
61959
148115
11318
23267
12954
1737
225
69795
148115
61959
148115
1204761
1130650
80698
1413178
131669
840
44570
34547
4271
631
5
495293
6457
163145
960118
31
4106
2609129
268911
270876
320530
2092141
108953
34943
110290
3244723
38286916
794966
7
30638555
7
7572152
1363724
1610628
36955
67632985
599
1541875
36955
67371414
33
77234
54692
274041
21037
319739
8425969
119425166
159866
631734
177388547
62
274770
194573
42104045
2174687
49155834
779532617
12254
57871538
40980601
11393363
9147936
881942
27062559
19936053
316138669
6746
57871538
40980601
92902
86617
8533
178568
133367
3417143
119425166
29421
265242
97655923
177353470
177388547
37
274770
194573
23713837
23877078
27711409
162301410
15342281
3080917
16045962
256555770
176566469
412
922
3795512
4866579054
67617
128520647
3795512
3063
16306239
11546945
7334314
7356379
7918645
29542002
3079401
2698450
208512
2904699
22277355
9956546
8758534
676783
10165034
122390021
4178069
3333413
1249462
8867658
6532497
104045934
1768153
120
507
2639858
2089505
959789
2043292995
794452661
37225
14305
2639858
1686
16306239
11546945
135773
136181
146590
546884
57006
49953
3861
53772
412400
112906
99362
7396
117576
1577664
52808
42400
14172
85314
81883
1315894
38286916
8513
3
7272517
4
2214
250973
676242
25703
20344
4335
28396539
37233304
11040857
330
60
25703
37089303
67358091
67371414
33
77234
54692
80700
80700
52693
3957554
4073078
403442
142145
575141
152140
2888786
33
16432
3150862
3582973
827456
98185003
983
5392818
852624
684587
1972498
1453071
335574
39818829
541
5392818
426861
426861
426861
426861
426861
426861
54295
43595
80700
80700
21370
1604982
4073078
403442
142145
241481
28000
2114258
2888214
2888786
33
16432
18153779
17058494
1196997
34863638
23813259
11797927
1872195
288795
62
42151
34863638
305
1800420
34863638
2155614
2025558
1950774
743010
1527455
850455
10244
57413
16428692
6257357
12863656
7162218
495
483515
658971
485441
323907
260071
14138913
23813259
11797927
1872195
2892
18
25437
1343196
10097962
13585813
776
1719
14637926
24248390
19193126
5691371
34863638
167
1800420
34863638
77124
72471
148115
148115
148115
69795
26584
54650
30428
225
2055
148115
148115
148115
1204763
463353
952543
530357
5
26445
80700
60425
40319
32373
1058130
1413179
131671
842
842
44572
34549
34549
4273
66
7
317369
495295
6459
9
94231
82744
753753
960119
7
473273
14
960119
960119
960119
417973
960119
960119
33
4108
2609129
102081
2097434
1545107
115602
497791
366706
29206
2915089
7271081
48173
35487
8195
12394
9130
186295
16107139
40175902
1391486
5587980
510421
39440
4213845
562727
206418
424347
15950
251712
3809916
102081
2097434
1545107
783800
3147611
285053
904221
51178
5295156
1391486
5587980
510421
39440
4213845
287511
26795
2373585
115602
497791
366706
29206
3682892
2915089
87504
20208
48173
35487
8195
53548
22514
307332
29258051
562727
206418
424347
15950
19642
40380
1517
12394
9130
186295
20349587
16107139
1184075
33843096
24931040
9283
295210
217472
2915089
49205
1628835
10943602
8061774
7271081
18491
298
12824
97745
72006
46120
3189313
2349456
542586
57093
42059
9714
16107139
1071657
789453
40175902
337269
20709
15255
841248
1391486
5587980
510421
39440
4213845
32537
130665
11935
938
98533
582003
215970
443984
16688
16993
6533
13431
582
299759
37616
612638
232540
1701386
31621
177551
33587
539
22889
536239
2919684
61474792
1184075
33843096
24931040
9283
295210
217472
29536868
185073545
4016372
19878669
5295156
89379
1391486
5587980
510421
39440
4213845
10834645
837206
139562281
1628835
10943602
8061774
3682892
2915089
49205
33088
132876
12137
938
100200
85300
6592
1283000
12824
97746
72006
23360
18491
298
103706
23951
5793274
1337907
3189313
2349456
542586
57093
42059
9714
14315726
1946628
29258051
588768
215970
443984
16688
5251261
10795359
405772
1071657
789453
20349587
16107139
20539
7534
15488
582
109957
226046
8497
20709
15256
426103
337269
120507766
120531600
564478
564590
120531600
120507766
120531600
294311
564590
294311
85759
162024
564478
564590
48046
294311
402343
323048
56440
1052363
713720
10727297
161296
129507
79321
341563
251618
2998020
19977
2089505
5211835
10411
8359
24086
17743
4097
266690
6587
4852
3238
3193
89585
121609
19193126
47873254
6862734
6883381
7465452
27851277
2881403
2524946
196579
2738459
21002395
185742535
1575693
1575693
168092107
577992
1188216
661574
45647
10244
1486855
139169
1644864
26451298
402343
323048
56440
1052363
713720
10727297
471257
472674
508802
1898184
596069
195591
620438
7392498
34403
922
3795512
3795512
6862734
6883381
7465452
27851277
2881403
2524946
196579
2738459
21002395
197863
173385
13397
186637
1431403
161296
129507
79321
341563
251618
2998020
19977
269
507
2639858
2089505
2639858
38475
43752
10104
657604
10411
8359
24086
17743
4097
266690
8736515
29637
11964
179822
179822
95908
34863638
185742535
1607464
168092107
589646
1244252
674913
10243
46768
7906316
12822
26359
12443
495
990
6587
4852
3238
3193
89585
121609
27946
53693
24248390
19193126
11800463
9474803
923990
28554727
21035281
316138669
177353470
177388547
122290
98189
8533
250616
201660
3417143
2089505
37224
4418495
3547689
1316722
9404910
6928272
104045934
5211835
67358091
67371414
20344
330
52808
42400
14172
112649
82985
1315894
50745
1205939
968270
2789873
2054541
474631
39818829
4072272
4073078
54295
43595
125607
92530
21370
1604982
19193126
929435
684391
456656
366813
14138913
47873254
2608614
2609129
1436378
82025
60425
40319
32373
1058130
3582744
7017731
6993118
7527620
28083206
2946480
2565199
198216
2761264
21177291
110278
110610
119064
444192
46301
40573
3306
43674
334961
195308449
1575693
1575693
176749007
577992
1188216
661574
45647
10244
6987844
30855
30855
6323820
11318
23267
12954
1737
225
234200926
1263166
26
7452
160832
1345870
2609129
455932247
17548
148992
2609129
268911
270876
320530
2092141
32
3273
195483
1363724
1610628
67371414
11772817739
7
177246
34943
178583
3244723
36955
599
36955
159866
631734
177388547
30997761645
356639
21037
416664
8425969
43608477
2278368
51868657
779532617
11800463
9474803
923990
28554727
21035281
316138669
29421
265242
177353470
177388547
17064884403
122290
98189
8533
250616
201660
3417143
23713837
23877078
27711409
162301410
922
16328500
3246764
17083688
256555770
3795512
67617
3795512
7334314
7356379
7918645
29542002
3079401
2698450
208512
2904699
22277355
9956546
8758534
676783
10165034
122390021
269
507
4418495
3547689
1316722
9404910
6928272
104045934
2639858
2089505
37225
2639858
135773
136181
146590
546884
57006
49953
3861
53772
412400
112906
99362
7396
117576
1577664
11
1328
149996
250973
676242
67358091
67371414
6481170354
3
4
52808
42400
14172
112649
82985
1315894
25703
20344
330
25703
2120470
575141
152140
4073078
711750015
148993
148993
52693
3957554
4456534
5066075
1170343
98185003
1205939
968270
2789873
2054541
474631
39818829
617881
1167361
346161
2120470
241481
28000
4072272
4073078
391832541
54295
43595
125607
92531
21370
1604982
1644814380
17058494
95908
1687567
34863638
195308449
2025558
176749007
743010
1527455
850455
10244
57413
1488513732
6257357
12863656
7162218
495
483515
27946
53693
929435
684391
456656
366813
24248390
19193126
14138913
6987844
72471
6323820
26584
54650
30428
225
2055
110361916
463353
952543
530357
5
26445
6
3024
111863
391201
740929
215661
1345871
473273
1095475
2608614
2609129
250999873
5115
9662
82025
60425
40319
32373
1814704
1436378
1058130
417973
102081
2097434
1545107
115602
497791
366706
29206
2915088
7271081
48173
35487
8195
12394
9130
186295
16107139
40175902
30343
565779
416790
38996
167921
123701
1470
93547
233334
10056
7408
2350
2350
3739
16467
2587
2350
2587
2350
4116
6126
3727
1195380
2981628
1391486
5587980
510421
39440
4213845
562727
206418
424347
15950
222772
894618
81716
6314
674623
91343
33506
69159
2616
251712
3809916
102081
2097434
1545107
94365652
3476018
783800
3147611
285053
904221
51178
5295156
1391486
5587980
510421
39440
4213845
943915
39620578
31095
287511
26795
2373585
115602
497791
366706
29206
3682892
2915088
87504
20208
48173
35487
8195
106992
53548
22514
307332
29258051
562727
206418
424347
15950
1094
1094
44921
19642
40380
1517
12394
9130
186295
20349587
16107139
74821
1027718
556423
394020
30343
565779
416790
556423
216916
2213555
67603
37576
150900
96157
305023
155604
110188
2671
169926
222772
894618
81716
6314
674623
22141
929388
558
13783
1078
113792
38996
167921
123701
155604
67260
1471
118187
93548
18266
4218
25664
2350
4355
29912
10056
7408
2350
14128
25664
2350
3739
16467
1520
1520
4700
6416
4700
4700
7478
6770
2171367
91343
33506
69159
2616
30
68
760
760
1146
760
2587
2350
3532
6416
2587
2350
4116
6126
3727
1510231
1195381
1184074
33843096
24931040
9283
295210
217471
2915088
49205
1628835
10943602
8061774
7271081
18491
297
12824
97745
72005
46122
3189313
2349456
542586
57093
42058
9714
16107139
1071657
789453
40175902
337269
20708
15254
841248
640369
20448782
15063911
7483
271425
199950
93547
1470
900236
6772892
4989356
233333
1031
17
11391
96739
71265
2571
514058
116037
3530569
3430432
2527081
583607
22948
4416
157778
153303
112933
26082
1965029
1195380
880595
1195380
1195380
880595
2981628
122250
74368
54784
74368
74368
54784
185494
1391486
5587980
510421
39440
4213845
32537
130665
11935
938
98533
582003
215970
443984
16688
16993
6533
13431
583
222772
894618
81716
6314
674623
4772
19525
1917
149
14723
101816
37347
76778
2887
2495
1737
2122
139
299758
37614
612638
232539
1701386
31620
177550
33586
51952788
538
1310600
22888
536239
2919683
61474792
1184074
33843096
24931040
9282
295210
217471
29536868
185073545
4016372
19878669
5295156
5548520594
89377
154744370
1391486
5587980
510421
39440
4213845
10834645
837206
139562281
1628835
10943602
8061774
3682892
2915088
2012768
2329614527
49204
31191
33088
132876
12137
937
100200
85299
6591
1283000
12823
97745
72005
23360
18490
8149
21813016
296
138
103704
23949
5793274
1337907
3189313
2349456
542586
57091
42057
9712
14315726
1946628
29258051
588768
215970
443984
16688
5251261
10795359
405771
1071657
789453
1294
2828
12284352
20349587
16107139
20539
7534
15488
582
109956
226045
8496
20707
15254
5
11
257223
426102
337269
46482
21274
28084
175723
233070
1871
3703114
29
82400
135210
62611
18450
493034
11245724
5422986
1579019
37144493
11245724
2985462
640369
20448782
15063911
135210
34468
7482
271425
199949
3597444
1709790
2219796
12302721
15935606
169925
234241465
2669
6097034
222772
894618
81716
6314
674623
3597444
941273
814260
62918
900236
6772892
4989356
12016896
118186
93547
40482
98349156
1469
557
5224
20980
1916
148
15821
46482
11711
10302
796
11389
96739
71264
175756
1301
1030
200
1554798
16
2
278470
64310
41680
10885
286599
6231260
1439055
933769
286125
6413155
3430432
2527081
583607
514058
116037
3530569
6413155
153303
112933
26080
22946
4414
157778
286599
2171367
101816
37347
76778
2885
796495
28
1637408
66
911675
61546
1965029
1510231
1195380
880595
2171367
4849
1778
3656
137
49551
0
101867
0
56717
3362
122249
93955
74367
54783
135086
9854
6336
727
6854
4199
141
426861
186141
607972
55332
5211
78808
120507766
120531600
426861
607972
564478
564590
564590
804137
4554100
4555001
62670
89259
16691
16691
16691
23772
426861
186141
426861
186141
55332
5211
55332
5211
120531600
120507766
120531600
294311
564590
294311
426861
426861
85758
162024
564478
564590
48045
294311
4555001
4554100
4555001
16689
9776
6225
99
16689
16689
1364538
617454
727
949065
253364
141
62670
62670
16691
16691
9778
6227
101
16691
16691
16691
16691
402343
323048
56440
1052363
713720
10727297
161296
129507
79321
341563
251618
2998020
19976
2089505
5211835
10411
8359
24086
17743
4097
266690
6586
4852
3237
3193
89585
121609
19193126
47873254
19983
246889
97966
139178
111748
17974
335144
246889
19615
67108
26628
43019
34540
21155
91098
67108
1279
78086
194769
1518
3704
2350
2350
2350
5028
3704
2350
2350
3739
8233
1518
2350
2350
2350
2350
2350
2350
2350
2350
3739
3385
3385
2490514
6212067
6862734
6883381
7465452
27851277
2881403
2524946
196579
2738459
21002395
1575693
1575693
2050036
577992
1188216
661574
45647
10244
1855228
464044
465440
512616
1880865
196057
171803
13498
188036
1418343
152943
152943
152943
152943
216306
152943
152943
56102
120275
64214
4520
827
195751
1486855
139169
1644864
26451298
167013
14709521
9755148
402343
323048
56440
1052363
713720
10727297
93600
14709521
9755148
47182826
1441002
471257
472674
508802
1898184
115750091
137283612
596069
195591
620438
7392498
47193
3892736
2756565
34403
922
3795513
3795513
6862734
6883381
7465452
27851277
2881403
2524946
196579
2738459
21002395
471957
19810289
14299
197863
173385
13397
186637
1431403
18895813
1374771
161296
129507
79321
341563
251618
2998020
29462
3892736
2756565
19976
269
508
2639859
2089505
2639859
38475
43752
10104
657604
15817
923904
10411
8359
24086
17743
4097
266690
8707
923904
60572
60572
29637
151322
179822
11964
179822
4180
244172
179822
96424
289707
34863638
1607464
2050036
589646
1244252
674913
10242
46768
1855228
2333
17544
27839
60572
760
760
25431
12822
26359
12443
496
990
30230
2350
6586
4852
3237
3193
89585
3208
244172
121609
87261
84418
159490
24248390
19193126
156662
122414
608778
514331
44321
608778
600111
312661
221405
2736
156662
19983
246889
139178
111748
17974
335144
246889
97966
312661
121888
221405
1154000
40994
19531
19589
21087
91505
2509106
2878755
46291
109848
155016
158977
48868
155016
152809
84288
59687
2323
6201
105873
248284
141840
2323
141840
464044
465440
512616
1880865
196057
171803
13498
188036
1418343
13426
484521
333
8200
8358
789
8997
69003
441314
30773
1213
46291
19615
67108
43019
34540
21155
91098
67108
26628
84288
32859
59687
1280
1321
42936
172687
98653
78086
678
1280
98653
10924
1659
9133
8031
9133
2350
12832
2350
3739
14956
9854
6336
4199
676
10924
1518
3704
2350
2350
5028
3704
2350
2350
7064
12832
2350
3739
8233
6854
4199
4199
758
758
758
758
758
1968
2348
2729
1516
2348
2348
3206
2348
1968
2348
3737
3383
4197
4523930
152943
152943
152943
216306
152943
152943
56102
120275
64214
827
4520
195751
760
760
760
760
760
23
51
760
760
760
760
760
760
760
30
760
1970
228
228
2731
1518
2350
2350
2350
2350
2350
2350
3208
3208
2350
1970
2350
3739
3385
3385
3385
4199
4199
4199
1318220
3146489
2490514
426861
186141
607972
148115
61959
210958
55332
5211
78808
18444
1737
26269
11800463
9474803
923990
28554727
21035281
316138669
177353470
177388547
122291
98189
8532
296690
218562
3417143
2089505
37224
4418495
3547689
1316722
9404910
6928272
104045934
5211835
67358091
67371414
20344
330
52807
42401
14172
112650
82986
1315893
50745
1501739
1205773
3474190
2559316
591052
39818829
426861
607972
4072272
4073078
54294
43594
125606
92529
21369
1604982
4073078
5801226
19193126
1224343
901931
601808
483203
14138913
47873254
148115
210958
2608613
2609129
1436378
82024
60425
40318
32373
1058130
3582744
2609129
3716145
5494733
1545706
7771360
6239764
552559
18843461
13881327
146637
40900
20880900
20885030
207076
166264
13757
503287
370754
1899113
78086
1278
3054687
2452663
819901
6512344
4797418
194769
103774
14832786
14835720
3871
62
169946
135462
42794
363468
267754
9654
1653517
465146
834470
169897
5738963
2410341
1935306
5576191
4107787
948658
62670
89259
216839
59464
104064
19570
759736
1379762
1380035
318539
255761
737971
543638
121202
1380035
1965564
4094037
2490513
1834675
738516
2490513
2490513
1834675
1224176
982913
6212066
29997
42724
1639122
989949
724438
280667
1812798
1813160
989949
1966093
1438774
947910
753925
4969538
1813160
3601038
7017731
6993118
7527620
28083206
2946480
2565199
198216
2761264
21177291
110278
110610
119064
444192
46301
40573
3306
43674
334961
426861
186141
426861
186141
1575693
1575693
2155614
577992
1188216
661574
45647
10244
1950774
148115
30855
61959
30855
77125
148115
11318
23267
12954
1737
61959
227
69796
525490
527071
572931
2137628
221691
195256
15086
211444
1611965
7262
7284
9181
29254
3049
2672
428
3367
22060
55332
5211
55332
5211
159801
159801
288192
58617
120504
67094
4658
827
260806
288192
18442
1735
1735
29997
18444
1737
1737
1737
851
1737
18
27147
29997
35217044
268909
270875
320528
2092140
59
5
195147
34942
204623
11952774
3978
3271
215657
1363723
1610626
883886
407470
3244722
36953
67632985
597
1541873
36953
67371414
451919
21036
538926
11558
159864
631732
2382111
1110632
8425969
177388547
43608477
2278368
51868657
1581418
239470935
117803497
779532617
11800463
9474803
923990
28554727
21035281
870602
239470935
117803497
316138669
122289
98188
8531
296689
218561
6362
29420
265240
2382111
1110632
3417143
97655923
177353470
177388547
23713837
23877078
27711409
162301410
920
16328500
3246764
17083688
488008
75910856
36932846
256555770
3795512
4866579054
67616
128520647
3795512
7334314
7356379
7918645
29542002
3079401
2698450
208512
2904699
22277355
9956546
8758534
676782
10165034
122390021
268
506
4418495
3547689
1316722
9404910
6928272
268658
75910856
36932846
104045934
2639858
2089505
959788
2043292995
3661082
794452661
37224
14303
2639858
135773
136181
146590
546884
57006
49953
3860
53772
412400
8359290
112905
99362
7394
117575
1577663
9
1
3
52806
42399
14170
112649
82984
2213
2190
1326
149994
250972
676241
883886
407470
1315893
25702
20343
4334
28396539
37233304
17538
11040857
329
59
25702
37089303
67358091
67371414
200641
228157
52691
29649
2120470
3957554
575139
152138
4073078
5549660
6310744
1457412
917698
98185003
101051093
1501739
1205773
3474190
2559316
591052
505211
39818829
101051093
426861
426861
54293
43593
125605
92529
21368
16322
617879
1167361
346159
2120470
1604982
241479
27998
2242310
4072272
4073078
18153779
17058494
289707
2223977
309363
34863638
2155614
2025558
1950774
743010
1527455
850455
10242
57413
16428692
6257357
12863656
7162218
494
483513
84417
159489
1224343
901931
601808
483203
170310
1343195
10097962
13585813
775
1717
14637926
24248390
19193126
14138913
7347
5691371
34863638
77124
72471
148115
69795
26583
54650
30428
225
2054
148115
317368
598450
1218061
463351
952542
530355
3
26443
4
5113
9660
82023
60423
40317
32371
7
94229
10331
3022
2155
22193
111862
391199
740928
215659
1345870
82742
753751
1016736
5
473271
12
1095474
1814703
1436377
1058129
64
417971
2608613
2609129
46977
14911
65537
765243
249573
4138
114595
33920
914201
898249
250534
20885030
1976230
28718974
9939284
4631396
1362496
34228483
33659089
9468535
4355
1976230
7771360
6239764
9939284
2549675
4631396
552559
18843461
13881327
5494733
1545706
17
46977
2744
27516
207075
166264
249573
1321
63086
114595
13756
503286
370753
146636
40898
11497624
20880900
20885030
658117
8085
2007444
11288560
3308745
1545245
2021707
11829443
2385147
15492305
11633401
141838
236334444
2322
5722514
141838
569694
571408
615082
2294680
239193
209602
16196
225623
1730397
1211
658117
1319
842850
3054687
2452663
3308745
850688
1545245
741598
57304
819901
6512344
4797418
874914
967294
11682607
8091274
1899113
98651
78084
20567
99227919
102373
38580803
676
1278
331
98651
15006
15051
16201
60442
6300
5521
426
5943
45579
4
32766
62
50251
135906
43982
169945
135461
174642
23073
44003
79931
38706
2426
42793
363467
267753
45866
50709
660350
451180
103773
84596
4889
3870
424
3500606
157
6252229
8199069
627
2375837
32
60
2
4889
8167358
14832786
14835720
8907389
10128954
6116462
3932591
2849345
2339194
1515785
418928
81357
10424626
2410341
1935306
5576191
4107787
1653517
4254127
1594858
465146
948658
834470
169895
13281
5738963
674
10424626
62670
62670
318537
255759
737970
543637
216837
559164
207610
59462
121200
79364
104062
8880
15403
19568
1335
402125
759736
20
223229
1379762
1380035
288192
105713
217322
121000
826
8168
260806
288192
166753
1310318
1762904
1659457
21
3411454
49
1899427
1318219
28
115321
4094037
3146488
2490513
1834675
1224176
982913
226
226
738516
9296
4523930
11003
22620
12594
16
850
27146
29997
