8
4716
6750549
6750549
8
2597
4695245
4695245
8
6474
35007491
8
6462
24349003
8
6462
1009184
8
33
127217
127217
35
4713
7772279
7772279
12
2596
5405783
5405783
8
20
88485
88485
10
17556
40278027
8
13574
28014211
8
6462
966019
35
4714
6750549
6750549
12
2595
4695245
4695245
12
6472
35007491
8
6460
24349003
8
6460
1009179
8
32
127214
127214
323
4711
7772279
7772279
96
2594
5405783
5405783
8
18
88481
88481
103
24466
40278027
30
13570
28014211
8
6460
966015
4714
18025351
18025351
1375
2595
12537009
12537009
17562
93412178
17550
17550
64970125
14829
1946321
32
127214
127214
4711
18025351
18025351
1375
2594
12537009
12537009
10
18
88481
88481
51356
93412178
18619
28335
64970125
4322
8165
1353708
4711
18025351
18025351
1373
2594
12537009
12537009
897637
93412178
261563
494169
64970125
557563
12265
557563
387798
3575
6753
387798
6547234
1907790
4553739
3604384
14827
1946320
29
127209
127209
4708
18025351
18025351
1372
2592
12537009
12537009
8
16
88477
88477
897634
93412178
261559
494165
64970125
4320
8162
1353706
6505
116
6505
557559
12263
557559
387794
3573
6751
387794
4524
33
64
4524
6547234
1907785
4553738
3604382
105301
251346
198946
103296570
3151184
106083467
2056741
68167
44540446
310256
279101
2823
2828
133782
1882174
1888588
162802112
4450423
167194442
21526152380
633792100
22106918548
16953348
681664
9281861305
156639
2813
70198640
82181964
84399197
30253
55002
35436039
134
233
1030213
274128
284573
373709
651189
9903111
6805
49026
336709
45952
104875
212450
96065
239563811
7308177
246027137
2326645
68162
103297515
310255
279101
2822
2824
133781
1404332
1706727
1404332
939587
5183778
157611
5323634
375874
455515
56732
1521
2235193
375874
250772
118816
207038
100257
447482
2963154
118816
113979
40659
246348
1691925
8833
8676
34582
60259
617559
870095
805552
739
1381
3810
34582
33176
250450
494975
729003
459442
32781416
5853772
225143739
1958782
406556
6085996
184839694
74425654
43372431
6125357
2466373
1754591
2375080
2453671
377568143
10321354
387754766
49923119975
1469880846
51270023897
39317944
681661
21526349314
156635
2808
162803601
190595142
195737315
30251
54996
82182716
130
229
1030204
18281070
455997
18834386
337453
280259
1028945
865408
121138620
108586807
121138620
59779197
1028945
476427
1782762925
49788997
1830861088
38319023
34306523
849050
14651
768709517
38319023
18886423
3519
66
7907848
337453
154289
947404
1650851
3558052
1002465
24436810
38952216
67874236
131625647
40332719
904008831
38952216
37366117
72462537
16356893
497674844
947404
908826
1958778
406548
13452950
10241581
10517894
12876414
22437152
298837753
733
1376
4416067
12876414
12352098
270440303
164516127
121193350
7
11
119488
373709
358504
8962055
5451859
4016196
88844
1478143
34585
34566
1054142
25165
54366616
1658518
55833403
1082495
35874
23442340
163292
146895
1485
1487
70410
990618
993994
85685322
2342328
87997074
11329553884
333574789
11635220288
8922815
358770
4885190160
82440
1480
36946652
43253665
44420630
15921
28948
18650547
70
122
542217
3457
1901618
1327202
1903
1901618
1327202
27839597
1156568
15775812
28590697
58489412
865
545456
379951
612727
18681
148726
12004155
9548199
476
545456
379951
335
142017
184
142017
80767
25045
82946
207853
85
48732
1195770
2356679
842
843
641
34826
43375
48
48732
90796
682592
918361
1195770
2356679
163147
843
1017023
2126
497305
1026358
34
12748
88839
1478140
34581
34127018
80274241
4904071
85680608
2198026
898284
28820486
88114094
87773311
34
90089
62597
88
294757
205179
34550
66676347
46329170
19020
66676347
46329170
48
294757
205179
9999727235
285316620
224683162
10269515498
8110
19335141
13553863
5747461
216769
2235861
4311782228
1676463863
4760
19335141
13553863
20530
45021
743
8582
6840972
36995784
48508561
14384329
48320953
34
90089
62597
34
36853
3356
6949578
1847
6949578
34
36853
45829709
384102
47066174
857
2034757
1337259057
3101350543
8924
18306
3691
19761311
7683394
472
2034757
51520740
387325936
521108890
1337259057
3101350543
35
71370
255
843
31
67
277
283350
495308
960379
961822
374245
1026358
34
12748
34563
1054138
25163
1232436
9884606
13298794
34127018
80274241
3472036
62038
2414875
566803
25163
144278
149774
196689
5212164
3580
25802
177215
24184
55196
111815
50559
126086216
3846409
129487967
1224550
35872
54367113
163292
146894
1483
1485
70410
739122
515510
739122
283798
2728304
82953
2801913
197828
137586
29858
799
1176417
197828
75744
62534
52766
235517
1559554
34426
62534
21399
129656
890487
4648
4566
18200
325031
457944
423974
387
725
2004
10019
18200
131816
260513
383686
241812
17253377
3080932
118496705
1030938
213977
3203156
97284049
39171397
22827595
3223872
1298091
923469
1250042
1291406
198720075
5432291
204081456
26275326302
773621498
26984223103
20693654
358769
11329657533
82437
1476
85686106
100313232
103019639
15918
28945
43254061
67
119
542212
9621616
239998
9912835
177607
84647
541550
261393
63757168
32798250
63757168
18056089
541550
143902
938296276
26204735
963611099
20167907
10362160
446868
7708
404583956
20167907
5704575
1849
31
4162025
177607
46600
498633
1872659
527613
12861479
20501166
69276656
21227747
475794122
11286299
20501166
38138177
8608891
261934128
274507
498633
1030936
213973
7080500
5390305
5535734
6777060
157283028
384
722
2324245
3730906
6777060
142337001
86587435
63785973
1
3
62884
108281
196689
4716871
2869399
2113787
4280
29569
191516
27117
63631
127323
57826
223018
18750485
13086586
122776
18750485
13086586
64565164
1964821
66307104
135647742
157414416
63847
5378351
3746429
612726
18681
27839852
22144037
1482637
35149
5378351
3746429
22068
1381625
12149
1381625
80766
82945
207852
247214
7185
451204
2356679
839
841
34825
43374
2649
4154
451204
90796
682592
918360
2356679
228932
471199
326749
2931
228932
471199
179882
326749
1621807
49032
1665563
3738598
4387449
73334
149950
103872
14944
761
699307
703860
40182
2732
73334
149950
57184
103872
46486
53353
42568
208904
1434760
2732
46486
29372
53353
19712
115005
789864
3944
4058
8436
9762
13753
15816
111195
111195
281176
424000
387497
287
590
1703
1987
2015
2511
13753
8707
15816
4284
32206
46115
111195
65149
19318
1070
116293
236491
355723
216396
3728
22021135
3801086
151241808
1427732
604339
10189084
133457116
53736473
31315566
22418163
8989089
5048788
335775
2604
2212519
1193722
2292497
23909
2974012
3472036
62034
80274241
31570486
198709142
5097629
106408186
204352845
203562507
23335
3776623
1829206
74743
11623509
5727870
13051341
1632631420
856613322
7185023
1632631420
856613322
41147
11623509
5727870
23191212886
661701897
23816901657
4113193
514688814
267122151
13329423
216767
9999818718
38112541
3888029087
2264394
514688814
267122151
20527
45019
741
25257569
85800052
112500306
155296
33359914
112065209
12846
3776623
1829206
60212
7271630
4472766
406328945
2462347
406328945
33147
7271630
106287553
109155145
1443557
133631964
3101350543
8922
18304
45830128
67542
17819210
794706
133631964
119486104
898280326
1208547686
3101350543
32
71366
252
2604
29
64
283347
530760
962533
1262065
275
374242
2292497
13162
2974012
2414873
566798
25157
2883456
23250764
31281613
80274241
11714270
32604339
13417190
307269
13873818
13820161
45953
232583
98961
108947
81185855
122273
603701
11024
284082
13723503
55676808
28585427
54503
13723503
55676808
15736846
28585427
81185855
208
122273
603701
3519
156393
284082
876398081
23474159
900042918
4118467
17754036
8951102
327426
5422
377894075
986730
146928979
17217
4118467
17754036
4927760
8951102
2682
32604339
1217
18
3293157
5825093
7637813
4310
2264854
7608273
64
45953
232583
31589
59977
108947
2704107
50949
1390364
5732704
1490166
40911741
25059721
88420406
26189633
607273961
13795875
8262
25059721
48677192
10621179
334316395
2704107
16263
765423
61
1390364
3155967
604335
22522727
6659139
6887753
8762860
215765477
284
588
2891907
2013
1124402
4824128
2508
8762860
8312822
62494671
84080423
195262079
118783187
87503472
35222988
941006
215765477
13
160495
8217
84626
2356264
2
5
217268
387296
410139
507819
23
147086
922436
385574
666887
30
1211378
992967
227646
8992
1110001
10444158
14113573
1162573
5056726
22492642
32800177
19953232
14695465
5777925
36032
36244344
45152
4476
66934
12084
4535
18222
4474
4474
4474
4474
4474
4474
106682
46592
80484
17085
2810
10751
18734
8109
7065
2536
160231
50441
160231
155586
20461
156720
652003
154530
57756
154530
274625
1063330
461457
801870
169340
13210
491669
76872
23434
104346
100748
9319
21793
21793
5038
8846
12004
4476
14316
6021
6021
24946
107129
186672
80783
68495
5714
10793
4474
4478
4474
9160
2536
215486
153335
345585
153333
17651
153337
153501
153336
154723
136822
24378
153331
153333
153332
153335
79927
108488
18466
153335
153333
153335
28999
39354
28999
1615355
700923
1218126
257124
19898
38008
16523
28666
6955
3135
168938
294376
128358
108815
8843
5280
9200
4269
5780
1950
569545
71474
71474
992433
2148882
153333
60093
153333
769904
153335
43498
153335
2000815
176908
2000815
811935
155525
1097298
153335
17645
153332
90713049
647469
187878
647469
25237589
2738562
3789104
2228276
1689887
130599
68435320
274746
157620
355911
9256994
2771814
252469
109564
190389
40207
3138
2148477
136820
24373
153335
282436
21841
153331
153331
45516
179980
179980
153333
153446
154194
153333
79917
108482
18462
7018555
153334
153334
12229832
1118662
1949269
843575
715032
55272
5384357
153335
153334
153335
4489412
1343426
39042
68031
29445
24981
1953
429491
28992
39350
28992
364050
28141
45147
4480
66927
12075
4533
18216
4474
4474
4472
4474
4472
4474
106678
46575
80477
17071
2801
10746
18725
8104
7054
2545
230371
50436
230371
184002
20457
195312
652001
171585
8428411
705826
57753
171585
274617
1063326
461452
801867
169331
13198
491668
76867
180140
3538772
6065
23424
104341
100738
9314
21787
21787
5036
8840
11999
4476
14308
6016
28773
6016
24932
107122
186661
80780
68475
5712
10791
4472
1455
1455
12081
4474
4472
9160
2532
1419502
158191
2258042
153333
17651
153336
459054
164934
729490
136822
24378
153335
158609
204339
153331
79923
108486
18464
153332
153330
153332
28995
39352
28995
1615353
700917
1218123
257116
19890
38003
16511
28662
6946
3138
168935
294370
128351
108802
8834
5276
9193
4263
5775
1943
569544
71472
1164014
71472
992430
2368106
153455
42562502
1952863
60094
153455
769896
167567
43502
167567
14931616
709162
14931616
6055501
312639
8220151
154041
17645
156330
172307040
4828331
4545644778
126774863
975537
4828331
47917694
5202517
4203694
3923171
1689881
130587
129935176
1958124
2204585
1908544797
59269
409823
2658092
17577057
2771790
252469
109554
190383
40195
3130
2266487
136823
15488
17870389
267
24375
153337
282429
21837
153333
153333
45512
1191408
1191408
275146
490539
655894
159776
79919
108482
18462
13328217
398455
23969759
398455
23224419
1118660
1949265
843572
715026
55263
10050688
180029
2466
5383
10063998
220872
180029
8519127
1343421
39037
68022
29436
24967
1950
429489
28990
15
30
488729
39349
28990
364046
28138
45147
4480
66927
12075
4533
18216
4474
4474
4472
4474
4472
4474
106678
46575
80477
17071
2801
10746
18725
8104
7054
2545
360131
50436
360131
313760
20457
325069
652001
189526
57753
189526
274617
1063326
461452
801867
169331
13198
491668
76867
23424
104341
100738
9314
21787
21787
5036
8840
11999
4476
14308
6016
6016
24932
107122
186661
80780
68475
5712
10791
4472
4474
4472
9160
2532
2214209
287951
3621177
283090
17651
283091
716032
294692
1170277
136822
24378
185730
288369
342967
283090
79923
108486
18464
283090
283092
283090
28995
39352
28995
1615353
700917
1218123
257116
19890
38003
16511
28662
6946
3138
168935
294370
128351
108802
8834
5276
9193
4263
5775
1943
569544
71472
71472
992430
2619885
283214
60094
283214
769896
297327
43502
297327
17683224
839846
17683224
7171413
442399
9734966
283799
17645
286085
188380521
5718099
1155309
5718099
52387645
5687828
4606867
4289140
1689881
130587
142056042
2318969
539584
3147927
19216714
2771790
252469
109554
190383
40195
3130
2437703
136823
24375
185727
282429
21837
197047
197047
45512
1666435
1666435
410143
684335
917405
289535
79919
108482
18462
14571526
570923
570923
25390884
1118660
1949265
843572
715026
55263
10988256
309786
350632
309786
9313825
1343421
39037
68022
29436
24967
1950
429489
28990
39349
28990
364046
28138
270172
270172
470774
45143
4468
66924
12075
4526
18215
4467
4468
4470
4470
4469
4470
17456
4469
27106
6007
4469
9283
4467
4470
7111
7106
4467
4470
4470
4470
7107
6434
6433
4467
4470
106675
46569
80473
17059
2789
10740
18714
8099
7044
2530
17246
7840
13048
3784
2536
2277
3968
1981
2783
2529
778692
50434
778692
315798
20454
428685
19547041
705824
652000
189524
57747
189524
274614
1063323
461445
801863
169324
13183
180139
8207065
6063
491667
76864
23421
104338
100735
9306
21781
21781
5031
8836
11994
4468
28769
14305
6011
6011
24927
107121
186659
80778
68470
5700
1449
1450
12080
10790
4469
4467
4469
9148
2520
228347
119391
15626
228347
141949
92607
119391
6338
125710
78147
488367
14611
33283
68909
33934
20250
68909
13567
40104
170356
74093
128535
27352
3399
4224
205047
1066
25100
27947
33934
8213
37937
4977
2523
24261
9009
12657
4470
7107
14752
9009
4468
22055
4467
12657
4472
7106
8121
4961
4468
12142
1446
1446
4468
6097
4468
7107
6432
4468
2520
10624
17390
30303
13166
11132
2669
58
133
1447
1446
4468
6097
4468
7107
6433
6433
4467
4468
2520
2529
10628
28997374
2249743
51433062
413198
17649
560902
9376676
3041264
16631545
136821
24377
185727
3177975
4846960
1030916
79921
108484
18462
1499962
2036149
1499962
28994
39352
28994
17520885
1216702
31077047
379908
14229
515712
5803136
1710450
10293107
135419
21656
183816
976714
220481
3034677
3210969
5213401
1108855
43605
8394
299783
214580
291280
49559
3478518
2090492
1522793
1673133
2271223
1673133
232276
141303
104093
104093
141303
104093
1615350
700912
1218121
257111
19874
38001
16495
28656
6929
3130
168933
294367
128347
108792
8823
5268
9180
4256
5766
1946
258612
112220
195018
41169
5958
5795
5767
4461
5763
506
29435
51291
22198
18820
5765
3311
5770
3311
5767
466
569541
71472
1164012
71472
992426
3232634
337345
98710297
2490141
60087
337345
769879
1018855
43498
1018855
116802105
5547398
116802105
47368976
2249741
64301882
413195
17645
560900
351639735
37769471
10542189130
294014304
7631108
37769471
97789186
10617162
4606864
8006306
1689879
130579
265168335
15317371
3824260
4426267602
59268
3094788
20792845
35870802
2771781
252465
109547
190382
40185
3106
2437700
136814
15486
41444731
265
24371
185719
282415
21834
197045
197045
45512
11007222
11007222
2542023
4463967
6059694
1030914
79914
108480
18460
27199880
3698593
55590296
3698593
47395792
1118659
1949264
843571
715024
55252
20511183
1499960
2459
5375
23340269
2036149
1499960
17385614
1343407
39028
68007
29429
24947
1940
429486
28992
13
26
488724
39349
28992
364046
28138
88324
333874
442834
7035918
156569
53370
333874
70439
92998
256901
936764
35065
936764
207304
21366877
70574537
3000136
70574537
17954153
21366877
28621432
1216702
38852686
9884118
256901
379904
14224
515707
114128
6835144
23375170
30277652
445058783
11584365
4217613
23375170
5660688
7349190
1699775
737544
1281784
270547
20910
6835144
9479777
22832103
76919
186863397
1062
1710448
12868496
3116321
2695813
208316
39867
17302
30062
6359
501
88324
135409
333937
382
2954116
11
21650
183810
38788
34124
2645
529093
79195
20687
544538
529093
122190
948857
11839394
1774161
543638
12184994
11839394
2734206
21232352
4801454
976711
220475
6708081
12184994
6517822
1108854
11688832
214574
43601
8392
299779
544538
291276
49557
522365
4125597
4125597
7188853
193452
337090
145881
123649
9560
58
3111075
131
1732182
3733556
2271223
1673131
4125597
2271223
1673131
2636998
203781
3957606
9221
16067
6956
5901
465
5
193549
5
107764
232275
141299
104089
256663
141299
104089
164057
11137
246213
2355
35227
23763
2386
9589
6355
2592
961483
2703061
2354
2354
2354
2354
2354
6028
2740657
14902382
14071
56147
5157
846
42358
5654
2130
4264
765
26546
84330
10767
82482
81886
82947
343160
30396
81329
7208
1993672
139381
559647
51147
3988
422037
30428
2814
258773
12332
54917
40456
5009
1386643
1097393
11468
2651
6315
4652
2355
7532
3167
44434
10960577
56381
20684
42516
1723
2765
5680
764
2355
2354
26174
7623310
6159203
80700
181887
113413
9289
80700
80700
80700
81432
80789
976538
49211
2725251
12830
80700
72011
18496
301
45949
80700
80700
80700
57098
42066
9718
80700
80700
3141935
14984422
20712
15261
337275
837910
211711
850186
77663
6008
641119
4987
20003
2097
946
15086
88914
32863
67553
2667
2777
1743
2244
587
299761
37617
612640
232547
1130990
31625
80700
33592
543
22893
80700
93107
1053060
81854
577525
427334
9286
80700
80700
7622922
47743710
98883
340773
2283199
89382
1144485
1441348
510424
39445
1172777
2796041
837216
36018589
82957
187321
144602
1588015
1256947
49209
33090
132877
12141
944
100203
85306
6596
1130777
12827
80700
72009
23364
18493
301
80700
23955
94726
80700
81153
80759
80700
57095
42061
9716
3693976
80700
12615663
588769
215972
443987
16692
1356010
2833872
405777
80700
80700
8774457
6945173
20546
7542
15495
588
109959
226048
8499
20710
15258
426107
337271
172664
1247612
1078020
44372
44358
44372
840287
5236191
840287
6028685
5236191
100804
100804
100804
100785
100804
6994
5310
2357
22549
14149
212614
2741
2355
2355
7379
4828
73103
2489
960766
1935553
2354
2354
2354
2354
2354
15934
2354
2354
2354
2354
5609
6178
3286668
18231117
69433
69642
74965
279661
29155
25358
2158
27500
210891
1390631
16577
16577
1373773
5929
12503
6964
854
765
81986
14992
82216
1644431
45770
36750
6081
81429
81093
1220950
50780
50949
55143
214641
67258
21084
70050
859551
8
5524
926
1421674
1421674
687487
689555
747855
1158439
288651
252944
19697
274327
1151564
21323
18688
1447
20228
161859
18202
14616
8553
38566
28411
348590
8
4080
512
996584
970312
996584
6449
7332
2354
111713
2355
2355
4037
2976
2355
45307
1349948
5552
2366
34300
8
34300
6462
13358435
9535448
161094
8629326
59095
124688
67639
1575
4692
1335088
2234
4589
2336
499
764
2354
2354
2354
2354
15580
8
21146
6462
9270666
7233636
81002
80754
80700
149225
95901
106603918
80700
80700
8538
80700
80700
1413179
7104547
52750549
49336313
80700
80700
80700
80791
80700
34795161
968964
37232
1959908
52813
42407
14177
80700
80700
1315902
2604834
19860033
18945899
20352
334
50552
80700
80700
80700
80700
80700
13467116
54299
43601
80700
80700
21373
1413179
154068
1178438
1123427
80700
80700
80700
80700
4832675
3743903
17884138
80700
60428
40322
32376
1058135
131672
960120
960119
960120
1370635
1084271
1082983
1138332
1167804
455245
397260
30702
427621
1152837
18118
18172
19559
72950
7610
6670
1742
7179
55015
91502328
263229
263229
83835611
96560
198501
110524
7566
2376
3572833
6874
6874
3233327
2524
5184
2888
1740
230
108243469
1130652
80700
1413179
131672
34550
8
960119
167775994
6460
960119
268918
270882
320536
1130687
80700
34948
80700
1811312
3787903
8
960125
960166
25546945
4448695387
9
36960
603
36960
80700
21041
80700
4657557
10173496
159872
631742
67724247
11673533731
741782
85504
872550
425955121
200556
157784
80882
480978
354320
172759096
80700
80700
8534
80700
80700
1892782
10173496
29424
265248
76472340
67724247
6477172926
6225080
6267932
7152609
41895172
274553
89714
285970
141034742
8
925
1636574
67620
1636574
1892190
1897883
2042514
7619985
1161461
1157466
208516
1159535
5746162
2613676
2261723
676789
2624783
31591553
89269
86527
81104
157702
118262
56852460
8
511
1215054
1140856
37228
1215054
135779
136186
146597
546886
57009
49958
3868
53777
412402
112911
99367
7398
117581
1130656
52811
42404
14175
80700
80700
1315900
3787903
5
250979
676248
29043868
25546945
2472503688
6
25711
20350
332
25711
80700
80700
52694
2171848
208762
575142
152143
1522245
266004875
81925
84630
80700
53709879
80700
80700
80700
80700
80700
21792298
54297
43597
80700
80700
21372
1413179
208762
241483
28003
1637503
1522245
146547156
763349409
4421008
80700
19523926
8
6462
15032713
93244683
1150476
85411792
743015
1145460
850458
10247
57417
690811128
1619594
3329504
1880142
498
483519
80700
80700
80700
80700
7735475
8
6462
10455567
8275808
3572718
72479
3233224
26592
54657
30433
228
2058
56304133
463356
952547
530359
7
26447
80700
60427
40320
32375
1058131
131672
34551
34551
8
473275
960119
960120
960119
99905253
6462
960120
960120
2354
35224
23759
2385
9587
6353
2591
961480
2703060
2353
2353
2353
2353
2353
6027
2740657
14902382
14066
56144
5155
844
42355
5652
2129
4263
764
26544
121247
10765
102793
96842
82946
343158
30394
90306
4436005
371487
7206
1993669
139379
559645
51145
3985
422035
30426
2810
258772
12326
54915
40454
94810
1862511
3190
5008
1386639
1097391
11465
2650
6312
4651
2354
7529
3166
15142
44432
10960577
56379
20681
42515
1721
2763
5678
763
2354
2353
762
762
6358
26171
7623310
6159203
83258
1188443
747106
9288
80700
80700
86806
383942
241607
976536
49209
2725250
12829
80700
72010
18495
300
45948
107546
83478
80700
57097
42064
9717
80700
80700
3141935
14984422
20711
15260
337273
837909
211709
850185
77659
6005
641117
4984
20001
2095
945
15084
88912
32861
67552
2664
2774
1742
2241
586
299760
37616
612639
232544
1246372
31624
80764
33588
22401317
540
1027822
22892
88193
373243
7858745
164547
4326395
3187106
9285
82276
81072
14473365
90687916
513440
2541226
2283197
2392444620
89381
66723612
1269710
2738167
510422
39442
2064827
5309086
837209
68386935
215696
1398995
1030592
1588011
1256945
1160308
1004497261
49208
31193
33088
132877
12137
942
100201
85305
6594
1192887
12826
80700
72008
23362
18492
8151
9405468
298
140
80700
23953
627057
144813
345207
258178
84092
57094
42060
9715
7014851
209713
12615663
588768
215971
443985
16690
2573171
5289835
405775
116248
94750
1297
2833
5296841
8774457
6945173
20543
7539
15492
587
109958
226047
8498
20709
15257
7
15
257226
426106
337270
17036
16881
16892
419256
1247612
1247703
21771
20032
20032
77721
44371
44371
44357
44371
44371
19966
19881
19966
19966
19881
19966
2033601
6029877
2033601
6028685
6029877
100802
100802
44573
100802
57888
47072
57888
57888
47072
57888
100802
100802
44573
100783
100802
6992
5308
2355
22546
14147
212611
2740
2354
2354
7378
4827
73100
2487
960764
1935552
2353
2353
2353
2353
2353
15931
2353
2353
2353
2353
5608
6177
3286668
18231117
69431
69639
74962
279660
29152
25355
2155
27498
210889
16575
16575
21432
5926
12500
6960
853
764
19396
97206
14989
99209
1768629
128
166241
108837
45767
36747
6079
92104
81234
1220949
70
166241
108837
50778
50946
55143
214639
67256
21081
70048
859550
1604514
8
2354588
163732
5813379
5521
925
1421672
1421672
34
47296
33423
687485
689554
747854
1409641
288649
252941
19694
274326
1340961
21321
18687
1446
20227
161858
18200
14613
8550
38563
28408
348589
14087
8
47399
1189363
1562
1180103
4077
511
996583
970310
996583
34
47296
33423
6445
7329
2353
111711
34
18998
2354
2354
4036
2975
2354
45305
34
18998
5550
16757
2365
34296
11343
11343
5228
3475
8
11343
11343
28796
34296
6460
13358435
34
7972
11343
161092
205849
59092
124686
67637
1573
4689
186288
2231
4587
2332
498
762
15165
2353
2353
2353
2353
15576
11343
11343
5228
633
8
763
3286
4845
11343
762
762
4764
5255
21143
6460
9270666
7233636
34
7972
11343
382852
26750
268803
132268
9243
92615
294514
215012
81086
996433
624123
112990262
80700
80700
8537
80700
80700
1422042
8122450
52750549
52768531
109739
90564
82474
327474
205033
37181649
968962
37230
1959907
52812
42406
14175
80700
80700
1315899
3008924
19860033
19866828
20351
333
50551
80700
80700
109180
81025
80700
14264193
607976
47180
426866
54298
43600
80700
80700
21372
1413179
3183629
161668
54727
1178436
1178842
1178842
80700
80700
80700
80700
5062388
3743903
17884138
210963
45099
148120
80700
60427
40321
32375
1058134
2012770
131672
44573
960119
960119
960119
1370634
960119
1084270
1082982
1165755
2131087
455245
397258
30699
427621
1607033
18115
18169
19556
72946
7607
6666
1741
7176
55010
278917
40884
278917
278917
40884
278917
263225
263225
1226133
96557
198497
110520
7563
2374
1224085
6870
6870
77129
96783
13925
96783
2522
5180
2887
1739
228
69800
96783
13925
96783
1204761
1130650
80698
1413178
131669
840
44570
34547
4271
631
5
495293
6457
163145
960118
31
4106
2609129
268915
270879
320534
1223333
80701
34947
80702
1906163
6888666
94264
8
9080631
8
1429874
987698
1003909
36956
29162399
600
999441
36956
29049613
34
8975
6046
81310
21040
81866
4949968
19999422
159868
631737
76487465
34
30852
21031
5424328
280891
6359444
457948736
1281
6126490
4264990
1467824
1178542
127083
3501130
2579161
185720649
705
6126490
4264990
80700
80700
8533
80771
80705
2007454
19999422
29423
265246
42107871
76472340
76487465
34
30852
21031
11620021
11700011
13578871
79529338
1988762
398471
2080152
150717735
18719258
47
923
1636572
2098400948
67620
55416308
1636572
321
1738191
1207029
3593888
3604700
3880216
14475880
1508938
1400465
208514
1423332
10916130
4878808
4291770
676785
4980970
59972353
540804
432097
163280
1148569
846111
61123426
177614
13
509
1215050
1140853
959791
881039414
342556896
37226
14305
1215050
176
1738191
1207029
135774
136182
146592
546884
57007
49955
3865
53773
412400
112910
99366
7397
117579
1169517
52810
42403
14174
80700
80700
1315897
6888666
861
4
2155423
5
2218
250977
676245
25706
20347
4336
12244191
16054480
4760663
330
62
25706
15992389
29043868
29049613
34
8975
6046
80700
80700
52693
2324927
2392793
225340
76838
575141
152142
1637825
34
7414
469571
533968
123315
57680329
112
682473
127066
103207
293960
216550
81352
23392199
61
682473
426861
84694
426861
426861
84694
426861
54296
43596
80700
80700
21371
1413179
2392793
225340
76838
241482
28002
960119
1637501
1637825
34
7414
9359614
8358835
181608
20481194
3964816
1715845
238661
36491
8
6460
15032713
35
229444
34863638
1420063
1332902
1399517
743012
1282917
850456
10245
57414
8470204
3066168
6303322
3509559
497
483518
101561
85514
81345
80700
8306127
3964816
1715845
238661
633
8
6460
986270
4354100
5858012
781
1722
6311669
10455567
8275808
2454039
15032713
34
229444
34863638
77127
72474
148117
56383
148117
69798
26588
54654
30430
227
2057
148117
56383
148117
1204762
463354
952545
530358
6
26446
80700
60425
40319
32374
1058130
1413179
131672
843
843
44573
34550
34550
4274
67
8
317371
495295
6460
10
94231
82745
753754
960119
9
473274
15
960119
960119
960119
417974
960119
960119
34
4108
2609129
2354
35224
23759
2385
9587
6353
2591
1318765
7239250
2353
2353
2353
2353
2353
6027
7286728
40000023
14066
56144
5155
844
42355
5652
2129
4263
764
26544
189542
10765
171088
165137
82946
343158
30394
99750
7206
5295156
139379
559645
51145
3985
422035
30426
2810
258772
12326
54915
40454
5008
3682894
2915091
11465
2650
6312
4651
2354
7529
3166
44432
29258051
56379
20681
42515
1721
2763
5678
763
2354
2353
26171
20349587
16107139
151553
1905882
1165373
9288
148995
148995
1318762
49209
155101
615935
376859
7239250
18495
300
12829
97750
72010
45948
180509
151773
148995
57097
42064
9717
7286728
148995
148995
40000023
337273
20711
15260
837909
211709
850185
77659
6005
641117
4984
20001
2095
945
15084
88912
32861
67552
2664
2774
1742
2241
586
299760
37616
612639
232544
1378887
31624
149059
33588
540
22892
156488
442024
9306960
232842
5123666
3774428
9285
150571
149367
15823497
99147642
608057
3009525
5295156
89381
1391487
2993594
510422
39442
2257442
5804338
837209
74766338
283991
1656803
1220510
3682892
2915088
49208
33088
132877
12137
942
100201
85305
6594
1283001
12826
97749
72008
23362
18492
298
103706
23953
877071
215865
482845
360176
152387
57094
42060
9715
7669224
300486
29258051
588768
215971
443985
16690
2813207
5783292
405775
184543
163045
20349587
16107139
20543
7539
15492
587
109958
226047
8498
20709
15257
426106
337270
2877446
2878263
44357
44371
13984399
13981634
13984399
52517
100802
52517
17213
28913
100783
100802
16696
52517
6992
5308
2355
22546
14147
212611
2740
2354
2354
7378
4827
73100
2487
1197887
5191095
2353
2353
2353
2353
2353
15931
2353
2353
2353
2353
5608
6177
8682802
47663678
69431
69639
74962
279660
29152
25355
2155
27498
210889
1925619
16575
16575
1742714
5926
12500
6960
853
764
165501
14989
167504
3010609
45767
36747
6079
118637
81234
1220949
50778
50946
55143
214639
67256
21081
70048
859550
5521
925
3795514
3795514
687485
689554
747854
1542156
288649
252941
19694
274326
1473476
21321
18687
1446
20227
161858
18200
14613
8550
38563
28408
348589
4077
273
511
2639863
2089511
2639863
6445
7329
2353
111711
2354
2354
4036
2975
2354
45305
1505604
5550
2365
34296
34296
17550
34863638
18494825
161092
16737323
59092
124686
67637
1573
4689
1362523
2231
4587
2332
498
762
2353
2353
2353
2353
15576
21143
17550
17550
24248390
19193126
446764
322825
149381
1611690
984345
193527326
132181559
132230498
122296
98193
8537
148995
148995
2091838
1197885
37230
178034
158859
150769
530759
326119
63692719
5191095
50201993
50220579
20351
333
52812
42406
14175
112656
82990
1315899
50551
148995
148995
190548
149320
148995
24375479
3035065
3036188
54298
43600
125611
92534
21372
1514674
8682802
148995
148995
148995
148995
8655271
47663678
2008658
2009237
1004994
82027
60427
40321
32375
1058134
3568488
1084270
1082982
1165755
2329883
455245
397258
30699
427621
1756944
18115
18169
19556
72946
7607
6666
1741
7176
55010
193674278
263225
263225
175270050
96557
198497
110520
7563
2374
6929818
6870
6870
6271316
2522
5180
2887
1739
228
234200926
1263166
26
7452
160832
1345870
2609129
455932247
17548
148992
2609129
268915
270879
320534
1355848
28
3274
160838
1363727
1610630
67371414
11772817739
8
148996
34947
148997
3244722
36956
600
36956
159868
631737
177388547
30997761645
149605
21040
150161
8425969
6602093
355833
7852641
779532617
1786528
1434435
195378
4323035
3184630
316138669
29423
265246
177353470
177388547
17064884403
122295
98192
8533
149066
149000
3417143
12703982
12791434
14845562
86948149
923
2472049
491543
2586380
256555770
3795512
67620
3795512
3929140
3940961
4242178
15826248
1649697
1532980
208514
1556106
11934430
5333923
4692124
676785
5445614
65566810
272
509
668937
537101
231575
1423853
1048903
104045934
2639859
2089505
37226
2639859
135774
136182
146592
546884
57007
49955
3865
53773
412400
112910
99366
7397
117579
1302032
11
1328
149999
250977
676245
67358091
67371414
6481170354
4
5
52810
42403
14174
112654
82988
1315897
25706
20347
330
25706
1345871
575141
152142
4073078
711750015
148995
148995
52693
3957554
730880
830949
194888
98185003
199388
171502
457544
336990
149647
39818829
617882
1167362
346162
1345871
241482
28002
4072272
4073078
391832810
54296
43596
125609
92531
21371
1604984
1629674493
9138580
17550
283058
34863638
193674162
1465417
175270011
743012
1415432
850456
10245
57414
1474812533
3352193
6891320
3836945
497
483518
17550
17550
169856
153809
149640
148995
24248390
19193126
14138913
6929596
72474
6271118
26588
54654
30430
227
2057
109438516
463354
952545
530358
6
26446
6
3025
111864
391202
740930
215662
1345871
473274
1095475
2608614
2609129
250999873
5115
9663
82025
60425
40319
32374
1814704
1436378
1058130
417974
2351
35223
23759
2381
9585
6353
2589
1318763
7239250
2351
2351
2351
2351
2351
6025
7286728
40000023
2351
14266
9187
2351
4885
3160
1475
93552
232412
2351
2351
2351
2351
3740
3740
2351
2351
2351
2351
3740
3385
3385
1100261
2969764
14064
56142
5151
840
42353
5651
2126
4261
761
2366
9075
1140
761
6865
1193
837
1040
761
26543
409838
10764
225624
166209
10287916
371486
82945
343158
30393
99749
7202
5295156
139377
559644
51141
3979
422033
94809
4319508
3188
30426
2809
258772
12325
54914
40453
5007
3682894
2915091
11463
2647
6311
4649
2351
15141
7529
3162
44430
29258051
56379
20680
42514
1718
761
761
6357
2761
5677
761
2351
2351
26171
20349587
16107139
8223
120182
62837
42875
3334
66162
48739
62837
23603
257035
7690
4097
17517
10657
36268
17860
12112
2413
169928
22378
89660
8259
1025
67648
2222
107919
560
1502
761
13209
4322
19966
14708
17860
7328
1472
118188
93549
4741
2351
6661
2351
3740
7763
2610
2351
2351
3667
6661
2351
3740
4274
761
761
2351
3209
2351
2351
3740
3385
2171368
9152
3361
6929
803
30
69
761
761
761
761
2351
2351
3209
3209
2351
2351
3740
3385
3385
1510232
1195384
1184075
27070032
15261776
9287
295211
217473
1318760
49208
1600665
8753445
4935092
7239250
18494
297
12828
97749
72008
45946
2551031
1672618
542587
57096
42062
9716
7286728
1071657
789453
40000023
337272
20711
15259
837907
640369
16356340
9221518
7486
271427
199951
93549
1472
900237
5417424
3054282
232407
1032
19
11394
96742
71270
2562
514060
116040
1597198
2743895
1689983
583608
22948
4417
157781
153306
112937
26083
1830799
1100259
801470
1100259
1195381
880596
2969763
122250
74369
54785
74369
74369
54785
184759
211708
850184
77658
6000
641116
4979
19998
2090
942
15080
88910
32858
67550
2661
2770
1738
2236
585
33893
136111
12432
1797
102640
1738
3046
1738
150
2345
15490
5682
11681
1738
1738
1738
1738
139
299758
37614
612638
232539
1701386
31620
177550
33586
51952788
538
1310600
22888
536239
2919683
61474792
1184074
33843096
24931040
9282
295210
217471
29536868
185073545
4016372
19878669
5295156
5548520594
89377
154744370
1391486
5587980
510421
39440
4213845
10834645
837206
139562281
1628835
10943602
8061774
3682892
2915088
2012768
2329614527
49204
31191
33088
132876
12137
937
100200
85299
6591
1283000
12823
97745
72005
23360
18490
8149
21813016
296
138
103704
23949
5793274
1337907
3189313
2349456
542586
57091
42057
9712
14315726
1946628
29258051
588768
215970
443984
16688
5251261
10795359
405771
1071657
789453
1294
2828
12284352
20349587
16107139
20539
7534
15488
582
109956
226045
8496
20707
15254
5
11
257223
426102
337269
46482
21274
28084
175723
233070
1871
3703114
29
82400
135210
62611
18450
493034
11245724
5422986
1579019
37144493
11245724
2985462
640369
20448782
15063911
135210
34468
7482
271425
199949
3597444
1709790
2219796
12302721
15935606
169925
234241465
2669
6097034
222772
894618
81716
6314
674623
3597444
941273
814260
62918
900236
6772892
4989356
12016896
118186
93547
40482
98349156
1469
557
5224
20980
1916
148
15821
46482
11711
10302
796
11389
96739
71264
175756
1301
1030
200
1554798
16
2
278470
64310
41680
10885
286599
6231260
1439055
933769
286125
6413155
3430432
2527081
583607
514058
116037
3530569
6413155
153303
112933
26080
22946
4414
157778
286599
2171367
101816
37347
76778
2885
796495
28
1637408
66
911675
61546
1965029
1510231
1195380
880595
2171367
4849
1778
3656
137
49551
0
101867
0
56717
3362
122249
93955
74367
54783
135086
6097
4201
101
4240
4202
101
16889
16878
17033
16692
3650
16692
2877445
2878262
20027
21765
44354
44368
44368
77718
242954
243031
16770
16837
16692
16692
16692
23774
19961
19876
19961
19876
16769
3794
16769
3794
13984399
13981634
13984399
52515
100800
52515
57885
57885
17210
28910
100780
100800
16694
52515
682863
682728
682863
16689
9776
6225
99
16689
16689
175472
77725
101
122044
31817
101
19866
19866
16692
16692
9779
6228
101
16692
16692
16692
16692
6990
5307
2351
22546
14146
212610
2737
2351
2351
7374
4824
73100
2485
1197885
5191095
2351
2351
2351
2351
2351
15931
2351
2351
2351
2351
5605
6175
8682802
47663678
1519
7093
2356
3345
2546
2351
11283
7093
1519
2411
2351
2351
2351
2351
3652
2411
1284
78090
194002
1519
2351
2351
2351
2351
2397
2351
2351
2351
3740
3740
1519
2351
2351
2351
2351
2351
2351
2351
2351
3740
3385
3385
1222484
6184872
69430
69639
74961
279659
29151
25354
2151
27497
210888
16574
16574
21429
5923
12498
6958
848
761
19393
4809
4824
5150
18899
2053
1761
761
1943
14252
1661
1661
1630
1630
2870
1661
1661
848
1270
890
761
761
2653
169131
14988
188804
3010609
17714
1624104
1050914
45766
36747
6078
118635
81234
1220949
9918
1624104
1050914
5460724
163730
50777
50944
55142
214639
13482298
16010189
67256
21081
70047
859549
5031
437814
299290
5518
922
3795514
3795514
687485
689553
747853
2790008
288649
252940
19692
274325
2103920
47397
2292752
1559
21319
18687
1443
20227
161857
2200939
139246
18199
14612
8549
38562
28407
348589
3508
437814
299290
4075
271
509
2639862
2089508
2639862
6444
7328
2351
111710
3209
156930
2351
2351
4034
2972
2351
45304
3209
156930
11342
11342
5549
28795
34295
2363
34295
3209
46681
34295
16757
289711
34863638
161092
205848
59091
124686
67636
1569
4686
186287
761
3285
4844
11342
761
761
4762
2231
4586
2330
497
761
5253
2351
2351
2351
2351
2351
15575
3209
46681
21143
15164
84419
159492
24248390
19193126
16744
15110
76904
64880
5070
76904
75771
37618
25102
2732
16744
2466
31188
17556
14096
2384
42337
31188
12369
37618
13819
25102
151314
4970
2259
2267
2472
11507
343533
398509
4988
14505
21039
21182
5834
21039
20727
10543
6956
2323
4336
12582
34553
141841
2323
141841
46505
46645
51370
188491
19648
17217
1429
18843
142139
1347
63531
334
948
949
761
1033
8677
59251
3133
1213
4988
2536
8956
5732
4602
2719
12158
8956
3551
10543
3857
6956
1281
1323
5102
24033
98655
78088
681
1281
98655
6758
1519
5651
4969
5651
2351
7938
2351
3740
9252
6096
4200
4200
676
6758
1519
2351
2351
2351
3111
2351
2351
2351
4370
7938
2351
3740
5093
4240
4200
4200
758
758
758
758
758
1968
2348
2729
1516
2348
2348
3206
2348
1968
2348
3737
3383
4197
4523930
15346
15346
15346
21743
15346
15346
5629
12066
6443
761
808
19677
761
761
761
761
761
25
51
761
761
761
761
761
761
761
30
761
1970
228
228
2732
1519
2351
2351
2351
2351
2351
2351
3209
3209
2351
1970
2351
3740
3385
3385
3385
4200
4200
4200
1318220
3146489
2490514
268799
26745
382847
92612
9239
132263
38705
3647
55127
18447
1738
26274
5161841
3490278
923990
22840032
12876950
193527326
132181559
132230498
122293
98191
8536
296694
218564
2091837
1197882
37230
1932769
1306879
1316723
7522693
4241208
63692719
5191095
50201993
50220579
20349
331
52811
42405
14174
112653
82989
1315896
50550
1089155
863553
2778896
1692976
591053
24375479
426862
607974
3035065
3036188
54297
43599
125609
92533
21371
1514672
3036188
5801226
8682802
1224345
901933
601809
483206
8655271
47663678
148116
210959
2008656
2009236
1004992
82026
60427
40320
32375
1058132
3568489
2009236
3716145
1098450
429691
3399403
2298572
552561
15072294
8497587
146640
40902
15562537
15568298
207078
166266
13761
503289
370757
465367
78088
1279
1336202
997141
819903
5209020
2936786
194000
103777
11054877
11058970
3872
63
169951
135465
42796
363471
267758
9618
419059
293480
834473
169901
2596257
1179640
927058
4460220
2514621
948660
62674
89265
216839
59465
104064
19571
759738
1379764
1380036
318539
255761
737973
543640
121203
1380036
1965565
2798180
1222481
859016
302435
1222481
2198627
1573353
1010295
794301
6184872
30001
42730
1639122
989949
724438
280667
1812798
1813160
989949
1966093
1438774
947910
753925
4969538
1813160
3601038
1084268
1082979
1165754
4349068
455243
397256
30696
427619
3279592
18109
18164
19552
72943
7603
6662
1738
7172
55006
278913
40881
278913
40881
263224
263224
2155614
96555
198495
110517
7559
2371
1950774
96779
6865
13921
6865
77124
96779
2518
5177
2882
1738
13921
227
69795
82264
82511
89375
333453
34645
30458
2466
32912
251454
1787
1788
1817
6078
1738
1738
429
1738
4583
40215
3789
40215
3789
31013
31013
288192
11376
23387
13021
1738
831
260806
288192
18442
1735
1735
29997
18445
1738
1738
1738
851
1738
19
27147
29997
35217044
268909
270875
320528
2092140
59
5
195147
34942
204623
11952774
3978
3271
215657
1363723
1610626
883886
407470
3244722
36953
67632985
597
1541873
36953
67371414
451919
21036
538926
11558
159864
631732
2382111
1110632
8425969
177388547
43608477
2278368
51868657
1581418
239470935
117803497
779532617
11800463
9474803
923990
28554727
21035281
870602
239470935
117803497
316138669
122289
98188
8531
296689
218561
6362
29420
265240
2382111
1110632
3417143
97655923
177353470
177388547
23713837
23877078
27711409
162301410
920
16328500
3246764
17083688
488008
75910856
36932846
256555770
3795512
4866579054
67616
128520647
3795512
7334314
7356379
7918645
29542002
3079401
2698450
208512
2904699
22277355
9956546
8758534
676782
10165034
122390021
268
506
4418495
3547689
1316722
9404910
6928272
268658
75910856
36932846
104045934
2639858
2089505
959788
2043292995
3661082
794452661
37224
14303
2639858
135773
136181
146590
546884
57006
49953
3860
53772
412400
8359290
112905
99362
7394
117575
1577663
9
1
3
52806
42399
14170
112649
82984
2213
2190
1326
149994
250972
676241
883886
407470
1315893
25702
20343
4334
28396539
37233304
17538
11040857
329
59
25702
37089303
67358091
67371414
200641
228157
52691
29649
2120470
3957554
575139
152138
4073078
5549660
6310744
1457412
917698
98185003
101051093
1501739
1205773
3474190
2559316
591052
505211
39818829
101051093
426861
426861
54293
43593
125605
92529
21368
16322
617879
1167361
346159
2120470
1604982
241479
27998
2242310
4072272
4073078
18153779
17058494
289707
2223977
309363
34863638
2155614
2025558
1950774
743010
1527455
850455
10242
57413
16428692
6257357
12863656
7162218
494
483513
84417
159489
1224343
901931
601808
483203
170310
1343195
10097962
13585813
775
1717
14637926
24248390
19193126
14138913
7347
5691371
34863638
77124
72471
148115
69795
26583
54650
30428
225
2054
148115
317368
598450
1218061
463351
952542
530355
3
26443
4
5113
9660
82023
60423
40317
32371
7
94229
10331
3022
2155
22193
111862
391199
740928
215659
1345870
82742
753751
1016736
5
473271
12
1095474
1814703
1436377
1058129
64
417971
2608613
2609129
46977
14911
65537
765243
249573
4138
114595
33920
914201
898249
250534
20885030
1976230
28718974
9939284
4631396
1362496
34228483
33659089
9468535
4355
1976230
7771360
6239764
9939284
2549675
4631396
552559
18843461
13881327
5494733
1545706
17
46977
2744
27516
207075
166264
249573
1321
63086
114595
13756
503286
370753
146636
40898
11497624
20880900
20885030
658117
8085
2007444
11288560
3308745
1545245
2021707
11829443
2385147
15492305
11633401
141838
236334444
2322
5722514
141838
569694
571408
615082
2294680
239193
209602
16196
225623
1730397
1211
658117
1319
842850
3054687
2452663
3308745
850688
1545245
741598
57304
819901
6512344
4797418
874914
967294
11682607
8091274
1899113
98651
78084
20567
99227919
102373
38580803
676
1278
331
98651
15006
15051
16201
60442
6300
5521
426
5943
45579
4
32766
62
50251
135906
43982
169945
135461
174642
23073
44003
79931
38706
2426
42793
363467
267753
45866
50709
660350
451180
103773
84596
4889
3870
424
3500606
157
6252229
8199069
627
2375837
32
60
2
4889
8167358
14832786
14835720
8907389
10128954
6116462
3932591
2849345
2339194
1515785
418928
81357
10424626
2410341
1935306
5576191
4107787
1653517
4254127
1594858
465146
948658
834470
169895
13281
5738963
674
10424626
62670
62670
318537
255759
737970
543637
216837
559164
207610
59462
121200
79364
104062
8880
15403
19568
1335
402125
759736
20
223229
1379762
1380035
288192
105713
217322
121000
826
8168
260806
288192
166753
1310318
1762904
1659457
21
3411454
49
1899427
1318219
28
115321
4094037
3146488
2490513
1834675
1224176
982913
226
226
738516
9296
4523930
11003
22620
12594
16
850
27146
29997
