216
7485
45880021
45880021
216
7477
33180493
33180493
216
9699
39783852
216
7469
28857197
216
7469
1110031
216
1145
562383
562383
231
9506
46428870
46428870
218
8672
33577398
33577398
216
680
406719
406719
216
17550
40278027
216
15032
29129103
216
7469
1110030
231
7483
45880021
45880021
218
7475
33180493
33180493
283
9697
39783852
216
7468
28857197
216
7468
1110030
221
1143
562380
562380
2253
9505
46428870
46428870
937
8670
33577398
33577398
216
678
406714
406714
1170
25412
40278027
416
15028
29129103
216
7468
1110029
17565
107677119
107677119
17552
17557
77872184
77872184
22660
93412178
17550
17550
67555766
17550
1946324
1143
562380
562380
19587
107677119
107677119
18271
18752
77872184
77872184
409
678
406714
406714
51362
93412177
19155
30391
67555766
10841
17550
1407585
210654
107677119
107677119
74953
124578
77872184
77872184
3322056
93412178
1182016
1964606
67555766
2568527
75581
2568527
1857562
26894
44698
1857562
6547233
2329558
4734965
3871918
30461
1946320
1141
562377
562377
210652
107677119
107677119
74951
124575
77872184
77872184
406
674
406711
406711
3322055
93412178
1182011
1964602
67555766
10838
18014
1407580
16506
404
16506
2568525
75579
2568525
1857559
26891
44696
1857559
11937
144
239
11937
6547234
2329553
4734965
3871914
128581
261349
213712
281177950
31873787
283114213
7304761
1139412
133800364
1696902
1708588
23115
31133
807483
3434687
3511842
607108050
52366854
611288750
80273530986
8618267430
80826314875
630209889
42380800
38198684206
2503422
403834
288896332
306573912
308685058
1010548
1923712
145885199
3832
7384
2209818
582518
604710
794127
1330163
10372206
88223
398163
1789639
222399
589157
1349987
538838
652103557
73921194
656594108
16941089
1139409
310307738
1696901
1708587
23106
31119
807481
17686160
22517920
17686160
13316686
18764326
1954360
18893542
5331261
6664264
365155
35992
8929127
5331261
3941124
952204
1594943
723939
1868557
8361054
952204
943220
333187
1148442
4944575
74705
75220
311357
521524
1801991
2733132
2506713
14497
14499
35552
311357
308687
829122
1616324
2290164
1482424
51449410
17382225
230430990
2052290
1123858
6228919
192973093
76173458
43706526
6394888
2524293
1534841
7965673
8144611
1407995610
121448400
1417691425
186169132663
19987352654
187451140518
1461573038
98288897
88589798159
5805897
403829
670003910
711001480
715897617
1010544
1923708
338334700
3827
7373
3849160
67029509
4225103
68084685
2923223
2568723
9132227
8328016
1475414413
1493318197
1475414413
883121084
9132227
4925036
6648130719
613130759
6693911433
454602187
446953471
31496435
2253185
3163556440
454602187
264320112
129341
9855
32176963
2923223
1519095
2223959
3725132
5714569
2445334
25594343
123163955
206299625
211403251
124478406
946830302
123163955
122001827
125020018
57209030
559938133
2223959
2202975
3379491
1123851
15136026
38205483
38468575
40714248
68196365
312993225
26823
50252
18180328
40714248
40330083
285954505
185098472
143848555
135
232
285787
794127
786634
9476176
6133933
4766962
469100
2700273
178347
180308
1952842
81971
141295452
16016978
142268448
3670734
572569
67236364
852714
858587
11613
15642
405770
1725973
1764745
305079422
26315002
307180276
40338457782
4330787653
40616238631
316688386
21296884
19195318696
1258001
202932
145174036
154057242
155118119
507813
966689
73309145
1923
3709
1110461
32604
5935526
4565264
19281
5935526
4565264
106613431
11479246
6999280
107347598
237650741
8693
1806017
1368505
2212134
322902
204660
50732697
56873416
5140
1806017
1368505
594
245352
453
245352
774332
22617
779663
1127807
441
79693
2735271
6343598
9436
11798
6219
368471
471955
441
79693
798873
1132132
1217654
2735271
6343598
188620
2504
1902726
14015
587036
1956634
441
95944
469097
2700273
178344
34613016
80274241
13814362
304298942
21180035
3124164
91486133
307588768
306506928
3031
810402
441684
10156
2569283
1431362
2934779
488569762
302795036
1735574
488569762
302795036
6006
2569283
1431362
35603659156
3498864126
499839240
35848834981
772336
152553034
92837241
190872922
12011836
15940463
16942233834
8579168391
456745
152553034
92837241
197576
1125790
101484
65863
28058374
145367090
181902374
73610644
181262594
1792
810402
441684
441
268061
49133
25114774
29056
25114774
441
268061
163232377
1585604
164356436
13976
8191452
1337259057
3101350542
313757
642505
29133
77675193
39332981
8265
8191452
168406041
473683492
595304360
1337259057
3101350542
1627
188620
2504
2504
966
2105
6219
572629
572629
1110458
1157118
1085969
1956634
441
95944
180306
1952840
81970
3456579
12260614
15408592
34613016
80274241
6262433
178344
4528997
1498700
81970
292723
303874
399058
5212164
44332
200082
899316
111758
296059
678385
270773
327690230
37146328
329946788
8513110
572567
155933537
852714
858586
11608
15636
405769
8887517
6755544
8887517
3995105
9429309
982090
9494242
2679025
1999329
183495
18084
4486998
2679025
1182366
478494
363788
938973
4201535
282973
478494
167431
577106
2484711
37540
37798
156461
905523
1373433
1259655
7282
7282
17863
92607
156461
416644
812223
1150836
744937
25853974
8734786
115794467
1031301
564752
3130110
96971403
38278120
21963078
3213511
1268489
771276
4002850
4092769
707535482
61029347
712407751
93552327971
10043895806
94196553024
734458813
49391405
44517486512
2917536
202929
336685382
357287176
359747546
507811
966687
170017437
1921
3704
1934251
33683170
2123167
34213409
1468956
770636
4589059
2498467
741414278
448006659
741414278
264942948
4589059
1477547
3340769205
308105909
3363774589
228443310
134089393
15827354
1132253
1589726854
228443310
79298016
64994
4950
16169328
1468956
455740
1117567
2871642
1228811
12861479
61891435
106232789
62551963
475794122
36601463
61891435
62824129
28748256
281375946
660909
1117567
1698237
564749
7606043
19198735
19330942
20459421
157283028
13479
25251
9135843
12099327
20459421
143695731
93014307
72285706
65
112
143611
235996
399058
4761897
3082378
2395458
50417
256171
1143108
152376
407440
932449
372633
19464744
240199982
184747971
11511093
240199982
184747971
247256222
26622489
248958891
551155927
635938401
5794791
73086251
55380922
5130349
322900
117658489
131899949
19178677
3426933
73086251
55380922
561300
9928975
331942
9928975
774330
779662
1961970
2302264
176300
3225063
6343598
9433
11794
368470
471953
41357
108052
3225063
798873
2247027
2823964
6343598
2803032
6719061
5029642
214658
2803032
6719061
2974438
5029642
8024690
762882
8079950
18597097
21551887
859002
2077866
1538595
134217
14621
3818601
4465670
506132
61408
859002
2077866
914024
1538595
433589
500833
391540
1124346
5035710
25779
433589
296183
500833
180514
675141
2978026
35557
36346
91456
108247
144293
166583
386902
386902
1160505
1770237
1623163
7282
7282
17177
21886
22278
25779
144293
98535
166583
48775
137192
172236
386902
229047
92688
16776
543247
1047046
1483190
960069
67608
32998402
9885991
147792841
1677608
750489
9956729
133028219
52511049
30129596
22346116
8820223
5029363
944758
53399
4412774
2560588
4537797
118643
5593402
6262433
178340
80274241
169357167
705725405
49120410
402532104
713355118
710846132
1749086
34136491
18487892
5774539
107780229
59660402
1279951226
19908802140
12316548547
756939758
19908802140
12316548547
3414957
107780229
59660402
82571456162
8114511616
83140064147
387111420
6227697176
3781660534
442669533
27857665
39292166915
1289710894
19896674767
228930617
6227697176
3781660534
954521
1585273
101484
123454735
337133109
421865177
5329673
170716668
420381408
1034377
34136491
18487892
353866
15330871
54512451
1226675650
32237667
1226675650
209270
15330871
378566007
381172908
17456208
403424562
3101350543
313755
642505
180143108
2309751
91220442
10323282
403424562
390564690
1098559436
1380620673
3101350543
1622
268432
9568
53399
963
2101
785320
1267784
2144572
2683570
8550
1085963
4537797
70163
5593402
4528997
1498694
81963
8016445
28434716
35735488
80274241
29431763
56632958
32167013
1711519
32847571
32732041
295310
1205558
580099
626843
157091899
964749
3701024
229876
1927936
189184461
583574128
348711178
13723746
189184461
583574128
206221416
348711178
157091899
52289
964749
3701024
87606
1140146
1927936
3120382972
252025363
3141870720
58220788
184808691
109385319
11580156
821263
1484854625
34042188
751897181
3728095
58220788
184808691
64688478
109385319
99510
56632958
42115
2475
10074198
15523830
19425453
144071
7860920
19357130
15455
295310
1205558
221078
370703
626843
3103829
109813
1597275
6893214
2027337
40911741
67927475
135588911
70796028
607273961
40171067
230173
67927475
80184803
32537146
359130719
3103829
41850
944599
1251
1597275
4076521
931744
24194455
18982981
19455466
22725729
215765477
9869
19788
9194693
67173
4655987
13439581
71122
22725729
27172154
76428380
96051792
197126024
127599758
99163654
51635941
7778712
215765477
277
199830
15163
84627
2356264
64
116
267585
435945
456712
545512
387
188955
922437
451525
716386
400
1211378
1032484
292453
10190
1700503
12301324
16032010
1774526
6458794
23742796
33113283
21434242
16623618
7285403
86292
36244344
172952
96111
172950
172950
98075
172950
44341
58547
44339
44339
44339
44339
16329
26022
15717
24609
24289
14503
24292
14501
24286
22062
172952
172950
172952
172952
172950
172954
2273971
172952
172950
172952
1928851
315842
367624
245243
158572
59421
1928791
172952
172952
172952
818572
225071
158163
158163
46860
72694
93537
44343
60894
51067
51067
101997
25549
42795
22684
30699
25259
47282
44343
44339
44343
43295
24286
418967
172950
729289
172950
172950
172950
172950
172952
235440
172950
172950
172950
172952
172950
172950
159834
172950
48392
172952
172950
172952
56062
72139
56062
2273971
2787740
1859700
1183077
325291
56967
66308
44237
28152
8159
112805
188948
87591
80197
22069
4710
7889
4710
7889
7879
653129
121963
121963
1093992
2273971
172950
172950
172950
2571005
172952
172952
172952
1939606
194838
1939606
891423
173022
1133505
172950
172950
172952
195825315
624412
198803
624412
96795669
5900159
6867273
4581157
3810111
3699506
152047841
285700
172954
371505
41078567
11294075
647798
753984
502978
319998
87994
2273971
172950
172950
172952
1091092
299999
172950
172950
105269
172952
172952
172950
172952
172950
172950
159820
172950
48384
6769845
172952
172952
11339490
1282831
2148743
996054
911890
250730
5255190
172952
172952
172952
4812249
3808901
44769
74988
34767
31835
8769
507119
56058
72129
56058
464268
127650
172952
96109
172952
172952
98073
172952
44339
58545
44337
44337
44337
44337
16331
26019
15719
24609
24286
14501
24289
14499
24282
22059
234862
173347
234862
189320
172956
199709
2295990
178034
13010191
2237965
173408
178034
1928844
315834
367613
245235
158561
59421
1928787
172996
461021
6472702
37201
172956
173299
818565
225074
158163
158163
46858
72694
93537
44341
60894
51065
111274
51065
101997
25553
42802
22686
30709
25266
47284
44341
14497
14497
53720
44337
44341
43292
24282
6278824
638664
10898700
172950
172950
172952
2023175
652181
3520850
172952
172950
172950
228294
396680
172952
159832
172950
48390
172950
172950
172950
56060
72139
56060
2276526
2787729
1859689
1183062
325292
56971
66318
44241
28155
8156
112805
188948
87593
80204
22069
4710
7889
4710
7883
7876
653125
121961
1219151
121961
1093985
3442745
172952
44562947
2905690
172952
172952
2571000
235155
172956
235155
31076836
3167559
31076836
14282603
1455778
18378273
173441
172954
175816
400221568
10022500
4759290874
437088332
3235124
10022500
197915144
12084008
14064737
9382583
5968788
3699492
310750556
4606240
17146104
2249250747
2232709
1486830
5927123
83991170
23092101
647784
753966
502969
319981
87994
2673107
172954
159549
21060541
8879
172954
172954
1091089
300002
172952
172952
105267
1086772
1086772
328972
499469
642697
174457
159818
172952
48382
13835994
363514
25105169
363514
23175291
1282824
2148731
996046
911881
250733
10742907
177526
25139
54852
11864755
215980
177526
9835123
3812140
44771
74991
34769
31839
8776
507117
56054
93
204
576174
72127
56054
464265
127646
296498
96109
296498
296498
98073
296498
44339
58545
44337
44337
44337
44337
16331
26019
15719
24609
24286
14501
24289
14499
24282
22059
363600
296889
363600
312867
296498
323256
2484121
301577
296950
301577
1928844
315834
367613
245235
158561
59421
1928787
296541
296498
296842
818565
225074
158163
158163
46858
72694
93537
44341
60894
51065
51065
101997
25553
42802
22686
30709
25266
47284
44341
44337
44341
43292
24282
10749069
1092706
18645640
296498
195672
296498
3462163
1115899
6032490
296498
199372
296498
391309
678937
296498
159832
205656
48390
296498
296498
296498
56060
72139
56060
2395130
2787729
1859689
1183062
325292
56971
66318
44241
28155
8156
112805
188948
87593
80204
22069
4710
7889
4710
7883
7876
653125
121961
121961
1093985
3797511
296498
296498
296498
2571000
368189
296498
368189
48111447
4903841
48111447
22111540
2253756
28452230
296986
195678
299359
441463375
15516283
5008441
15516283
218309792
13329234
15514072
10349434
6583857
3699492
342772604
7131128
2301829
9176046
92646245
25471683
647784
753966
502969
319981
87994
2948563
296498
199370
296498
1091089
300002
296498
296498
105267
1750011
1750011
529739
804287
1034924
298000
159818
205648
48382
15261758
586474
586474
25563445
1282824
2148731
996046
911881
250733
11849936
301072
347094
301072
10848607
4213690
44771
74991
34769
31839
8776
507117
56054
72127
56054
464265
127646
270172
270172
452538
931277
96105
1618938
299871
98066
521328
44335
58541
44337
44337
44337
44337
229222
44337
398350
75749
44337
131057
44335
44337
68350
68348
44337
44337
44337
44337
68350
62507
62507
44337
44337
16324
26012
15712
24607
24289
14507
24299
14505
24292
22066
14562
24292
14517
24292
24289
14497
24282
13844
12683
7876
5464899
805373
5464899
2511613
370141
3319620
30173035
3104839
2484120
1707987
800824
1707987
1928842
315830
367600
245226
158548
59397
461017
15011392
37196
1928786
784973
368050
1010072
818561
225051
158154
158154
46856
72687
93529
44339
111268
60887
51065
51065
101985
25542
42783
22671
30691
25257
14499
14497
53712
47274
44339
44337
44339
43285
24282
1214579
772864
139961
1214579
905279
558208
772864
64325
718279
535365
1003551
85269
152085
375766
232358
136841
375766
84924
262273
53563
69052
44552
41970
27788
19558
481658
14497
118086
172699
232358
62891
222222
36040
24282
156212
64074
88300
44337
68350
101113
64074
44337
147902
44337
88300
44337
68350
68346
44337
44339
99814
14495
14495
44337
59592
44337
68348
62509
44337
24279
99817
15344
25702
15064
24638
24289
529
1227
14493
14495
44337
59592
44337
68350
62507
62511
44339
44337
24279
24279
99817
185482509
18905622
324578213
2543314
195672
3272629
59819425
19308884
104678776
825003
199372
1061578
6746763
11806247
2818426
159830
205654
48388
2823296
3956578
2823296
56058
72135
56058
45792289
3610879
80132512
742766
38990
955759
15094499
3706575
26414056
255912
40910
329284
1685133
771121
3105943
3189165
5580760
1729708
74742
17080
337289
255368
328592
77307
3411158
2051880
1498958
1985903
2555376
1985903
245601
158981
123551
123551
158981
123551
2395126
2787719
1859687
1183051
325267
56961
66302
44231
28148
8166
112792
188927
87579
80187
22063
4712
7893
4710
7886
7886
350220
407630
271927
172997
47572
8225
9583
6390
7893
7886
17828
29862
13840
12682
7886
4710
7889
4708
6879
1896
653122
121967
1219149
121967
1093980
7761233
1795067
103349699
6738832
433765
1795067
2570987
5533862
425725
5533862
723112535
73704482
723112535
332335286
33873842
427635535
2543307
195662
3272625
902248845
233208923
11037673855
1013688507
75276618
233208923
446174630
27241867
31707168
21151846
13455878
3699490
700547778
107180487
39764979
5216427578
2391840
34596380
137915494
189347458
52058218
647782
753963
502968
319968
87971
6026181
824994
159543
48843282
8872
199362
1061570
1091074
299987
347732
347732
105272
26302583
26302583
7961955
12088404
15554866
3659235
159824
205649
48384
31191498
8814674
58223521
8814674
52245760
1282824
2148731
996044
911877
250707
24218523
4051136
25129
54843
27516557
5212837
4051136
22172040
6095866
44759
74971
34756
31819
8759
507114
56058
95
202
576172
72129
56058
464263
127653
147288
556781
738486
7366607
261092
88993
556781
112920
149064
458449
1616127
84810
1616127
375732
71029405
178523455
14077188
178523455
63652106
71029405
82047594
6469734
105575508
37642692
458449
742755
38984
955748
222204
22394648
58846634
70447219
465976623
34122453
14450265
58846634
19277995
24204194
3983364
4636290
3092868
1967547
540947
22394648
27045324
54698483
793703
220221519
50192
6641197
34800823
11400654
10271769
2824067
93421
108741
72537
46152
12701
147288
255897
573395
3815
3481474
216
40905
329270
66782
63269
17406
555626
126376
37157
570332
555626
168194
955306
12433114
2849471
1677825
12762178
12433114
3763581
21376648
5714134
1685125
771111
7547319
12762178
7352716
1729704
12641759
255362
74740
17080
337283
570332
328587
77301
564950
4321020
4321020
7237709
202615
339380
157320
144030
39610
527
3355040
1225
2042123
3947737
2555372
1985897
4321020
2555372
1985897
3071536
844472
4280248
9664
16188
7504
6881
1913
5
208727
7
127045
245599
158977
123549
268821
158977
123549
191088
36989
266286
48296
86909
86909
49283
86909
86909
22282
3042592
16722146
29420
22281
22280
22280
22280
35751
3030371
16653572
7805
8205
7382
7286
7897
7287
7285
7286
6618
86909
86909
86909
86909
86909
578670
1142699
86909
86909
27134
12504097
110289
158715
47571
17826
123236
245578
67522
969242
86909
86909
86909
25137
9055483
7400918
79478
23547
47003
36529
22282
30599
25661
167933
12454095
12838
9208
11398
7577
12988
23759
7285
22280
22282
100234
9036313
7370844
86909
366477
210536
86909
86909
86909
86909
118310
86909
3083110
310457
16742086
86909
86909
86909
68115
1146
154144
86909
86909
86909
86909
80318
24317
86909
86909
3070285
16672858
36250
28171
362311
819956
836343
1142699
354932
97588
934523
19892
28626
8445
2447
22229
56685
24059
44015
6619
2366
2365
2366
2363
328206
61287
612640
771321
1142699
86909
86909
115165
1935
86909
86909
97907
974676
86943
569600
447951
86909
86909
86909
29039426
98404680
99899
313775
12668359
524957
2060233
2964904
1143062
1109879
2302088
12323878
3388307
76405950
86910
186686
143567
9161768
7491836
310452
226201
325527
95999
26397
252753
327336
90001
1142699
86909
86909
86909
83289
68108
1145
86909
52898
86909
86909
86909
86909
86909
86909
80311
24313
3401932
86909
12615663
644639
273574
500529
75218
1443711
2640799
1142699
86909
86909
9123658
7460672
22496
9550
17470
2630
139284
254834
38295
36245
28169
443065
362305
700492
2376157
2346378
126013
125967
126013
1123713
3762535
1123713
3811635
3762535
178620
178620
178620
178587
178620
86909
86909
32400
86909
86909
1521902
58174
40188
33812
86909
86909
800013
22281
1789596
9860485
22280
22280
28210
22281
22280
125604
22280
22280
22280
22280
44479
42459
3610637
19843513
12877
12882
13025
18534
9127
8878
7545
8902
14464
1225130
7290
7290
1225117
7285
7286
7287
7285
7285
86909
86909
86909
7756946
86909
86909
86909
86909
86909
3572600
333117
334124
355726
901878
86909
86909
86909
2419521
216
25450
7469
7361836
7361836
582784
583039
589526
839052
275429
247434
68035
250190
651480
163919
141796
38987
150964
715603
86909
86909
86909
86909
86909
1521902
216
24139
7469
5320480
4355899
5320480
61207
68722
22281
525522
22282
22281
40642
31586
22282
241528
3387658
32888
23611
183721
216
183721
7469
14863324
1562848
27821
1483893
14730
22564
15715
8166
8562
3095031
13959
25537
15545
6272
7285
22281
22281
22280
22280
85815
216
109021
7469
10741859
8806182
86909
86909
86909
293377
168921
287959884
86909
86909
62740
86909
86909
2284980
16790289
56586133
56267836
86909
86909
86909
95054
86909
93393006
1813424
208574
9853764
86909
86909
77233
86909
86909
1422812
6376744
21495556
21369829
48631
884
110054
86909
86909
86909
86909
86909
14731700
74517
63792
86909
86909
34550
1400984
385461
1295916
1291764
86909
86909
86909
86909
5217061
3658525
19921057
86909
68483
50202
42980
1199137
331232
1110030
1110029
1025454
1491335
1142719
1142719
1142720
1379332
1142699
1142699
515379
1142699
1142735
80616
80652
81549
116065
38119
34230
9414
34610
90252
89175185
191570
191570
81519122
81300
148744
90538
22357
9862
3224140
6604
6604
2945593
2805
5129
3123
2363
2363
99508816
1142699
86909
1521902
331232
180305
216
1110029
176439109
7468
1110029
571233
575249
677588
1142699
86909
86909
86909
3188242
8584174
125
1110029
1227699
28727266
4563309212
125
82225
1488
82225
86909
86909
86909
8925496
22568948
930106
1110029
75627181
12004998128
670563
87312
774309
1125037431
225550
194074
86909
459066
358806
517055947
86909
86909
62739
86909
86909
4102069
22568948
240170
902661
76473715
75627181
7104045456
19857331
19983288
22642447
86117851
243522
87210
251881
364744151
216
7800
7451265
352674
7451265
10887089
10891846
11013058
15674573
5145261
4622278
1270825
4673718
12170464
9376259
8480502
2331642
9594343
66851742
87398
86909
86909
149785
116109
167521287
216
7662
5388761
4406542
208565
5388761
930557
930963
941323
1142723
439786
395085
108629
399483
1040251
269970
244126
64789
287558
1142699
86909
86909
77231
86909
86909
1521902
8584174
49
639691
1110029
29044391
28727266
2704124432
75
59466
48629
882
59466
86909
86909
75165
2314924
517162
730324
239653
1733122
275479875
86909
86909
86909
57465959
86909
86909
86909
86909
86909
26507047
74510
63789
86909
86909
34546
1521902
517162
345155
61883
1748596
1733122
163023897
750214589
4050867
86909
20378278
216
7469
15032713
89144303
1142756
81537715
941178
1142734
1048123
112121
258767
685810014
1719765
3147490
1914237
6271
1142699
86909
86909
86909
86909
9365646
216
7469
10871671
8890072
3224206
79355
2945705
33681
61617
37507
2377
9263
47424891
536065
980783
596978
25
56847
86909
68478
50200
42978
1199131
331232
180306
180306
216
604732
1110029
1110030
1110029
105063880
7469
1110030
1110030
48295
86909
86909
49282
86909
86909
22281
3042592
16722146
29419
22280
22279
22279
22279
35750
3030371
16653572
7804
8204
7381
7285
7896
7286
7284
7285
6617
87105
118021
86909
100355
95134
578667
1153764
87136
89461
6537784
1124605
27132
12504097
110284
158710
47566
17824
123231
245575
67521
969239
86909
87082
86930
231668
3252614
18691
25135
9055483
7400918
79477
23546
47002
36528
22281
30598
25660
55914
167932
12454095
12836
9207
11395
7576
12987
23758
7284
22279
22281
7284
7284
26993
100232
9036313
7370844
320936
5476733
3155188
86909
86909
86909
327729
1769271
1016670
3083110
310455
16742086
86909
86909
86909
68113
1145
154143
199336
114720
86909
86909
80317
24316
86909
86909
3070285
16672858
36249
28170
362310
819955
836339
1143983
354927
97586
934517
19891
28625
8443
2446
22228
56682
24058
44013
6618
2365
2364
2365
2362
328204
61286
612639
771319
1730022
86909
86909
115162
22393440
1931
1460146
86909
118168
1591738
15616500
731547
9235313
7177187
86909
88347
87154
59376027
201116366
1625690
5036432
12668359
2391603454
524956
219642378
4219526
6072366
1790681
1109875
4714866
25197981
6927803
156156058
747151
2978454
2314693
9161768
7491836
8616132
1130276757
310450
1121964
226195
325519
95993
26394
252748
327335
90000
1343269
86909
86909
86909
83286
68106
80173
10583186
1142
4461
86909
52897
546116
165312
322963
250989
87664
86909
80310
24312
6952761
182670
12615663
644635
273571
500525
75215
2950610
5398445
1143670
108532
89207
12630
27562
5962188
9123658
7460672
22493
9548
17467
2629
139283
254833
38294
36244
28167
46
102
289535
443064
362304
56987
33643
56987
747985
2376155
2377040
57000
56994
56994
233492
126012
126012
125966
126012
126012
56993
35558
56993
56993
35558
56993
1199626
3812320
1199626
3811635
3812320
178619
178619
178619
178619
60271
60271
60271
60271
60271
60271
178619
178619
178619
178586
178619
86909
86909
32399
86909
86909
1545846
58173
40187
33811
86909
86909
800011
22280
1789594
9860485
22279
22279
28209
22280
22279
125603
22279
22279
22279
22279
44477
42457
3610637
19843513
12876
12881
13024
18533
9126
8877
7544
8901
14463
7288
7288
18807
7284
7285
7286
7284
7284
18794
101020
86909
104565
7811715
808
219666
158411
87417
86974
86909
93740
90447
3590186
498
219666
158411
333113
334120
355723
901875
87074
86909
87100
2436618
301620
216
4764770
987517
11858315
25448
7468
7361836
7361836
441
66159
53883
582777
583032
589520
839047
275424
247429
68033
250183
651476
163918
141794
38986
150963
715600
86909
86909
86909
86909
86909
1538428
9143
216
109720
2301098
12705
2837874
24136
7468
5320480
4355899
5320480
441
66159
53883
61206
68721
22280
525521
441
38770
22281
22280
40640
31585
22281
241526
441
38770
32887
87821
23610
183720
60760
60760
40220
6219
216
60760
60760
155005
183720
7468
14863324
441
38770
60760
27819
40514
14729
22562
15713
8165
8561
38468
13958
25536
15544
6271
7284
80235
22280
22280
22279
22279
85814
60760
60760
40220
6219
216
7654
21746
27049
60760
7284
7284
28857
37247
109020
7468
10741859
8806182
441
38770
60760
383880
33640
277027
133143
11674
96047
1076609
745887
216405
4394253
2529826
289953070
86909
86909
62739
86909
86909
2300586
16893411
56586133
56607249
392351
271014
225480
1426290
820349
94018030
1813421
208571
9853764
86909
86909
77232
86909
86909
1422811
6428630
21495556
21503577
48630
883
110053
86909
86909
190999
109771
86909
14834600
591515
203084
426868
74515
63791
86909
86909
34549
1400983
3292724
386844
237181
1295915
1296399
1296399
86909
86909
86909
86909
5253544
3658525
19921057
205255
148123
148123
86909
68482
50201
42979
1199136
2108921
331232
203084
1110029
1110029
1025453
1491334
1110029
1958487
1959342
1981147
2819711
1145019
1144734
515376
1144762
2189354
80615
80650
81548
116064
38118
34229
9413
34609
90250
278196
35557
278196
278196
35557
278196
191567
191567
1217757
81299
148740
90536
22356
9861
1217707
6603
6603
83582
96532
12317
96532
2804
5128
3122
2362
2362
76361
96532
12317
96532
1217597
1142697
86906
1521901
331230
2501
203081
180302
40218
6217
213
572626
7465
188618
1110028
438
38768
2609129
571230
575246
677586
1637200
86909
86909
86909
3209610
8998007
221804
124
8632072
124
1264617
1124508
1240412
82222
29152145
1485
1192457
82222
29049613
441
44104
39672
88322
86909
91672
8968949
23928572
930103
1115512
76487465
442
111779
56224
10778435
1071748
12485937
1130396068
69796
19128522
10781480
3631355
3108792
492564
7385109
5738412
519518723
41276
19128522
10781480
86909
86909
62738
86973
86912
4122039
23928572
240169
902659
45233288
76473715
76487465
441
111779
56224
40604551
40862047
46295304
176004932
3918251
1116367
4047233
366533837
22489621
545
7797
7451265
2097663166
352672
161580901
7451265
19608
5893781
3239033
22297648
22307390
22555642
32102806
10537914
9466803
2602754
9572157
24926104
19189795
17341023
4767652
19646787
136658379
1320095
1130129
513071
2393459
1860067
168455284
444325
327
7658
5388761
4406542
4084751
991359967
502002520
208564
601094
5388761
11596
5893781
3239033
930552
930958
941318
1155743
439782
395081
108625
399478
1040246
269969
244125
64788
287557
1271198
86909
86909
77230
86909
86909
1536377
8998007
6505
47
2647416
74
30014
639689
1110263
59463
48626
41644
13777364
17240046
6976549
879
2235
59463
17179410
29044391
29049613
441
44104
39672
86909
86909
75164
2331097
2392794
521932
320038
730323
239652
1748908
441
61165
448785
503883
152528
57833405
1258
1819103
151199
129441
297987
231579
86975
26579654
743
1819103
426864
205653
426864
426864
205653
426864
74509
63788
86909
86909
34545
1521902
2392794
521932
320038
345154
61882
1110029
1748594
1748908
441
61165
9285629
8284849
170976
20481197
4730356
2978476
641588
106873
216
7468
15032713
441
619594
34863638
1240839
1164715
1238747
941173
1159566
1048118
112116
258763
8483466
3515922
6432740
3915437
6270
1143476
101112
87373
86909
86909
9412953
4730356
2978476
641588
6219
216
7468
1893125
5324883
6692076
7387
16313
7104491
10871671
8890072
3597555
15032713
441
619594
34863638
83583
79353
148118
148118
148118
76363
33680
61614
37505
2376
9262
148118
148118
148118
1217599
536064
980782
596977
24
56846
86909
68477
50199
42976
1199130
1521902
331232
2504
2504
203084
180305
180305
40220
309
216
393428
572629
7468
60
125970
150787
904600
1110029
31
604731
65
1110029
1110029
1110029
544805
1110029
1110029
441
38770
2609129
48295
148994
148994
49282
148994
148994
22281
7150302
39304804
29419
22280
22279
22279
22279
35750
7120559
39141309
7804
8204
7381
7285
7896
7286
7284
7285
6617
149190
182713
148994
162440
157219
578667
1248302
149221
151546
27132
29380263
110284
158710
47566
17824
123231
245575
67521
969239
148994
149167
149015
25135
21247831
17374950
79477
23546
47002
36528
22281
30598
25660
167932
29258050
12836
9207
11395
7576
12987
23758
7284
22279
22281
100232
21159447
17302676
549098
9369668
5401542
98327
148994
148994
7150302
310455
560753
3031402
1739780
39304804
68113
1145
100186
148994
148994
154143
341174
196638
148994
103344
80317
24316
7120559
148994
148994
39141309
362310
36249
28170
819955
836339
1203583
354927
97586
934517
19891
28625
8443
2446
22228
56682
24058
44013
6618
2365
2364
2365
2362
328204
61286
612639
771319
1908297
148994
148994
115162
1931
148994
185019
2464242
24176606
1132540
14297603
11111326
98327
150432
149239
65494575
221840892
2516804
7797127
29380263
524956
4654337
6698107
1975206
1109875
5200721
27794568
7641696
172247540
1156698
4611078
3583481
21247831
17374950
310450
226195
325519
95993
26394
252748
327335
90000
1481690
100183
148994
148994
83286
68106
1142
148994
52897
879402
266200
520062
404164
149749
103340
80310
24312
7669225
294710
29258051
644635
273571
500525
75215
3254663
5954741
1264138
174419
151292
21159447
17302676
22493
9548
17467
2629
139283
254833
38294
36244
28167
443064
362304
5510742
5512794
125966
126012
8841474
8839885
8841474
100677
178619
100677
56987
59541
178586
178619
56987
100677
148994
110325
32399
148994
148994
2472951
58173
40187
33811
148994
121945
800011
22280
4205660
23118268
22279
22279
28209
22280
22279
125603
22279
22279
22279
22279
44477
42457
8484796
46640442
12876
12881
13024
18533
9126
8877
7544
8901
14463
1537010
7288
7288
1535947
7284
7285
7286
7284
7284
163105
148994
166650
13297309
149502
149059
115832
155825
152532
6111310
333113
334120
355723
901875
149159
148994
149185
4147676
25448
17550
17280859
17280859
582777
583032
589520
839047
275424
247429
68033
250183
651476
163918
141794
38986
150963
715600
148994
148994
115560
148994
148994
1906230
24136
12647
17550
12497532
10219584
12497532
61206
68721
22280
525521
22281
22280
40640
31585
22281
241526
7177210
32887
23610
183720
183720
17550
34863638
3311105
27819
3143828
14729
22562
15713
8165
8561
6557240
13958
25536
15544
6271
7284
22280
22280
22279
22279
85814
109020
17550
17550
25213412
20617718
1840579
1277094
370286
7525814
4326227
493565803
132180773
132230516
148994
148994
62739
148994
148994
3916120
4205659
208571
671626
462287
385838
2440933
1402052
160039983
23118268
50201694
50220586
48630
883
148994
148994
77232
148994
148994
1422811
110053
148994
148994
327081
188178
148994
25251849
3035047
3036189
74515
63791
146847
114125
34549
1400983
8484796
148994
148994
148994
148994
8942722
46640442
1944190
1944921
1025453
88117
68482
50201
42979
1199136
3492024
2160304
2161247
2185299
3110275
1265487
1265202
515376
1265230
2414961
80615
80650
81548
116064
38118
34229
9413
34609
90250
190753650
191567
191567
174293373
81299
148740
90536
22356
9861
6830775
6603
6603
6240636
2804
5128
3122
2362
2362
213032293
1263166
26
7453
160832
1345870
2609129
414721054
17548
148992
2609129
571230
575246
677586
1805909
29
7455
160834
2477355
2876745
67371414
10708686255
124
148994
148994
148994
5463483
82222
1485
82222
930103
1909970
177388547
28195909545
150407
136505
153757
15267183
16733138
1662025
19387995
1924190156
5637549
4826289
763850
11465706
8910528
884338544
240169
902659
177356658
177388547
16674545492
148994
148994
62738
149058
148997
7016644
44788746
45072776
51065917
194141789
17879
6088313
1732042
6289125
623923615
17280859
352672
17280859
24595363
24606110
24879944
35410917
11623819
10442333
2870961
10558543
27494676
21167254
19127971
5258946
21671338
150740674
12645
17740
2051209
1756034
796029
3719273
2890419
286749051
12497532
10219584
208564
12497532
930552
930958
941318
1276211
439782
395081
108625
399478
1040246
269969
244125
64788
287557
1402192
29
7455
160834
639689
1359561
67359303
67371414
6332921299
47
74
148994
148994
77230
148994
148994
2510964
59463
48626
879
59463
1345871
730323
239652
4073078
647415748
148994
148994
75164
3968056
741299
832311
251945
98445556
249750
213810
492213
382521
149060
45244592
816765
1345871
549355
1345871
345154
61882
4072345
4073078
382870017
74509
63788
146841
114117
34545
1823681
1606280597
9138582
17550
282687
34863638
190757127
1285183
174296445
941173
1280034
1048118
112116
258763
1467517939
3878228
7095618
4318912
6270
1263944
17550
17550
167179
149458
148994
148994
25213412
20617718
16022979
6830916
79353
6240874
33680
61614
37505
2376
9262
100496959
536064
980782
596977
24
56846
9
3427
116316
472309
795925
285140
1345871
604731
1233080
2608660
2609129
245258578
6246
10380
88113
68477
50199
42976
1886925
1542992
1199130
544805
48293
813536
467978
49279
261974
150688
22278
7150302
39304804
29416
22278
22278
22278
22278
35747
7120559
39141309
22278
200176
115186
22278
65857
38063
6586
416425
942425
22278
22278
22278
22278
34344
34344
22278
22278
22278
22278
34344
31410
31410
1031098
2906128
7799
8199
7377
7282
7892
7282
7282
7282
6616
7282
7313
7282
7282
7290
7282
3802
6954
2362
404710
2746180
186000
1668150
1262117
15162329
1560220
578667
1248301
402424
858285
27129
29380263
110282
158708
47563
17817
123228
231667
7543413
18688
245574
67517
969239
184950
507574
394459
25133
21247831
17374950
79473
23543
46999
36525
22278
55912
30595
25658
167930
29258051
12830
9202
11389
7571
7282
7282
26990
12984
23755
7282
22278
22278
100227
21159447
17302676
70331
610341
388374
271590
32323
360944
280506
388374
160613
504297
42848
25476
76424
68763
188827
116762
78683
11129
704146
20715
26914
12589
8332
22385
9826
242039
7282
10811
7282
59339
31603
111669
86783
116762
46862
6582
509239
416419
32195
22278
44370
22278
34344
50809
22278
22278
22278
29944
44370
22278
34344
34344
7282
7282
22278
29944
22278
22278
34344
31410
2171368
7703
7385
7565
7282
265
616
7282
7282
7282
7282
22278
22278
29944
29944
22278
22278
34344
31410
31410
1570336
1284109
9500312
163104629
93207291
98324
1644537
1278047
7150302
310454
9702956
52602400
30060012
39304804
68110
1143
100184
533456
414574
154141
5932787
3390333
1416294
103343
80316
24315
7120559
1988230
1418742
39141309
362309
36248
28169
819954
1814512
40267594
23011200
19591
480281
373249
416421
6583
1862600
13273395
7585175
942422
1764
32
20555
165469
128596
3990
846800
387498
1560775
2804402
1602595
869200
37558
8582
169492
165122
128325
38847
1714149
1031095
753245
1031095
1284108
997941
2906126
123417
79889
62085
79889
79889
62085
180800
836336
1203581
354924
97581
934516
19887
28619
8439
2442
22221
56676
24052
44006
6612
2361
2361
2361
2361
122290
175990
51897
14268
136646
2868
4127
2361
2361
3204
8951
3798
6950
2361
2361
2060
2361
567
328202
61284
612638
771315
3900117
217972
902043
115161
51934522
1929
3386348
213932
2780835
37037428
363373133
17022031
214892228
167002656
98321
1644535
1278044
133855735
453391379
37827446
117190413
29380263
5546569776
524952
509391209
9512388
13689380
4036864
1109874
10629068
56805657
15617856
352034059
17385115
69304268
53859541
21247831
17374950
19982401
2621320391
310447
1201929
226194
325519
95992
26391
252748
327330
89994
3028231
100178
533452
414570
83284
68104
80170
24544362
1140
4457
174739
52894
13217378
4000982
7816515
6074574
1838811
103337
80308
24309
15674119
4429484
29258051
644635
273570
500524
75213
6651778
12170112
1828805
2619516
2035746
12627
27558
13827415
21159447
17302676
22488
9543
17461
2623
139282
254831
38293
36242
28165
43
98
289533
443060
362302
74009
33873
44717
279789
371098
2979
3701812
46
131198
230376
112717
42615
812124
35693168
19096109
7073964
89710279
35693168
11293090
3251123
53053019
41229946
230376
66658
19585
480275
373244
11253592
5783543
7261440
29571173
35400613
704143
234159107
11127
17146961
1390922
2001690
590279
162288
1554205
11253592
3420281
3081607
847241
3337285
17487851
13590615
27486675
509237
416417
398845
110664080
6580
25220
32620
46944
13843
3806
36449
74009
20031
18977
5217
20551
165462
128588
288138
2154
1761
1916
1749484
27
104
279209
84518
63504
18669
286599
6247795
1891246
1431895
843128
6413155
3694832
2871424
869198
846796
387493
3792622
6413155
165119
128321
38843
37555
8580
169489
286599
2171367
101816
43208
79054
11879
921484
263
1685949
614
1026192
253348
1983787
1570334
1284106
997938
2171367
4849
2057
3764
565
57327
0
104887
1
63841
11094
123416
97694
79887
62084
135086
35577
24553
394
35577
24553
394
56986
33642
56986
40629
4935
56299
5510742
5512794
56991
56997
125963
126010
126010
233491
646288
646529
56986
56986
56986
56986
56986
78966
56991
35557
56991
35557
40803
4959
40803
4959
8841474
8839885
8841474
100675
178616
100675
60265
60265
56986
59537
178584
178616
56986
100675
931782
931614
931782
56983
35575
24551
392
56983
56983
197584
97429
394
142932
44795
394
57054
57054
56986
56986
35577
24553
394
56986
56986
56986
56986
159874
110323
32396
649992
374726
2472951
58171
40184
33809
210705
121943
800009
22278
4205660
23118268
22278
22278
28206
22278
22278
125601
22278
22278
22278
22278
44475
42455
8484796
46640442
14562
91828
22278
38892
26788
22278
159482
91828
14562
30715
22278
22278
22278
22278
53521
30715
4447
245069
554623
14562
22278
22278
22278
22278
22522
22278
22278
22278
34344
34344
14562
22278
22278
22278
22278
22278
22278
22278
22278
34344
31410
31410
1100995
6052096
12870
12875
13019
18528
9120
8870
7539
8895
14458
7283
7283
18802
7282
7282
7282
7282
7282
18790
7290
7290
7292
7369
7282
7282
7282
7282
7311
7282
7282
7282
7282
18776
7282
7282
7282
7282
7282
2850
2362
18776
1714917
252025
1977132
13297309
658769
8889488
6410643
577771
494628
115828
1169239
908670
6111310
392730
8889488
6410643
11050383
987516
333112
334119
355723
901875
27501622
32513997
607763
251436
624736
4147676
193983
2677357
1892853
25445
35534
17280859
17280859
582776
583031
589519
839046
275421
247426
68026
250180
651474
109718
5336672
12701
163915
141793
38984
150961
715599
6581554
534620
204761
175295
115557
371541
287122
1906230
114718
2677357
1892853
24133
12645
21014
12497532
10219584
12497532
61204
68718
22278
525519
29944
723670
22278
22278
40638
31582
22278
241523
29944
723670
60758
60758
32885
155002
183716
23606
183716
29944
246573
183716
87819
786759
34863638
27813
40508
14723
22557
15708
8160
8555
38463
7651
21744
27047
60758
7282
7282
28854
13956
25534
15541
6270
7282
37244
22278
22278
22278
22278
22278
85811
29944
246573
109018
80232
279937
465278
25213412
20617718
80276
101346
438314
377735
43809
438314
433166
259202
168756
25779
80276
24253
201445
127262
108949
22751
259211
201445
103663
259202
99799
168756
453219
30045
16487
16544
17986
59589
1159233
1374342
30779
95509
144229
139637
44396
144229
142564
79003
50748
7513
26154
80522
238638
414386
7513
414386
42521
42537
42951
59524
22922
21195
10137
21312
46901
8088
224950
7282
7792
7548
7282
7638
46267
277886
24844
25779
30779
23119
66792
47411
40275
22652
85294
66792
34380
79003
31510
50748
4444
6262
39138
173377
299684
245061
2674
4444
299684
59840
14562
50380
44871
50380
22278
69508
22278
34344
79722
55115
38302
38032
5410
59840
14562
23154
22278
22278
29793
23154
22278
22278
41106
69508
22278
34344
47146
39859
38032
38032
7279
7279
7279
7279
7279
18774
22275
25776
14559
22275
22275
29942
22275
18774
22275
34342
31408
38029
4523930
8108
8108
8108
19602
8108
8108
7419
7772
7458
7282
7282
19472
7282
7282
7282
7282
7282
170
381
7282
7282
7282
7282
7282
7282
7282
225
7282
18776
1689
1689
25779
14562
22278
22278
22278
22278
22278
22278
29944
29944
22278
18776
22278
34344
31410
31410
31410
38032
38032
38032
1609648
3271711
2675370
277025
33637
383877
96044
11670
133141
40627
4933
56297
19447
2361
26948
31445619
21559809
6407552
130798827
74745912
493565803
132180773
132230516
610153
522352
62738
1250040
971465
3916120
4205659
208570
11441414
7844486
6677487
42428844
24246262
160039983
23118268
50201694
50220586
48628
880
237880
203650
77229
433249
336702
1422807
110051
1412070
968146
5691622
3252517
1413613
25251849
426862
591509
3035047
3036189
74514
63790
146846
114124
34548
1400981
3036189
5644122
8484796
1940010
1415895
932107
740937
8942722
46640442
148119
205251
1944188
1944919
1025451
88116
68481
50200
42978
1199135
3492024
1944919
3615507
2091905
728761
7671440
5259708
1420068
32115445
18352597
239188
79430
15562444
15568301
290616
248796
23688
601466
467428
702098
245066
4445
2893082
1983560
1422375
10774208
6156997
554620
145245
11054811
11058971
4159
68
211722
181256
48501
390450
303438
9413
311870
290893
1027284
417683
2537051
1130965
775414
4558574
2605029
1401962
62674
86848
290733
85116
111789
22180
816130
1379788
1380037
396595
339525
792748
616082
137353
1380037
1912336
2789187
1100993
757117
290956
1100993
2030623
1406514
923695
734158
6052096
30002
41574
1697895
1025445
750414
290731
1877799
1878174
1025445
1912849
1399811
922239
733508
4676918
1878174
3503518
4415161
4417090
4466246
6356681
2088681
1874523
515371
1897261
4935622
80610
80645
81543
116057
38112
34224
9409
34605
90244
278192
35549
278192
35549
191559
191559
2335993
81294
148735
90531
22350
9857
2134192
96528
6600
12312
6600
83578
96528
2801
5124
3119
2361
12312
2361
76358
313537
313674
317164
451411
148178
133116
36598
134598
350497
7892
7896
7984
11363
3730
3351
2361
3388
8823
40799
4954
40799
4954
24409
24409
288192
10359
18952
11617
2848
2361
263295
288192
19442
2359
2359
29997
19444
2361
2361
2361
2361
2361
171
27406
29997
38150530
571225
575241
677582
3690861
948
119
706050
168031
732597
16090960
60408
64837
739041
2477352
2876745
1701165
807892
5463483
82218
67609206
1483
2765529
82218
67371414
1811014
136499
2113751
198909
930099
1909966
5027591
2504813
15267183
177388547
251498189
24980152
291400556
43840871
794964862
445856137
1924190156
84732076
72538883
11480628
172328962
133924780
25926689
794964862
445856137
884338544
610147
522345
62733
1250034
971459
117631
240163
902654
5027591
2504813
7016644
104904344
177356658
177388547
91537819
92118311
104366902
396780833
35532
91507027
26032507
94525226
13142394
245510404
134262355
623923615
17280859
4864868002
352669
374735930
17280859
50267224
50289187
50848840
72371710
23756394
21341710
5867580
21579216
56192747
43260963
39093141
10748067
44291195
308079010
12642
21013
30829567
26393103
11964280
55900491
43442848
7772172
245510404
134262355
286749051
12497532
10219584
9473292
2299146717
35974527
1164236489
208562
601093
12497532
930551
930958
941318
1339751
439780
395079
108621
399476
1040245
11700591
269962
244120
64785
287552
2865755
227
42
70
237874
203644
77225
433244
336694
30008
35724
29798
534475
639685
1359555
1701165
807892
2510962
59460
48622
41642
31952251
39982848
166658
16179905
877
2229
59460
39842222
67359303
67371414
221148
248299
75161
32838
2295522
3968056
730321
239650
4073078
11293562
12680098
3838344
2635752
98445556
101051093
3804906
3257368
7498778
5827646
1764064
1558735
45244592
101051093
426861
426861
74506
63785
146839
114115
34543
19420
816763
1357529
549353
2295522
1823678
345151
61880
2408743
4072345
4073078
19672857
18677144
786756
4322057
836848
34863638
2335993
2217760
2134192
941172
1721971
1048118
112115
258761
17973367
7926200
14501799
8826857
6266
2179189
279933
465273
2555986
1986374
1456141
1246598
494896
4390508
12349387
15520160
7386
16309
16476627
25213412
20617718
16022979
69009
8343395
34863638
83578
79348
148115
76358
33673
61609
37500
2371
9258
148115
393425
666405
1229688
536062
980780
596974
21
56843
6
6243
10377
88111
68475
50196
42973
58
125967
11097
3425
3976
22193
116313
472306
795922
285138
1345870
150784
904597
1161499
29
604729
62
1233079
1886924
1542991
1199129
307
544803
2608659
2609129
54621
34999
99905
862573
283062
11439
133243
51534
1017044
999439
331875
20885030
5923766
61355233
25636031
12556588
4764201
71548489
70584183
24589546
311390
5923766
20671148
17696509
25636031
7425736
12556588
2189579
42312468
32882969
16891862
5884650
1387
54621
9037
47215
290608
248789
283062
4359
78797
133243
23684
601461
467423
239181
79422
12351024
20881275
20885030
1901510
26151
5113862
23138514
8145718
4037000
5147093
24003352
5993859
29860043
23689893
414384
236251351
7510
13010190
414384
3566132
3567690
3607394
5134302
1685361
1514055
416266
1530905
3986509
91847
1901510
6258
2416822
7795580
6673773
8145718
2387408
4037000
2184321
600546
2365552
14195143
11031700
2543672
2754717
23184720
17132551
5669349
299683
245059
199719
111652879
993102
56538521
2672
4441
10670
299683
93933
93974
95020
135239
44393
39880
10964
40324
105006
347
32766
91
70506
152978
49506
211716
181250
174642
27546
47269
79931
44780
7189
48495
390445
303433
53064
57466
679927
469136
145238
117226
5084
4157
3028
4220779
1200
7026999
8804540
4361
3008665
39
65
74
5084
8773573
14833053
14835720
9045319
10155833
6508114
4522776
3538007
3074234
2306932
908804
257254
10424626
3047452
2608915
6005974
4667519
2430444
4706673
2078622
846698
1412887
1364277
417677
61565
6164933
5406
10424626
62670
62670
396593
339522
792746
616079
301160
581417
235275
85113
137351
89334
111786
12459
18389
22176
1958
491026
816127
32
309696
1379786
1380035
288192
122302
223765
136200
8261
33625
263295
288192
494305
1602465
2013906
1919864
166
3512588
378
2138018
1609647
222
398767
4133118
3271710
2675369
2079152
1524154
1304823
1686
1686
1082644
58757
4523930
12730
23291
14176
169
3499
27405
29997
