9
4715
6633049
6633049
9
2598
4613424
4613424
9
6461
34374232
9
6461
23907998
9
6461
960120
9
34
127216
127216
9
4712
6633049
6633049
9
2597
4613424
4613424
9
22
88483
88483
9
6461
34374232
9
6461
23907998
9
6461
960120
9
4714
6633049
6633049
9
2597
4613424
4613424
9
6460
34374232
9
6460
23907998
9
6460
960119
9
33
127215
127215
9
4711
6633049
6633049
9
2596
4613424
4613424
9
21
88482
88482
9
6460
34374232
9
6460
23907998
9
6460
960119
4714
18025351
18025351
1378
2597
12537009
12537009
17550
93412178
17550
17550
64970125
14829
1946327
33
127215
127215
4711
18025351
18025351
1375
2596
12537009
12537009
11
21
88482
88482
17550
93412177
17550
17550
64970125
4323
8165
1353710
4713
18025351
18025351
1376
2596
12537009
12537009
897639
93412177
261565
494171
64970125
557566
12267
557566
387800
3577
6755
387800
6547234
1907792
4553738
3604389
14827
1946320
29
127209
127209
4708
18025351
18025351
1372
2592
12537009
12537009
8
16
88477
88477
897634
93412178
261559
494165
64970125
4320
8162
1353706
6505
116
6505
557559
12263
557559
387794
3573
6751
387794
4524
33
64
4524
6547234
1907785
4553738
3604382
105301
251346
198946
3248668
259938
3336315
6958
1524
1920238
33710
34618
1524
1524
14540
1920238
1920238
146251810
3997998
150197620
19337825009
569361422
19859551062
15229888
717550
8338276460
164886
2968
63062315
73827427
75819258
31848
57900
31833647
144
248
1084440
288556
299548
393378
685462
10424328
4706
24694
169578
19000
56060
138136
50754
8828274
259932
9066457
6956
1524
3806663
33708
34616
1522
1522
14538
90454
81085
90454
44642
315259
8808
323764
28616
25625
1524
1522
135940
28616
14107
29088
50685
22066
114548
786692
29088
27907
8952
63062
433089
1816
1864
9618
16759
163478
260058
235444
780
1454
1524
9618
11190
66300
143168
213070
129618
29865718
4933437
205118634
1979902
427960
5544686
184556332
67805965
36553380
6115967
2247005
1448882
2500085
2582812
397440150
10864583
408162912
52550652605
1547242996
53968446207
41387309
717538
22659315067
164882
2960
171372212
200626465
206039279
31844
57894
86508122
140
246
1084425
19243232
479996
19825670
355214
295026
1083101
910956
127514337
114301902
127514337
62925471
1083101
501499
1876592552
52409470
1927222198
40335814
36112129
893737
15426
809167913
40335814
19880445
3708
72
8324051
355214
162421
997267
1737738
3745318
1055226
25722958
41002332
71446564
138553312
42455494
951588244
41002332
39332755
76276354
17217783
523868257
997267
956659
2061872
427946
14161000
10780611
11071468
13554120
23618055
314566056
778
1454
4648491
13554120
13002209
284674003
173174871
127571947
8
12
125776
393378
377376
9433742
5738799
4227575
45978
1277657
34551
34551
960120
25165
1624334
129967
1668157
3478
761
960119
16854
17308
761
761
7269
960119
960119
73125905
1998999
75098810
9668912504
284680711
9929775531
7614944
358775
4169138230
82442
1483
31531157
36913713
37909629
15923
28949
15916823
71
123
542220
33
4109
4109
33
4109
4109
1433674
111165
3007
1472354
3816498
33
4109
4109
2242
761
634
960119
960119
33
4109
4109
33
4109
33
4109
17857
634
18340
47535
33
4109
521015
521015
761
761
634
7701
7762
33
4109
20075
150909
203033
521015
521015
163147
843
960119
634
495295
960119
33
4683
45976
1277655
34550
29539675
80274241
1974080
73121881
1875848
49656
20199630
75198677
74907845
33
5947
4109
33
18305
9020
165
2571157
1349041
90
2571157
1349041
33
18305
9020
8534006607
243496034
5787339
8764250369
52
810560
420678
4905021
216772
9261
3679778174
1430734394
33
810560
420678
20532
45023
744
634
4794683
31573088
41398367
12275931
41238258
33
5947
4109
33
11451
56
639909
33
639909
33
11451
39112171
26523
40167400
33
210450
1141248892
3101350543
8928
18309
634
16864776
6557193
33
210450
43969033
330553226
444726802
1141248892
3101350543
35
71368
255
843
32
67
278
283352
495295
960119
960119
374247
960119
33
4683
34550
960119
25163
1061067
8555920
11511148
29539675
80274241
3472036
62039
2414879
566804
25163
144278
149774
196689
5212164
2351
12345
84787
9498
28028
69066
25375
4414137
129964
4533228
3476
760
1903331
16852
17306
760
760
7266
45225
23265
45225
12807
157629
4402
161882
14305
7350
760
760
67968
14305
4046
14542
11031
57272
393346
8005
14542
4473
31529
216544
905
929
4807
81736
130028
117720
389
726
760
3209
4807
33148
71583
106534
64807
14932859
2466718
102559317
989951
213980
2772343
92278166
33902982
18276690
3057983
1123502
724441
1250042
1291406
198720075
5432291
204081456
26275326302
773621498
26984223103
20693654
358769
11329657533
82437
1476
85686106
100313232
103019639
15918
28945
43254061
67
119
542212
9621616
239998
9912835
177607
84647
541550
261393
63757168
32798250
63757168
18056089
541550
143902
938296276
26204735
963611099
20167907
10362160
446868
7708
404583956
20167907
5704575
1849
31
4162025
177607
46600
498633
1872659
527613
12861479
20501166
69276656
21227747
475794122
11286299
20501166
38138177
8608891
261934128
274507
498633
1030936
213973
7080500
5390305
5535734
6777060
157283028
384
722
2324245
3730906
6777060
142337001
86587435
63785973
1
3
62884
108281
196689
4716871
2869399
2113787
2351
15756
108217
13029
38449
94748
34810
9257
1158089
607629
5096
1158089
607629
3896020
111162
4001132
10371357
12377188
3209
365088
189480
2239
760
1679924
1693089
19806
3209
365088
189480
3209
288224
3209
288224
17855
18337
47532
56725
3209
94790
521013
760
760
7699
7759
2351
3209
94790
20073
150907
203030
521013
8287
39493
20276
2732
8287
39493
11162
20276
147230
3943
151203
391934
467735
2732
12593
6349
760
760
63484
63981
2351
2732
2732
12593
3495
6349
15133
17775
13610
73098
502042
2732
15133
9785
17775
5519
40242
276384
1118
1157
2999
3579
5291
6215
36247
36247
112129
178376
161492
287
590
760
1970
2015
2511
5291
3421
6215
1396
10498
14125
36247
19955
5917
760
45473
98199
146146
88904
3386
19059370
3043302
130900320
1235707
604342
8818688
126589898
46509107
25072500
21264605
7812612
4210713
335775
2604
2212519
1193722
2292497
23909
2974012
3472036
62034
80274241
31570486
198709142
5097629
106408186
204352845
203562507
23335
3776623
1829206
74743
11623509
5727870
13051341
1632631420
856613322
7185023
1632631420
856613322
41147
11623509
5727870
23191212886
661701897
23816901657
4113193
514688814
267122151
13329423
216767
9999818718
38112541
3888029087
2264394
514688814
267122151
20527
45019
741
25257569
85800052
112500306
155296
33359914
112065209
12846
3776623
1829206
60212
7271630
4472766
406328945
2462347
406328945
33147
7271630
106287553
109155145
1443557
133631964
3101350543
8922
18304
45830128
67542
17819210
794706
133631964
119486104
898280326
1208547686
3101350543
32
71366
252
2604
29
64
283347
530760
962533
1262065
275
374242
2292497
13162
2974012
2414873
566798
25157
2883456
23250764
31281613
80274241
11714270
32604339
13417190
307269
13873818
13820161
45953
232583
98961
108947
81185855
122273
603701
11024
284082
13723503
55676808
28585427
54503
13723503
55676808
15736846
28585427
81185855
208
122273
603701
3519
156393
284082
876398081
23474159
900042918
4118467
17754036
8951102
327426
5422
377894075
986730
146928979
17217
4118467
17754036
4927760
8951102
2682
32604339
1217
18
3293157
5825093
7637813
4310
2264854
7608273
64
45953
232583
31589
59977
108947
2704107
50949
1390364
5732704
1490166
40911741
25059721
88420406
26189633
607273961
13795875
8262
25059721
48677192
10621179
334316395
2704107
16263
765423
61
1390364
3155967
604335
22522727
6659139
6887753
8762860
215765477
284
588
2891907
2013
1124402
4824128
2508
8762860
8312822
62494671
84080423
195262079
118783187
87503472
35222988
941006
215765477
13
160495
8217
84626
2356264
2
5
217268
387296
410139
507819
23
147086
922436
385574
666887
30
1211378
992967
227646
8992
1110001
10444158
14113573
1162573
5056726
22492642
32800177
19953232
14695465
5777925
36032
36244344
14754
4712
27362
4776
4712
8854
4712
4712
4712
4712
4712
4712
1526
2659
1526
2659
2659
1526
2659
1526
2659
2659
63902
4714
63902
25922
4712
35184
62192
20670
4712
20670
17306
1886
2659
1528
2659
2659
46900
8388
4712
11384
6356
2659
6030
6030
4712
4712
4712
4712
4820
4712
4712
8398
1526
2659
1526
2659
2659
3636
4712
4712
4712
3091
2659
161402
161404
161402
161404
18592
161404
161404
161404
161402
144026
25672
161402
161404
161404
161404
84130
114198
19442
161404
161404
161404
30524
41428
30524
647532
280981
488298
103079
7980
15406
6694
11618
6067
3289
68232
118894
51456
43625
6067
3482
6067
3482
6067
2049
599522
75238
75238
1044667
2261304
161404
63250
161404
810422
161404
45790
161404
217162
161404
217162
161404
161404
161404
161404
18574
161404
77655632
161402
161404
161402
21595628
2344679
3940322
2261304
1778841
137476
58559408
161402
161404
161402
7921658
2917697
265764
115336
200412
42325
3300
2261304
144022
25656
161402
297287
22983
161402
161402
47910
161402
161402
161404
161404
161402
161404
84122
114190
19434
6006784
161404
161404
10466821
1177548
2051877
887982
752676
58182
4529661
161404
161404
161404
3940322
1414132
41094
71606
30996
26297
2059
452096
30516
41422
30516
383214
29619
14752
4708
27360
4774
4708
8852
4708
4708
4708
4708
4708
4708
1524
2655
1524
2655
2655
1524
2655
1524
2655
2655
63900
4710
63900
25918
4708
35182
62190
20668
1864256
51998
4708
20668
17303
1884
2655
1526
2655
2655
46896
8386
1524
782732
1524
4708
11380
6353
2655
6028
6028
4708
4708
4708
4708
4816
4708
9836
4708
8391
1524
2655
1524
2655
2655
3634
4708
1524
1524
4134
4708
4708
3087
2655
877629
161402
1627990
161404
18592
161402
283792
161402
526431
144024
25670
161402
161402
161402
161404
84128
114196
19442
161402
161402
161402
30520
41426
30520
647530
280978
488296
103075
7977
15404
6691
11616
6063
3286
68230
118890
51454
43621
6063
3480
6063
3480
6063
2045
599520
75236
1225278
75236
1044663
2261304
161402
38235640
1920238
63248
161402
810419
161402
45786
161402
3802813
180614
3802813
1542227
161402
2093524
161404
18572
161404
160401248
1229688
4083539023
113887056
248454
1229688
44606754
4843042
3940322
3652094
1778838
137472
120957126
498699
1920238
1714524019
62390
161402
676968
16362546
2917694
265762
115332
200410
42321
3296
2261304
144020
16306
16053703
284
25654
161402
297284
22980
161402
161402
47910
358370
358370
161402
161404
197292
161404
84120
114188
19432
12407286
161402
21533017
161402
21619696
1177546
2051873
887980
752672
58178
9356221
161402
2598
5664
9040902
161402
161402
7930486
1414129
41092
71602
30996
26294
2056
452094
30514
18
32
514448
41420
30514
383210
29615
14752
4708
27360
4774
4708
8852
4708
4708
4708
4708
4708
4708
1524
2655
1524
2655
2655
1524
2655
1524
2655
2655
63900
4710
63900
25918
4708
35182
62190
20668
4708
20668
17303
1884
2655
1526
2655
2655
46896
8386
4708
11380
6353
2655
6028
6028
4708
4708
4708
4708
4816
4708
4708
8391
1524
2655
1524
2655
2655
3634
4708
4708
4708
3087
2655
1620341
297988
3005710
297988
18592
297988
523958
297987
971935
144024
25670
195512
297987
297987
297988
84128
114196
19442
297988
297988
297988
30520
41426
30520
647530
280978
488296
103075
7977
15404
6691
11616
6063
3286
68230
118890
51454
43621
6063
3480
6063
3480
6063
2045
599520
75236
75236
1044663
2526334
297988
63248
297988
810419
297988
45786
297988
7021021
333456
7021021
2847368
297988
3865211
297988
18572
297988
179200641
2270338
458708
2270338
49834768
5410658
4402136
4080128
1778838
137472
135133578
920733
297987
1249866
18280273
2917694
265762
115332
200410
42321
3296
2526334
144020
25654
195502
297284
22980
207416
207416
47910
661648
661648
297988
297988
364250
297988
84120
114188
19432
13861448
297987
297987
24153573
1177546
2051873
887980
752672
58178
10452792
297988
297988
297988
8859957
1414129
41092
71602
30996
26294
2056
452094
30514
41420
30514
383210
29615
270172
270172
470774
14750
4706
27358
4772
4706
8850
4706
4706
4706
4704
4706
4704
8914
4706
16532
4706
4706
5478
4706
4704
7484
7484
4706
4706
4706
4706
7484
6774
6776
4706
4706
1524
2652
1524
2652
2652
1522
2652
1522
2652
2652
1522
2652
1522
2652
2652
1522
2652
1522
2652
2652
63898
4706
63898
25916
4706
35180
1864253
51996
62188
20666
4706
20666
17299
1882
2655
1524
2655
2652
1524
782729
1522
46894
8384
4706
11378
6349
2655
6028
6028
4706
4706
4706
4706
9834
4814
4706
4706
8388
1524
2655
1524
2655
2652
1522
1522
4132
3632
4704
4706
4704
3084
2655
38612
15958
4706
38612
13413
15662
15958
4706
21258
11190
78706
2054
5360
12792
6422
4706
12792
2655
11190
1524
2655
1524
2652
2652
1522
33048
1124
4042
5190
6422
4706
7042
2655
2652
11190
6480
9102
4706
7482
10608
6480
4706
15860
4706
9102
4704
7484
7484
4706
4706
11190
1524
1524
4706
6422
4706
7484
6776
4706
2655
11190
1522
2652
1522
2652
2652
64
140
1524
1524
4706
6422
4706
7484
6776
6776
4706
4706
2655
2652
11190
28374826
2368162
52634913
434958
18588
590434
9175367
2877554
17020180
144022
25668
195510
2877554
4960220
1085184
84124
114194
19436
1578920
2143330
1578920
30518
41422
30518
17144727
1280752
31803233
399912
14978
542868
5678548
1800486
10533629
142548
22794
193494
1028130
232086
2764762
2877554
5335224
1167228
45898
8838
315564
225876
306612
52168
3278248
1979902
1448882
1761200
2390774
1761200
244504
148738
109572
109572
148738
109572
647525
280971
488293
103068
7970
15400
6687
11616
6060
3282
68230
118890
51452
43614
6060
3478
6060
3478
6060
2042
103670
44987
78178
16504
6060
3478
6060
3478
6060
529
11802
20564
8902
7548
6060
3478
6060
3478
6060
491
599517
75238
1225276
75238
1044659
3402772
355100
103905576
2621201
63250
355100
810399
1072479
45792
1072479
122949584
5839366
122949584
49862080
2368149
67686192
434942
18576
590421
370147090
39757338
11097041189
309488741
8032745
39757338
102935985
11175960
4849331
8427690
1778820
137462
279124563
16123548
4025537
4659229055
62390
3257671
21887205
37758738
2917664
265754
115329
200406
42321
3296
2566000
144026
16308
43626032
282
25656
195504
297287
22997
207418
207418
47908
11586549
11586549
2675814
4698913
6378626
1085173
84120
114190
19432
28631453
3893256
58516102
3893256
49890307
1177536
2051857
887969
752657
58185
21590719
1578906
2592
5662
24568704
2143314
1578906
18300646
1414113
41090
71599
30988
26280
2056
452090
30516
16
28
514447
41422
30516
383217
29615
92978
351446
466141
7406229
164816
56182
351446
74164
97897
270421
986068
36914
986068
218227
22491449
74288986
3158038
74288986
18899108
22491449
30127823
1280739
40897564
10404335
270421
399899
14976
542850
120145
7194889
24605442
31871213
468482930
12194068
4439592
24605442
5958619
7735990
1789236
776363
1349247
284797
22028
7194889
9978712
24033793
80970
196698312
1122
1800472
13545785
3280338
2837698
219297
41976
18247
31656
6719
543
92978
142540
351512
408
3109596
10
22792
193490
40837
35919
2784
556940
83364
21776
573198
556940
128622
998797
12462520
1867538
572251
12826310
12462520
2878111
22349845
5054162
1028117
232080
7061138
12826310
6860865
1167215
12304034
225870
45896
8834
315556
573198
306606
52166
549857
4342734
4342734
7567213
203648
354856
153566
130178
10085
64
3274816
142
1823350
3930059
2390761
1761191
4342734
2390761
1761191
2775787
214505
4165901
9720
16937
7334
6241
505
6
203736
8
113436
244500
148736
109568
270172
148736
109568
172688
11723
259172
2355
13680
7376
2355
4426
2387
2355
960120
2663813
2355
2355
2355
2355
2355
3280
2320765
14718734
762
762
762
762
762
762
762
762
762
2355
31950
2355
17591
12960
4965
31095
2355
10334
2355
1948536
762
942
762
762
763
1823
762
23448
2355
5690
4193
2355
1355250
1072711
3014
2355
2355
2355
2355
2409
2355
15207
10766508
762
762
762
762
886
1817
762
2355
2355
8374
7488332
5927177
80700
80700
80700
9295
80700
80700
80700
80700
80700
960120
49214
2663813
12835
80700
72012
18501
302
45940
80700
80700
80700
57098
42064
9720
80700
80700
2320765
14718734
20713
15261
337277
837543
80625
323766
29577
2289
244149
1920
7702
1740
943
5808
34115
12517
25727
1740
1740
1740
1740
587
299761
37618
612640
232546
1130652
31624
80700
33593
544
22894
80700
80700
108579
80700
80700
80700
9286
80700
80700
6196737
38827816
80700
80700
1948536
89385
1130652
1172339
510428
39447
1130652
2273072
837216
29279704
80700
80700
80700
1355249
1072708
49210
33094
132881
12144
946
100205
85304
6594
1130652
12827
80700
72010
23365
18495
302
80700
23954
80700
80700
80700
80700
80700
57094
42060
9716
3003392
80700
10766508
588774
215976
443991
16694
1130652
2264830
405777
80700
80700
7488332
5927177
20546
7545
15497
590
109960
226048
8498
20710
15257
426104
337274
131671
960120
960119
35333
35320
35333
131671
960119
131671
960120
960119
49268
49268
49268
49258
49268
2355
2355
2355
11542
6225
93496
2355
2355
2355
3803
2355
30772
2355
960120
1909395
2355
2355
2355
2355
2355
11779
2355
2355
2355
2355
4185
3910
2765401
17538715
762
762
762
762
762
762
762
762
762
176924
762
762
176924
762
762
762
762
762
22665
2355
26958
405111
6136
4927
2355
14842
10934
164295
3987
4014
4658
27269
8489
2355
8882
133330
9
2355
926
1396694
1396694
1235
1239
1334
4966
763
763
762
763
3745
1676
1475
762
1711
20564
2355
2355
2355
4892
3603
54074
9
2355
512
971430
960120
971430
2887
3282
2355
51028
2355
2355
2355
2355
2355
20696
709750
2869
2355
18121
9
18121
6461
12829277
176924
762
176924
762
762
762
762
762
642339
1055
2164
1208
500
762
2355
2355
2355
2355
7350
9
9978
6461
8923031
7062772
80700
80700
80700
80700
80700
97441074
80700
80700
8541
80700
80700
1413179
6419864
46793812
46812387
80700
80700
80700
80700
80700
32069305
960120
37234
1909395
52814
42407
14178
80700
80700
1315906
2438237
17772090
17779145
20355
336
50540
80700
80700
80700
80700
80700
12273062
54300
43602
80700
80700
21375
1413179
147408
1074450
1074874
80700
80700
80700
80700
4357932
2765401
17538715
80700
60430
40322
32376
1058137
131671
960120
960119
960120
1312569
424946
426225
458802
1130652
178421
156350
12084
168298
1130652
7869
7893
8496
31689
3307
2898
1740
3118
23897
89345097
117362
117362
80854934
43054
88503
49278
3330
1740
3196685
4202
4202
2892957
1740
3170
1766
1740
229
108142070
1130652
80700
1413179
131671
34550
9
960119
167775994
6460
960119
268916
270882
320537
1130652
80700
34948
80700
1757434
3399932
9
960119
960119
24791635
4332214311
9
36959
603
36959
80700
21041
80700
4563746
8952001
159872
631740
65276233
11406695457
80700
80700
91612
422217193
80700
80700
80700
80700
80700
171229758
80700
80700
8534
80700
80700
1850822
8952001
29425
265247
65263325
65276233
6279612755
4975084
5009332
5813761
34050297
80700
80700
80700
138957954
9
926
1396691
67622
1396691
1538714
1543344
1661305
6197814
1130652
1130652
208517
1130652
4673715
2088850
1837511
676790
2132590
25677020
80700
80700
80700
80700
80700
56354258
9
512
971428
960120
37230
971428
135780
136188
146597
546889
57013
49960
3868
53780
412407
112910
99367
7398
117580
1130652
52811
42404
14175
80700
80700
1315903
3399932
5
250978
676249
24786732
24791635
2384970156
7
25709
20349
335
25709
80700
80700
52694
2143524
205549
575143
152142
1498829
261912965
80700
80700
80700
53179809
80700
80700
80700
80700
80700
21567018
54297
43597
80700
80700
21372
1413179
205549
241482
28003
1498534
1498829
144188396
752430136
3578815
80700
18883144
9
6461
12829277
89345304
1130652
80855059
743018
1130652
850462
10250
57421
680929474
1312772
2698752
1502609
500
483520
80700
80700
80700
80700
7658040
9
6461
8923031
7062772
3196934
72478
2893123
26589
54657
30437
230
2061
50485757
463355
952545
530359
7
26447
80700
60427
40320
32374
1058131
131671
34551
34551
9
473275
960119
960120
960119
92364060
6461
960120
960120
2353
13679
7375
2353
4425
2386
2353
960119
2663813
2353
2353
2353
2353
2353
3279
2320763
14718734
761
761
761
761
761
761
761
761
761
2354
31949
2353
17590
12958
4964
31094
2353
10333
932128
25998
2353
1948535
761
941
761
761
762
1822
761
23447
2353
5689
4192
761
391366
761
2353
1355248
1072710
3013
2353
2353
2353
2353
2407
2353
4917
15206
10766508
761
761
761
761
885
1816
761
2353
2353
761
761
2066
8373
7488332
5927177
80700
813995
438814
9294
80700
80700
80700
263215
141896
960119
49213
2663813
12834
80700
72011
18500
301
45939
80700
80700
80700
57097
42063
9719
80700
80700
2320763
14718734
20712
15259
337276
837542
80624
323765
29576
2288
244148
1919
7701
1739
942
5807
34114
12516
25726
1739
1739
1739
1739
586
299760
37617
612639
232545
1130652
31623
80700
33592
19117820
542
960119
22892
80700
90305
1901406
80700
1046762
771113
9285
80700
80700
12799642
80200624
124225
614844
1948535
2041769511
89384
56943528
1130652
2421521
510427
39446
1826047
4695135
837215
60478563
80700
338484
249349
1355247
1072707
960119
857262009
49209
31194
33093
132880
12143
945
100204
85303
6593
1130652
12826
80700
72009
23364
18494
8152
8026851
301
141
80700
23953
179185
80700
98645
80700
80700
57093
42059
9715
6203643
80700
10766508
588773
215975
443990
16693
2275605
4678110
405776
80700
80700
1298
2831
4520451
7488332
5927177
20545
7544
15496
589
109959
226047
8497
20709
15256
8
15
257224
426103
337272
16693
16693
16693
131671
960119
960119
16693
16693
16693
70170
35332
35332
35319
35332
35332
16693
16693
16693
16693
16693
16693
131671
960119
131671
960119
960119
49267
49267
44572
49267
16693
16693
16693
16693
16693
16693
49267
49267
44572
49257
49267
2353
2353
2353
11541
6224
93495
2353
2353
2353
3802
2353
30771
2353
960119
1909393
2353
2353
2353
2353
2353
11778
2353
2353
2353
2353
4184
3908
2765401
17538715
761
761
761
761
761
761
761
761
761
761
761
1971
761
761
761
761
761
1971
22664
2353
26957
405110
33
4109
4109
6135
4926
2353
14841
10933
164294
33
4109
4109
3986
4013
4657
27268
8488
2353
8881
133329
634
9
817565
21593
960119
2353
925
1396692
1396692
33
4109
4109
1234
1238
1333
4965
762
762
761
762
3744
1675
1474
761
1710
20563
2353
2354
2353
4891
3602
54073
634
9
761
343267
761
345957
2353
511
971429
960119
971429
33
4109
4109
2886
3281
2353
51027
33
4109
2353
2353
2354
2353
2353
20695
33
4109
2868
7907
2353
18120
5858
5858
4274
634
9
5858
5858
15184
18120
6460
12829277
33
4109
5858
761
1971
761
761
761
761
761
1971
1054
2163
1206
498
761
7156
2353
2353
2353
2353
7349
5858
5858
4274
634
9
761
1699
2284
5858
761
761
2461
2482
9977
6460
8923031
7062772
33
4109
5858
373830
24735
262470
129724
8585
91081
136840
87387
80700
686799
370244
97441074
80700
80700
8540
80700
80700
1413179
6419864
46793812
46812387
80700
80700
80700
226207
121945
32069305
960119
37233
1909393
52813
42406
14177
80700
80700
1315905
2438237
17772090
17779145
20354
335
50539
80700
80700
83561
80700
80700
12273062
607988
44572
426873
54299
43600
80700
80700
21374
1413179
3142110
147408
49899
1074448
1074874
1074874
80700
80700
80700
80700
4357932
2765401
17538715
210979
44572
148130
80700
60429
40321
32375
1058136
2012770
131671
44572
960119
960119
960119
1312568
960119
424945
426224
458801
1130652
178420
156348
12083
168297
1130652
7868
7892
8495
31688
3305
2897
1739
3117
23896
262462
24734
262462
262462
24734
262462
117361
117361
1204763
43053
88502
49277
3329
1739
1204763
4201
4201
77126
91072
8584
91072
1739
3168
1765
1739
228
69798
91072
8584
91072
1204761
1130650
80698
1413178
131669
840
44570
34547
4271
631
5
495293
6457
163145
960118
31
4106
2609129
268915
270881
320536
1130652
80700
34947
80700
1757434
3399932
16434
8
6685306
8
747398
960119
960119
36958
24887889
602
960119
36958
24791635
33
4109
4109
80700
21040
80700
4563746
8952001
159871
631739
65276233
33
4109
4109
1348804
80700
1604290
422217193
33
377132
185523
364986
293054
80700
883193
650618
171229758
33
377132
185523
80700
80700
8533
80700
80700
1850822
8952001
29424
265246
35935865
65263325
65276233
33
4109
4109
10276263
10347003
12008589
70332441
505038
100421
528396
138957954
1182544
9
925
1396689
1790825603
67621
47293604
1396689
33
119548
58163
3178285
3187847
3431502
12801867
1334442
1169358
208516
1258735
9653772
4314615
3795463
676788
4404963
53037056
136663
109729
80700
290892
214290
56354258
889
9
511
971426
960119
959792
751900127
292346256
37229
14307
971426
33
119548
58163
135779
136187
146596
546888
57012
49958
3867
53778
412405
112909
99366
7397
117579
1130652
52810
42403
14174
80700
80700
1315902
3399932
634
4
1586857
6
2218
250977
676248
25708
20348
4339
10449486
13701278
4062864
334
62
25708
13648288
24786732
24791635
33
4109
4109
80700
80700
52693
2143524
2206095
205549
69580
575142
152141
1498829
33
6414
171650
195190
80700
53179809
33
159140
80700
80700
107456
80700
80700
21567018
33
159140
426867
44572
426867
426867
44572
426867
54296
43596
80700
80700
21371
1413179
2206095
205549
69580
241481
28002
960119
1498533
1498829
33
6414
8382491
7392206
80700
18883144
1759410
595578
57109
8471
9
6460
12829277
33
54905
34863638
1204763
1130652
1204763
743017
1130652
850461
10249
57420
7585934
2711592
5574396
3103708
498
483519
80700
80700
80700
80700
7658040
1759410
595578
57109
634
9
6460
960119
3715893
4999368
780
1722
5386529
8923031
7062772
2094336
12829277
33
54905
34863638
77132
72477
148123
44572
148123
69802
26588
54656
30436
229
2060
148123
44572
148123
1204763
463354
952544
530358
6
26446
80700
60426
40319
32373
1058130
1413179
131671
843
843
44572
34550
34550
4274
67
9
317370
495295
6460
10
94231
82745
753753
960119
8
473274
15
960119
960119
960119
417974
960119
960119
33
4109
2609129
2353
13679
7375
2353
4425
2386
2353
1141395
7238929
2353
2353
2353
2353
2353
3279
6306689
39998247
761
761
761
761
761
761
761
761
761
2354
31949
2353
17590
12958
4964
31094
2353
10333
2353
5295156
761
941
761
761
762
1822
761
23447
2353
5689
4192
2353
3682897
2915096
3013
2353
2353
2353
2353
2407
2353
15206
29258051
761
761
761
761
885
1816
761
2353
2353
8373
20349587
16107139
148994
1502855
810170
9294
148994
148994
1141394
49213
148994
485967
261979
7238929
18500
301
12834
97755
72011
45939
148994
148994
148994
57097
42063
9719
6306689
148994
148994
39998247
337276
20712
15259
837542
80624
323765
29576
2288
244148
1919
7701
1739
942
5807
34114
12516
25726
1739
1739
1739
1739
586
299760
37617
612639
232545
1263167
31623
148994
33592
542
22892
148994
166728
3510510
148994
1932605
1423684
9285
148994
148994
14299790
89600320
229354
1135169
5295156
89384
1263167
2705329
510427
39446
2040064
5245415
837215
67566789
148994
624933
460366
3682892
2915088
49209
33093
132880
12143
945
100204
85303
6593
1263167
12826
97750
72009
23364
18494
301
103707
23953
330824
148994
182125
148994
148994
57093
42059
9715
6930724
148994
29258051
588773
215975
443990
16693
2542312
5226396
405776
148994
148994
20349587
16107139
20545
7544
15496
589
109959
226047
8497
20709
15256
426103
337272
1538075
1538686
35319
35332
2145577
2145153
2145577
25650
49267
25650
16693
16693
49257
49267
16693
25650
2353
2353
2353
11541
6224
93495
2353
2353
2353
3802
2353
30771
2353
989954
5188788
2353
2353
2353
2353
2353
11778
2353
2353
2353
2353
4184
3908
7514995
47661562
761
761
761
761
761
761
761
761
761
176921
761
761
176921
761
761
761
761
761
22664
2353
26957
405110
6135
4926
2353
14841
10933
164294
3986
4013
4657
27268
8488
2353
8881
133329
2353
925
3795519
3795519
1234
1238
1333
4965
762
762
761
762
3744
1675
1474
761
1710
20563
2353
2354
2353
4891
3602
54073
2353
272
511
2639864
2089512
2639864
2886
3281
2353
51027
2353
2353
2354
2353
2353
20695
709749
2868
2353
18120
18120
17550
34863638
176921
761
176921
761
761
761
761
761
642337
1054
2163
1206
498
761
2353
2353
2353
2353
7349
9977
17550
17550
24248390
19193126
252644
161340
148994
1268017
683572
179903843
127162458
127212937
122297
98197
8540
148994
148994
1944582
989952
37233
148994
148994
148994
417639
225144
59209028
5188788
48295759
48314931
20354
335
52813
42406
14177
112657
82992
1315905
50539
148994
148994
154276
148994
148994
22659551
2919819
2920978
54299
43600
125610
92534
21374
1438778
7514995
148994
148994
148994
148994
8045978
47661562
1870377
1871119
989952
82028
60429
40321
32375
1058136
3566913
424945
426224
458801
1263167
178420
156348
12083
168297
1263167
7868
7892
8495
31688
3305
2897
1739
3117
23896
193492732
117361
117361
175105771
43053
88502
49277
3329
1739
6922992
4201
4201
6265215
1739
3168
1765
1739
228
234200926
1263166
26
7452
160832
1345870
2609129
455932247
17548
148992
2609129
268915
270881
320536
1263167
29
3273
160834
1363730
1610636
67371414
11772817739
8
148994
34947
148994
3244722
36958
602
36958
159871
631739
177388547
30997761645
148994
21040
148994
8425969
2490256
148994
2961953
779532617
673864
541057
148994
1630614
1201217
316138669
29424
265246
177353470
177388547
17064884403
122293
98192
8533
148994
148994
3417143
11480665
11559696
13416024
78575564
925
932437
185406
975561
256555770
3795512
67621
3795512
3550787
3561470
3833682
14302275
1490841
1306410
208516
1406262
10785216
4820298
4240300
676788
4921234
59253120
273
511
252317
202590
148994
537066
395638
104045934
2639858
2089510
37229
2639858
135779
136187
146596
546888
57012
49958
3867
53778
412405
112909
99366
7397
117579
1263167
13
1329
149999
250977
676248
67358091
67371414
6481170354
4
6
52810
42403
14174
112653
82989
1315902
25708
20348
334
25708
1345872
575142
152141
4073078
711750015
148994
148994
52693
3957554
316912
360374
148994
98185003
148994
148994
198393
148994
148994
39818829
617882
1167363
346162
1345872
241481
28002
4072272
4073078
391832810
54296
43596
125608
92531
21371
1604985
1629521565
8258590
17550
148994
34863638
193493181
1263167
175106041
743017
1263167
850461
10249
57420
1474674137
3029396
6227728
3467470
498
483519
17550
17550
148994
148994
148994
148994
24248390
19193126
14138913
6923531
72477
6265574
26588
54656
30436
229
2060
109335906
463354
952544
530358
6
26446
7
3025
111864
391201
740930
215662
1345872
473274
1095475
2608614
2609129
250999873
5115
9663
82026
60426
40319
32373
1814704
1436378
1058130
417974
2351
13676
7372
2351
4422
2384
2351
1141394
7238929
2351
2351
2351
2351
2351
3277
6306689
39998247
2351
8263
4454
2351
2737
2351
1476
93559
232322
2351
2351
2351
2351
3740
3740
2351
2351
2351
2351
3740
3386
3386
989953
2968454
760
760
760
760
760
760
760
760
760
760
760
760
760
760
760
760
760
760
2351
31947
2351
17587
12956
932126
25996
4962
31091
2351
10330
2351
5295156
760
938
760
760
760
760
391364
760
1820
760
23445
2351
5687
4189
2351
3682897
2915096
3010
2351
2351
2351
2351
4915
2404
2351
15204
29258051
760
760
760
760
760
760
2063
882
1813
760
2351
2351
8370
20349587
16107139
2351
19303
7977
3846
2351
10626
7828
7977
3209
39351
1024
760
2677
2351
6393
3209
3209
2351
169930
760
760
760
760
760
760
16522
561
760
760
2018
2351
3519
2592
3209
3209
1473
118189
93550
3238
2351
4549
2351
3740
5301
2351
2351
2351
3209
4549
2351
3740
3740
760
760
2351
3209
2351
2351
3740
3386
2171369
760
760
760
760
31
69
760
760
760
760
2351
2351
3209
3209
2351
2351
3740
3386
3386
1510233
1195384
1184081
26317456
14187413
9293
295217
217479
1141392
49212
1438777
8510090
4587683
7238929
18499
300
12833
97754
72010
45937
2480110
1438777
542592
57096
42061
9717
6306689
1071665
789460
39998247
337275
20710
15258
837540
640376
15901616
8572363
7488
271434
199956
93558
1475
900243
5266814
2839274
232320
1033
20
11396
96746
71273
2565
514065
116042
1382381
2667612
1438777
583614
22948
4418
157782
153306
112937
26083
1639124
989951
724441
989951
1195387
880600
2968452
122251
74368
54785
74368
74368
54785
184677
80621
323762
29573
2285
244146
1917
7698
1738
941
5805
34112
12513
25724
1738
1738
1738
1738
585
12907
51833
4734
1738
39087
1738
1738
1738
150
1738
5899
2163
4448
1738
1738
1738
1738
140
299758
37614
612638
232539
1701386
31620
177550
33586
51952788
538
1310600
22888
536239
2919683
61474792
1184074
33843096
24931040
9282
295210
217471
29536868
185073545
4016372
19878669
5295156
5548520594
89377
154744370
1391486
5587980
510421
39440
4213845
10834645
837206
139562281
1628835
10943602
8061774
3682892
2915088
2012768
2329614527
49204
31191
33088
132876
12137
937
100200
85299
6591
1283000
12823
97745
72005
23360
18490
8149
21813016
296
138
103704
23949
5793274
1337907
3189313
2349456
542586
57091
42057
9712
14315726
1946628
29258051
588768
215970
443984
16688
5251261
10795359
405771
1071657
789453
1294
2828
12284352
20349587
16107139
20539
7534
15488
582
109956
226045
8496
20707
15254
5
11
257223
426102
337269
46482
21274
28084
175723
233070
1871
3703114
29
82400
135210
62611
18450
493034
11245724
5422986
1579019
37144493
11245724
2985462
640369
20448782
15063911
135210
34468
7482
271425
199949
3597444
1709790
2219796
12302721
15935606
169925
234241465
2669
6097034
222772
894618
81716
6314
674623
3597444
941273
814260
62918
900236
6772892
4989356
12016896
118186
93547
40482
98349156
1469
557
5224
20980
1916
148
15821
46482
11711
10302
796
11389
96739
71264
175756
1301
1030
200
1554798
16
2
278470
64310
41680
10885
286599
6231260
1439055
933769
286125
6413155
3430432
2527081
583607
514058
116037
3530569
6413155
153303
112933
26080
22946
4414
157778
286599
2171367
101816
37347
76778
2885
796495
28
1637408
66
911675
61546
1965029
1510231
1195380
880595
2171367
4849
1778
3656
137
49551
0
101867
0
56717
3362
122249
93955
74367
54783
135086
5680
4201
102
4201
4201
102
16692
16692
16692
16692
3634
16692
1538073
1538684
16692
16692
35316
35330
35330
70167
181086
181158
16692
16692
16692
16692
16692
23774
16692
16692
16692
16692
16692
3633
16692
3633
2145575
2145151
2145575
25647
49265
25647
16692
16692
16692
16692
49255
49265
16692
25647
252611
252561
252611
16689
9776
6225
99
16689
16689
43337
17747
102
30141
7197
102
16692
16692
16692
16692
9778
6228
102
16692
16692
16692
16692
2351
2351
2351
11539
6220
93492
2351
2351
2351
3800
2351
30769
2351
989953
5188788
2351
2351
2351
2351
2351
11775
2351
2351
2351
2351
4181
3905
7514995
47661562
1518
4105
2351
2351
2351
2351
7615
4105
1518
2351
2351
2351
2351
2351
2631
2351
1283
78095
193927
1518
2351
2351
2351
2351
2351
2351
2351
2351
3740
3740
1518
2351
2351
2351
2351
2351
2351
2351
2351
3740
3386
3386
989953
6184597
760
760
760
760
760
760
760
760
760
760
760
1970
760
760
760
760
760
1970
760
760
760
760
760
760
760
760
760
760
760
760
760
1970
760
760
760
760
760
760
760
1970
22662
2351
26955
405108
3209
169866
83562
6132
4923
2351
14839
10931
164291
3209
169866
83562
817563
21590
3983
4011
4655
27265
2119210
2529068
8485
2351
8878
133327
3209
53846
26197
2351
924
3795519
3795519
1232
1235
1330
4962
760
760
760
760
3742
760
343264
760
1672
1471
760
1707
20560
345954
2351
2351
2351
2351
4887
3600
54070
3209
53846
26197
2351
271
510
2639864
2089511
2639864
2884
3279
2351
51024
3209
71679
2351
2351
2351
2351
2351
20693
3209
71679
5856
5856
2865
15181
18117
2351
18117
3209
24730
18117
7905
289711
34863638
760
1970
760
760
760
760
760
1970
760
1696
2282
5856
760
760
2459
1051
2161
1203
497
760
2478
2351
2351
2351
2351
2351
7347
3209
24730
9974
7154
84419
159492
24248390
19193126
2732
3177
17787
14924
2351
17787
17491
7050
3285
2732
2732
1518
7213
4038
3242
2351
9792
7213
2855
7050
3209
3285
39703
961
760
760
760
2602
102914
122818
2732
3903
6147
5866
2351
6147
6045
3209
3209
2326
4199
4199
10797
141843
2326
141843
760
760
760
760
760
760
760
760
760
760
16669
334
760
760
760
760
1962
16800
2351
1213
2732
1518
2493
2351
2351
2351
3384
2493
2351
3209
3209
3209
1282
1323
4199
7510
98656
78089
680
1282
98656
6295
1518
5263
4628
5263
2351
7394
2351
3740
8618
5677
4199
4199
676
6295
1518
2351
2351
2351
2897
2351
2351
2351
4070
7394
2351
3740
4744
4199
4199
4199
758
758
758
758
758
1968
2348
2729
1516
2348
2348
3206
2348
1968
2348
3737
3383
4197
4523930
760
760
760
1970
760
760
760
760
760
760
760
1970
760
760
760
760
760
24
52
760
760
760
760
760
760
760
31
760
1970
229
229
2732
1518
2351
2351
2351
2351
2351
2351
3209
3209
2351
1970
2351
3740
3386
3386
3386
4199
4199
4199
1318220
3146489
2490514
262467
24732
373828
91078
8582
129722
38540
3631
54893
18450
1738
26279
4424221
2825327
923995
22205055
11970468
179903843
127162458
127212937
122296
98196
8539
296699
218569
1944580
989951
37232
1656579
1057899
1316730
7313554
3942645
59209028
5188788
48295759
48314931
20353
333
52812
42405
14176
112656
82991
1315904
50538
947913
753927
2701639
1456420
591059
22659551
426872
607987
2919819
2920978
54297
43599
125609
92533
21373
1438777
2920978
5801226
7514995
1224350
901938
601817
483210
8045978
47661562
148129
210978
1870375
1871118
989951
82027
60428
40320
32374
1058135
3566913
1871118
3716145
609972
280669
2913633
1860659
552568
14653268
7899394
146643
40905
14971607
14977550
207081
166273
13762
503295
370761
280669
78094
1282
1145261
753927
819910
5064203
2730049
193925
103779
10635109
10639331
3875
63
169951
135468
42800
363475
267761
9621
280669
280669
834476
169902
2247069
947913
753927
4336221
2337603
948665
62682
89277
216839
59465
104065
19571
759739
1379763
1380036
318539
255761
737973
543639
121203
1380036
1965565
2654195
989951
724441
280669
989951
1966095
1438777
947913
753927
6184597
30008
42739
1639122
989949
724438
280667
1812798
1813160
989949
1966093
1438774
947910
753925
4969538
1813160
3601038
424943
426222
458799
1711637
178417
156345
12081
168295
1290730
7866
7890
8493
31685
3302
2894
1738
3115
23894
262460
24731
262460
24731
117359
117359
2155614
43049
88499
49274
3326
1738
1950774
91070
4198
8581
4198
77124
91070
1738
3166
1762
1738
8581
227
69795
33007
33106
35637
132951
13858
12144
1738
13072
100257
1738
1738
1738
3502
1738
1738
429
1738
2640
38533
3631
38533
3631
16697
16697
288192
6124
12591
7010
1738
829
260806
288192
18442
1735
1735
29997
18444
1738
1738
1738
851
1738
18
27147
29997
35217044
268909
270875
320528
2092140
59
5
195147
34942
204623
11952774
3978
3271
215657
1363723
1610626
883886
407470
3244722
36953
67632985
597
1541873
36953
67371414
451919
21036
538926
11558
159864
631732
2382111
1110632
8425969
177388547
43608477
2278368
51868657
1581418
239470935
117803497
779532617
11800463
9474803
923990
28554727
21035281
870602
239470935
117803497
316138669
122289
98188
8531
296689
218561
6362
29420
265240
2382111
1110632
3417143
97655923
177353470
177388547
23713837
23877078
27711409
162301410
920
16328500
3246764
17083688
488008
75910856
36932846
256555770
3795512
4866579054
67616
128520647
3795512
7334314
7356379
7918645
29542002
3079401
2698450
208512
2904699
22277355
9956546
8758534
676782
10165034
122390021
268
506
4418495
3547689
1316722
9404910
6928272
268658
75910856
36932846
104045934
2639858
2089505
959788
2043292995
3661082
794452661
37224
14303
2639858
135773
136181
146590
546884
57006
49953
3860
53772
412400
8359290
112905
99362
7394
117575
1577663
9
1
3
52806
42399
14170
112649
82984
2213
2190
1326
149994
250972
676241
883886
407470
1315893
25702
20343
4334
28396539
37233304
17538
11040857
329
59
25702
37089303
67358091
67371414
200641
228157
52691
29649
2120470
3957554
575139
152138
4073078
5549660
6310744
1457412
917698
98185003
101051093
1501739
1205773
3474190
2559316
591052
505211
39818829
101051093
426861
426861
54293
43593
125605
92529
21368
16322
617879
1167361
346159
2120470
1604982
241479
27998
2242310
4072272
4073078
18153779
17058494
289707
2223977
309363
34863638
2155614
2025558
1950774
743010
1527455
850455
10242
57413
16428692
6257357
12863656
7162218
494
483513
84417
159489
1224343
901931
601808
483203
170310
1343195
10097962
13585813
775
1717
14637926
24248390
19193126
14138913
7347
5691371
34863638
77124
72471
148115
69795
26583
54650
30428
225
2054
148115
317368
598450
1218061
463351
952542
530355
3
26443
4
5113
9660
82023
60423
40317
32371
7
94229
10331
3022
2155
22193
111862
391199
740928
215659
1345870
82742
753751
1016736
5
473271
12
1095474
1814703
1436377
1058129
64
417971
2608613
2609129
46977
14911
65537
765243
249573
4138
114595
33920
914201
898249
250534
20885030
1976230
28718974
9939284
4631396
1362496
34228483
33659089
9468535
4355
1976230
7771360
6239764
9939284
2549675
4631396
552559
18843461
13881327
5494733
1545706
17
46977
2744
27516
207075
166264
249573
1321
63086
114595
13756
503286
370753
146636
40898
11497624
20880900
20885030
658117
8085
2007444
11288560
3308745
1545245
2021707
11829443
2385147
15492305
11633401
141838
236334444
2322
5722514
141838
569694
571408
615082
2294680
239193
209602
16196
225623
1730397
1211
658117
1319
842850
3054687
2452663
3308745
850688
1545245
741598
57304
819901
6512344
4797418
874914
967294
11682607
8091274
1899113
98651
78084
20567
99227919
102373
38580803
676
1278
331
98651
15006
15051
16201
60442
6300
5521
426
5943
45579
4
32766
62
50251
135906
43982
169945
135461
174642
23073
44003
79931
38706
2426
42793
363467
267753
45866
50709
660350
451180
103773
84596
4889
3870
424
3500606
157
6252229
8199069
627
2375837
32
60
2
4889
8167358
14832786
14835720
8907389
10128954
6116462
3932591
2849345
2339194
1515785
418928
81357
10424626
2410341
1935306
5576191
4107787
1653517
4254127
1594858
465146
948658
834470
169895
13281
5738963
674
10424626
62670
62670
318537
255759
737970
543637
216837
559164
207610
59462
121200
79364
104062
8880
15403
19568
1335
402125
759736
20
223229
1379762
1380035
288192
105713
217322
121000
826
8168
260806
288192
166753
1310318
1762904
1659457
21
3411454
49
1899427
1318219
28
115321
4094037
3146488
2490513
1834675
1224176
982913
226
226
738516
9296
4523930
11003
22620
12594
16
850
27146
29997
