215
7469
45810201
45810201
215
7469
33129976
33129976
215
9511
39741318
215
7469
28740955
215
7469
1110030
215
1146
562383
562383
215
7469
45810201
45810201
215
7469
33129976
33129976
215
680
406718
406718
215
9510
39741318
215
7469
28740955
215
7469
1110030
215
7468
45810201
45810201
215
7468
33129976
33129976
273
9508
39741318
215
7468
28740955
215
7468
1110029
215
1145
562382
562382
215
7468
45810201
45810201
215
7468
33129976
33129976
215
679
406717
406717
273
9508
39741318
215
7468
28740955
215
7468
1110029
17550
107677119
107677119
17550
17550
77872184
77872184
22345
93412178
17550
17550
67555766
17550
1946327
1145
562382
562382
17550
107677119
107677119
17550
17550
77872184
77872184
410
679
406717
406717
22345
93412177
17550
17550
67555766
10843
17550
1407586
210656
107677119
107677119
74954
124580
77872184
77872184
3322059
93412177
1182016
1964607
67555766
2568529
75583
2568529
1857563
26895
44700
1857563
6547234
2329559
4734965
3871919
30461
1946320
1141
562377
562377
210652
107677119
107677119
74951
124575
77872184
77872184
406
674
406711
406711
3322055
93412178
1182011
1964602
67555766
10838
18014
1407580
16506
404
16506
2568525
75579
2568525
1857559
26891
44696
1857559
11937
144
239
11937
6547234
2329553
4734965
3871914
128581
261349
213712
128132165
13756430
129014516
2220058
159012
60972528
1150226
1158146
14568
14568
547348
3405949
3482459
602028419
51928705
606174139
79601887883
8546158980
80150046668
624936967
42026203
37879078447
2482476
405864
286479156
304008829
306102311
1015630
1933384
144664587
3852
7420
2220058
585446
607748
798117
1336847
10424328
84040
386877
1732744
211310
572792
1340048
523875
301175328
32334562
303249298
2364461
159010
143316247
1150223
1158144
14568
14568
547341
9814877
9933978
9814877
5874773
10755021
991892
10829082
3024143
2973261
50956
14568
5117847
3024143
1758332
819321
1372363
616071
1612959
7224105
819321
811590
283140
953875
4272203
61810
62236
270842
453661
1549074
2388068
2184126
14566
14566
29414
270842
268294
711938
1412260
1995444
1291652
50961127
17065260
228244077
2050894
1129508
6169803
192998768
75450532
42909538
6395739
2500336
1500832
8005701
8185538
1415070965
122058694
1424815502
187104655943
20087791612
188393106048
1468917626
98782811
89034973024
5835073
405859
673370764
714574352
719495092
1015622
1933375
340034874
3852
7416
3868502
67366341
4246335
68426819
2937913
2581631
9178118
8369865
1482828556
1500822308
1482828556
887558878
9178118
4949785
6681538411
616211818
6727549179
456886620
449199468
31654709
2264507
3179453708
456886620
265648354
129994
9910
32338656
2937913
1526729
2235135
3743851
5743285
2457622
25722958
123782870
207336307
212465579
125103926
951588244
123782870
122614902
125648259
57496512
562751892
2235135
2214045
3396474
1129498
15212087
38397470
38661885
40918842
68539060
314566056
26962
50508
18271687
40918842
40532747
287391462
186028615
144571412
140
236
287223
798117
790587
9523795
6164757
4790916
432768
2664292
178347
180305
1926819
81970
64066082
6878215
64507258
1110029
79505
30486264
575113
579073
7283
7283
273674
1702974
1741229
301014209
25964352
303087069
39800943941
4273079490
40075023334
312468483
21013101
18939539223
1241238
202932
143239578
152004414
153051155
507815
966692
72332293
1925
3709
1110029
1428
1958170
1211419
844
1958170
1211419
56546211
5556943
976035
56935603
146803472
440
612537
371952
712551
44844
15140
26907884
35132291
440
612537
371952
440
120652
440
120652
609365
6220
613562
1110029
440
39679
2123852
4992127
7283
7283
6220
289971
378601
440
39679
628679
1110029
1110029
2123852
4992127
188620
2505
1877372
10817
572629
1930562
440
83116
432765
2664292
178346
34151908
80274241
12243223
300244129
20897809
1700593
88344254
303490118
302422694
440
507259
274725
973
1601587
886538
215849
295839787
183020810
127649
295839787
183020810
575
1601587
886538
35129236964
3452241424
198200701
35371145798
65281
92542011
56194523
188329522
11851777
3074589
16716476935
8464850145
38606
92542011
56194523
188620
1110029
101487
12705
27094774
143430059
179478508
72629775
178847253
440
507259
274725
440
227812
9192
18228091
5436
18228091
440
227812
161057290
908692
162166371
2943
5994787
1319439951
3101350543
313760
642508
6220
76640163
38808865
1740
5994787
166162015
467371614
587371872
1319439951
3101350543
1629
188620
2505
2505
968
2106
6220
572629
572629
1110029
1141699
1085968
1930562
440
83116
180304
1926818
81969
3410520
12097278
15203322
34151908
80274241
6262433
178346
4528997
1498698
81969
292723
303874
399058
5212164
42018
193438
866372
105653
286396
670024
261937
150587664
16167281
151624649
1182230
79503
71658123
575111
579072
7282
7282
273670
4907438
2965366
4907438
1753663
5377510
495946
5414541
1512071
887540
25476
7282
2558923
1512071
524875
409660
308035
806479
3612052
242265
409660
141570
476937
2136101
30903
31116
135421
774537
1194034
1092063
7282
7282
14705
80085
135421
355969
706130
997722
645826
25480563
8532630
114122038
1025447
564754
3084901
96499384
37725266
21454769
3197869
1250168
750416
4002850
4092769
707535482
61029347
712407751
93552327971
10043895806
94196553024
734458813
49391405
44517486512
2917536
202929
336685382
357287176
359747546
507811
966687
170017437
1921
3704
1934251
33683170
2123167
34213409
1468956
770636
4589059
2498467
741414278
448006659
741414278
264942948
4589059
1477547
3340769205
308105909
3363774589
228443310
134089393
15827354
1132253
1589726854
228443310
79298016
64994
4950
16169328
1468956
455740
1117567
2871642
1228811
12861479
61891435
106232789
62551963
475794122
36601463
61891435
62824129
28748256
281375946
660909
1117567
1698237
564749
7606043
19198735
19330942
20459421
157283028
13479
25251
9135843
12099327
20459421
143695731
93014307
72285706
65
112
143611
235996
399058
4761897
3082378
2395458
47556
246893
1105783
144938
392886
919158
359333
8472027
131776833
81523527
5010202
131776833
81523527
132912167
13061624
133827434
345062333
409421531
2562299
41221275
25030900
712548
44841
63247123
82578635
6351154
1515297
41221275
25030900
360819
8119395
213381
8119395
609363
613559
1582010
1877078
115543
2670276
4992127
7282
7282
289969
378598
22278
68330
2670276
628677
1768309
2222333
4992127
1078041
3862690
2308127
78202
1078041
3862690
1364984
2308127
5022763
405675
5057351
13039937
15472077
331763
1223253
724024
18640
7282
2390114
3120654
167640
25779
331763
1223253
428174
724024
387075
449613
348633
1029340
4610198
25779
387075
265893
449613
160228
608733
2726387
30556
31316
80747
95808
129499
150422
347309
347309
1062532
1638011
1498124
7282
7282
14800
19324
22278
25779
129499
88956
150422
43737
123023
154610
347309
205392
83116
12521
488329
968690
1368704
885963
54009
32521803
9657192
145658257
1653378
750416
9812923
132380689
51752627
29432282
22237344
8693420
4933975
944758
53399
4412774
2560588
4537797
118643
5593402
6262433
178340
80274241
169357167
705725405
49120410
402532104
713355118
710846132
1749086
34136491
18487892
5774539
107780229
59660402
1279951226
19908802140
12316548547
756939758
19908802140
12316548547
3414957
107780229
59660402
82571456162
8114511616
83140064147
387111420
6227697176
3781660534
442669533
27857665
39292166915
1289710894
19896674767
228930617
6227697176
3781660534
954521
1585273
101484
123454735
337133109
421865177
5329673
170716668
420381408
1034377
34136491
18487892
353866
15330871
54512451
1226675650
32237667
1226675650
209270
15330871
378566007
381172908
17456208
403424562
3101350543
313755
642505
180143108
2309751
91220442
10323282
403424562
390564690
1098559436
1380620673
3101350543
1622
268432
9568
53399
963
2101
785320
1267784
2144572
2683570
8550
1085963
4537797
70163
5593402
4528997
1498694
81963
8016445
28434716
35735488
80274241
29431763
56632958
32167013
1711519
32847571
32732041
295310
1205558
580099
626843
157091899
964749
3701024
229876
1927936
189184461
583574128
348711178
13723746
189184461
583574128
206221416
348711178
157091899
52289
964749
3701024
87606
1140146
1927936
3120382972
252025363
3141870720
58220788
184808691
109385319
11580156
821263
1484854625
34042188
751897181
3728095
58220788
184808691
64688478
109385319
99510
56632958
42115
2475
10074198
15523830
19425453
144071
7860920
19357130
15455
295310
1205558
221078
370703
626843
3103829
109813
1597275
6893214
2027337
40911741
67927475
135588911
70796028
607273961
40171067
230173
67927475
80184803
32537146
359130719
3103829
41850
944599
1251
1597275
4076521
931744
24194455
18982981
19455466
22725729
215765477
9869
19788
9194693
67173
4655987
13439581
71122
22725729
27172154
76428380
96051792
197126024
127599758
99163654
51635941
7778712
215765477
277
199830
15163
84627
2356264
64
116
267585
435945
456712
545512
387
188955
922437
451525
716386
400
1211378
1032484
292453
10190
1700503
12301324
16032010
1774526
6458794
23742796
33113283
21434242
16623618
7285403
86292
36244344
173822
92828
173822
173820
94808
173822
44564
58254
44562
44562
44562
44562
14570
24404
14570
24404
24404
14570
24404
14570
24404
19848
173822
173822
173822
173822
167656
173822
1459620
173822
173822
173822
721807
44078
51311
34226
24408
24404
1133316
173822
171234
173822
306334
84232
130186
130186
44564
59836
76992
44562
50468
44564
44564
84533
14570
24404
14570
24404
24404
39188
44562
44564
44562
35881
24404
351750
173822
618505
173822
173820
173822
173822
173820
199474
173822
173820
173822
173822
173820
173822
160636
173820
48636
173822
173822
173822
56346
72502
56346
2154930
2508155
1673190
1064412
292656
51250
59653
39794
25322
7919
101484
169985
78798
72145
19848
4728
7919
4728
7919
7919
656410
122580
122580
1099486
2285398
173822
173822
173822
2583935
173822
173822
173822
1382372
173820
1382372
635324
173820
817510
173822
173820
173822
192267160
445825
173822
445825
95078791
5805179
6756724
4507410
3828041
3718098
149285125
204900
173820
263654
40349509
11093487
651050
757770
505508
321593
88433
2285398
173822
173820
173822
1096585
301506
173822
173822
105800
173820
173820
173820
173820
173822
173822
160626
173820
48628
6646836
173822
173822
11133451
1289280
2159544
1001060
916472
251987
5160911
173822
173820
173822
4724810
3828041
44994
75364
34940
32005
8830
509666
56338
72492
56338
466604
128294
173820
92826
173820
173820
94806
173820
44562
58250
44560
44560
44560
44560
14568
24401
14568
24401
24401
14568
24401
14568
24401
19845
173820
173820
173820
173820
167654
173820
1459618
173820
7596753
1639898
173822
173820
721804
44076
51305
34224
24404
24401
1133314
173820
64338
3590241
14568
171232
173820
306327
84229
130184
130184
44562
59834
76990
44560
50466
44562
94196
44562
84530
14568
24401
14568
24401
24401
39186
44560
14568
14568
44522
44562
44560
35878
24401
6159733
627841
10831045
173822
173820
173822
1986557
641233
3493089
173820
173820
173820
224058
393969
173822
160634
173820
48634
173822
173820
173822
56344
72500
56344
2154928
2508151
1673188
1064408
292652
51248
59650
39792
25319
7916
101482
169982
78796
72142
19845
4726
7916
4726
7916
7916
656408
122576
1225278
122576
1099483
3416205
173822
44190092
2881378
173820
173822
2583932
185258
173822
185258
24207615
2467402
24207615
11125577
1133993
14315941
173820
173820
173822
397136267
7807127
4719470215
433431244
2520032
7807127
196389420
11990853
13956312
9310253
5922775
3718094
308354985
3588077
17002643
2230431421
2220058
1158181
4616992
83343684
22914084
651048
757766
505506
321589
88429
2652500
173820
160352
20884329
8924
173820
173820
1096578
301503
173820
173820
105798
880530
880530
266544
404683
520729
173822
160624
173820
48626
13729333
295088
24895116
295088
22996633
1289278
2159540
1001058
916469
251983
10660090
173822
25264
55126
11765483
174514
173822
9759304
3828041
44992
75361
34938
32002
8827
509664
56336
94
204
579070
72490
56336
466601
128291
297988
92826
297988
293696
94806
297988
44562
58250
44560
44560
44560
44560
14568
24401
14568
24401
24401
14568
24401
14568
24401
19845
297988
297988
297988
297988
167654
297988
1459618
297988
297988
297988
721804
44076
51305
34224
24404
24401
1133314
297988
171232
297988
306327
84229
130184
130184
44562
59834
76990
44560
50466
44562
44562
84530
14568
24401
14568
24401
24401
39186
44560
44562
44560
35878
24401
10560049
1076351
18568396
297988
196666
297987
3405690
1099309
5988439
297988
200382
297988
384112
675409
297987
160634
206694
48634
297987
297988
297987
56344
72500
56344
2154928
2508151
1673188
1064408
292652
51248
59650
39792
25319
7916
101482
169982
78796
72142
19845
4726
7916
4726
7916
7916
656408
122576
122576
1099483
3776358
297988
297988
297988
2583932
317598
297988
317598
41500758
4230035
41500758
19073333
1944082
24542790
297988
196656
297987
439004343
13384289
4320263
13384289
217093767
13254988
15427655
10291786
6547184
3718094
340863298
6151285
1985549
7915223
92130188
25329801
651048
757766
505506
321589
88429
2932139
297988
200366
297988
1096578
301503
297988
297988
105798
1509553
1509553
456951
693775
892722
297988
160624
206682
48626
15176747
505890
505890
25421052
1289278
2159540
1001058
916469
251983
11783929
297988
299174
297988
10788178
4231612
44992
75361
34938
32002
8827
509664
56336
72490
56336
466601
128291
270172
270172
452538
910653
92824
1601258
293692
94804
516417
44560
58248
44560
44560
44560
44560
224826
44560
395321
74112
44560
130312
44560
44560
68692
68690
44560
44558
44560
44560
68692
62826
62824
44560
44560
14568
24401
14568
24401
24398
14566
24398
14566
24398
19842
14570
24398
14566
24398
24398
14566
24398
12452
11403
7916
3578847
364780
3578847
1644802
167652
2116464
17856209
1639895
1459614
1154203
372560
1154203
721799
44074
51301
34224
24401
24401
64334
8438881
14568
1133311
530460
171228
682574
306320
84222
130180
130180
44560
59832
76988
44560
94194
50464
44558
44558
84527
14568
24401
14568
24404
24398
14566
14566
44518
39184
44560
44560
44560
35875
24398
883552
472507
69674
883552
423436
406072
472507
44560
522516
250412
753834
55206
113970
291245
148978
71524
291245
39161
128248
14568
24401
14568
24401
24401
14568
356263
14566
88492
133858
148978
44560
172238
24401
24401
100319
61538
84900
44560
68692
97376
61538
44560
142207
44560
84900
44560
68692
68690
44560
44558
100319
14568
14568
44560
59892
44560
68692
62826
44560
24401
100319
14566
24398
14566
24398
24398
536
1234
14568
14568
44560
59892
44560
68694
62826
62826
44560
44560
24401
24401
100319
184923767
18848671
325163045
2556106
196664
3289086
59639226
19250718
104867389
829160
200380
1066918
6726439
11827520
2799626
160632
206692
48632
2799626
3963707
2799626
56342
72498
56342
45654346
3600002
80276896
746504
39186
960562
15049028
3695410
26461650
257192
41118
330942
1693604
775000
3076466
3179558
5590816
1738408
75120
17168
338984
256652
330246
77694
3395794
2050894
1500832
1995886
2568222
1995886
246838
159782
124172
124172
159782
124172
2154923
2508144
1673182
1064405
292645
51246
59646
39790
25315
7912
101480
169979
78796
72142
19838
4724
7912
4724
7912
7912
315097
366751
244658
155644
42796
7394
8606
5740
7912
7912
16032
26853
12448
11400
7912
4724
7912
4724
6904
1906
656404
122578
1225276
122578
1099477
7800235
1804087
103869044
6772696
435945
1804087
2583906
5561670
427864
5561670
726746267
74074856
726746267
334005313
34044063
429784457
2556088
196652
3289070
906782759
234380827
11093139552
1018782419
75654892
234380827
448416714
27378760
31866501
21258137
13523496
3718080
704068119
107719083
39964803
5242640782
2403859
34770231
138608536
190298952
52319817
651038
757751
505496
321593
88429
6056463
829140
160348
49088725
8920
200372
1066904
1096557
301500
349479
349479
105798
26434756
26434756
8001965
12149149
15633031
3677623
160626
206686
48632
31348239
8858969
58516102
8858969
52508301
1289270
2159528
1001049
916460
251987
24340224
4071493
25260
55120
27654831
5239032
4071493
22283457
6126499
44992
75361
34940
31992
8823
509663
56342
98
204
579067
72494
56342
466596
128301
148030
559579
742197
7403625
262410
89448
559579
113491
149825
460753
1624248
85240
1624248
377625
71386337
179420558
14147928
179420558
63971966
71386337
82459893
6502246
106106038
37831851
460753
746488
39180
960550
223327
22507184
59142346
70801226
468318214
34293923
14522880
59142346
19374869
24325824
4003381
4659588
3108410
1977434
543665
22507184
27181230
54973350
797691
221328160
50448
6674570
34975702
11457943
10323386
2838258
93902
109293
72914
46400
12783
148030
257188
576276
3840
3498968
220
41114
330924
67123
63586
17493
558418
127012
37342
573198
558418
169040
960106
12495591
2863790
1686256
12826310
12495591
3782493
21484069
5742849
1693593
774986
7585245
12826310
7389664
1738396
12705285
256646
75116
17164
338978
573198
330238
77690
567789
4342734
4342734
7274079
203648
341110
158120
144763
39821
532
3371899
1234
2052385
3967575
2568213
1995877
4342734
2568213
1995877
3086971
848716
4301757
9720
16281
7552
6934
1936
6
209776
8
127684
246834
159776
124170
270172
159776
124170
192048
37171
267624
46413
86909
86909
47403
86909
86909
22280
2998091
16721779
29126
22281
22280
22280
22280
34562
2985620
16652222
7284
7284
7284
7284
7284
7284
7284
7284
5924
86909
86909
83827
86909
86909
215465
729810
86909
86909
22280
12499552
15315
22038
7285
7284
17112
91441
25143
566658
85616
86909
86909
22280
9039686
7392006
65092
22281
38495
29917
22280
25233
22281
144084
12447558
7284
7284
7284
7284
10710
19593
7284
22281
22280
85210
9002084
7361258
86909
309252
175875
86909
86909
86909
86909
99736
86909
2998091
310458
16721779
86909
86909
86909
68116
1146
154077
86909
86909
86909
86909
80317
24317
86909
86909
2985620
16652222
36250
28172
362311
819593
748703
1077465
317735
87359
836595
17806
25624
7558
2363
19896
50741
21535
39398
5924
2363
2363
2363
2363
328205
61289
612640
771324
1142699
86909
86909
115166
1935
86909
86909
86909
691186
86909
408755
317662
86909
86909
86909
28381728
96133580
86909
222912
12499552
524958
2016932
2902589
1142699
1109880
2253705
12044629
3311488
74642562
86909
131826
102448
9039686
7392006
310451
226200
325525
95997
26397
252754
327339
90001
1142699
86909
86909
86909
83291
68109
1146
86909
52899
86909
86909
86909
86909
86909
86909
80312
24313
3323418
86909
12447558
644640
273574
500530
75219
1410391
2580455
1142699
86909
86909
9002084
7361258
22496
9553
17469
2635
139285
254833
38296
36245
28168
443064
362305
690789
2314107
2314983
124945
124897
124945
929908
3116322
929908
3115762
3116322
168195
168195
168195
168164
168195
86909
86909
31305
86909
86909
1521902
55381
37710
32623
86909
86909
781813
22280
1763417
9835402
22280
22280
27941
22281
22280
123361
22280
22280
22280
22280
43689
41182
3557639
19842642
7285
7285
7285
9172
7284
7284
7284
7284
7285
1217599
7284
7284
1217599
7284
7284
7284
7284
7284
86909
86909
86909
5527127
86909
86909
56539
86909
86909
2540212
147348
148282
167999
638686
86909
86909
86909
1792185
215
22280
7469
7351976
7351976
80917
80953
81852
116497
38244
34356
9448
34739
90454
69639
62930
17303
71297
495906
86909
86909
58921
86909
86909
1412092
215
22280
7469
5316955
4347824
5316955
55618
62446
22281
484796
22281
22281
36930
28701
22280
222809
3111144
30067
22281
171688
215
171688
7469
14832401
1217599
7284
1217599
7284
7284
7284
7284
7284
2842404
12762
23346
14212
6271
7284
22280
22280
22280
22280
78908
215
101534
7469
10726805
8771611
86909
86909
86909
247999
141040
285593978
86909
86909
62743
86909
86909
2266000
16728912
56040909
56062148
86909
86909
86909
86909
86909
92604583
1763417
208572
9835402
86909
86909
77235
86909
86909
1399815
6353569
21284098
21292165
48632
882
110011
86909
86909
86909
86909
86909
14611579
74515
63794
86909
86909
34549
1399815
384118
1286775
1287261
86909
86909
86909
86909
5174563
3557639
19842642
86909
68481
50202
42980
1199137
331232
1110030
1110029
1025449
1484991
1142699
1142699
1142699
1207782
1142699
1142699
461828
1142699
1142699
73244
73276
74092
105452
34617
31099
8553
31445
81880
89008267
174559
174559
81319053
74081
135536
82498
20370
8827
3184682
6248
6248
2909541
2654
4854
2955
2363
2363
99415516
1142699
86909
1521902
331232
180304
215
1110029
176439109
7468
1110029
571231
575247
677588
1142699
86909
86909
86909
3186843
8552880
125
1110029
1223883
28662524
4555908234
125
82225
1489
82225
86909
86909
86909
8905331
22519684
930107
1110029
75468262
11995680273
478384
86909
554284
1122377945
161172
137979
86909
327793
254743
515833674
86909
86909
62740
86909
86909
4092801
22519684
240172
902661
75454695
75468262
7094026036
19408967
19532049
22129145
84130320
174059
86909
179800
363933940
215
7469
7351976
352676
7351976
10658271
10662928
10781592
15345134
5037121
4525130
1244116
4575489
11914672
9172718
8289005
2278936
9391160
65322676
86909
86909
86909
106330
86909
167260398
215
7469
5316955
4347824
208566
5316955
930558
930964
941326
1142699
439785
395088
108629
399484
1040252
269968
244126
64791
287558
1142699
86909
86909
77232
86909
86909
1521902
8552880
48
639692
1110029
28657371
28662524
2694280849
76
59466
48628
882
59466
86909
86909
75165
2314562
517082
730325
239653
1732852
275436843
86909
86909
86909
57423182
86909
86909
86909
86909
86909
26391119
74510
63789
86909
86909
34547
1521902
517082
345154
61884
1732542
1732852
162888390
749593943
3960156
86909
20335920
215
7469
14832401
89008533
1142699
81319243
941179
1142699
1048126
112121
258769
684838352
1680609
3074848
1871578
6271
1142699
86909
86909
86909
86909
9346185
215
7469
10726805
8771611
3184759
79356
2909731
33683
61618
37508
2377
9266
46854818
536065
980784
596977
26
56846
86909
68479
50200
42978
1199131
331232
180305
180305
215
604731
1110029
1110030
1110029
104342918
7469
1110030
1110030
46412
86909
86909
47402
86909
86909
22279
2998091
16721779
29124
22280
22279
22279
22279
34561
2985620
16652222
7283
7283
7283
7283
7283
7283
7283
7283
5923
86909
86909
83826
86909
86909
215464
729809
86909
86909
3798376
819949
22279
12499552
15314
22037
7284
7283
17111
91440
25142
566657
85615
86909
86909
32168
1795120
7283
22279
9039686
7392006
65091
22280
38494
29916
22279
25232
22280
47097
144083
12447558
7283
7283
7283
7283
10709
19592
7283
22280
22279
7283
7283
22260
85209
9002084
7361258
313920
5415522
3079866
86909
86909
86909
320616
1746544
993278
2998091
310457
16721779
86909
86909
86909
68115
1145
154076
196984
112027
86909
86909
80316
24316
86909
86909
2985620
16652222
36249
28171
362310
819592
748702
1077464
317734
87358
836594
17805
25623
7557
2362
19895
50740
21534
39397
5923
2362
2362
2362
2362
328204
61287
612639
771323
1708102
86909
86909
115165
22095046
1934
1440689
86909
92628
1233701
12103807
566996
7157970
5562788
86909
86909
86909
58623707
198568133
1260016
3903563
12499552
2359735107
524957
216715622
4166063
5995426
1767992
1109879
4655126
24878711
6840025
154177492
579090
2308496
1794038
9039686
7392006
8501321
1115215710
310450
1110029
226199
325524
95996
26396
252753
327337
90000
1326250
86909
86909
86909
83289
68108
80175
10442164
1145
4461
86909
52898
440265
133271
260364
202341
86909
86909
80311
24312
6864666
147544
12447558
644639
273573
500529
75218
2913225
5330045
1142699
87254
86909
12631
27562
5882741
9002084
7361258
22495
9552
17468
2634
139284
254832
38295
36244
28167
46
101
289535
443063
362304
56987
33601
56987
690789
2314105
2314983
56987
56987
56987
233065
124944
124944
124896
124944
124944
56987
33600
56987
56987
33600
56987
929908
3116322
929908
3115762
3116322
168194
168194
168194
168194
56987
56987
56987
56987
56987
56987
168194
168194
168194
168163
168194
86909
86909
31304
86909
86909
1521902
55380
37709
32622
86909
86909
781812
22279
1763415
9835402
22279
22279
27940
22280
22279
123360
22279
22279
22279
22279
43688
41181
3557639
19842642
7284
7284
7284
9171
7283
7283
7283
7283
7284
7283
7283
18777
7283
7283
7283
7283
7283
18777
86909
86909
86909
5527127
440
78190
43853
86909
86909
56538
86909
86909
2540212
440
78190
43853
147347
148281
167998
638685
86909
86909
86909
1792185
57111
215
3331536
603200
8590076
22279
7468
7351976
7351976
440
38771
38771
80916
80951
81851
116496
38242
34355
9447
34737
90453
69638
62929
17302
71296
495905
86909
86909
58920
86909
86909
1412091
6220
215
15251
1574491
7283
2055735
22279
7468
5316955
4347824
5316955
440
38771
38771
55617
62445
22280
484795
440
38771
22280
22280
36929
28700
22279
222808
440
38771
30066
81651
22280
171687
56121
56121
40221
6220
215
56121
56121
144699
171687
7468
14832401
440
38771
56121
7283
18777
7283
7283
7283
7283
7283
18777
12761
23345
14211
6270
7283
74598
22279
22279
22279
22279
78907
56121
56121
40221
6220
215
7284
19880
24985
56121
7283
7283
26524
34630
101533
7468
10726805
8771611
440
38771
56121
383426
33601
276699
133054
11661
96019
1029510
700995
211726
4342881
2469843
285593978
86909
86909
62742
86909
86909
2266000
16728912
56040909
56062148
374585
255055
220645
1408754
801174
92604583
1763415
208571
9835402
86909
86909
77234
86909
86909
1399814
6353569
21284098
21292165
48631
881
110010
86909
86909
188977
107473
86909
14611579
591524
203083
426873
74514
63793
86909
86909
34548
1399814
3292210
384118
235508
1286774
1287261
1287261
86909
86909
86909
86909
5174563
3557639
19842642
205266
148130
148130
86909
68480
50201
42979
1199136
2108921
331232
203083
1110029
1110029
1025448
1484990
1110029
1732763
1733520
1752812
2494728
1142699
1142699
461827
1142699
1937022
73243
73275
74091
105451
34616
31098
8552
31444
81879
276693
33600
276693
276693
33600
276693
174558
174558
1217599
74080
135535
82497
20368
8826
1217599
6247
6247
83581
96010
11660
96010
2652
4853
2954
2362
2362
76360
96010
11660
96010
1217597
1142697
86906
1521901
331230
2501
203081
180302
40218
6217
213
572626
7465
188618
1110028
438
38768
2609129
571230
575246
677587
1616456
86909
86909
86909
3186843
8552880
161176
124
8372947
124
1163252
1110029
1223883
82223
28763690
1488
1176568
82223
28662524
440
38771
38771
86909
86909
86909
8905331
22519684
930106
1110029
75468262
440
74708
38771
8377299
832078
9706431
1122377945
7393
11812977
6625309
2822390
2416239
382414
5740205
4460978
515833674
4372
11812977
6625309
86909
86909
62739
86909
86909
4092801
22519684
240170
902660
44630550
75454695
75468262
440
74708
38771
40090074
40344307
45708723
173774873
3048060
867131
3148595
363933940
11597540
215
7468
7351976
2069711602
352675
159427820
7351976
2216
3648222
1995104
22015127
22024746
22269853
31696049
10404394
9346855
2569776
9450873
24610280
18946652
17121305
4707243
19397854
134926857
1026920
879143
398525
1862022
1447063
167260398
85761
215
7468
5316955
4347824
4030321
978150000
495313288
208565
601095
5316955
1310
3648222
1995104
930557
930963
941325
1142699
439784
395087
108628
399483
1040251
269967
244124
64790
287557
1255091
86909
86909
77231
86909
86909
1521902
8552880
6220
47
2567944
75
30014
639691
1110029
59465
48627
41646
13593780
17010320
6883586
881
2235
59465
16950492
28657371
28662524
440
38771
38771
86909
86909
75164
2314562
2375821
517082
317030
730324
239652
1732852
440
60524
376183
422368
127853
57423182
444
1501593
126739
108501
249781
194116
86909
26391119
440
1501593
426867
203083
426867
426867
203083
426867
74509
63788
86909
86909
34546
1521902
2375821
517082
317030
345153
61883
1110029
1732540
1732852
440
60524
9180708
8179876
143965
20335920
4425979
2713630
537440
83112
215
7468
14832401
440
518064
34863638
1217599
1142699
1217599
941178
1142699
1048125
112120
258768
8387609
3471373
6351235
3865826
6270
1142699
86909
86909
86909
86909
9346185
4425979
2713630
537440
6220
215
7468
1867899
5253928
6602904
7389
16313
7009823
10726805
8771611
3549618
14832401
440
518064
34863638
83583
79355
148123
148123
148123
76365
33682
61617
37507
2376
9265
148123
148123
148123
1217599
536064
980783
596976
24
56845
86909
68478
50199
42976
1199130
1521902
331232
2505
2505
203083
180304
180304
40221
309
215
393427
572629
7468
61
125970
150787
904600
1110029
32
604730
65
1110029
1110029
1110029
544806
1110029
1110029
440
38771
2609129
46412
148994
148994
47402
148994
146848
22279
7047030
39304630
29124
22280
22279
22279
22279
34561
7017716
39141135
7283
7283
7283
7283
7283
7283
7283
7283
5923
148994
148994
83826
148994
148994
215464
729809
148994
148994
22279
29380263
15314
22037
7284
7283
17111
91440
25142
566657
85615
148994
148994
22279
21247831
17374950
65091
22280
38494
29916
22279
25232
22280
144083
29258051
7283
7283
7283
7283
10709
19592
7283
22280
22279
85209
21159447
17302676
538175
9284198
5280024
98332
148994
148994
7047030
310457
549654
2994219
1702845
39304630
68115
1145
100190
148994
148994
154076
337704
192056
148994
103346
80316
24316
7017716
148994
148994
39141135
362310
36249
28171
819592
748702
1077464
317734
87358
836594
17805
25623
7557
2362
19895
50740
21534
39397
5923
2362
2362
2362
2362
328204
61287
612639
771323
1888179
148994
148994
115165
1934
148994
158799
2115017
20750379
972041
12271395
9536666
98327
148994
148994
64804109
219502171
2160131
6692144
29380263
524957
4605270
6627494
1954383
1109879
5145893
27501548
7561134
170431649
992774
3957611
3075642
21247831
17374950
310450
226199
325524
95996
26396
252753
327337
90000
1466069
100182
148994
148994
83289
68108
1145
148994
52898
754776
228475
446361
346887
148994
103340
80311
24312
7588373
252945
29258051
644639
273573
500529
75218
3220351
5891964
1263168
149587
148994
21159447
17302676
22495
9552
17468
2634
139284
254832
38295
36244
28167
443063
362304
5439318
5441379
124896
124944
7324932
7323616
7324932
94791
168194
94791
56987
56987
168163
168194
56987
94791
148994
103637
31304
148994
148994
2411117
55380
37709
32622
148994
118448
781812
22279
4144918
23118165
22279
22279
27940
22280
22279
123360
22279
22279
22279
22279
43688
41181
8362250
46640235
7284
7284
7284
9171
7283
7283
7283
7283
7284
1533119
7283
7283
1533119
7283
7283
7283
7283
7283
148994
123016
148994
9475634
148994
148994
56538
148994
148994
4354906
147347
148281
167998
638685
148994
128199
148994
3072498
22279
17550
17280859
17280859
80916
80951
81851
116496
38242
34355
9447
34737
90453
69638
62929
17302
71296
495905
148994
129975
58920
148994
148994
1412091
22279
12647
17550
12497532
10219584
12497532
55617
62445
22280
484795
22280
22280
36929
28700
22279
222808
6666707
30066
22280
171687
171687
17550
34863638
1533119
7283
1533119
7283
7283
7283
7283
7283
6090838
12761
23345
14211
6270
7283
22279
22279
22279
22279
78907
101533
17550
17550
25213412
20617718
1764959
1201764
362976
7445296
4234221
489618603
131724451
131774375
148994
148994
62742
148994
148994
3884801
4144916
208571
642176
437259
378267
2415123
1373507
158760093
23118165
50028385
50047346
48631
881
148994
148994
77234
148994
148994
1399814
110010
148994
148994
323977
184249
148994
25049902
3024569
3025715
74514
63793
146847
114123
34548
1399814
8362250
148994
148994
148994
148994
8871205
46640235
1937477
1938212
1025448
88117
68480
50201
42979
1199136
3490477
1915440
1916277
1937602
2757735
1263168
1263168
461827
1263168
2141233
73243
73275
74091
105451
34616
31098
8552
31444
81879
190731144
174558
174558
174254331
74080
135535
82497
20368
8826
6824289
6247
6247
6234703
2652
4853
2954
2362
2362
213032293
1263166
26
7453
160832
1345870
2609129
414721054
17548
148992
2609129
571230
575246
677587
1786871
28
7455
160834
2477360
2876745
67371414
10708686255
124
148994
148994
148994
5463483
82223
1488
82223
930106
1909974
177388547
28195909545
148994
136504
148994
15267183
14361774
1426488
16640393
1924190156
4838615
4142324
655599
9840824
7647758
884338544
240170
902660
177356658
177388547
16674545492
148994
148994
62739
148994
148994
7016644
44316568
44597604
50527563
192095082
17550
5225497
1486583
5397851
623923615
17280859
352675
17280859
24336071
24346704
24617651
35037604
11501277
10332247
2840695
10447231
27204818
20944102
18926318
5203504
21442872
149151516
12647
17550
1760518
1507174
683218
3192190
2480798
286749051
12497532
10219584
208565
12497532
930557
930963
941325
1263168
439784
395087
108628
399483
1040251
269967
244124
64790
287557
1387409
28
7455
160834
639691
1359562
67359303
67371414
6332921299
47
75
148994
148994
77231
148994
148994
2510970
59465
48627
881
59465
1345871
730324
239652
4073078
647415748
148994
148994
75164
3968056
644917
724095
219188
98445556
217278
186011
428216
332787
148994
45244592
816765
1345871
549355
1345871
345153
61883
4072345
4073078
382870017
74509
63788
146842
114118
34546
1823680
1606265523
9042240
17550
246810
34863638
190731715
1263168
174254739
941178
1263168
1048125
112120
258768
1467504167
3837343
7020813
4273381
6270
1263168
17550
17550
148994
148994
148994
148994
25213412
20617718
16022979
6824452
79355
6235111
33682
61617
37507
2376
9265
100402732
536064
980783
596976
24
56845
9
3427
116316
472309
795925
285140
1345871
604730
1233080
2608660
2609129
245258578
6245
10380
88113
68478
50199
42976
1886925
1542992
1199130
544806
46409
800629
455326
47399
258208
146846
22278
7047030
39304630
29122
22278
22278
22278
22278
34558
7017716
39141135
22278
197660
112411
22278
65154
37054
6586
416426
942009
22278
22278
22278
22278
34344
34344
22278
22278
22278
22278
34344
31411
31411
1025448
2904843
7282
7282
7282
7282
7282
7282
7282
7282
5922
7282
7282
7282
7282
7282
7282
3403
6225
2362
182390
1789423
83824
1058232
822401
8928104
819947
215462
729807
186280
577101
22278
29380263
15311
22035
7282
7282
17109
32164
4219440
7282
91437
25139
566655
85612
341287
265230
22278
21247831
17374950
65088
22278
38492
29914
22278
47095
25230
22278
144080
29258051
7282
7282
7282
7282
7282
7282
22257
10707
19589
7282
22278
22278
85206
21159447
17302676
34835
441776
236253
126397
22278
261258
203036
236253
74749
376917
27600
11688
56983
35758
145622
74487
38281
11131
704147
7282
7282
7282
7282
7282
7282
178131
7282
7282
7282
44244
22278
86118
66926
74487
29944
6584
509241
416421
30767
22278
42448
22278
34344
48686
22278
22278
22278
29944
42448
22278
34344
34344
7282
7282
22278
29944
22278
22278
34344
31411
2171369
7282
7282
7282
7282
267
616
7282
7282
7282
7282
22278
22278
29944
29944
22278
22278
34344
31411
31411
1570336
1284109
9424335
162581522
92461883
98331
1644543
1278053
7047030
310456
9625359
52433694
29819613
39304630
68113
1144
100189
533459
414580
154075
5913760
3363219
1399813
103345
80315
24315
7017716
1981853
1399813
39141135
362309
36248
28170
819591
1800001
40138448
22827173
19592
480281
373252
416425
6585
1847705
13230825
7524514
942007
1765
31
20558
165471
128595
3993
846802
387500
1538233
2795408
1589779
869204
37559
8583
169492
165123
128325
38846
1697897
1025447
750416
1025447
1284111
997943
2904841
123418
79890
62085
79890
79890
62085
180719
748699
1077461
317733
87355
836591
17803
25620
7555
2361
19893
50737
21532
39395
5919
2361
2361
2361
2361
109476
157548
46459
12773
122328
2567
3694
2361
2361
2868
8013
3400
6222
2361
2361
2060
2361
568
328202
61284
612638
771315
3900117
217972
902043
115161
51934522
1929
3386348
213932
2780835
37037428
363373133
17022031
214892228
167002656
98321
1644535
1278044
133855735
453391379
37827446
117190413
29380263
5546569776
524952
509391209
9512388
13689380
4036864
1109874
10629068
56805657
15617856
352034059
17385115
69304268
53859541
21247831
17374950
19982401
2621320391
310447
1201929
226194
325519
95992
26391
252748
327330
89994
3028231
100178
533452
414570
83284
68104
80170
24544362
1140
4457
174739
52894
13217378
4000982
7816515
6074574
1838811
103337
80308
24309
15674119
4429484
29258051
644635
273570
500524
75213
6651778
12170112
1828805
2619516
2035746
12627
27558
13827415
21159447
17302676
22488
9543
17461
2623
139282
254831
38293
36242
28165
43
98
289533
443060
362302
74009
33873
44717
279789
371098
2979
3701812
46
131198
230376
112717
42615
812124
35693168
19096109
7073964
89710279
35693168
11293090
3251123
53053019
41229946
230376
66658
19585
480275
373244
11253592
5783543
7261440
29571173
35400613
704143
234159107
11127
17146961
1390922
2001690
590279
162288
1554205
11253592
3420281
3081607
847241
3337285
17487851
13590615
27486675
509237
416417
398845
110664080
6580
25220
32620
46944
13843
3806
36449
74009
20031
18977
5217
20551
165462
128588
288138
2154
1761
1916
1749484
27
104
279209
84518
63504
18669
286599
6247795
1891246
1431895
843128
6413155
3694832
2871424
869198
846796
387493
3792622
6413155
165119
128321
38843
37555
8580
169489
286599
2171367
101816
43208
79054
11879
921484
263
1685949
614
1026192
253348
1983787
1570334
1284106
997938
2171367
4849
2057
3764
565
57327
0
104887
1
63841
11094
123416
97694
79887
62084
135086
35577
24553
394
35577
24553
394
56986
33600
56986
40633
4935
56304
5439318
5441379
56986
56986
124894
124941
124941
233063
640403
640646
56986
56986
56986
56986
56986
78966
56986
33599
56986
33599
40624
4934
40624
4934
7324932
7323616
7324932
94789
168190
94789
56986
56986
56986
56986
168160
168190
56986
94789
862408
862253
862408
56983
35575
24551
392
56983
56983
167777
80467
394
121337
36981
394
56986
56986
56986
56986
35577
24553
394
56986
56986
56986
56986
152202
103635
31301
642050
365141
2411116
55378
37707
32620
208269
118445
781810
22278
4144918
23118165
22278
22278
27938
22278
22278
123357
22278
22278
22278
22278
43686
41179
8362250
46640235
14562
89654
22278
37131
25282
22278
157644
89654
14562
30077
22278
22278
22278
22278
52887
30077
4447
245069
554375
14562
22278
22278
22278
22278
22376
22278
22278
22278
34344
34344
14562
22278
22278
22278
22278
22278
22278
22278
22278
34344
31411
31411
1085093
6052069
7282
7282
7282
9168
7282
7282
7282
7282
7282
7282
7282
18776
7282
7282
7282
7282
7282
18776
7282
7282
7282
7282
7282
7282
7282
7282
7282
7282
7282
7282
7282
18776
7282
7282
7282
7282
7282
2649
2362
18776
1238497
123014
1434996
9475634
290183
5261891
2951132
417261
357216
56536
848630
659509
4354906
171609
5261891
2951132
7830795
603198
147344
148279
167995
638683
20191020
23956942
450624
128196
465487
3072498
86989
1625039
888685
22278
35535
17280859
17280859
80913
80948
81849
116494
38239
34352
9444
34735
90451
15248
3700850
7282
69635
62926
17300
71293
495903
4832016
177155
151819
129972
58917
275280
213933
1412089
51444
1625039
888685
22278
12646
21016
12497532
10219584
12497532
55614
62442
22278
484793
29944
668859
22278
22278
36927
28698
22278
222806
29944
668859
56118
56118
30063
144697
171685
22278
171685
29944
230763
171685
81649
786759
34863638
7282
18776
7282
7282
7282
7282
7282
18776
7282
19878
24982
56118
7282
7282
26521
12758
23343
14208
6269
7282
34628
22278
22278
22278
22278
22278
78904
29944
230763
101531
74596
279936
465278
25213412
20617718
33755
79150
352339
302142
23461
352339
347590
169685
83112
25779
33755
18941
161931
101794
87146
22278
208366
161931
83183
169685
49151
83112
380284
20942
8231
8285
9648
48064
980531
1163414
25779
76254
118204
113945
25346
118204
116660
53916
29944
7515
26156
50389
199157
414388
7515
414388
7282
7282
7282
8264
7282
7282
7282
7282
7282
7282
179723
7282
7282
7282
7282
7282
37319
234655
22278
25779
25779
18248
54325
38389
32864
22278
69903
54325
27918
53916
29944
29944
4446
6262
38032
144030
299686
245063
2677
4446
299686
59403
14562
50012
44543
50012
22278
69000
22278
34344
79139
54712
38032
38032
5409
59403
14562
22985
22278
22278
29576
22985
22278
22278
40805
69000
22278
34344
46801
39568
38032
38032
7279
7279
7279
7279
7279
18774
22275
25776
14559
22275
22275
29942
22275
18774
22275
34342
31408
38029
4523930
7282
7282
7282
18776
7282
7282
7282
7282
7282
7282
7282
18776
7282
7282
7282
7282
7282
170
381
7282
7282
7282
7282
7282
7282
7282
225
7282
18776
1690
1690
25779
14562
22278
22278
22278
22278
22278
22278
29944
29944
22278
18776
22278
34344
31411
31411
31411
38032
38032
38032
1609648
3271711
2675370
276697
33598
383423
96016
11658
133052
40630
4933
56302
19451
2361
26953
30907338
21044869
6356309
130379331
74148146
489618603
131724451
131774375
610157
522356
62741
1250042
971470
3884801
4144916
208570
11245562
7657126
6624085
42292767
24052357
158760093
23118165
50028385
50047346
48630
880
237884
203654
77233
433252
336705
1399813
110008
1387898
945022
5673368
3226506
1399813
25049902
426872
591522
3024569
3025715
74512
63792
146846
114122
34547
1399813
3025715
5644122
8362250
1933788
1399813
922241
733510
8871205
46640235
148129
205264
1937476
1938210
1025447
88116
68479
50200
42978
1199135
3490477
1938210
3615507
1942411
676681
7540121
5134084
1399813
32012444
18205826
239188
79428
15508718
15514596
290618
248798
23690
601469
467433
651923
245068
4446
2843558
1936184
1399813
10739653
6107758
554373
145246
11016647
11020822
4163
68
211726
181259
48503
390452
303441
9413
290733
290733
1025447
417684
2500408
1111605
756894
4543954
2584196
1399813
62682
86859
290733
85115
111788
22178
816128
1379789
1380036
396595
339524
792748
616081
137353
1380036
1912335
2775610
1085091
750416
290733
1085091
2024110
1399813
922241
733510
6052069
30008
41582
1697895
1025445
750414
290731
1877799
1878174
1025445
1912849
1399811
922239
733508
4676918
1878174
3503518
3956426
3958154
4002203
5696223
1869815
1679760
461824
1698454
4422811
73241
73273
74089
105449
34614
31095
8549
31441
81875
276690
33597
276690
33597
174555
174555
2335993
74077
135532
82495
20366
8824
2134192
96007
6245
11657
6245
83578
96007
2650
4849
2951
2361
11657
2361
76358
280682
280805
283930
404109
132651
119168
32763
120494
313769
7393
7396
7478
10644
3494
3138
2361
3173
8264
40622
4932
40622
4932
22682
22682
288192
9626
17612
10720
2646
2361
263295
288192
19442
2359
2359
29997
19444
2361
2361
2361
2361
2361
171
27406
29997
38150530
571225
575241
677582
3690861
948
119
706050
168031
732597
16090960
60408
64837
739041
2477352
2876745
1701165
807892
5463483
82218
67609206
1483
2765529
82218
67371414
1811014
136499
2113751
198909
930099
1909966
5027591
2504813
15267183
177388547
251498189
24980152
291400556
43840871
794964862
445856137
1924190156
84732076
72538883
11480628
172328962
133924780
25926689
794964862
445856137
884338544
610147
522345
62733
1250034
971459
117631
240163
902654
5027591
2504813
7016644
104904344
177356658
177388547
91537819
92118311
104366902
396780833
35532
91507027
26032507
94525226
13142394
245510404
134262355
623923615
17280859
4864868002
352669
374735930
17280859
50267224
50289187
50848840
72371710
23756394
21341710
5867580
21579216
56192747
43260963
39093141
10748067
44291195
308079010
12642
21013
30829567
26393103
11964280
55900491
43442848
7772172
245510404
134262355
286749051
12497532
10219584
9473292
2299146717
35974527
1164236489
208562
601093
12497532
930551
930958
941318
1339751
439780
395079
108621
399476
1040245
11700591
269962
244120
64785
287552
2865755
227
42
70
237874
203644
77225
433244
336694
30008
35724
29798
534475
639685
1359555
1701165
807892
2510962
59460
48622
41642
31952251
39982848
166658
16179905
877
2229
59460
39842222
67359303
67371414
221148
248299
75161
32838
2295522
3968056
730321
239650
4073078
11293562
12680098
3838344
2635752
98445556
101051093
3804906
3257368
7498778
5827646
1764064
1558735
45244592
101051093
426861
426861
74506
63785
146839
114115
34543
19420
816763
1357529
549353
2295522
1823678
345151
61880
2408743
4072345
4073078
19672857
18677144
786756
4322057
836848
34863638
2335993
2217760
2134192
941172
1721971
1048118
112115
258761
17973367
7926200
14501799
8826857
6266
2179189
279933
465273
2555986
1986374
1456141
1246598
494896
4390508
12349387
15520160
7386
16309
16476627
25213412
20617718
16022979
69009
8343395
34863638
83578
79348
148115
76358
33673
61609
37500
2371
9258
148115
393425
666405
1229688
536062
980780
596974
21
56843
6
6243
10377
88111
68475
50196
42973
58
125967
11097
3425
3976
22193
116313
472306
795922
285138
1345870
150784
904597
1161499
29
604729
62
1233079
1886924
1542991
1199129
307
544803
2608659
2609129
54621
34999
99905
862573
283062
11439
133243
51534
1017044
999439
331875
20885030
5923766
61355233
25636031
12556588
4764201
71548489
70584183
24589546
311390
5923766
20671148
17696509
25636031
7425736
12556588
2189579
42312468
32882969
16891862
5884650
1387
54621
9037
47215
290608
248789
283062
4359
78797
133243
23684
601461
467423
239181
79422
12351024
20881275
20885030
1901510
26151
5113862
23138514
8145718
4037000
5147093
24003352
5993859
29860043
23689893
414384
236251351
7510
13010190
414384
3566132
3567690
3607394
5134302
1685361
1514055
416266
1530905
3986509
91847
1901510
6258
2416822
7795580
6673773
8145718
2387408
4037000
2184321
600546
2365552
14195143
11031700
2543672
2754717
23184720
17132551
5669349
299683
245059
199719
111652879
993102
56538521
2672
4441
10670
299683
93933
93974
95020
135239
44393
39880
10964
40324
105006
347
32766
91
70506
152978
49506
211716
181250
174642
27546
47269
79931
44780
7189
48495
390445
303433
53064
57466
679927
469136
145238
117226
5084
4157
3028
4220779
1200
7026999
8804540
4361
3008665
39
65
74
5084
8773573
14833053
14835720
9045319
10155833
6508114
4522776
3538007
3074234
2306932
908804
257254
10424626
3047452
2608915
6005974
4667519
2430444
4706673
2078622
846698
1412887
1364277
417677
61565
6164933
5406
10424626
62670
62670
396593
339522
792746
616079
301160
581417
235275
85113
137351
89334
111786
12459
18389
22176
1958
491026
816127
32
309696
1379786
1380035
288192
122302
223765
136200
8261
33625
263295
288192
494305
1602465
2013906
1919864
166
3512588
378
2138018
1609647
222
398767
4133118
3271710
2675369
2079152
1524154
1304823
1686
1686
1082644
58757
4523930
12730
23291
14176
169
3499
27405
29997
