17563
17563
1004194800
1004194800
17563
17563
1004194800
1004194800
17549
17549
93412177
17549
17549
93412177
17549
17549
1946326
17554
17554
4914049
4914049
19470
19470
1004194800
1004194800
19470
19470
1004194800
1004194800
17554
17554
4914049
4914049
17549
17549
93412177
17549
17549
93412177
17549
17549
1946326
131180
131180
1004194800
1004194800
131180
131180
1004194800
1004194800
188250
188250
93412178
188250
188250
93412178
17549
17549
1946324
18577
18577
4914050
4914050
320167
320167
1004194800
1004194800
320167
320167
1004194800
1004194800
18577
18577
4914050
4914050
459219
459219
93412177
459219
459219
93412177
17549
17549
1946324
131180
1004194800
1004194800
131180
131180
1004194800
1004194800
188250
93412178
188250
188250
93412178
17549
1946324
18577
4914050
4914050
320167
1004194800
1004194800
320167
320167
1004194800
1004194800
18577
18577
4914050
4914050
459219
93412177
459219
459219
93412177
17549
17549
1946324
19219200
1004194800
1004194800
19219200
19219200
1004194800
1004194800
27566259
93412178
27566259
27566259
93412178
22678178
708746
22678178
22678178
708746
708746
22678178
6547233
6547233
6547233
6547233
186808
1946320
103400
4914050
4914050
19219200
1004194800
1004194800
19219200
19219200
1004194800
1004194800
103400
103400
4914050
4914050
27566260
93412178
27566260
27566260
93412178
186808
186808
1946320
116513
3290
116513
22678178
708746
22678178
22678178
708746
708746
22678178
116513
3290
3290
116513
6547234
6547234
6547234
6547234
361379
361379
361379
34063291575
31401111874
34063291575
3085132097
1753006184
34063291575
114944246
114944246
2139689
4072495
114944246
62746560
63891739
11494242791
7790730054
11494242791
1519801053020
1351998712552
1519801053020
119278378013
67775293802
1519801053020
473680957
278432728
11494242791
5824782957
5824782957
82725251
157452091
5824782957
312509
602314
63891739
3536572
3671299
4821284
4821284
10372206
19172573
39681759
39681759
6327626
13097145
19559067
11992544
34063291575
31401111874
34063291575
3085132097
1753006184
34063291575
114944246
114944246
2139686
4072494
114944246
7155251642
4522711993
7155251642
4522711993
1133428071
907582518
1133428071
2191576249
1342187279
66469748
37611736
1133428071
2191576249
1342187279
67180739
67180739
50495525
76657385
76657385
67180739
67180739
50495525
76657385
76657385
5650950
5650950
22129821
22129821
16648650
25247737
23169126
164996
183394
5650950
22129821
22129821
16648650
25247737
23169126
23169126
521249287
383986448
521249287
14090205
6650677
14090205
283250755
172309119
126934210
9386577
5710109
4206441
62746560
63891739
11494242791
7790730054
11494242791
1519801053020
1351998712552
1519801053020
119278378013
67775293802
1519801053020
473680957
278432728
11494242791
5824782957
5824782957
82725251
157452091
5824782957
312505
602313
63891739
544001673
243364994
549794933
165216219
90657733
522292781
299951545
95327895274
60255129631
95327895274
60255129631
522292781
299951545
54272348612
40036866149
54272348612
29197904095
17881675565
2569874975
1454157165
54272348612
29197904095
17881675565
10443870
5992670
549794933
165216219
90657733
14540742
14540742
25594343
16399180
25594343
946830302
946830302
946830302
946830302
946830302
946830302
946830302
946830302
946830302
946830302
14540742
14540742
25594343
16399180
25594343
312993225
312993225
312993225
312993225
312993225
2194170
4108975
312993225
312993225
312993225
312993225
312993225
312993225
10551
18241
3671299
4821284
4821284
10372206
10372206
10372206
21574733
34166405
1341413
21574733
34166405
1341413
17117231947
15779453203
17117231947
1550317637
880907630
17117231947
57760927
57760927
1075220
2046480
57760927
31530935
32106402
5776001403
3914939725
5776001403
763719122121
679396337966
763719122121
59938883424
34057936584
763719122121
238030632
139915944
5776001403
2927026611
2927026611
41570478
79121653
2927026611
157039
302670
32106402
596076109
15304101626
9893357658
596076109
15304101626
9893357658
14374903772
12218758896
1173042503
14374903772
33230334760
182249000
4776738826
3025831353
934262319
468627663
182925028
14374903772
33230334760
182249000
4776738826
3025831353
2550546
105887538
2550546
105887538
57842776
4981763
57842776
142631455
812259
34739239
57842776
57842776
663977
1359440
321261
57842776
142631455
812259
34739239
57842776
57842776
57842776
57842776
57842776
4330548
86522
26415321
785973
14054332
26990787
108500
4966156
21574733
34166405
1341407
80274241
80274241
993583763
5756269489
2942091511
178233584
3011612585
5783682388
5783682388
19531842
314259577
178231116
63992993
1004767754
583946079
14444365822
203893289862
131807099175
14444365822
203893289862
131807099175
63992993
1004767754
583946079
674076224289
538170238492
22583098582
674076224289
4417733240
63639475085
40312507345
36120752888
18118234760
3505705974
674076224289
674076224289
4417733240
63639475085
40312507345
56252372
129271032
69957972
14474284
3011612585
5783682388
5783682388
5783682388
5783682388
19531842
314259577
178231116
335135
14986174
61297009
1473279059
61297009
1473279059
335135
14986174
3101350542
94973643
3101350542
19538363
484526582
3101350542
3101350542
25670855
52559075
6292425
3101350542
3101350542
19538363
484526582
3101350542
3101350542
3101350542
3101350542
3101350542
447550
4330548
86522
86522
78520
171256
68120
14054332
14054332
26990787
26990787
26990787
26990787
108500
4966156
21574733
34166405
1341407
59346338
80274241
80274241
80274241
80274241
34166405
1341407
34166405
34166405
1341407
1777172
1844874
2422756
5212164
9634458
19940582
19940582
3179711
6581480
9828677
6026404
17117231947
15779453203
17117231947
1550317637
880907630
17117231947
57760927
57760927
1075219
2046479
57760927
3595603840
2272719594
3595603840
2272719594
569561845
456071617
569561845
1101294597
674465969
33401883
18900370
569561845
1101294597
674465969
33759165
25374636
38521299
38521299
33759165
33759165
25374636
38521299
38521299
2839673
2839673
11120513
8366155
12687305
11642777
82911
92157
2839673
11120513
11120513
8366155
12687305
11642777
11642777
261934315
192958014
261934315
7080505
3342048
7080505
142337063
86587497
63786035
4716873
2869402
2113789
31530935
32106402
5776001403
3914939726
5776001403
763719122121
679396337966
763719122121
59938883424
34057936584
763719122121
238030632
139915944
5776001403
2927026612
2927026612
41570478
79121654
2927026612
157038
302670
32106402
273367675
122293967
276278861
83023226
45556650
262458684
150729420
47903464962
30278959614
47903464962
30278959614
262458684
150729420
27272536991
20119028216
27272536991
14672313616
8985766616
1291394460
730732244
27272536991
14672313616
8985766616
5248176
3011392
276278861
83023226
45556650
7306906
12861479
8240794
12861479
475794122
475794122
475794122
475794122
475794122
475794122
475794122
475794122
475794122
7306906
7306906
12861479
8240794
12861479
157283028
157283028
157283028
157283028
1102598
2064812
157283028
157283028
157283028
157283028
157283028
157283028
5302
9166
1844874
2422756
2422756
5212164
5212164
5212164
10446523
25515948
25515948
4369683
9043789
13496586
8280516
63325256595
97958266128
63325256595
63325256595
97958266128
63325256595
14374903772
12218758896
14374903772
33230334760
38687246638
19367696335
30574878854
19367696335
934262319
468627663
14374903772
33230334760
6110147392
19367696335
30574878854
19367696335
268730999
677763379
268730999
677763379
57842776
57842776
142631455
167917274
85657752
222358405
57842776
663975
1359439
57842776
142631455
10967162
85657752
222358405
57842776
57842776
57842776
57842776
857543153
2740948864
1725446538
653279161
857543153
2740948864
1725446538
1725446538
505264096
352789057
505264096
1208688123
1415318998
262287855
863819713
538465816
24435083
13280301
505264096
1208688123
161221054
182161026
262287855
863819713
538465816
538465816
29863911
34502917
26897053
47617068
47617068
1164799
29863911
34502917
34502917
26897053
47617068
47617068
2515969
2562155
6443197
7612934
9748427
11286306
3682744
3682744
11037332
16853205
15459687
79919
87350
2562155
6443197
318444
359804
9748427
11286306
11286306
3682744
3682744
3682744
3682744
3682744
3682744
1467840
11037332
16853205
15459687
15459687
5937923
334316633
209612244
334316633
10183702
3000677
22522743
195262163
118783271
87503556
32800191
19953246
14561313
24298430
4696902
26415321
26990788
26990788
6337336
31787303
34166405
1341407
80274241
5574935018
5756269490
2942091512
5783682388
5783682388
5783682388
1140819078
2011508032
1140819078
3737713380
6431302500
3737713380
843668920520
1305077138000
843668920520
843668920520
1305077138000
843668920520
3737713380
6431302500
3737713380
674076224290
538170238492
674076224290
258031697596
407342605852
258031697596
36120752888
18118234760
674076224290
104479744928
674076224290
258031697596
407342605852
258031697596
315628467
129271032
69957972
5783682388
5783682388
5783682388
431373747
5783682388
5783682388
1140819078
2011508032
1140819078
19574625
95923284
3580245934
9430142695
3580245934
9430142695
19574625
95923284
3101350543
3101350543
1141200010
3101350543
3101350543
25670855
52559075
3101350543
187531697
3101350543
1141200010
3101350543
3101350543
3101350543
3101350543
3101350543
475839
24298430
4696902
4696902
78519
171255
26990788
26990788
26990788
26990788
690963
26990788
26990788
6337336
31787303
34166405
34166405
1341407
59346338
80274241
80274241
80274241
205921060
296919144
218939654
90863749
221850840
221850840
16845557
61463340
31676289
33902439
916152335
57508035
195736115
100049331
107576931
12977848268
36517078556
22987757132
9886566988
12977848268
36517078556
22987757132
22987757132
916152335
39154523
57508035
195736115
100049331
107576931
107576931
25473402919
15862606010
25473402919
3969400230
11508486260
7173865508
944717144
513447329
25473402919
2756780408
25473402919
2756780408
3969400230
11508486260
7173865508
7173865508
8314565
296919144
3431568
1706292
221850840
221850840
221850840
11646754
221850840
221850840
11646754
16845557
61463340
31676289
33902439
33902439
7101048
3666390
3666390
18498323
7399044
40911741
496605015
607273961
516859972
607273961
496605015
17627794
496605015
607273961
516859972
607273961
7101048
3666390
3666390
94641
3666390
18498323
7399044
40911741
142221404
145132590
162354429
215765477
806844
1617248
145132590
5445200
145132590
162354429
5445200
162354429
215765477
215765477
215765477
215765477
215765477
215765477
215765477
76155770
215765477
21803
764063
84627
84627
2356264
5223
9099
922437
922437
922437
922437
29590
922437
922437
1211378
1211378
29590
1211378
1427660
1427660
22174
7605524
30872984
35216382
7894053
20479482
36244344
36244344
36244344
35905154
22360178
588885
36244344
3143890
1280237
4233049
987486
381900
1329690
296496
296496
296496
296496
296496
296496
1632956
1632956
1632956
1632956
1632956
144276
144276
144276
144276
144276
8860599
3693627
8860599
8860599
3693627
8860599
55097111
2777578
1096444
2777578
26226214
2513980
2513980
2513980
2513980
2513980
55097111
2777578
1096444
2777578
26226214
26226214
296496
296496
296496
296496
296496
296496
1059993
296496
296496
1059993
166576
166576
166576
166576
166576
1059993
296496
296496
296496
1059993
1059993
55117005
22397542
74205839
390569
296496
525708
17303321
6652909
23300869
296496
296496
296496
296496
378039
296496
296496
296496
296496
296496
296496
296496
296496
296496
296496
23345090
23345090
23345090
23345090
23345090
2318746
2318746
2318746
2318746
2318746
703140
703140
703140
703140
703140
24540
24540
24540
24540
24540
1219153
296496
296496
1219153
21531463
341843
296496
341843
5092891
1097076
332066
1097076
154964822
63158747
154964822
154964822
63158747
154964822
1097076
332066
1097076
2633201349
48688623
18748520
48688623
1013966430
79505029
79505029
79505029
79505029
79505029
2633201349
48688623
18748520
48688623
1013966430
1013966430
2514389
2514389
2514389
2514389
2514389
21531463
341843
296496
341843
5092891
5092891
296496
296496
296496
789433
789433
789433
789433
789433
789433
296496
296496
296496
13939113
296496
296496
13939113
2394588
2394588
2394588
2394588
2394588
13939113
296496
296496
296496
13939113
13939113
83554
83554
83554
83554
83554
1219153
296496
296496
296496
1219153
1219153
47252776
19242006
63622873
14841952
5739975
19985296
296496
327360
296496
296496
296496
296496
1632948
1632948
1632948
1632948
1632948
144275
144275
144275
144275
144275
133175106
55515343
133175106
133175106
55515343
133175106
112605729
41747099
230140018
183692262
16479594
41747099
53600306
4202795
4202795
4202795
4202795
4202795
112605729
41747099
10241938
230140018
5205946
16479594
41747099
53600306
53600306
636853
636853
636853
636853
636853
636853
1059991
296496
1059991
296496
1059991
166580
166580
166580
166580
166580
1059991
296496
145025
145835
1059991
296496
296496
1059991
1059991
828410424
336635808
1115316231
5870266
1769606
7901421
260069494
99993458
350212849
1823929
501890
2454784
4220375
5681953
4220375
296496
296496
296496
1378136
1855318
1378136
296496
296496
296496
47711956
47711956
47711956
47711956
47711956
2318740
2318740
2318740
2318740
2318740
703134
703134
703134
703134
703134
24536
24536
24536
24536
24536
1219151
296496
1219151
296496
1219151
44005321
5121337
102986201
48046209
1415362
5121337
10408691
16489095
4989908
16489095
2329126428
949278068
2329126428
2329126428
949278068
2329126428
16489095
4989908
16489095
5381653410
731791633
10998852570
8071160604
281790889
731791633
2072312433
162489858
162489858
162489858
162489858
162489858
5381653410
731791633
395977133
10998852570
201273941
281790889
731791633
2072312433
2072312433
3863838
3863838
3863838
3863838
3863838
44005321
5121337
1587224
102986201
746192
1415362
5121337
10408691
10408691
296496
296496
296496
11865213
11865213
11865213
11865213
11865213
11865213
296496
296496
296496
28488318
3873811
58223521
3873811
28488318
2394582
2394582
2394582
2394582
2394582
28488318
3873811
250672
546972
58223521
3873811
3873811
28488318
28488318
83554
83554
83554
83554
83554
1219151
296496
863
1938
1219151
296496
296496
1219151
1219151
47252776
19242006
63622873
14841952
5739975
19985296
296496
327360
296496
296496
296496
296496
1632948
1632948
1632948
1632948
1632948
144275
144275
144275
144275
144275
133175106
55515343
133175106
133175106
55515343
133175106
112605729
41747099
16479594
41747099
53600306
4202795
4202795
4202795
4202795
4202795
112605729
41747099
16479594
41747099
53600306
53600306
636853
636853
636853
636853
636853
636853
1059991
296496
296496
1059991
166580
166580
166580
166580
166580
1059991
296496
296496
296496
1059991
1059991
828410424
336635808
1115316231
5870266
1769606
7901421
260069494
99993458
350212849
1823929
501890
2454784
4220375
5681953
4220375
296496
296496
296496
1378136
1855318
1378136
296496
296496
296496
47711956
47711956
47711956
47711956
47711956
2318740
2318740
2318740
2318740
2318740
703134
703134
703134
703134
703134
24536
24536
24536
24536
24536
1219151
296496
296496
1219151
44005321
5121337
1415362
5121337
10408691
16489095
4989908
16489095
2329126428
949278068
2329126428
2329126428
949278068
2329126428
16489095
4989908
16489095
5381653410
731791633
281790889
731791633
2072312433
162489858
162489858
162489858
162489858
162489858
5381653410
731791633
281790889
731791633
2072312433
2072312433
3863838
3863838
3863838
3863838
3863838
44005321
5121337
1415362
5121337
10408691
10408691
296496
296496
296496
11865213
11865213
11865213
11865213
11865213
11865213
296496
296496
296496
28488318
3873811
3873811
28488318
2394582
2394582
2394582
2394582
2394582
28488318
3873811
3873811
3873811
28488318
28488318
83554
83554
83554
83554
83554
1219151
296496
296496
296496
1219151
1219151
270172
270172
270172
710210802
289208002
956253898
223075032
86272028
300379672
3618214
4871625
3618214
1176962
1586182
1176962
25504965
7847015
34325500
8156899
2324516
10985763
440870
440870
677374
677374
440870
440870
440870
440870
677374
620205
620205
440870
440870
1632944
1632944
1632944
1632944
1632944
144275
144275
144275
144275
144275
146700
146700
146700
146700
146700
59504
59504
59504
59504
59504
2001626281
834397455
2001626281
2001626281
834397455
2001626281
230140018
183692262
230140018
627460286
247688858
627460286
109546606
8589540
8589540
8589540
8589540
8589540
10241938
230140018
5205945
230140018
627460286
247688858
627460286
109546606
109546606
9571926
9571926
9571926
9571926
9571926
9571926
1059987
1059987
3115392
3115392
1059987
166565
166565
166565
166565
166565
145016
145829
1059987
1059987
3115392
3115392
3115392
1059987
1059987
70359294
41848115
22518576
70359294
23275639
70359294
41848115
22518576
70359294
23275639
8838586
5501838
8734879
22489846
13116773
6712463
22489846
2968755
6948766
672854
672854
672854
672854
672854
222834
8838586
179241
8734879
22489846
13116773
6712463
22489846
2968755
2968755
6948766
646276
866889
646276
992383
992383
646276
646276
866889
646276
866889
646276
992383
992383
646276
646276
866889
144273
144273
440870
591621
440870
677374
620205
440870
144273
591621
145117
145117
145117
145117
145117
5201
12127
144273
144273
440870
591621
440870
677374
620205
620205
440870
440870
144273
144273
591621
14197005569
5786249240
19271979690
100507973
30415588
136436349
4460577909
1717634035
6055091439
31216708
8627232
42375680
72323466
98176786
72323466
1802333
1802333
1802333
23612513
32053229
23612513
592995
592995
592995
508956320
156158309
690891880
3305279
1526940
4486811
163229095
46548542
221578261
2034301
419971
2627702
7025838
5175693
7025838
5175693
7025838
5175693
560670
192052
570337
570337
570337
570337
4321021
2785434
2048668
2048668
2785434
2048668
268823
268823
268823
268823
268823
268823
97512182
97512182
97512182
97512182
97512182
2318737
2318737
2318737
2318737
2318737
703121
703121
703121
703121
703121
24544
24544
24544
24544
24544
7638531
7638531
7638531
7638531
7638531
179149
179149
179149
179149
179149
59503
59503
59503
59503
59503
9665
9665
9665
9665
9665
1219149
592988
1219149
592988
1219149
89936680
76973876
102986201
48046209
21272952
76973876
21272952
247831648
74998483
247831648
35006847620
14267680918
35006847620
35006847620
14267680918
35006847620
247831648
74998483
247831648
10998852570
10998852570
10998852570
8071160603
4235326432
10998852570
4235326432
332091619
332091619
332091619
332091619
332091619
10998852570
10998852570
395977133
10998852570
201273941
4235326432
10998852570
4235326432
4235326432
7896789
7896789
7896789
7896789
7896789
89936680
76973876
1587224
102986201
746190
21272952
76973876
21272952
21272952
1802331
1802331
1802331
178334548
178334548
178334548
178334548
178334548
178334548
1802331
1802331
1802331
58223521
58223521
58223521
58223521
58223521
2394580
2394580
2394580
2394580
2394580
58223521
58223521
250668
546971
58223521
58223521
58223521
58223521
58223521
83541
83541
83541
83541
83541
1219149
592988
863
1938
1219149
592988
592988
1219149
1219149
695075
2627699
3485250
7340698
1232180
419969
2627699
318125
419969
2352255
8150128
1526938
8150128
1221406
557533539
1254979880
385053744
1254979880
310096398
557533539
1254979880
385053744
1254979880
310096398
2352255
8150128
1526938
8150128
1221406
174751985
402488823
457800843
464337708
254016005
114778973
402488823
92576933
114778973
26014105
26014105
26014105
26014105
26014105
174751985
402488823
457800843
7897545
464337708
3570808
114778973
402488823
92576933
114778973
114778973
610094
610094
610094
610094
610094
695075
2627699
3485250
37829
7340698
17534
419969
2627699
318125
419969
419969
570332
560664
192050
570332
570332
570332
570332
12762178
12762178
12762178
12762178
12762178
12762178
12762178
12762178
12762178
12762178
12762178
12762178
12762178
12762178
12762178
570332
560664
192050
570332
570332
570332
570332
570332
4321020
4321020
4321020
202615
202615
202615
202615
202615
5194
4321020
12120
4321020
4321020
4321020
4321020
4321020
4321020
4321020
4321020
4321020
4321020
9664
9664
9664
9664
9664
13
268821
29
268821
268821
268821
268821
268821
268821
268821
268821
175959
268821
643335
2127160
1579844
191909
668186
496224
222021
148767831
187951658
148993
148993
148993
148993
148993
797079
16107150
20349598
820581
820581
820581
820581
820581
72500
72500
72500
72500
1856094
4452562
1856094
4452562
4452562
13179002
27686990
550977
1395768
285435
270231336
1263306
1263306
1263306
1263306
1263306
13179002
13179002
27686990
550977
1395768
1395768
285435
270231336
270231336
148993
148993
148993
148993
148993
532660
148993
1565527
29258050
83706
83706
83706
83706
532660
532660
532660
148993
148993
1565527
29258050
29258050
11255046
37289366
27696987
148993
264175
196265
3343170
11708979
8695136
148767831
2686924
187951658
148993
148993
148993
930911
15845
930911
189969
148993
148993
148993
148993
148993
148993
148993
16107150
20349598
148993
148993
612644
612644
11731201
11731201
11731201
11731201
11731201
1165199
1165199
1165199
1165199
1165199
353337
353337
353337
353337
12331
12331
12331
12331
612640
148993
612640
2559242
10819830
148993
171780
930909
15843
166867
551294
31738063
77871769
31738063
77871769
77871769
166867
551294
551294
509530869
1323216758
9421367
24466645
270231336
4880700
39952276
39952276
39952276
39952276
39952276
509530869
509530869
1323216758
9421367
24466645
24466645
270231336
270231336
4880700
1263512
1263512
1263512
1263512
1263512
2559242
2559242
10819830
148993
171780
171780
930909
930909
15843
148993
148993
396700
396700
396700
396700
396700
148993
148993
148993
7004579
148993
29258051
1203310
1203310
1203310
1203310
7004579
7004579
7004579
148993
148993
29258051
29258051
41986
41986
41986
41986
612640
612640
612640
148993
148993
612640
612640
52774285
59153238
59164788
1359063
1358798
1359063
53807787
60301204
53807787
60301204
60301204
1378098
1378098
1378098
1378098
1378098
812909
659771
415372
1658089
1231738
278252169
256061
208085
148993
520609
386899
87401277
221843
83753034
105812671
148993
148993
148993
148993
148993
2042210
148993
148993
148993
148993
704466
949503
19193139
24248403
1263167
1263167
1263167
1263167
1263167
1263167
1263167
1263167
1263167
187090
72564
72564
187090
72564
72564
72564
72564
72548
3339223
1192930
3408656
770022046
3339223
3339223
1192930
3408656
3408656
770022046
8580600
8633748
9724782
22477167
1045138
360952
1067842
241227636
17549
253568
17549
152134330
152134330
5463093
5463093
5463093
5463093
5463093
5463093
5463093
5463093
5463093
8580600
8633748
8633748
9724782
22477167
1045138
1045138
360952
1067842
1067842
241227636
17549
253568
17549
152134330
152134330
152134330
148993
148993
148993
5224719
148993
148993
148993
148993
148993
5224719
1345964
595487
148993
1789953
17549
1789953
17549
34863637
227924
113585
227924
113585
113585
113585
92817
113585
1345964
595487
595487
595487
72502
595487
148993
148993
148993
148993
1789953
17549
1789953
17549
34863637
34863637
14341550
11657627
7233679
29111107
21638793
5557410577
148993
148993
148993
181508
148993
34741198
158216589
177353539
177388547
4490467
3649616
2188765
9126999
6783566
1742889880
83753034
1763429
105812671
148993
148993
148993
148993
148993
11213883
60089033
67358118
67371414
534874
10344
534874
148993
148993
165738
148993
148993
40981208
148993
148993
148993
148993
148993
1651837
3632402
4072274
4073077
148993
148993
148993
148993
14138926
19193139
24248403
148993
148993
148993
148993
1058134
2326838
2608616
2609129
1436381
1814707
62019396
62019396
62019396
62019396
62019396
62019396
62019396
62019396
62019396
1263167
1263167
1263167
1263167
1263167
1263167
1263167
1263167
1263167
1345964
1215573
1215573
1345964
1215573
1215573
1215573
1215573
600382
148120
43371
43371
148120
43371
43371
43371
43371
13001
1345964
1263167
148993
2609129
2326838
1637849
17549
2609129
2609129
17549
2609129
1490790
1501243
1767603
7909457
148994
148993
148994
27651092
60143859
10342
13613645
15537927
67371414
67371414
10342
534872
10342
534872
367380
149214
379211
85664532
158388168
44177673
50710103
177388547
177388547
59228745
20398366
60660900
13703412617
59228745
59228745
20398366
60660900
60660900
13703412617
367380
367380
149214
379211
379211
85664532
158388168
44177673
50710103
177388547
177388547
177388547
331745961
333800797
375982678
1155917919
18555888
6172069
19024196
4297602065
17859
17859
152134330
3203200
152134330
211215883
211215883
211215883
211215883
211215883
211215883
211215883
211215883
211215883
331745961
333800797
333800797
375982678
1155917919
18555888
18555888
6172069
19024196
19024196
4297602065
17859
17859
152134330
152134330
3203200
152134330
3910048
3910048
3910048
3910048
3910048
3910048
3910048
3910048
3910048
1490790
1501243
1501243
1767603
7909457
148994
148994
148993
148994
148994
27651092
60143859
10342
13613645
15537927
67371414
67371414
67371414
10342
534872
534872
10342
534872
148993
148993
148993
4073078
3632964
2282142
1114765
4073078
4073078
346270
346270
346270
101051093
346270
346270
346270
346270
346270
101051093
148993
148993
148993
148993
148993
4073078
3632964
2282142
1114765
4073078
4073078
4073078
9452834
8346595
148993
34863638
17549
17549
34863638
1346248
1263423
1346248
1263423
1263423
1263423
1263314
1263423
9452834
8346595
8346595
8346595
95679
8346595
148993
148993
148993
148993
34863638
17549
17549
34863638
34863638
148121
148121
148121
148121
148121
148121
44263
148121
1345964
1263167
1263167
1263167
340
667710
148993
148993
148993
148993
2609129
2326838
1637850
1637850
17549
1919308
2609129
2609129
2609129
2609129
17549
2609129
2609129
9669350
31971293
23745113
2884409
10042862
7458267
222020
148767831
187951658
164502
148993
148993
148993
148993
797078
16107150
20349598
820577
820577
820577
820577
820577
72499
72499
72499
72499
27897157
66922164
27897157
66922164
66922164
26934827
56585793
8281203
20978441
115648250
92307669
285432
270231336
2111957
2111957
2111957
2111957
2111957
26934827
26934827
56585793
8281203
20978441
20978441
5146702
115648250
2616053
285432
270231336
270231336
320026
320026
320026
320026
320026
532659
148993
532659
1565525
29258050
83704
83704
83704
83704
532659
532659
532659
148993
148993
72874
73282
532659
1565525
29258050
29258050
169163722
560460417
416286645
889249
3970563
2949882
50247968
175986356
130688188
148767831
2686924
187951658
252206
1233560
916547
930910
15844
930910
2855252
2120791
2120791
148993
148993
148993
932321
692530
16107150
20349598
148993
148993
612643
612643
23975857
23975857
23975857
23975857
23975857
1165196
1165196
1165196
1165196
1165196
353333
353333
353333
353333
12329
12329
12329
12329
612639
148993
612639
5230498
22113226
711237
2573536
930907
51751860
15840
24143824
2507491
8285977
477024155
1170415290
477024155
1170415290
1170415290
2507491
8285977
8285977
1041363032
2704348447
141603462
367734489
270231336
5527061593
4880700
4055859600
81653195
81653195
81653195
81653195
81653195
1041363032
1041363032
2704348447
141603462
367734489
367734489
270231336
270231336
198983484
5527061593
4880700
101142683
1941627
1941627
1941627
1941627
1941627
5230498
5230498
22113226
711237
2573536
2573536
930907
930907
797600
51751860
15840
374970
148993
148993
5962418
5962418
5962418
5962418
5962418
148993
148993
148993
14315737
1946639
29258051
1203307
1203307
1203307
1203307
14315737
14315737
14315737
1946639
1946639
125964
274860
29258051
29258051
29258051
41982
41982
41982
41982
612639
612639
612639
148993
148993
433
973
612639
612639
612639
419046
122446
419046
52827551
59153238
59164788
426870
426870
426870
1359062
1359062
1359062
1358797
1359062
1359062
419051
125119
419051
419051
125119
419051
53842243
60301204
53842243
60301204
60301204
1378097
1378097
1378097
1378097
426870
426870
426870
426870
426870
426870
1378097
1378097
1378097
1378097
1378097
12218049
9916386
6243061
24921143
18513077
278252169
3848617
3127524
1880459
7824777
5815108
87401277
221842
83753034
105812671
148993
148993
148993
148993
148993
2042209
148993
148993
148993
148993
704465
949501
19193139
24248403
2122645
2122645
2122645
2122645
2122645
2122645
2122645
2122645
2122645
72563
72563
187089
72563
72563
72563
72563
72547
187089
50188641
17929778
51232225
770022046
2636237
74462708
43697751
50188641
50188641
17929778
51232225
51232225
770022046
2636237
74462708
43697751
17536759
17645382
19875201
45938121
15708460
5425132
16049707
241227636
8096171
21862
94196262
62293883
228481137
253565
21862
152134330
152134330
783804
22767239
12987869
11165296
11165296
11165296
11165296
11165296
11165296
11165296
11165296
11165296
17536759
17645382
17645382
19875201
45938121
15708460
15708460
5425132
16049707
16049707
241227636
613016
21862
2438522
94196262
1193928
228481137
253565
21862
152134330
152134330
152134330
783804
22767239
12987869
273983
273983
273983
5224719
18767
1089450
273983
273983
273983
273983
273983
5224719
18767
1089450
595486
1345964
148993
1789952
595486
595486
399691
62076
39402
595486
595486
1511944
1789952
39402
34863638
18767
395958
595486
113583
227919
113583
113583
113583
92814
113583
227919
595486
595486
595486
72501
595486
1345964
148993
148993
148993
148993
1789952
595486
595486
399691
62076
39402
595486
595486
595486
595486
72500
72500
595486
1511944
1789952
39402
34863638
34863638
18767
395958
595486
419045
122443
419045
145409
42458
145409
215553976
175214524
108722437
437540910
325231778
5557410577
1334010
1083795
507593
2728082
2026001
34741198
158388168
177353539
177388547
67491877
54853852
32897216
137179104
101957223
1742889880
83753034
1763428
105812671
430867
349899
149541
880225
653605
11213883
60143859
67358118
67371414
534873
10343
534873
1252478
1016641
2490345
1849252
1849252
40981208
426868
426868
426868
148993
148993
148993
148993
148993
1651836
4073077
3632964
2791970
4072274
4073077
4073077
805911
598536
405498
329211
14138926
19193139
24248403
148123
148123
148123
148993
148993
148993
148993
1058133
2609129
2326838
1788199
2608615
2609129
1436380
1814706
2609129
126753275
126753275
126753275
126753275
126753275
126753275
126753275
126753275
126753275
2346468
2346468
2346468
2346468
2346468
2346468
2346468
2346468
2346468
419049
125115
419049
419049
125115
419049
1215568
1215568
2141290
1215568
1215568
1215568
1215568
600379
2141290
43370
43370
148119
145407
43370
145407
43370
43370
43370
43370
12999
148119
145407
43370
145407
1345963
1263166
148992
2609129
2326837
22193
1788198
1637848
399690
62075
17548
1345963
17548
443349
2609129
18766
385388
2609129
3046830
3068193
3612571
16165099
1786800
417209
1839722
27651092
60155151
1840913
10340
35080867
10340
10214437
13613645
15537927
534869
67371414
10340
15002089
534869
67371414
82387
1542615
751799
5521737
1421135
5699557
85664532
158388168
44177673
50710104
177388547
281580
4918520
2569469
890210008
306588126
911735350
13703412617
63798998
992050819
582175851
890210008
890210008
306588126
911735350
911735350
13703412617
63798998
992050819
582175851
5521737
5521737
1421135
5699557
5699557
85664532
158388168
44177673
50710104
177388547
177388547
177388547
281580
4918520
2569469
678011874
682211484
768421475
2362428384
278895626
92766408
285934302
4297602065
154406007
53361
53361
152134330
4847757474
3203200
2836888759
152134330
18962373
303323083
173034624
431676323
431676323
431676323
431676323
431676323
431676323
431676323
431676323
431676323
678011874
682211484
682211484
768421475
2362428384
278895626
278895626
92766408
285934302
285934302
4297602065
12007567
53361
53361
152134330
152134330
94278936
4847757474
4847757474
3203200
46160013
152134330
18962373
303323083
173034624
7991232
7991232
7991232
7991232
7991232
7991232
7991232
7991232
7991232
3046830
3068193
3068193
3612571
16165099
1786800
1786800
417209
1839722
1839722
27651092
60155151
78029
10340
35080867
10340
454550
13613645
15537927
534869
534869
413277
67371414
67371414
67371414
10340
187485
534869
67371414
67371414
67371414
82387
1542615
751799
148993
148993
148993
4073078
4073078
3636803
2804350
2282141
1114764
4073078
18767
607255
5204452
5204452
5204452
101051093
339272
15787296
5204452
5204452
5204452
5204452
5204452
101051093
339272
15787296
426864
426864
426864
426864
426864
426864
148993
148993
148993
148993
148993
4073078
4073078
3636803
2804350
2282141
1114764
4073078
4073078
4073078
18767
607255
18153792
17058508
1683486
34863638
31129336
24003921
5635970
973112
95908
95908
34863638
104637
5446775
34863638
2155616
2025560
2155616
2025560
2025560
2025560
1283588
2025560
18153792
17058508
17058508
17058508
95677
17058508
1683486
1683486
1683486
1683486
34863638
31129336
24003921
5635970
67788
95908
95908
34863638
34863638
34863638
73491
162231
34863638
34863638
34863638
34863638
34863638
104637
5446775
34863638
148118
148118
148118
148118
148118
148118
148118
148118
148118
44260
148118
148118
148118
148118
1345964
1263167
1263167
1263167
339
667709
148993
148993
148993
148993
2609129
2609129
2326838
22194
22194
1788199
1637849
1637849
399691
2739
17549
1345964
1345964
17549
1764
443350
831204
2413058
2609129
264
1919307
564
2609129
2609129
2609129
1813129
2609129
2609129
18767
385389
2609129
9669350
31971293
23745113
2884409
10042862
7458267
222020
148767831
187951658
164502
148993
148993
148993
148993
797078
16107150
20349598
820577
820577
820577
820577
820577
72499
72499
72499
72499
27897157
66922164
27897157
66922164
66922164
26934827
56585793
8281203
20978441
285432
270231336
2111957
2111957
2111957
2111957
2111957
26934827
26934827
56585793
8281203
20978441
20978441
285432
270231336
270231336
320026
320026
320026
320026
320026
532659
148993
1565525
29258050
83704
83704
83704
83704
532659
532659
532659
148993
148993
1565525
29258050
29258050
169163722
560460417
416286645
889249
3970563
2949882
148767831
2686924
50247968
175986356
130688188
187951658
930910
15844
252206
1233560
916547
930910
2855252
2120791
2120791
148993
148993
148993
16107150
932321
692530
20349598
612643
148993
148993
612643
23975857
23975857
23975857
23975857
23975857
1165196
1165196
1165196
1165196
1165196
353333
353333
353333
353333
12329
12329
12329
12329
612639
148993
612639
5230498
22113226
711237
2573536
930907
15840
2507491
8285977
477024155
1170415290
477024155
1170415290
1170415290
2507491
8285977
8285977
1041363032
2704348447
141603462
367734489
270231336
4880700
81653195
81653195
81653195
81653195
81653195
1041363032
1041363032
2704348447
141603462
367734489
367734489
270231336
270231336
4880700
1941627
1941627
1941627
1941627
1941627
5230498
5230498
22113226
711237
2573536
2573536
930907
930907
15840
148993
148993
5962418
5962418
5962418
5962418
5962418
148993
148993
148993
14315737
1946639
29258051
1203307
1203307
1203307
1203307
14315737
14315737
14315737
1946639
1946639
29258051
29258051
41982
41982
41982
41982
612639
612639
612639
148993
148993
612639
612639
59153238
59164788
1358797
1359062
60301204
60301204
60301204
1345871
1378097
1345871
1345871
1345871
1378097
1378097
1345871
1345871
12218049
9916386
6243061
24921143
18513077
278252169
3848617
3127524
1880459
7824777
5815108
87401277
221842
83753034
105812671
148993
148993
148993
148993
148993
2042209
148993
148993
148993
148993
704465
949501
19193139
24248403
2122645
2122645
2122645
2122645
2122645
2122645
2122645
2122645
2122645
187089
72563
72563
187089
72563
72563
72563
72563
72547
50188641
17929778
51232225
770022046
50188641
50188641
17929778
51232225
51232225
770022046
17536759
17645382
19875201
45938121
15708460
5425132
16049707
241227636
253565
21862
152134330
152134330
11165296
11165296
11165296
11165296
11165296
11165296
11165296
11165296
11165296
17536759
17645382
17645382
19875201
45938121
15708460
15708460
5425132
16049707
16049707
241227636
253565
21862
21862
152134330
152134330
152134330
273983
273983
273983
5224719
273983
273983
273983
273983
273983
5224719
1345964
595486
148993
1789952
1789952
39402
34863638
227919
113583
227919
113583
113583
113583
92814
113583
1345964
595486
595486
595486
72501
595486
148993
148993
148993
148993
1789952
1789952
39402
39402
34863638
34863638
215553976
175214524
108722437
437540910
325231778
5557410577
177353539
177388547
1334010
1083795
507593
2728082
2026001
34741198
83753034
1763428
67491877
54853852
32897216
137179104
101957223
1742889880
105812671
67358118
67371414
534873
10343
430867
349899
149541
880225
653605
11213883
534873
1252478
1016641
2490345
1849252
1849252
40981208
4072274
4073077
148993
148993
148993
148993
148993
1651836
19193139
805911
598536
405498
329211
14138926
24248403
2608615
2609129
1436380
148993
148993
148993
148993
1058133
1814706
126753275
126753275
126753275
126753275
126753275
126753275
126753275
126753275
126753275
2346468
2346468
2346468
2346468
2346468
2346468
2346468
2346468
2346468
2141290
1215568
1215568
2141290
1215568
1215568
1215568
1215568
600379
148119
43370
43370
148119
43370
43370
43370
43370
12999
1345963
1263166
26
7453
160832
1345870
2609129
2609129
17548
148992
2609129
3046830
3068193
3612571
16165099
662
73433
1943469
13613645
15537927
67371414
67371414
10340
1786800
417209
1839722
27651092
534869
10340
534869
44177673
50710104
177388547
177388547
5521737
1421135
5699557
85664532
890210008
306588126
911735350
13703412617
890210008
890210008
306588126
911735350
911735350
13703412617
44177673
50710104
177388547
177388547
177388547
5521737
5521737
1421135
5699557
5699557
85664532
678011874
682211484
768421475
2362428384
53361
278895626
92766408
285934302
4297602065
152134330
3203200
152134330
431676323
431676323
431676323
431676323
431676323
431676323
431676323
431676323
431676323
678011874
682211484
682211484
768421475
2362428384
53361
53361
278895626
278895626
92766408
285934302
285934302
4297602065
152134330
152134330
3203200
152134330
7991232
7991232
7991232
7991232
7991232
7991232
7991232
7991232
7991232
3046830
3068193
3068193
3612571
16165099
662
73433
1943469
13613645
15537927
67371414
67371414
67371414
10340
10340
1786800
1786800
417209
1839722
1839722
27651092
534869
534869
10340
534869
2106664
2282141
1114764
4073078
4073078
148993
148993
148993
4073078
5204452
5204452
5204452
101051093
5204452
5204452
5204452
5204452
5204452
101051093
2106664
2106664
2106664
2106664
2282141
1114764
4073078
4073078
4073078
148993
148993
148993
148993
148993
4073078
18153792
17058508
95908
1683486
34863638
2155616
2025560
2155616
2025560
2025560
2025560
1283588
2025560
18153792
17058508
17058508
17058508
95677
17058508
95908
95908
1683486
1683486
1683486
1683486
34863638
34863638
34863638
148118
148118
148118
148118
148118
148118
44260
148118
1345964
1263167
1263167
1263167
339
667709
28
7454
160833
1345871
1345871
1345871
1345871
1919307
2609129
2609129
2609129
2609129
17549
17549
148993
148993
148993
148993
2609129
2609129
2609129
1813129
145330654
480529597
356889850
43352777
150944558
112098006
222017
148767831
187951658
2448053
1818198
1818198
797076
591438
797076
16107150
20349598
3943223
17248995
12816565
1168098
5520483
4098944
95704
3328629
4205354
221543
221543
221543
221543
340389
340389
221543
221543
221543
221543
340389
311661
311661
1399717
1770028
820575
820575
820575
820575
820575
72497
72497
72497
72497
73717
73717
73717
73717
73717
29900
29900
29900
29900
419295203
1005842352
419295203
1005842352
1005842352
115648250
92307669
55048545
115648250
124466763
315306676
285431
270231336
4316352
4316352
4316352
4316352
4316352
5146702
115648250
2616052
55048545
55048545
115648250
124466763
315306676
315306676
285431
270231336
270231336
4810013
4810013
4810013
4810013
4810013
532657
532657
1565523
1565523
29258051
83698
83698
83698
83698
72871
73279
532657
532657
532657
532657
1565523
1565523
1565523
29258051
29258051
11315867
35356429
21029203
11696301
11315867
35356429
35356429
21029203
11696301
4441500
2764743
1491836
4389386
3373097
11301430
6591343
3491842
95701
6046332
338117
338117
338117
338117
338117
111975
4441500
90069
1491836
1491836
4389386
3373097
11301430
11301430
6591343
3491842
95701
6046332
6046332
324762
324762
435622
324762
498685
498685
324762
324762
324762
435622
435622
324762
498685
498685
72497
72497
221543
297297
221543
221543
340389
311661
2171368
72918
72918
72918
72918
2611
6091
72497
72497
72497
72497
221543
221543
297297
297297
221543
221543
340389
311661
311661
2171368
2171368
2907662935
9684411904
7134173652
15284215
68560979
50506519
148767831
2686924
863132681
3042759517
2241496437
187951658
930906
15840
4335292
21294311
15686788
930906
49335068
36343450
36343450
905695
905695
905695
16107150
16107150
11865584
20349598
612642
297987
297987
612642
78471512
347181849
255756944
767306
2254678
1660944
3328628
95700
23391227
111345859
82024670
4205352
14060
220
211041
1320453
1022262
14060
3530571
2600851
3530571
3530571
2600851
2600851
281744
96508
286602
286602
286602
286602
2171367
1399715
1029481
1399715
1399715
1029481
1770026
135087
135087
135087
135087
135087
135087
135087
49001096
49001096
49001096
49001096
49001096
1165194
1165194
1165194
1165194
1165194
353327
353327
353327
353327
12326
12326
12326
12326
3838457
3838457
3838457
3838457
3838457
90021
90021
90021
90021
90021
29896
29896
29896
29896
4851
4851
4851
4851
612638
297984
612638
10689926
45194312
10689926
38680340
930906
51751860
15840
24143824
37687680
124538517
7169688904
17591380714
7169688904
17591380714
17591380714
37687680
124538517
124538517
2128304740
5527061593
2128304740
5527061593
270231336
5527061593
4880700
4055859600
166880211
166880211
166880211
166880211
166880211
2128304740
2128304740
5527061593
2128304740
5527061593
5527061593
270231336
270231336
198983484
5527061593
4880700
101142684
3968236
3968236
3968236
3968236
3968236
10689926
10689926
45194312
10689926
38680340
38680340
930906
930906
797600
51751860
15840
374970
905694
905694
89615351
89615351
89615351
89615351
89615351
905694
905694
905694
29258051
29258051
29258051
1203307
1203307
1203307
1203307
29258051
29258051
29258051
29258051
29258051
125964
274860
29258051
29258051
29258051
41978
41978
41978
41978
612638
612638
612638
297984
297984
432
972
612638
612638
612638
349284
159862
211040
1320452
1751382
14060
3688793
220
619186
1182038
613772
767306
4095542
280167608
155827336
193494344
630643156
280167608
155827336
193494344
630643156
630643156
1182038
613772
767306
4095542
4095542
87815068
46521072
57677876
202255690
230050675
6046332
233335532
95700
127646234
13072415
13072415
13072415
13072415
13072415
87815068
46521072
57677876
57677876
57677876
202255690
202255690
230050675
6046332
6046332
3968616
233335532
95700
1794376
306580
306580
306580
306580
306580
349284
159862
211040
211040
211040
1320452
1320452
1751382
14060
14060
19009
3688793
220
8811
286599
286599
281741
96506
286599
6413155
6413155
6413155
6413155
6413155
6413155
6413155
6413155
6413155
6413155
6413155
6413155
286599
286599
286599
281741
96506
286599
286599
2171367
101816
101816
101816
101816
2171367
2610
2171367
6090
2171367
2171367
2171367
2171367
2171367
2171367
2171367
4849
4849
4849
4849
135086
6
135086
14
135086
88421
135086
135086
135086
135086
135086
459926
459926
8184
459926
459926
8184
419045
122445
419045
61519
17958
61519
59153238
59164788
426868
426868
1358795
1359060
1359060
1359060
6967697
6969057
62680
62680
459926
459926
459926
459926
419048
125118
419048
125118
61526
18037
61526
18037
60301204
60301204
60301204
1369173
1378095
1369173
426864
426864
1369173
1369173
1378095
1378095
1369173
1369173
7065668
7065668
7065668
459925
459925
459925
8183
459925
459925
3543732
3543732
31999
3543732
3543732
31999
62675
62675
459926
459926
459926
459926
8184
459926
459926
459926
459926
183637696
149043613
93833426
374565613
278252169
278252169
57844848
47006800
28263368
117606662
87401277
87401277
221837
83753034
105812671
1070525
868277
2132088
1582303
1582303
2042208
689686
511847
346302
280880
704463
949499
19193139
24248403
2514185
9232789
3838663
6063340
4921273
2369680
12434851
9232789
803268
2950114
1226949
1942149
1575940
737419
3974454
2950114
59404
1728552
2183833
144993
221543
221543
221543
221543
283377
221543
221543
221543
426783
435394
144993
221543
221543
221543
221543
221543
221543
221543
221543
340389
311661
311661
2490517
3146491
4338196
4338196
4338196
4338196
4338196
4338196
4338196
4338196
4338196
72559
72559
187084
72559
72559
72559
72559
72543
187084
164888
164888
164888
164888
164888
164888
164888
164888
164888
72497
72497
72497
72497
186833
72497
72497
72497
72497
72497
72497
24262
186833
754336944
269485160
770022046
770022046
279699920
476619795
279699920
754336944
754336944
269485160
770022046
770022046
770022046
279699920
476619795
279699920
94196262
62293883
35841072
36063072
40620305
93886875
228481137
267900076
236098689
81539917
241227636
241227636
83132563
145728205
83132563
253562
3203200
152134330
152134330
22819279
22819279
22819279
22819279
22819279
22819279
22819279
22819279
22819279
2438522
94196262
1193927
35841072
36063072
36063072
40620305
93886875
228481137
20928168
236098689
236098689
81539917
241227636
241227636
241227636
83132563
145728205
83132563
253562
3203200
3203200
152134330
152134330
152134330
4117980
4117980
4117980
5224719
1487398
6973338
4117980
4117980
4117980
4117980
4117980
5224719
1487398
6973338
595484
595484
595484
1511942
1789949
1326427
1789949
458739
2396695
1789949
1511942
5757252
34863638
113577
227913
113577
113577
113577
92811
113577
227913
595484
595484
595484
595484
72497
72497
595484
595484
595484
595484
72497
595484
1511942
221559
1326427
1326427
1326427
1326427
1789949
458739
2396695
1789949
1511942
5757252
5757252
34863638
34863638
2999858
16694937
25239685
24567137
6841655
25239685
24995921
13706103
6891088
2016995
2999858
16694937
25239685
24567137
24567137
6841655
25239685
25239685
24995921
13706103
6891088
6891088
4180452
1808108
935744
941509
1088423
3198680
10499586
12388800
947249
5329637
8041064
7842077
2128787
8041064
7968942
4242013
2173310
59400
206820
3886567
13239882
3139846
59400
3139846
867265
867265
867265
867265
867265
867265
867265
867265
867265
91525
4180452
81008
935744
941509
941509
1088423
3198680
10499586
483164
545919
947249
5329637
8041064
7842077
7842077
2128787
8041064
8041064
7968942
4242013
2173310
2173310
59400
206820
3886567
13239882
3139846
3139846
59400
59400
3139846
592666
335512
512441
512441
512441
512441
687530
288599
771766
787128
870247
870247
376351
52729
592666
335512
512441
512441
512441
512441
512441
512441
512441
687530
687530
288599
771766
787128
870247
870247
376351
72496
72496
72496
72496
72496
186832
221542
256252
144992
221542
221542
297296
221542
186832
221542
340388
311660
376350
4523930
73323
73323
73323
187659
73323
73323
73323
73323
73323
73102
73323
187659
72497
72497
72497
72497
72497
1621
3676
72497
72497
72497
72497
72497
72497
72497
2161
72497
186833
16291
16291
256253
144993
221543
221543
221543
221543
221543
221543
297297
297297
221543
186833
221543
340389
311661
311661
311661
376351
376351
376351
4523930
4523930
4523930
419043
122441
419043
145406
42455
145406
61517
17956
61517
29446
8595
29446
3620605317
2907055197
1868783631
7544006604
5557410577
5557410577
177353539
177388547
22457659
18031696
8662418
47160062
34741198
34741198
83753034
1763426
1134306490
910756983
565450289
2365917108
1742889880
1742889880
105812671
67358118
67371414
534869
10341
7267159
5834945
2543069
15222487
11213883
11213883
534869
21167217
16995574
43063400
31723328
31723328
40981208
426862
426862
4072274
4073077
455405
455405
455405
455405
455405
1651834
4073077
4073077
19193139
13929740
10261561
6846970
5497567
14138926
24248403
148119
148119
2608614
2609129
1436378
148996
148996
148996
148996
1058130
1814704
2609129
2609129
73552465
73552465
119528357
95971668
47444445
250810018
184763127
411483
411483
20880908
20885030
685020
548823
410588
1400880
1030646
23549169
1728548
59400
38327341
30773776
14762381
80234168
59105756
2183829
396775
14832792
14835720
7030
110
628409
534581
105520
660226
660226
7030
1701789
1701789
5625434
2355254
5738968
2820910
2264964
5738968
4227700
4227700
62674
62674
391370
367074
189027
48256
1380037
1380037
1380037
665535
529338
1340499
1010174
298858
1380037
1380037
4094039
2490515
1834677
738518
2490515
2490515
1834677
1224178
982916
3146489
30002
30002
2285629
1380407
1010173
391369
2527807
2528312
1380407
1380407
1010173
665534
529336
1750718
2528312
2528312
259054324
259054324
259054324
259054324
259054324
259054324
259054324
259054324
259054324
4795637
4795637
4795637
4795637
4795637
4795637
4795637
4795637
4795637
419042
125110
419042
125110
1215563
1215563
4139776
1215563
1215563
1215563
1215563
600378
4139776
145402
43366
43366
43366
148115
145402
43366
43366
43366
43366
43366
12996
148115
9845577
9845577
9845577
9845577
9845577
9845577
9845577
9845577
9845577
259336
259336
259336
259336
259336
259336
259336
259336
259336
61522
18032
61522
18032
84621
84621
288192
84621
84621
84621
84621
24258
288192
288192
29441
8593
8593
29997
29442
8594
8594
8594
8594
8594
1691
29997
29997
67371414
6227015
6270677
7383260
33037717
65970
10340
26855667
6270677
27651092
57312556
4812104
5724357
27362792
13613645
15537927
9873951
4812104
27651092
534869
67371414
10340
15002089
534869
67371414
82991904
21359712
85664532
16446624
44177673
50710104
31482396
16446624
85664532
177388547
13379886006
4608029736
13703412618
3726382536
6349904136
3726382536
13703412618
13379886006
13379886006
4608029736
13703412618
13703412618
3726382536
6349904136
3726382536
13703412618
82991904
82991904
21359712
85664532
85664532
16446624
44177673
50710104
31482396
16446624
85664532
177388547
177388547
177388547
1385699167
1394282197
1570475442
4828256213
3203200
4191810540
1394282197
4297602065
1107557452
1941505882
1107557452
4297602065
152134330
4847757474
3203200
2836888760
152134330
882246380
882246380
882246380
882246380
882246380
882246380
882246380
882246380
882246380
1385699167
1394282197
1394282197
1570475442
4828256213
3203200
3203200
4191810540
4191810540
1394282197
4297602065
4297602065
1107557452
1941505882
1107557452
4297602065
152134330
152134330
94278936
4847757474
357858756
4847757474
3203200
46160013
152134330
16332227
16332227
16332227
16332227
16332227
16332227
16332227
16332227
16332227
67371414
6227015
6270677
6270677
7383260
33037717
65970
10340
10340
26855667
26855667
6270677
27651092
27651092
1177082
4812104
5724357
27362792
13613645
15537927
9873951
4812104
27651092
534869
534869
413277
67371414
67371414
1652089
67371414
10340
187485
534869
67371414
67371414
67371414
455405
455405
455405
64727
4046039
4073078
2282139
1114762
4073078
78223095
78223095
78223095
19816290
101051093
101051093
78223095
78223095
78223095
78223095
78223095
19816290
101051093
101051093
426861
426861
455405
455405
455405
455405
455405
64727
4046039
4046039
4046039
4046039
4073078
2282139
1114762
4073078
4073078
4073078
34863638
34863638
5757252
25302865
6111690
34863638
4139776
4139776
4139776
4139776
4139776
4139776
2044673
4139776
34863638
34863638
34863638
34863638
95675
34863638
5757252
5757252
25302865
25302865
25302865
25302865
6111690
34863638
34863638
34863638
73490
162230
34863638
34863638
34863638
34863638
685629
34863638
34863638
148115
148115
148115
148115
148115
148115
148115
44260
148115
148115
1345963
1345963
1345963
1263166
1263166
1263166
338
667708
26
17548
17548
148992
148992
148992
148992
1763
443349
18766
7453
22193
22193
160832
1345870
1345870
1345870
1345870
831203
2413057
2609129
263
1919306
563
2609129
2609129
2609129
2609129
2738
1813128
2609129
2609129
131068
913193
1065110
1979255
617954
289124
319724
410588
2074706
2040110
2040110
20885030
45399132
441715032
182603500
91808508
116988084
455587244
450559292
450559292
30524711
45399132
441715032
441715032
182603500
91808508
91808508
116988084
455587244
455587244
450559292
450559292
131068
131068
913193
1065110
1979255
1979255
617954
289124
319724
319724
410588
2074706
2074706
2040110
2040110
20885030
20885030
20885030
14335440
206820
36178041
141638046
56515449
28954548
36400947
145742439
42080976
173537424
144254811
3139845
235420417
59400
85886952
3139845
33530516
33530516
33530516
33530516
33530516
33530516
33530516
33530516
33530516
8261808
14335440
206820
36178041
141638046
141638046
56515449
28954548
28954548
36400947
36400947
36400947
145742439
145742439
42080976
42080976
173537424
144254811
144254811
3139845
3139845
1984308
235420417
8261808
235420417
59400
59400
897188
3139845
883209
883209
883209
883209
883209
883209
883209
883209
883209
32767
32767
383
273055
323694
104754
628409
628409
174642
72281
79931
79931
105520
105520
105520
660226
660226
125039
125039
875691
648694
648694
523656
7030
7030
28968
11393106
11589
14743581
14835720
41565
9310949
110
110
6213
7030
14835720
14835720
14835720
10424626
10424626
10424626
10424626
10424626
10424626
10218396
5807564
2016229
10424626
10424626
10424626
10424626
10424626
10424626
10424626
10424626
10424626
10424626
10218396
5807564
2016229
10424626
52728
10424626
62670
62670
1177151
1177151
1340498
1340498
1174367
803950
511924
367073
298856
189026
189026
48253
48253
48253
8183
1380035
1380035
144
1174367
1380035
1380035
288192
288192
288192
288192
82615
288192
288192
288192
3769832
4523930
4523930
4523930
1620
4523930
3675
4523930
4523930
2160
3233227
4523930
4523930
4523930
4523930
4523930
4523930
16290
16290
4523930
553369
4523930
29997
29997
29997
1690
29997
29997
29997
