415
9505
46537643
46537643
283
8670
34523527
34523527
216
17550
40320906
216
15030
29154445
216
7468
1159093
221
1143
562382
562382
2253
19587
51996893
51996893
937
18752
37604197
37604197
216
679
406715
406715
945
27369
45108404
336
20306
32622436
216
7468
1114736
2253
9504
46537643
46537643
937
8669
34523527
34523527
1170
25409
40320906
416
15026
29154445
216
7467
1159089
319
1142
562380
562380
20630
27881
51996893
51996893
7476
19537
37604197
37604197
249
676
406714
406714
9226
168528
45108404
3282
99664
32622436
216
7467
1114732
19587
107677119
107677119
18271
18752
77872184
77872184
51615
93412178
19155
30391
67555766
17550
1946321
1142
562380
562380
37964
107677119
107677119
24810
29620
77872184
77872184
409
676
406714
406714
312516
93412178
111224
184816
67555766
10842
17550
1407583
210653
107677119
107677119
74953
124577
77872184
77872184
3322056
93412178
1182012
1964605
67555766
2568528
75581
2568528
1857562
26894
44699
1857562
6547234
2329557
4734965
3871916
30461
1946320
1141
562377
562377
210652
107677119
107677119
74951
124575
77872184
77872184
406
674
406711
406711
3322055
93412178
1182011
1964602
67555766
10838
18014
1407580
16506
404
16506
2568525
75579
2568525
1857559
26891
44696
1857559
11937
144
239
11937
6547234
2329553
4734965
3871914
128581
261349
213712
1763086293
207316955
1775227352
68345753
4596825
838976132
3074681
3095854
108874
194811
2410698
3672628
3755128
649166040
55994618
653636362
85834556455
9215306131
86425634976
673868281
45316770
40844934510
2676848
385570
308909901
327812112
330069510
964845
1836710
155991535
3656
7044
2365385
556173
577361
758212
1270005
9903111
164909
660198
2957871
406388
944016
1725221
864554
3651065311
429319736
3676207472
141532953
9519279
1737383283
6367165
6411011
108868
194810
3029857
84945639
130059701
84945639
76914929
87201457
10179040
87801948
25045062
38207264
3050762
227893
41495383
25045062
22595077
2086203
3494390
1644574
4049694
18063067
2086203
2066518
760340
2809394
10682167
184816
186087
657056
1100570
3960357
5677245
5260047
14981
15593
87948
657056
653388
1829168
3357419
4805644
3110695
55508391
20052966
248610306
2243951
1073029
6720335
192316135
82182986
50421939
6373117
2723441
1866968
7605416
7776262
1344317416
115955759
1353574727
177749423146
19083402031
178973450746
1395471745
93843670
84583224373
5543319
385566
639702226
678845634
683520338
964841
1836706
323033130
3653
7039
3675077
63998024
4034018
65005478
2791017
2452549
8719212
7951372
1408687128
1425781193
1408687128
843180934
8719212
4702296
6347461491
585401227
6391171720
434042289
426739495
30071973
2151282
3020481023
434042289
252365936
123492
9410
30721724
2791017
1450393
2123378
3556658
5456121
2334741
24436810
117593726
196969491
201842300
118848730
904008831
117593726
116484157
119365846
54621687
534614298
2123378
2103342
3226650
1073023
14451482
36477596
36728790
38872900
65112107
298837753
25612
47978
17358102
38872900
38506110
273021889
176727184
137342841
126
221
272862
758212
751057
9047605
5856519
4551371
796062
3024106
178345
200474
2187037
81971
927940154
109114186
934330185
35971449
2419381
441566385
1618253
1629397
57300
102532
1268788
1932962
1976383
341666337
29470852
344019138
45176082344
4850161122
45487176303
354667516
23850931
21497333952
1408867
202932
162584158
172532691
173720794
507813
966689
82100808
1922
3706
1244939
2758084
137863452
126272077
1631080
137863452
126272077
616346131
71792343
273197472
620590447
1161847899
718756
40799937
37246812
21677487
1392467
13479901
293292333
278047774
425059
40799937
37246812
41200
2972115
24365
2972115
1335674
626043
1337236
2598762
11431
931722
8936887
18506842
37630
69511
28219
1074977
1239145
6766
931722
1342863
3165621
3978412
8936887
18506842
195641
2542
2130912
42813
742808
2191285
534
211418
796058
3024106
178343
38762986
80274241
27954676
340792257
23720069
15940572
119763039
344476618
343265038
27653
3538823
1944383
92777
11278975
6335015
27400734
2223217364
1380810852
16204293
2223217364
1380810852
54866
11278975
6335015
39873458884
3918468443
3215207763
40148037633
7134496
692676548
422636365
213763523
13452366
131738220
18974045933
9608032607
4219211
692676548
422636365
283337
1268453
101484
544303
36730770
162800364
203717175
82438464
203000668
16354
3538823
1944383
1625
630366
408409
87100687
241525
87100687
1209
630366
182808161
7679954
184067025
113212
27963295
1497631010
3101350543
313757
642506
236693
86990458
44050023
66952
27963295
188602282
530490396
666696752
1497631010
3101350543
1628
188631
2504
2542
965
2104
6279
573978
589935
1227323
1307304
1085965
2191285
448
211418
200468
2187036
81966
3871112
13730632
17256024
38762986
80274241
6262433
178343
4528997
1498697
81966
292723
303874
399058
5212164
86794
347472
1556774
213888
496850
908011
455028
1921613321
225957756
1934846038
74491028
5010146
914412254
3351139
3374216
57298
102530
1594661
44708231
40867148
44708231
24168084
45895503
5357389
46211551
13181611
12005424
1605664
119943
21839675
13181611
7099788
1098001
865565
2131418
9506877
649338
1098001
400179
1478628
5622193
97271
97940
345819
2084398
2988024
2768445
7883
8204
46287
205306
345819
962720
1767062
2529286
1637208
29214942
10554192
130847529
1181026
564752
3537018
101219018
43254203
26537862
3354272
1433390
982614
4002850
4092769
707535482
61029347
712407751
93552327971
10043895806
94196553024
734458813
49391405
44517486512
2917536
202929
336685382
357287176
359747546
507811
966687
170017437
1921
3704
1934251
33683170
2123167
34213409
1468956
770636
4589059
2498467
741414278
448006659
741414278
264942948
4589059
1477547
3340769205
308105909
3363774589
228443310
134089393
15827354
1132253
1589726854
228443310
79298016
64994
4950
16169328
1468956
455740
1117567
2871642
1228811
12861479
61891435
106232789
62551963
475794122
36601463
61891435
62824129
28748256
281375946
660909
1117567
1698237
564749
7606043
19198735
19330942
20459421
157283028
13479
25251
9135843
12099327
20459421
143695731
93014307
72285706
65
112
143611
235996
399058
4761897
3082378
2395458
90706
384469
1674223
265320
593576
1128573
543944
118399195
1216008322
1113767968
70019119
1216008322
1113767968
1276352717
148670281
1285142005
2405998265
2674590228
34887219
359871037
328531121
44890554
2825434
607360779
575791773
134626380
20631664
359871037
328531121
2365627
26215197
1398988
26215197
2259035
2274591
5381614
6128939
723119
8218146
18506842
37628
69507
1074976
1312143
248473
465557
8218146
2330635
6555488
8238646
18506842
18327948
32426391
29523281
1442757
18327948
32426391
17459529
29523281
35042037
3977745
35283346
68611537
76270174
5604160
9769387
8869739
1174410
88493
16674982
16570813
3552562
396249
5604160
9769387
5286673
8869739
852212
961808
777701
1979399
8865310
40236
852212
568795
961808
363093
1272818
5242782
80565
81615
187837
220200
277434
312031
743235
743235
2042260
2960266
2749089
7555
7599
38571
44952
22612
26183
277434
184738
312031
94111
264710
330864
743235
441943
178841
55070
1037514
1752252
2514081
1627366
190016
37288132
11945187
167005631
1895694
783960
11251085
138855222
59337386
36405419
23324938
9961538
5887859
944758
53399
4412774
2560588
4537797
118643
5593402
6262433
178340
80274241
169357167
705725405
49120410
402532104
713355118
710846132
1749086
34136491
18487892
5774539
107780229
59660402
1279951226
19908802140
12316548547
756939758
19908802140
12316548547
3414957
107780229
59660402
82571456162
8114511616
83140064147
387111420
6227697176
3781660534
442669533
27857665
39292166915
1289710894
19896674767
228930617
6227697176
3781660534
954521
1585273
101484
123454735
337133109
421865177
5329673
170716668
420381408
1034377
34136491
18487892
353866
15330871
54512451
1226675650
32237667
1226675650
209270
15330871
378566007
381172908
17456208
403424562
3101350543
313755
642505
180143108
2309751
91220442
10323282
403424562
390564690
1098559436
1380620673
3101350543
1622
268432
9568
53399
963
2101
785320
1267784
2144572
2683570
8550
1085963
4537797
70163
5593402
4528997
1498694
81963
8016445
28434716
35735488
80274241
29431763
56632958
32167013
1711519
32847571
32732041
295310
1205558
580099
626843
157091899
964749
3701024
229876
1927936
189184461
583574128
348711178
13723746
189184461
583574128
206221416
348711178
157091899
52289
964749
3701024
87606
1140146
1927936
3120382972
252025363
3141870720
58220788
184808691
109385319
11580156
821263
1484854625
34042188
751897181
3728095
58220788
184808691
64688478
109385319
99510
56632958
42115
2475
10074198
15523830
19425453
144071
7860920
19357130
15455
295310
1205558
221078
370703
626843
3103829
109813
1597275
6893214
2027337
40911741
67927475
135588911
70796028
607273961
40171067
230173
67927475
80184803
32537146
359130719
3103829
41850
944599
1251
1597275
4076521
931744
24194455
18982981
19455466
22725729
215765477
9869
19788
9194693
67173
4655987
13439581
71122
22725729
27172154
76428380
96051792
197126024
127599758
99163654
51635941
7778712
215765477
277
199830
15163
84627
2356264
64
116
267585
435945
456712
545512
387
188955
922437
451525
716386
400
1211378
1032484
292453
10190
1700503
12301324
16032010
1774526
6458794
23742796
33113283
21434242
16623618
7285403
86292
36244344
173007
165128
179385
165127
165128
165298
48862
74888
42339
42339
42335
42339
273570
324769
215191
149895
56298
24209
40551
21525
29228
24123
380753
203411
380753
259519
177855
297263
2928396
223442
202298
223442
3758257
2196997
3071179
2048783
1307451
374560
2273867
186070
177336
194876
3686207
1428677
165127
165127
110418
165127
165127
51180
149886
114514
114514
251059
134479
225253
107037
107121
43856
116381
52637
67729
52637
106556
29304
1551329
190852
2308932
165129
165129
165130
493616
191860
760282
165129
165127
165130
165127
165128
165129
152604
165127
46202
165127
165127
165127
53528
68873
53528
2197016
3666740
2191182
2194809
603443
105675
123001
82053
52215
14741
209254
350500
162477
148764
40918
7183
12033
5618
7542
7529
623589
116451
116451
1044512
2219435
165128
165127
165128
2454736
170411
165129
170411
12203872
1269659
12203872
5599259
578287
7213882
165187
165131
165357
224599280
3924164
1296320
3924164
112775828
6777616
7889078
5262455
3765049
3532181
174370340
1798053
591713
2324546
47859772
13158320
618492
719873
480227
305506
84014
2186137
165129
165131
165131
1041746
286432
165129
165129
100508
404949
404949
172840
196058
245182
165129
152594
165129
46198
7884014
175801
175801
13205723
1224809
2051555
951001
870640
239388
6034381
165127
165137
165127
5604241
3637798
42745
71599
33197
30400
8382
484184
53523
68867
53523
443276
121880
346336
184808
434108
207966
184633
238705
48857
74884
42339
42335
42339
42335
273568
324762
215189
149887
56285
24203
40541
21517
29216
24111
2804709
620574
2804709
1289016
369322
1767586
5553449
836926
65390774
7544331
609337
836926
6050911
2431210
3071178
2048782
1307447
374555
4311955
456299
2492133
34368901
240915
364011
542742
4153964
1428674
195241
195241
110410
173386
177901
51173
149881
114512
257000
114512
251052
134472
225240
107031
107111
43848
116377
52631
14578
15458
132219
67725
52631
106544
29297
9850239
1011576
14919209
166213
165131
167858
3169024
1034243
4809568
165127
165131
165126
340736
525455
165834
152600
165129
46200
166952
182163
166952
53526
68871
53526
2540050
3939836
2373078
2194804
603432
105668
122988
82048
52200
14730
209248
350490
162473
148748
40914
7178
12024
5612
7540
7532
623587
116451
1164014
116451
1044509
3661878
235142
47650088
3106985
183437
235142
2454725
661255
184101
661255
89738168
9146716
89738168
41242764
4203739
53069512
317072
167211
397924
425695870
28941195
5088995292
467368044
9341818
28941195
210512541
12853161
14959964
9979789
6348705
3532179
330529984
13301084
18333916
2405069739
2283669
4293406
17115294
89337250
24561925
618486
719866
480224
305502
83996
2843251
171751
152329
22519530
8476
166751
180489
1041735
286432
165129
165129
100510
2847656
2847656
862003
1308754
1684052
396168
152594
165129
46196
14716662
947728
26844354
947728
24650410
1224807
2051552
950997
870637
239375
11426698
435566
23996
52367
12686697
570055
435566
10461133
4065701
42738
71587
33190
30390
8373
484182
53521
89
193
550116
68867
53521
443272
121877
464301
295824
552073
325929
292597
356670
48857
74884
42339
42335
42339
42335
273568
324762
215189
149887
56285
24203
40541
21517
29216
24111
3266839
738539
3266839
1501406
487287
2058831
6020440
974826
727302
974826
6559734
2638663
3071178
2048782
1307447
374555
4674548
574264
481976
660707
4537353
1428674
313204
313204
110410
182456
234773
51173
149881
114512
114512
251052
134472
225240
107031
107111
43848
116377
52631
67725
52631
106544
29297
14595502
1515043
22622144
284178
186831
285822
4699405
1541480
7293819
283092
190357
283090
532604
827096
283800
152600
196349
46200
284916
300127
284916
53526
68871
53526
2768939
4323225
2601967
2194804
603432
105668
122988
82048
52200
14730
209248
350490
162473
148748
40914
7178
12024
5612
7540
7532
623587
116451
116451
1044509
3969806
353107
301398
353107
2454725
801318
302060
801318
104524282
10653816
104524282
48038314
4896387
61813749
435038
186818
515889
461492779
33709822
10881065
33709822
228214612
13933988
16217952
10818993
6882570
3532179
358324361
15492697
5000828
19935372
96849649
26627345
618486
719866
480224
305502
83996
3082341
289715
190347
298453
1041735
286432
283091
283091
100510
3801978
3801978
1150882
1747351
2248420
542996
152594
196351
46196
15954192
1274141
1274141
26723271
1224807
2051552
950997
870637
239375
12387573
595531
757525
595531
11340814
4449091
42738
71587
33190
30390
8373
484182
53521
68867
53521
443272
121877
270172
270172
452538
1896854
295820
2773036
567279
292595
865157
48851
74879
42329
42330
42329
42330
393492
55274
587918
118915
53885
185599
42331
42333
65256
65254
42330
42331
42331
42332
65256
59683
59683
42328
42331
273564
324752
215184
149876
56274
24196
40529
21509
29212
24102
50762
65432
42313
39923
26482
14664
24563
14376
23510
8483
21578292
4570628
21578292
9917167
2100615
13599094
135413671
15623084
11238031
6438975
4460665
6438975
12244702
2638662
3071174
2048779
1307440
374545
3851658
71172411
240911
8725727
2959288
2050077
3807892
5196403
1428672
396986
396986
110408
182452
234772
51167
256999
149878
114510
114510
251047
134470
225238
107030
107103
43832
14574
15455
132219
116372
52627
67719
52627
106538
29294
4042108
3339164
740600
4042108
5023028
1857712
3339164
340372
2390429
2970527
3136367
342140
477657
1097571
944751
695035
1097571
476019
1407627
393374
464264
308263
209114
72720
86754
1552698
17261
370875
504432
944751
319431
649083
202013
58629
842969
85603
117160
42329
65255
132842
85603
42330
196243
42329
117160
42333
65254
80106
50624
42332
116991
13836
13836
42328
56895
42328
65254
59684
42328
23175
95299
30688
51402
26404
33146
24842
507
1174
13837
13839
42331
56895
42331
65254
59683
59683
42328
42331
23180
23181
95299
189840325
19349800
318844072
2428284
186822
3124619
61224851
19762536
102829475
787686
190351
1013562
6905275
11597672
3004549
152602
196351
46200
3042753
4131223
3042753
53524
68871
53524
46868155
3695715
78716856
709170
37225
912528
15449136
3793660
25947414
244330
39059
314388
1608914
736240
3350979
3264092
5482168
1651477
71364
16307
322036
243817
313731
73807
3593955
2175760
1595808
1896084
2439803
1896084
234494
151792
117965
117965
151792
117965
4443442
5171781
3450094
2194798
603426
105665
122984
82044
52194
14721
209244
350484
162468
148740
40900
7170
12010
5605
7531
7523
649729
756229
504480
320930
88240
15244
17764
11836
8775
7531
33052
55363
25666
23500
8473
4495
7529
4493
6564
1820
623584
116447
1164012
116447
1044504
7410223
1713883
98675592
6434061
414148
1713883
2454711
5283587
406471
5283587
690408953
70371113
690408953
317305047
32341859
408295234
2428283
186817
3124616
861443621
222661785
10538482575
967843298
71872148
222661785
425995878
26009822
30273176
20195230
12847321
3532176
668864713
102333129
37966563
4980508743
2283666
33031720
131678109
180784005
49703826
618486
719864
480221
305498
83993
5753640
787683
152328
46634289
8470
190342
1013559
1041729
286417
332005
332005
100509
25113019
25113019
7601867
11541692
14851380
3493742
152590
196346
46198
29780827
8416020
55590296
8416020
49882886
1224807
2051552
950997
870637
239371
23123213
3867918
23993
52363
26272089
4977080
3867918
21169284
5820174
42728
71570
33177
30374
8360
484179
53521
91
191
550114
68867
53521
443270
121880
140626
531600
705087
7033444
249280
84970
531600
107811
142325
437715
1543036
80974
1543036
358729
67817020
170449530
13440531
170449530
60773368
67817020
78336898
6177133
100800736
35940258
437715
709163
37218
912523
212151
21381825
56185228
67261164
444902304
32579227
13796736
56185228
18406126
23109532
3803212
4426609
2952990
1878563
516482
21381825
25822169
52224682
757807
210261752
47923
6340841
33226917
10885046
9807216
2696345
89196
103816
69255
44057
12119
140626
244321
547462
3643
3324020
202
39053
314378
63762
60404
16611
530497
120663
35476
544538
530497
160586
912101
11870812
2720600
1601943
12184994
11870812
3593368
20409865
5455706
1608913
736237
7205983
12184994
7020181
1651476
12070021
243813
71360
16305
322029
544538
313726
73805
539400
4125597
4125597
6910375
193452
324032
150204
137513
37811
500
3203304
1167
1949765
3769197
2439802
1896083
4125597
2439802
1896083
2932623
806280
4086669
9221
15445
7160
6560
1817
7
199287
7
121301
234492
151787
117961
256663
151787
117961
182446
35316
254243
86908
94411
91055
86908
86998
86908
25136
3552333
16871752
39413
25714
22283
22281
22283
59207
3501217
16863736
102047
143984
47098
17688
113257
12740
9180
11324
7575
107057
200396
93606
156454
136588
1180913
1541261
106471
117601
71062
12792289
965021
1156314
410825
117692
1078307
1158274
448916
1196772
93332
102564
97930
51116
9167967
7646521
86908
58113
86908
86908
26933
78886
60270
382580
12624816
70775
33657
56332
13776
33480
61252
9206
35644
27701
235422
9125751
7624083
100448
1215227
816489
86908
86908
86908
100978
400148
259798
3901720
310452
17315101
86908
86908
86908
68111
1146
154756
86908
86908
86908
86908
80317
24316
86908
86908
3885490
16903499
36248
28172
362307
823227
1152157
1156324
689649
189613
1153253
38646
55617
16404
4629
43183
110132
46741
85512
12854
3777
2368
2953
2365
328205
61289
612640
771323
1168123
86908
86908
115162
1933
86908
89689
668241
6423090
304361
3796780
2946978
86908
87027
86939
35436238
118210147
682274
2065349
14187623
524958
2478893
3567166
1183047
1109876
2769713
15038420
4134586
91773863
311428
1223445
946343
10260501
8390301
310450
226197
325522
95995
26395
252751
327336
90001
1150598
86908
86908
86908
83287
68107
1143
86908
52898
213131
90968
129042
103188
86908
86908
80312
24314
4149481
92526
14128607
644636
273571
500527
75216
1760955
3175990
1143063
86912
86908
10217821
8355400
22494
9548
17468
2630
139285
254834
38296
36245
28169
443063
362306
1002293
3566057
3185164
145425
145378
145425
3100357
9897315
3100357
10858558
9897315
272457
272457
272457
272407
272457
86937
86908
86908
89803
88130
2672616
86908
86908
86908
86908
86908
1395707
24136
2066456
10023644
22283
22283
33361
22388
22280
168755
22281
22280
22280
22280
59215
60136
4176632
20637772
522334
522562
528378
752071
246889
221781
64981
224262
583907
1740096
26737
26737
1648563
14466
21848
15414
8540
8160
144754
97552
153727
28017648
103450
100448
89225
124497
115122
12876630
1162171
1162187
1162572
1174978
103670
96672
103398
8121286
240
54316
7798
7621825
7621825
1350938
1351521
1366386
1943685
1166305
1163900
595261
1164139
1485478
1012438
851596
234135
867975
1169012
89160
88279
89090
94807
91885
3732462
219
41208
7660
5447494
4557087
5447494
86908
86908
37901
892061
37572
32166
74044
57545
22283
409984
6143188
58286
44509
292005
216
292005
7468
15398493
10739488
227276
9874477
98883
177381
109569
18254
30333
5612550
24738
45256
27550
6272
7381
26325
23380
22283
22281
147973
216
176401
7468
11111698
8942227
322272
259693
92836
947974
630237
314403489
86908
86908
62742
86908
86908
2492147
17796032
62362975
58709921
118170
99265
93310
315804
201480
103268970
2294911
208568
10318934
86908
86908
77233
86908
86908
1521902
6737126
23426973
22559590
48630
882
110492
86908
86908
86908
86908
86908
15941640
74513
63791
86908
86908
34550
1505389
399419
1398538
1338538
86908
86908
86908
86908
5683053
4629916
20170388
86908
68483
50203
42978
1199134
331232
1110030
1110029
1044247
1548672
2255401
2256387
2281497
3253266
1166442
1163993
997300
1164237
2488769
146934
146999
148635
211542
69607
62390
17159
63080
165568
90443350
344607
344607
83573573
146248
267570
162866
40213
19157
3582023
9803
9803
3272611
4163
7613
4635
2367
2365
100348598
1142699
86908
1521902
331232
180305
216
1110029
176439109
7467
1110029
571230
575247
677587
1154877
86908
86908
86908
3248755
9146729
126
1124508
1253324
29404610
4680260127
126
82223
1486
82223
86977
86908
87048
9189168
24187801
930105
1115512
78102182
12318310070
4468595
446456
5114095
1162428942
1482170
1288863
204121
3034340
2344763
534194554
86908
86908
62739
86911
86908
4221896
24187801
240171
902658
85644892
78102182
7295664844
24233223
24137944
27433910
105041596
1600619
462362
1645778
376244261
545
10855
8344864
352673
8344864
13098674
13104397
13250232
18858911
6190419
5561308
1528968
5623198
14642655
11375175
10243653
2845384
11650635
81497512
541567
463814
212497
983482
765232
172194892
327
9467
6035013
4935000
208566
6035013
930554
930960
941320
1155769
439782
395083
108627
399482
1040248
269968
244127
64790
287557
1144716
86908
86908
77231
86908
86908
1536377
9146729
47
639692
1110292
32527564
29404610
2764206620
75
59465
48625
880
59465
86908
86908
75164
2341308
525160
730324
239653
1759924
279740039
167211
177899
87156
57896993
87131
86908
111026
91165
86908
26595833
74511
63788
86908
86908
34548
1521902
525160
345154
61884
1893079
1759924
165433195
764649112
4889850
87538
21003489
216
17550
16835525
92314684
1164458
85283349
941175
1159486
1048121
112118
258764
695782490
2075153
3787012
2307976
6270
1142699
86908
86908
86908
86908
9639509
216
17550
12175466
9956221
3581967
79353
3272524
33682
61619
37507
2377
9266
52599984
536065
980784
596978
25
56846
86908
68478
50200
42977
1199131
331232
180307
180307
216
604732
1110029
1110030
1110029
111552537
7468
1110030
1110030
97266
228478
182282
97174
125634
109454
25134
3552333
16871752
39412
25713
22281
22280
22281
59206
3501217
16863736
102045
143983
47095
17684
113256
12735
9177
11321
7572
326618
1476162
194380
930308
678429
1901307
2922868
320703
440487
34416196
3970700
71061
12792289
965020
1279584
410824
117690
1078306
1305251
448915
2269450
191584
285654
240157
1311649
18088895
126796
51116
9167967
7646521
102757
58109
93630
91254
26932
78883
60268
135262
382579
12624816
70774
33654
56331
13774
33477
61248
9205
35643
27700
7672
8136
69589
235420
9125751
7624083
532408
7852215
5184336
86908
88346
87479
544338
2531351
1667907
3901720
310451
17315101
86908
86908
86908
68108
1144
154752
276555
179334
87281
86908
80315
24315
95875
87868
3885490
16903499
36247
28171
362306
823226
1237968
1336868
689647
189609
1248988
38643
55612
16401
4626
43182
110129
46737
85510
12852
3774
2365
2951
2364
328204
61287
612639
771319
1927304
96543
123758
115162
25078993
1932
1635255
96892
348028
4814061
47230614
2212494
27931322
21706718
88003
209433
166880
66146910
224050458
4916746
15232208
14187623
2678418574
524957
245983181
4700695
6764821
1994879
1109875
5252521
28071406
7717808
173963149
2259687
9008049
7000570
10260501
8390301
9649429
1265826178
310449
1201931
226195
325519
95992
26392
252749
327332
89999
1496448
87761
94993
90394
83286
68106
80172
11852384
1142
4459
86908
52897
1498766
453686
886343
688818
208509
86908
80311
24313
7745612
498804
14128607
644635
273570
500524
75214
3287080
6014051
1277518
300028
229245
12629
27560
6677209
10217821
8355400
22491
9545
17464
2628
139284
254833
38295
36244
28168
46
101
289535
443062
362305
57320
36296
57186
1582694
3566057
3567122
61919
60325
60325
252886
145424
145424
145377
145424
145424
60266
53129
60266
60266
53129
60266
4818694
10860511
4818694
10858558
10860511
272456
272456
203084
272456
98185
98185
98185
98185
98185
98185
272456
272456
203084
272406
272456
116906
112153
91390
187275
148029
2843174
92408
91162
91404
111951
100471
1395705
24135
2066454
10023644
22281
22281
33360
22387
22279
168752
22280
22279
22279
22279
59214
60135
4176632
20637772
522333
522562
528377
752070
246885
221779
64977
224261
583906
26734
26734
40603
14463
21844
15412
8538
8158
38467
780220
226122
891177
29806260
63732
4709304
4256759
287769
258210
148271
527026
409576
13698659
37694
4709304
4256759
1342782
1342949
1346823
1616219
287817
220584
291235
8639739
11187745
545
19328738
2147142
45052805
54315
7796
7621825
7621825
17785
1377290
1239216
2520019
2521120
2549177
3628172
1382996
1358180
595260
1360623
2817080
1012438
851596
234134
867973
1411869
151167
141193
145918
207726
178077
3970737
375285
327
959946
9686453
66773
10781817
41207
7657
5447494
4557087
5447494
10518
1377290
1239216
93125
94518
37900
892059
869
156430
37571
32164
74041
57543
22281
409982
514
156430
58283
143344
44508
292002
102515
102515
48714
30712
216
102515
102515
247752
292002
7467
15398493
441
71614
102515
227273
250594
98878
177379
109565
18251
30330
230410
24735
45254
27546
6271
7380
130962
26323
23378
22282
22280
147970
102515
102515
48714
6220
216
12913
38537
45637
102515
7285
7284
49850
60794
176397
7467
11111698
8942227
441
71614
102515
392484
36293
283237
135551
12444
97551
2185516
1744901
357929
6286524
4138972
330665213
86908
86908
62741
86972
86911
2623611
19497275
62362975
62383230
797478
629742
372784
2038433
1347242
107219047
2294910
208567
10318934
86908
86908
77232
86908
86908
1523416
7365287
23426973
23434619
48628
881
110489
90225
87357
254553
161397
86908
16917517
591511
205691
426866
74512
63790
86908
86908
34549
1505388
3330252
417459
255951
1398537
1398996
1398996
90469
86908
86908
86908
5991191
4629916
20170388
205250
148120
148120
86908
68482
50202
42977
1199133
2108921
331232
203084
1110029
1110029
1044245
1548671
1110029
4222040
4223884
4270891
6078637
2005558
1792530
997297
1821756
4719735
146931
146994
148630
211541
69603
62385
17155
63078
165564
291711
53126
291711
291711
53126
291711
344604
344604
1240840
146244
267566
162862
40210
19155
1238749
9800
9800
83582
101225
18214
101225
4161
7611
4633
2366
2364
76362
101225
18214
101225
1217597
1142697
86906
1521901
331230
2501
203081
180302
40218
6217
213
572626
7465
188618
1110028
438
38768
2609129
571228
575244
677584
1823897
97865
89420
98609
3414507
13004148
767818
122
10964199
122
2176906
1292550
1392262
82220
32648242
1485
1353994
82220
32533413
746
142166
84892
212841
89387
246942
9541516
36608557
930103
1237778
85660290
2739
445434
226989
32388540
3228764
37501363
1202559167
631274
84971573
48188769
10912000
9341731
1483908
22189161
17235251
552684161
373324
84971573
48188769
95664
91700
62737
151873
122464
4385185
36608557
240168
902655
50657930
85644892
85660290
1619
445434
226989
45234848
45521707
51574540
196075469
11749920
3359479
12134925
389932908
120549536
3603
10854
8344864
2349227242
352672
180958631
8344864
176095
26104780
14434924
24840337
24851190
25127751
35763615
11739594
10546340
2899556
10663707
27768526
21378083
19318488
5311326
21887188
152242072
3958657
3388995
1543983
7176373
5577090
179209263
3671539
1414
9466
6035013
4935000
4574618
1110249671
562205609
208565
601095
6035013
104139
26104780
14434924
930552
930958
941318
1276287
439780
395079
108623
399477
1040245
269965
244123
64787
287554
1421152
86998
86940
77229
87944
87258
1706591
13004148
21420
45
3362669
72
30011
639687
1182601
59463
48624
41644
15429627
19307573
7813218
879
2233
59463
19239665
32527564
32533413
485
142166
84892
86908
86908
75163
2479912
2545547
565586
347096
730323
239652
1893418
441
66946
1102187
1237505
374600
61525419
8571
4677141
371337
317900
731838
568745
172162
28276467
5068
4677141
426861
243205
426861
426861
243205
426861
74510
63787
86908
86908
34546
1521902
2545547
565586
347096
345153
61883
1119733
1893078
1893418
441
66946
10229929
9229603
414064
21788692
7469745
5361965
1579079
320881
1295
34553
16835525
2662
1533511
34863638
1450994
1364236
1430751
941173
1314483
1048119
112117
258761
9346191
3916856
7166291
4361929
6268
1281761
244870
190299
139502
119569
10013865
7469745
5361965
1579079
11839
460
20434
2120160
5963474
7494629
7387
16312
7956504
12175466
9956221
4028995
16835525
1574
1533511
34863638
83581
79350
148117
148117
148117
76360
33678
61614
37504
2374
9264
148117
148117
148117
1217600
536064
980782
596977
24
56845
86908
68477
50199
42976
1199130
1521902
331232
2504
2504
203084
180305
180305
40221
310
216
393429
572629
7467
60
125970
150787
904600
1110029
32
604731
66
1110029
1110029
1110029
544806
1110029
1110029
441
38771
2609129
155697
290565
244369
153998
187721
171541
25134
8079828
39322087
39412
25713
22281
22280
22281
59206
8046218
39158520
102045
143983
47095
17684
113256
12735
9177
11321
7572
388705
1719389
256467
1083595
790214
2061189
3168653
382790
513066
71061
29380263
965020
1388770
410824
117690
1078306
1425719
448915
2460288
253671
347741
302244
51116
21247831
17374950
164844
58109
123564
96029
26932
78883
60268
382579
29258051
70774
33654
56331
13774
33477
61248
9205
35643
27700
235420
21159447
17302676
797391
11906391
7681843
98330
150433
149566
8079828
310451
811305
3838852
2473371
39322087
68108
1144
100186
148995
148995
154752
435313
280318
149368
103341
80315
24315
8046218
157962
149955
39158520
362306
36247
28171
823226
1358436
1457336
689647
189609
1369456
38643
55612
16401
4626
43182
110129
46737
85510
12852
3774
2365
2951
2364
328204
61287
612639
771319
2089371
158630
185845
115162
1932
158979
421746
5607271
55012780
2577045
32533552
25283323
98323
271520
228967
71709226
242890936
5726876
17742011
29380263
524957
5095978
7333678
2162630
1109875
5694207
30431940
8366801
188591769
2632015
10492301
8154051
21247831
17374950
310449
226195
325519
95992
26392
252749
327332
89999
1622285
100181
157080
152481
83286
68106
1142
148995
52897
2001041
605727
1183379
919658
285787
103340
80311
24313
8396943
670600
29258051
644635
273570
500524
75214
3563492
6519775
1397986
398697
313437
21159447
17302676
22491
9545
17464
2628
139284
254833
38295
36244
28168
443062
362305
7384726
7386931
145377
145424
22490354
22486311
22490354
153652
272456
153652
61256
90868
272406
272456
57260
153652
178993
174240
95389
249362
210116
4549304
126644
101769
95590
174038
162558
1395705
24135
4752387
23128433
22281
22281
33360
22387
22279
168752
22280
22279
22279
22279
59214
60135
9587804
46660950
522333
522562
528377
752070
246885
221779
64977
224261
583906
3346325
26734
26734
3170300
14463
21844
15412
8538
8158
908777
288209
1038016
47692384
349856
320297
210358
613863
477061
21918942
1463250
1463417
1467291
1752128
349904
282671
353322
13824269
54315
17879
17280859
17280859
2731929
2733122
2763538
3933266
1503464
1478648
595260
1481091
3053970
1012438
851596
234134
867973
1532337
213254
203280
208005
269813
240164
6353495
41207
12647
17740
12497532
10219584
12497532
111510
125200
37900
892059
37571
32164
74041
57543
22281
409982
11813772
58283
44508
292002
292002
17550
34863638
20652773
227273
18989298
98878
177379
109565
18251
30330
10793320
24735
45254
27546
6271
7380
26323
23378
22282
22280
147970
176397
17550
17550
25213412
20617718
3189930
2464432
534251
9660861
6215840
529090597
136287672
136335792
148995
148995
62741
149059
148998
4197986
4752386
208567
1150970
894335
556363
3130533
2010160
171558989
23128433
51761476
51779752
48628
881
148995
148995
77232
148995
148995
1635720
110489
152312
149444
413820
264667
148995
27069371
3129347
3130451
74512
63790
146844
114122
34549
1505388
9587804
152556
148995
148995
148995
9586382
46660950
2073679
2074251
1044245
88117
68482
50202
42977
1199133
3505972
4577072
4579072
4630031
6589792
2174206
1943265
997297
1974948
5116620
146931
146994
148630
211541
69603
62385
17155
63078
165564
190990942
344604
344604
174675668
146244
267566
162862
40210
19155
6888476
9800
9800
6293455
4161
7611
4633
2366
2364
213032293
1263166
26
7453
160832
1345870
2609129
414721054
17548
148992
2609129
571228
575244
677584
1977269
88
7900
173346
2477354
2876745
67371414
10708686255
122
159952
151507
160696
5463483
82220
1485
82220
930103
1909969
177388547
28195909545
274928
136501
310659
15267183
38075502
3781863
44116510
1924190156
12827990
10982005
1738106
26089698
20275506
884338544
240168
902655
177356658
177388547
16674545492
157751
153787
62737
213960
184551
7016644
49038662
49349643
55911461
212563521
20937
13853682
3941184
14310621
623923615
17280859
352672
17280859
26929169
26940935
27240752
38770989
12726781
11433186
3143381
11560422
30103591
23175773
20942987
5757957
23727689
165044159
12644
19549
4667434
3995776
1811329
8463040
6577018
286749051
12497532
10219584
208565
12497532
930552
930958
941318
1339751
439780
395079
108623
399477
1040245
269965
244123
64787
287554
1541620
28
7464
164252
639687
1359559
67359303
67371414
6332921299
45
72
149085
149027
77229
150031
149345
2510963
59463
48624
879
59463
1346019
730323
239652
4073078
647415748
148995
148995
75163
3968056
1608747
1806256
546765
98445556
542001
464006
1068187
830137
251397
45244592
816765
1345872
549356
1346019
345153
61883
4072345
4073078
382869969
74510
63787
146841
114118
34546
1823681
1607772979
10005724
66434
605576
34863638
191323514
1484704
174979514
941173
1434951
1048119
112117
258761
1468881397
4246226
7768907
4728725
6268
1402229
24176
39630
358127
278410
206225
181656
25213412
20617718
16022979
6888369
79350
6293288
33678
61614
37504
2374
9264
101344997
536064
980782
596977
24
56845
8
3427
116316
472309
795925
285140
1345872
604731
1233080
2608660
2609129
245258578
6246
10380
88114
68477
50199
42976
1886925
1542992
1199130
544806
155694
1459492
998344
153997
455346
298568
25133
8079828
39322087
39409
25710
22278
22278
22278
59203
8046218
39158520
29091
309430
207101
28360
97683
62586
6584
416421
946184
22278
22278
22278
22278
34344
34344
22278
22278
22278
22278
34344
31412
31412
1145139
2917739
102042
143980
47093
17680
113254
12732
9175
11318
7569
20558
26715
12543
8319
22267
7714
7384
7563
2662
2405594
11356996
1105586
7157418
5219561
71270353
8222675
3847510
5914753
2347718
3388934
71058
29380263
965019
1388769
410821
117688
1078305
2027188
37459164
126794
1632805
448915
4592488
1078987
2004153
1557520
51112
21247831
17374950
208940
58109
123563
96026
26929
135262
78883
60267
382578
29258051
70772
33651
56329
13771
7669
8132
69589
33476
61248
9203
35641
27698
235419
21159447
17302676
389789
2127425
1757455
1578327
179143
1258120
977743
1757455
933394
1650719
180073
149573
251398
365808
577669
497237
442302
11130
704145
145879
207039
65706
22848
162243
45658
817209
9082
63475
18422
195197
168121
341622
265490
497237
264876
6583
509239
416419
45053
22278
61662
22278
34344
69916
26643
22278
22278
36759
61662
22278
34344
42161
7282
7282
22278
29944
22278
22278
34344
31412
2171368
16149
10412
13895
7803
265
617
7282
7282
7282
7282
22278
22278
29944
29944
22278
22278
34344
31412
31412
1570337
1284110
10184105
167812669
99915960
98326
1644536
1278044
8079828
310451
10401334
54120776
32223606
39322087
68107
1142
100183
533453
414571
154751
6104038
3634355
1581342
103340
80314
24314
8046218
2174328
1601449
39158520
362305
36245
28170
823225
1945113
41429924
24667450
19589
480278
373247
416419
6584
1996663
13656533
8131124
946181
1763
29
20555
165467
128592
4006
846797
387495
1763673
2885351
1717943
869198
37559
8583
169493
165122
128324
38846
1891555
1145137
839899
1145137
1284107
997939
2917736
123418
79890
62086
79890
79890
62086
181520
1625068
2338653
689646
189607
1815839
38642
55610
16399
4623
43178
110127
46735
85508
12849
3768
2361
2945
2361
237621
341963
100841
27724
265515
5577
8019
2751
2361
6226
17393
7381
13505
2656
2361
2060
2361
568
328202
61284
612638
771315
3900117
217972
902043
115161
51934522
1929
3386348
213932
2780835
37037428
363373133
17022031
214892228
167002656
98321
1644535
1278044
133855735
453391379
37827446
117190413
29380263
5546569776
524952
509391209
9512388
13689380
4036864
1109874
10629068
56805657
15617856
352034059
17385115
69304268
53859541
21247831
17374950
19982401
2621320391
310447
1201929
226194
325519
95992
26391
252748
327330
89994
3028231
100178
533452
414570
83284
68104
80170
24544362
1140
4457
174739
52894
13217378
4000982
7816515
6074574
1838811
103337
80308
24309
15674119
4429484
29258051
644635
273570
500524
75213
6651778
12170112
1828805
2619516
2035746
12627
27558
13827415
21159447
17302676
22488
9543
17461
2623
139282
254831
38293
36242
28165
43
98
289533
443060
362302
74009
33873
44717
279789
371098
2979
3701812
46
131198
230376
112717
42615
812124
35693168
19096109
7073964
89710279
35693168
11293090
3251123
53053019
41229946
230376
66658
19585
480275
373244
11253592
5783543
7261440
29571173
35400613
704143
234159107
11127
17146961
1390922
2001690
590279
162288
1554205
11253592
3420281
3081607
847241
3337285
17487851
13590615
27486675
509237
416417
398845
110664080
6580
25220
32620
46944
13843
3806
36449
74009
20031
18977
5217
20551
165462
128588
288138
2154
1761
1916
1749484
27
104
279209
84518
63504
18669
286599
6247795
1891246
1431895
843128
6413155
3694832
2871424
869198
846796
387493
3792622
6413155
165119
128321
38843
37555
8580
169489
286599
2171367
101816
43208
79054
11879
921484
263
1685949
614
1026192
253348
1983787
1570334
1284106
997938
2171367
4849
2057
3764
565
57327
0
104887
1
63841
11094
123416
97694
79887
62084
135086
39222
26293
395
37564
24654
395
57184
36293
57316
40806
4958
56543
7384726
7386931
60321
61912
145375
145421
145421
252884
763775
764016
57064
57125
56986
56986
56986
78966
60261
53128
60261
53128
42399
5153
42399
5153
22490354
22486311
22490354
153649
272453
153649
98179
98179
61253
90865
272404
272453
57258
153649
1556143
1555863
1556143
56983
35575
24551
392
56983
56983
465845
250088
2313
337294
115112
553
60160
60160
56986
56986
35577
24553
395
56986
56986
56986
56986
363074
313827
95388
1059352
670231
4549304
126643
101768
95589
331183
211733
1395704
24133
4752387
23128433
22278
22278
33357
22384
22278
168752
22278
22278
22278
22278
59213
60133
9587804
46660950
14587
142900
44032
74885
58839
22555
227934
142900
14584
47152
22300
27658
23334
22502
72331
47152
4445
245064
556828
14562
22278
22278
22278
22278
23962
22278
22278
22278
34344
34344
14562
22278
22278
22278
22278
22278
22278
22278
22278
34344
31412
31412
1286048
6054757
522331
522559
528375
752068
246885
221777
64976
224258
583904
26730
26730
40598
14459
21840
15407
8534
8155
38463
41390
41406
41807
57234
22388
20737
10061
20827
45799
8182
8182
8152
8152
19676
8182
8182
7415
7754
7453
4665
2698
19497
6002698
1413125
6856357
47692384
3976038
41537862
37546241
2022365
1731340
649458
4054724
3151113
21918942
2382820
41537862
37546241
40026676
4446383
2005024
2006683
2045274
3270602
93297040
109527492
2022011
1360596
2057976
13824269
1156922
12148224
10930366
54313
35533
17280859
17280859
5099544
5101772
5158548
7342015
2410055
2165088
595258
2189183
5700680
959944
20059072
66771
1012438
851595
234133
867972
2692865
22327392
3751807
681234
583202
625316
1237883
945825
6353495
684182
12148224
10930366
41205
12646
21014
12497532
10219584
12497532
111508
125198
37898
892059
81182
1216968
37568
32162
74040
57539
22278
409981
48009
1216968
102514
102514
58282
247750
292001
44505
292001
30702
388867
292001
143344
786760
34863638
227271
250592
98875
177376
109562
18248
30326
230408
12910
38536
45636
102514
7282
7282
49849
24734
45253
27544
6269
7377
60793
22278
26319
23374
22278
22278
147969
29944
388867
176397
130960
279937
465277
25213412
20617718
498959
301110
1212095
1058067
226939
1212095
1203350
1064855
939552
49360
498959
72060
557066
356472
305175
104299
716811
557066
287980
1064855
555634
939552
1109628
111975
90793
90877
93032
163310
2767549
3272686
161746
268804
378454
370871
215846
378454
375705
304783
266994
7513
26154
351710
593955
414386
7513
414386
363336
363493
367478
520868
174540
157405
47225
159035
405535
26011
631994
7856
42909
38566
10603
39481
126801
666963
113782
26635
161746
66954
179001
128613
106969
99200
223810
179001
92537
304783
157895
266994
4443
6260
161642
437483
299684
245061
2674
4443
299684
63774
14562
53692
47821
53692
22278
74078
22278
34344
84963
58737
40819
38031
5409
63774
14562
24676
22278
22278
31752
24676
22278
22278
43808
74078
22278
34344
50245
42478
38031
38031
7279
7279
7279
7279
7279
18774
22275
25776
14559
22275
22275
29942
22275
18774
22275
34342
31408
38029
4523930
30445
30445
30445
41939
30445
30445
14789
24109
16100
7883
8313
39423
7282
7282
7282
7282
7282
169
381
7282
7282
7282
7282
7282
7282
7282
225
7282
18776
1689
1689
25779
14562
22278
22278
22278
22278
22278
22278
29944
29944
22278
18776
22278
34344
31412
31412
31412
38031
38031
38031
1609648
3271711
2675370
283233
36288
392480
97546
12440
135545
40802
4954
56539
19446
2361
26947
36289842
26194271
6868741
134574355
80125809
529090597
136287672
136335792
610151
522348
62738
1250036
971462
4197986
4752386
208566
13203974
9530724
7158104
43653559
25991406
171558989
23128433
51761476
51779752
48627
879
237879
203647
77230
433248
336699
1635717
110487
1629600
1176257
5855912
3486620
1569004
27069371
426862
591509
3129347
3130451
74511
63789
146843
114120
34548
1505386
3130451
5644122
9587804
2166185
1591089
1055752
844972
9586382
46660950
148116
205246
2073677
2074250
1044242
88116
68481
50201
42976
1199132
3505972
2074250
3615507
3437356
1197478
8853231
6390326
1616021
33042462
19673540
239186
79426
16045974
16051640
290614
248793
23687
601466
467428
1153666
245062
4444
3338763
2409943
1633997
11085207
6600152
556828
145241
11398287
11402312
4159
68
211720
181253
48498
390449
303437
9450
524940
334858
1128909
417681
2866862
1305191
989728
4690158
2792528
1412888
62674
86848
290733
85115
111788
22179
816130
1379789
1380036
396596
339524
792748
616082
137353
1380036
1912335
2911361
1286046
920504
339423
1286046
2173450
1569901
1017033
803868
6054757
30001
41572
1697895
1025445
750414
290731
1877799
1878174
1025445
1912849
1399811
922239
733508
4676918
1878174
3503518
8543774
8547507
8642629
12300809
4058473
3627388
997295
3686530
9550918
146928
146992
148628
211538
69600
62380
17150
63074
165561
291707
53123
291707
53123
344601
344601
2335993
146242
267564
162859
40207
19153
2134192
101218
9795
18209
9795
83578
101218
4156
7605
4629
2361
18209
2361
76358
609227
609493
616276
877129
287922
258656
71113
261535
681043
12388
12394
12532
17836
5854
5259
2361
5318
13849
42393
5147
42393
5147
39951
39951
288192
16954
31020
19696
4661
2695
263295
288192
19442
2359
2359
29997
19444
2361
2361
2361
2361
2361
171
27406
29997
38150530
571225
575241
677582
3690861
948
119
706050
168031
732597
16090960
60408
64837
739041
2477352
2876745
1701165
807892
5463483
82218
67609206
1483
2765529
82218
67371414
1811014
136499
2113751
198909
930099
1909966
5027591
2504813
15267183
177388547
251498189
24980152
291400556
43840871
794964862
445856137
1924190156
84732076
72538883
11480628
172328962
133924780
25926689
794964862
445856137
884338544
610147
522345
62733
1250034
971459
117631
240163
902654
5027591
2504813
7016644
104904344
177356658
177388547
91537819
92118311
104366902
396780833
35532
91507027
26032507
94525226
13142394
245510404
134262355
623923615
17280859
4864868002
352669
374735930
17280859
50267224
50289187
50848840
72371710
23756394
21341710
5867580
21579216
56192747
43260963
39093141
10748067
44291195
308079010
12642
21013
30829567
26393103
11964280
55900491
43442848
7772172
245510404
134262355
286749051
12497532
10219584
9473292
2299146717
35974527
1164236489
208562
601093
12497532
930551
930958
941318
1339751
439780
395079
108621
399476
1040245
11700591
269962
244120
64785
287552
2865755
227
42
70
237874
203644
77225
433244
336694
30008
35724
29798
534475
639685
1359555
1701165
807892
2510962
59460
48622
41642
31952251
39982848
166658
16179905
877
2229
59460
39842222
67359303
67371414
221148
248299
75161
32838
2295522
3968056
730321
239650
4073078
11293562
12680098
3838344
2635752
98445556
101051093
3804906
3257368
7498778
5827646
1764064
1558735
45244592
101051093
426861
426861
74506
63785
146839
114115
34543
19420
816763
1357529
549353
2295522
1823678
345151
61880
2408743
4072345
4073078
19672857
18677144
786756
4322057
836848
34863638
2335993
2217760
2134192
941172
1721971
1048118
112115
258761
17973367
7926200
14501799
8826857
6266
2179189
279933
465273
2555986
1986374
1456141
1246598
494896
4390508
12349387
15520160
7386
16309
16476627
25213412
20617718
16022979
69009
8343395
34863638
83578
79348
148115
76358
33673
61609
37500
2371
9258
148115
393425
666405
1229688
536062
980780
596974
21
56843
6
6243
10377
88111
68475
50196
42973
58
125967
11097
3425
3976
22193
116313
472306
795922
285138
1345870
150784
904597
1161499
29
604729
62
1233079
1886924
1542991
1199129
307
544803
2608659
2609129
54621
34999
99905
862573
283062
11439
133243
51534
1017044
999439
331875
20885030
5923766
61355233
25636031
12556588
4764201
71548489
70584183
24589546
311390
5923766
20671148
17696509
25636031
7425736
12556588
2189579
42312468
32882969
16891862
5884650
1387
54621
9037
47215
290608
248789
283062
4359
78797
133243
23684
601461
467423
239181
79422
12351024
20881275
20885030
1901510
26151
5113862
23138514
8145718
4037000
5147093
24003352
5993859
29860043
23689893
414384
236251351
7510
13010190
414384
3566132
3567690
3607394
5134302
1685361
1514055
416266
1530905
3986509
91847
1901510
6258
2416822
7795580
6673773
8145718
2387408
4037000
2184321
600546
2365552
14195143
11031700
2543672
2754717
23184720
17132551
5669349
299683
245059
199719
111652879
993102
56538521
2672
4441
10670
299683
93933
93974
95020
135239
44393
39880
10964
40324
105006
347
32766
91
70506
152978
49506
211716
181250
174642
27546
47269
79931
44780
7189
48495
390445
303433
53064
57466
679927
469136
145238
117226
5084
4157
3028
4220779
1200
7026999
8804540
4361
3008665
39
65
74
5084
8773573
14833053
14835720
9045319
10155833
6508114
4522776
3538007
3074234
2306932
908804
257254
10424626
3047452
2608915
6005974
4667519
2430444
4706673
2078622
846698
1412887
1364277
417677
61565
6164933
5406
10424626
62670
62670
396593
339522
792746
616079
301160
581417
235275
85113
137351
89334
111786
12459
18389
22176
1958
491026
816127
32
309696
1379786
1380035
288192
122302
223765
136200
8261
33625
263295
288192
494305
1602465
2013906
1919864
166
3512588
378
2138018
1609647
222
398767
4133118
3271710
2675369
2079152
1524154
1304823
1686
1686
1082644
58757
4523930
12730
23291
14176
169
3499
27405
29997
