0.000171336
0.000243002
0.000174886
0.000200286
0.000178639
0.000161526
0.000225669
0.000196308
0.000215834
0.000160419
0.000155809
0.000146214
0.000137872
0.000184289
0.000226682
0.000200378
0.000170950
0.000274734
0.000209303
0.000189339
0.000371846
0.000189148
0.000167991
0.000212543
0.000170752
0.000150631
0.000193522
0.000184453
0.000232900
0.000224250
0.000171976
0.000230761
0.000244684
0.000184349
0.000199702
0.000160296
0.000145442
0.000144111
0.000194306
0.000161359
0.000147620
0.000147251
0.000244383
0.000211440
0.000241142
0.000168055
0.000201691
0.000168982
0.000156809
0.000145988
0.000146600
0.000274682
0.000205789
0.000171929
0.000344391
0.000257758
0.000220877
0.000177470
0.000155353
0.000193271
0.000354576
0.000186433
0.000221369
0.000232825
0.000287346
0.000244661
0.000183460
0.000303811
0.000202524
0.000241624
0.000287951
0.000173648
0.000158859
0.000338936
0.000173819
0.000170013
0.000159994
0.000158572
0.000146944
0.000191302
0.000233408
0.000159240
0.000303862
0.000285122
0.000228975
0.000297349
0.000190920
0.000182452
0.000165312
0.000217953
0.000266365
0.000206757
0.000222285
0.000199101
0.000297151
0.000284324
0.000170579
0.000174541
0.000247542
0.000222030
0.000156194
0.000156880
0.000295013
0.000171386
0.000243113
0.000295602
0.000171624
0.000154795
0.000142583
0.000219000
0.000198900
0.000220815
0.000199534
0.000160868
0.000145989
0.000192769
0.000180047
0.000164632
0.000154300
0.000220155
0.000268713
0.000239497
0.000213831
0.000230703
0.000201439
0.000290201
0.000209388
0.000167267
0.000211122
0.000186053
0.000187309
0.000191077
0.000179846
0.000184620
0.000179970
0.000160126
0.000194872
0.000163955
0.000299701
0.000246960
0.000366214
0.000164768
0.000202041
0.000229642
0.000298620
0.000180545
0.000212700
0.000170615
0.000148991
0.000200473
0.000186437
0.000216077
0.000157577
0.000236156
0.000227971
0.000153754
0.000288541
0.000292202
0.000181493
0.000168380
0.000234976
0.000159411
0.000203537
0.000176236
0.000211853
0.000156311
0.000158961
0.000287242
0.000207506
0.000189985
0.000322083
0.000207261
0.000167095
0.000167295
0.000195501
0.000165851
0.000167821
0.000155746
0.000147023
0.000206494
0.000200508
0.000273142
0.000177038
0.000194667
0.000160752
0.000272765
0.000181094
0.000203304
0.000186592
0.000158947
0.000147643
0.000230543
0.000221023
0.000162616
0.000322041
0.000196856
0.000266355
0.000198306
0.000271723
0.000184183
0.000222187
0.000216831
0.000155763
0.000206747
0.000157371
0.000150863
0.000236556
0.000201254
0.000238351
0.000186027
0.000185008
0.000222638
0.000190979
0.000178578
0.000157773
0.000225603
0.000197599
0.000185167
0.000156013
0.000193599
0.000165111
0.000149936
0.000140551
0.000194693
0.000183232
0.000355488
0.000191867
0.000339612
0.000170733
0.000172074
0.000166558
0.000190170
0.000186367
0.000145160
0.000149598
0.000148391
0.000192110
0.000181965
0.000177518
0.000233517
0.000215620
0.000164625
0.000207610
0.000270491
0.000177552
0.000225030
0.000170238
0.000243953
0.000186753
0.000253771
0.000312542
0.000215312
0.000247120
0.000202029
0.000188478
0.000191270
0.000227912
0.000164952
0.000338662
0.000180361
0.000159886
0.000176747
0.000331526
0.000246427
0.000353245
0.000246015
0.000213795
0.000179351
0.000154928
0.000276106
0.000233428
0.000184637
0.000249471
0.000218630
0.000162296
0.000173462
0.000298922
0.000213007
0.000310424
0.000194126
0.000162190
0.000164013
0.000326307
0.000288352
0.000243595
0.000178043
0.000328743
0.000215376
0.000209712
0.000194224
0.000163066
0.000153551
0.000152364
0.000200074
0.000195160
0.000228280
0.000188660
0.000165411
0.000159572
0.000148738
0.000143609
0.000198172
0.000151684
0.000198786
0.000185111
0.000157631
0.000231948
0.000227657
0.000223865
0.000365584
0.000245499
0.000176394
0.000163890
0.000148228
0.000147121
0.000152204
0.000142224
0.000142943
0.000152250
0.000227056
0.000155483
0.000204019
0.000179296
0.000248974
0.000174886
0.000205695
0.000183570
0.000223301
0.000296781
0.000191778
0.000210353
0.000198984
0.000233060
0.000283938
0.000203307
0.000166162
0.000155214
0.000196026
0.000268205
0.000161365
0.000307056
0.000238516
0.000380394
0.000218888
0.000188446
0.000232666
0.000183808
0.000156181
0.000150468
0.000191672
0.000248981
0.000159675
0.000144194
0.000323157
0.000206918
0.000202136
0.000167176
0.000153097
0.000236660
0.000204736
0.000228597
0.000218356
0.000225093
0.000194913
0.000199494
0.000229327
0.000282791
0.000216741
0.000172029
0.000245499
0.000160057
0.000189405
0.000154304
0.000146774
0.000203881
0.000148878
0.000193447
0.000185657
0.000180429
0.000191540
0.000225414
0.000252874
0.000174121
0.000167438
0.000290062
0.000175743
0.000220010
0.000235891
0.000179749
0.000256412
0.000224656
0.000170165
0.000223475
0.000277660
0.000216523
0.000170256
0.000190102
0.000194435
0.000303267
0.000244053
0.000174189
0.000165237
0.000311410
0.000317868
0.000312332
0.000264548
0.000226635
0.000294795
0.000295241
0.000230937
0.000242485
0.000163236
0.000216790
0.000167328
0.000211115
0.000152764
0.000185623
0.000154413
0.000192388
0.000154832
0.000337240
0.000234611
0.000315642
0.000190161
0.000348952
0.000189975
0.000244103
0.000211711
0.000164741
0.000230849
0.000192048
0.000184858
0.000164835
0.000199462
0.000162016
0.000311912
0.000182862
0.000227670
0.000208191
0.000160707
0.000151750
0.000186939
0.000159527
0.000197839
0.000152721
0.000225541
0.000186067
0.000165663
0.000329686
0.000248361
0.000169786
0.000178468
0.000192431
0.000184651
0.000301007
0.000183089
0.000161077
0.000165020
0.000230411
0.000156217
0.000149448
0.000206379
0.000154589
0.000231887
0.000162293
0.000221920
0.000167315
0.000304047
0.000168353
0.000194569
0.000283365
0.000259764
0.000226456
0.000154901
0.000161505
0.000151555
0.000145229
0.000196940
0.000152571
0.000150865
0.000202982
0.000158963
0.000283435
0.000394656
0.000209748
0.000306631
0.000172395
0.000161095
0.000293950
0.000259554
0.000246043
0.000168777
0.000297926
0.000188734
0.000215779
0.000151249
0.000147141
0.000152554
0.000152988
0.000263842
0.000162158
0.000150639
0.000227069
0.000237090
0.000165045
0.000153247
0.000234577
0.000201803
0.000198333
0.000181673
0.000323263
0.000250512
0.000266311
0.000264614
0.000285134
0.000293273
0.000189836
0.000205533
0.000296751
0.000184865
0.000167189
0.000208517
0.000157894
0.000150988
0.000150641
0.000145428
0.000258420
0.000161548
0.000158078
0.000156885
0.000207231
0.000160617
0.000148709
0.000235590
0.000233107
0.000166708
0.000200756
0.000161473
0.000342317
0.000325245
0.000164904
0.000198674
0.000331649
0.000179060
0.000205288
0.000343061
0.000178655
0.000295107
0.000225614
0.000199361
0.000240392
0.000163841
0.000146661
0.000143547
0.000149382
0.000306046
0.000247718
0.000203325
0.000170455
0.000153811
0.000148301
0.000150727
0.000141311
0.000140187
0.000139885
0.000234137
0.000170189
0.000153683
0.000144384
0.000302186
0.000185662
0.000171922
0.000300764
0.000175964
0.000220726
0.000217567
0.000187804
0.000154041
0.000272370
0.000178260
0.000305270
0.000219122
0.000179121
0.000168799
0.000158650
0.000153227
0.000193042
0.000189327
0.000157037
0.000202878
0.000191712
0.000158424
0.000227699
0.000281936
0.000170783
0.000161038
0.000198315
0.000179400
0.000243060
0.000169786
0.000160594
0.000239584
0.000338168
0.000167119
0.000176759
0.000152756
0.000154242
0.000202661
0.000149778
0.000192654
0.000182596
0.000187765
0.000160544
0.000301286
0.000198161
0.000193638
0.000174659
0.000148016
0.000146083
0.000212760
0.000191289
0.000282141
0.000166269
0.000154944
0.000152188
0.000213054
0.000193172
0.000215639
0.000224993
0.000222606
0.000176787
0.000154805
0.000148031
0.000309390
0.000221960
0.000206541
0.000166644
0.000148541
0.000140948
0.000146104
0.000148175
0.000146675
0.000136339
0.000185917
0.000174242
0.000276809
0.000174880
0.000145731
0.000147122
0.000142942
0.000192865
0.000243908
0.000170360
0.000156763
0.000312245
0.000182389
0.000175185
0.000161424
0.000149760
0.000139297
0.000198558
0.000177520
0.000164542
0.000143790
0.000274644
0.000170277
0.000228307
0.000207302
0.000181069
0.000211221
0.000222364
0.000182601
0.000330623
0.000204483
0.000203044
0.000215038
0.000232877
0.000159193
0.000219712
0.000178582
0.000173997
0.000209778
0.000185803
0.000149790
0.000150726
0.000156597
0.000199579
0.000218514
0.000150167
0.000148367
0.000201801
0.000197408
0.000322248
0.000212227
0.000272515
0.000310358
0.000206330
0.000175352
0.000175323
0.000231182
0.000266392
0.000161122
0.000209795
0.000194839
0.000170202
0.000150070
0.000229068
0.000163107
0.000161941
0.000158855
0.000196973
0.000180503
0.000160950
0.000158735
0.000195694
0.000223078
0.000157548
0.000143282
0.000195847
0.000209325
0.000157351
0.000221097
0.000155161
0.000191945
0.000164965
0.000156063
0.000196519
0.000152366
0.000148005
0.000191863
0.000329318
0.000169614
0.000185111
0.000163159
0.000217221
0.000166785
0.000153966
0.000152619
0.000219818
0.000193864
0.000228501
0.000163820
0.000146245
0.000210576
0.000191749
0.000231594
0.000192709
0.000158446
0.000198431
0.000187812
0.000286568
0.000168721
0.000233168
0.000205892
0.000237137
0.000174051
0.000236520
0.000165218
0.000238188
0.000193874
0.000176448
0.000193130
0.000155113
0.000198564
0.000158895
0.000156159
0.000148959
0.000185310
0.000181307
0.000300943
0.000185586
0.000196837
0.000172609
0.000240826
0.000215085
0.000161803
0.000149842
0.000224034
0.000176123
0.000243961
0.000164037
0.000189735
0.000156216
0.000244290
0.000194725
0.000157868
0.000270711
0.000255493
0.000327651
0.000186156
0.000225168
0.000184042
0.000167925
0.000353337
0.000177923
0.000259782
0.000258561
0.000226781
0.000188893
0.000198624
0.000171984
0.000256717
0.000170091
0.000206691
0.000231524
0.000203128
0.000187658
0.000157573
0.000153595
0.000279073
0.000164067
0.000229891
0.000226547
0.000165609
0.000280837
0.000177175
0.000204362
0.000256655
0.000233013
0.000347378
0.000237268
0.000169303
0.000279469
0.000200652
0.000225524
0.000166380
0.000199100
0.000161476
0.000156439
0.000195816
0.000287162
0.000340933
0.000228357
0.000183054
0.000210961
0.000157960
0.000341766
0.000190652
0.000181394
0.000169299
0.000196357
0.000282756
0.000203639
0.000184638
0.000161599
0.000147275
0.000153145
0.000145304
0.000151779
0.000146492
0.000221361
0.000153627
0.000155195
0.000192959
0.000185234
0.000185735
0.000295172
0.000187028
0.000167185
0.000234186
0.000211333
0.000312096
0.000183904
0.000241998
0.000233159
0.000220733
0.000274391
0.000236930
0.000309199
0.000327040
0.000252431
0.000212370
0.000362133
0.000190162
0.000218249
0.000174662
0.000196685
0.000161424
0.000227485
0.000224752
0.000209878
0.000208226
0.000336891
0.000208739
0.000263510
0.000199995
0.000177528
0.000153246
0.000255035
0.000192384
0.000219256
0.000235616
0.000162715
0.000243272
0.000219291
0.000338101
0.000350419
0.000226057
0.000195056
0.000188750
0.000302096
0.000214890
0.000179694
0.000167757
0.000197584
0.000186998
0.000177794
0.000287684
0.000251382
0.000290339
0.000178391
0.000165332
0.000154636
0.000196470
0.000165668
0.000339483
0.000186833
0.000167411
0.000170747
0.000158212
0.000274622
0.000173051
0.000161143
0.000406627
0.000227770
0.000179969
0.000296109
0.000178171
0.000201433
0.000165211
0.000194302
0.000228359
0.000192900
0.000169412
0.000165343
0.000149303
0.000143478
0.000392305
0.000188783
0.000171793
0.000174761
0.000206124
0.000183420
0.000161138
0.000148825
0.000212037
0.000154688
0.000195234
0.000183088
0.000273736
0.000161626
0.000198766
0.000306064
0.000191752
0.000226241
0.000216331
0.000181471
0.000161944
0.000197831
0.000224125
0.000170382
0.000206690
0.000188627
0.000190652
0.000159258
0.000228223
0.000221558
0.000307004
0.000203638
0.000172315
0.000217482
0.000233351
0.000229977
0.000166657
0.000198789
0.000163833
0.000225803
0.000226151
0.000160853
0.000194747
0.000157327
0.000202176
0.000183276
0.000178684
0.000164163
0.000186453
0.000239428
0.000372628
0.000212278
0.000219248
0.000299902
0.000214620
0.000355577
0.000200854
0.000324371
0.000169005
0.000326281
0.000204856
0.000311057
0.000169142
0.000167994
0.000195315
0.000169060
0.000144264
0.000145627
0.000203357
0.000293250
0.000182699
0.000303292
0.000291640
0.000289867
0.000256682
0.000161570
0.000155535
0.000216057
0.000209283
0.000164840
0.000148920
0.000271545
0.000224921
0.000311303
0.000204799
0.000169950
0.000222604
0.000240892
0.000333531
0.000210398
0.000269935
0.000186252
0.000156123
0.000220695
0.000156504
0.000149888
0.000140767
0.000281234
0.000163442
0.000160803
0.000207780
0.000236860
0.000201170
0.000196977
0.000174502
0.000162201
0.000194834
0.000155950
0.000227105
0.000168882
0.000163597
0.000210216
0.000197721
0.000167769
0.000199735
0.000320064
0.000300526
0.000281567
0.000233699
0.000188523
0.000168994
0.000202397
0.000182766
0.000290845
0.000221303
0.000167280
0.000210611
0.000158194
0.000152484
0.000153880
0.000292504
0.000214634
0.000199495
0.000269239
0.000299694
0.000177655
0.000173504
0.000172979
0.000203761
0.000218427
0.000153868
0.000150409
0.000200166
0.000189476
0.000284408
0.000203740
0.000263144
0.000173633
0.000161985
0.000348443
0.000228748
0.000189333
0.000150884
0.000148115
0.000187116
0.000195023
0.000168003
0.000150799
0.000188421
0.000218840
0.000159785
0.000155890
0.000186953
0.000299884
0.000243940
0.000183649
0.000177864
0.000148760
0.000151257
0.000303812
0.000184354
0.000212703
0.000173373
0.000289711
0.000254418
0.000291331
0.000261120
0.000219222
0.000312618
0.000172621
0.000263944
0.000197708
0.000233265
0.000287170
0.000172130
0.000308021
0.000184474
0.000219965
0.000198226
0.000192519
0.000335512
0.000297957
0.000250031
0.000176521
0.000169360
0.000226687
0.000315224
0.000211051
0.000245421
0.000174680
0.000269128
0.000202541
0.000231847
0.000317533
0.000198848
0.000242589
0.000311715
0.000180418
0.000206050
0.000287365
0.000189082
0.000184058
0.000374722
0.000181770
0.000166080
0.000227157
0.000236143
0.000267984
0.000198177
0.000197576
0.000369211
0.000322402
0.000295283
0.000277999
0.000171110
0.000226714
0.000171855
0.000226451
0.000168387
0.000156380
0.000194962
0.000184195
0.000162262
0.000384180
0.000322266
0.000188405
0.000265485
0.000267040
0.000169030
0.000375780
0.000188044
0.000297076
0.000273104
0.000179245
0.000220992
0.000223357
0.000155413
0.000295666
0.000244904
0.000366918
0.000244756
0.000180908
0.000212992
0.000223704
0.000274056
0.000414430
0.000247010
0.000293635
0.000378803
0.000186022
0.000370341
0.000182411
0.000176854
0.000161723
0.000196416
0.000422044
0.000187277
0.000234073
0.000367479
0.000182685
0.000167410
0.000305487
0.000198378
0.000166132
0.000351722
0.000295313
0.000381673
0.000211251
0.000178444
0.000329190
0.000249562
0.000226357
0.000287694
0.000162319
0.000236885
0.000204991
0.000161345
0.000221710
0.000287870
0.000225093
0.000204096
0.000190056
0.000217520
0.000220538
0.000235324
0.000262272
0.000172441
0.000250665
0.000174391
0.000283527
0.000274654
0.000225476
0.000314529
0.000175670
0.000335985
0.000307310
0.000221843
0.000196682
0.000163958
0.000191839
0.000164906
0.000314115
0.000214044
0.000261020
0.000223115
0.000167015
0.000228433
0.000287126
0.000293885
0.000181707
0.000167923
0.000337785
0.000189819
0.000349437
0.000224313
0.000312119
0.000178562
0.000228828
0.000307508
0.000201627
0.000182073
0.000173101
0.000355295
0.000304772
0.000296734
0.000349943
0.000229817
0.000287563
0.000205050
0.000186308
0.000192751
0.000161343
0.000238764
0.000226731
0.000163260
0.000314297
0.000320464
0.000249512
0.000259161
0.000181290
0.000205857
0.000277543
0.000236252
0.000174997
0.000163184
0.000373491
0.000171590
0.000172829
0.000221683
0.000164367
0.000282422
0.000180482
0.000346642
0.000295540
0.000356645
0.000232053
0.000216024
0.000233991
0.000215280
0.000282900
0.000176619
0.000162116
0.000377963
0.000239547
0.000216488
0.000178956
0.000153252
0.000337643
0.000245267
0.000305250
0.000184760
0.000225560
0.000316512
0.000423684
0.000226964
0.000352067
0.000169370
0.000323237
0.000214645
0.000203822
0.000221087
0.000192787
0.000227470
0.000276008
0.000177080
0.000213144
0.000214662
0.000182116
0.000373437
0.000184371
0.000227840
0.000246450
0.000325779
0.000210063
0.000185721
0.000158078
0.000201555
0.000353277
0.000267191
0.000328536
0.000205975
0.000175947
0.000226420
0.000168202
0.000184326
0.000156434
0.000270857
0.000319782
0.000276504
0.000160637
0.000164289
0.000200923
0.000280303
0.000285754
0.000202697
0.000241034
0.000175191
0.000281087
0.000276098
0.000266833
0.000206932
0.000326294
0.000220064
0.000240358
0.000208731
0.000325593
0.000255521
0.000199503
0.000349355
0.000274119
0.000272323
0.000199917
0.000156908
0.000147465
0.000233457
0.000294250
0.000170010
0.000314172
0.000219462
0.000186034
0.000208063
0.000184610
0.000194201
0.000186543
0.000169970
0.000194925
0.000184333
0.000151658
0.000152241
0.000314975
0.000238207
0.000202320
0.000178622
0.000225147
0.000303687
0.000263561
0.000411302
0.000337188
0.000180894
0.000249357
0.000215519
0.000363133
0.000168094
0.000239569
0.000308249
0.000288440
0.000185626
0.000262871
0.000319935
0.000162124
0.000212548
0.000166111
0.000239837
0.000271654
0.000289134
0.000194586
0.000163503
0.000231770
0.000165159
0.000271807
0.000165629
0.000207621
0.000233217
0.000195247
0.000164777
0.000152306
0.000155970
0.000226159
0.000170159
0.000205937
0.000295072
0.000273530
0.000168353
0.000160592
0.000147019
0.000200394
0.000158802
0.000153839
0.000196393
0.000161164
0.000226018
0.000199901
0.000160698
0.000296435
0.000180323
0.000212656
0.000177109
0.000211760
0.000159682
0.000302521
0.000183278
0.000292264
0.000175566
0.000228516
0.000165305
0.000143016
0.000149609
0.000224270
0.000163696
0.000149398
0.000271428
0.000261312
0.000291874
0.000170685
0.000220922
0.000188132
0.000336917
0.000295105
0.000217908
0.000275646
0.000326611
0.000349454
0.000269291
0.000194780
0.000206899
0.000316145
0.000219008
0.000268847
0.000221682
0.000204610
0.000367014
0.000226719
0.000351131
0.000198308
0.000290389
0.000269411
0.000183063
0.000216612
0.000203813
0.000267621
0.000319919
0.000302575
0.000182724
0.000307800
0.000309850
0.000286993
0.000204414
0.000201239
0.000293397
0.000272587
0.000201761
0.000179319
0.000161226
0.000232379
0.000166861
0.000156905
0.000209641
0.000221801
0.000192164
0.000153307
0.000189612
0.000190222
0.000183828
0.000219439
0.000154954
0.000271287
0.000286774
0.000183922
0.000246508
0.000238999
0.000230655
0.000194518
0.000191240
0.000162351
0.000160939
0.000264803
0.000307693
0.000177234
0.000304112
0.000218061
0.000272816
0.000163848
0.000320044
0.000245053
0.000204945
0.000167912
0.000218360
0.000273523
0.000241403
0.000174511
0.000405434
0.000326458
0.000244279
0.000228830
0.000306424
0.000220792
0.000258259
0.000296444
0.000173925
0.000172016
0.000262136
0.000160337
0.000191817
0.000308506
0.000258203
0.000249274
0.000234862
0.000288399
0.000210723
0.000279584
0.000237848
0.000217723
0.000325744
0.000269770
0.000241144
0.000274413
0.000260540
0.000213314
0.000191994
0.000308301
0.000171813
0.000209479
0.000165543
0.000158551
0.000235006
0.000161928
0.000206965
0.000306249
0.000166440
0.000153229
0.000319257
0.000191365
0.000337306
0.000214632
0.000241029
0.000196844
0.000193419
0.000153638
0.000317752
0.000255031
0.000290013
0.000383892
0.000219539
0.000258762
0.000188292
0.000203285
0.000189855
0.000164937
0.000202287
0.000330606
0.000242645
0.000192582
0.000240278
0.000224442
0.000192706
0.000158763
0.000329423
0.000178780
0.000294489
0.000249659
0.000241925
0.000326259
0.000196617
0.000307592
0.000307149
0.000190016
0.000217270
0.000175304
0.000196729
0.000251883
0.000210312
0.000314999
0.000205346
0.000189143
0.000307858
0.000275528
0.000343148
0.000287496
0.000320547
0.000324754
0.000180402
0.000233958
0.000242989
0.000343549
0.000204813
0.000165090
0.000367829
0.000217547
0.000255760
0.000187369
0.000391400
0.000261603
0.000232804
0.000353703
0.000257778
0.000248237
0.000221903
0.000292285
0.000295162
0.000249464
0.000338526
0.000326109
0.000324352
0.000344393
0.000194214
0.000312135
0.000188816
0.000224976
0.000268639
0.000156200
0.000146766
0.000193310
0.000290377
0.000279505
0.000296494
0.000176715
0.000417370
0.000180127
0.000305997
0.000231057
0.000216055
0.000189553
0.000347479
0.000262424
0.000408871
0.000256946
0.000347904
0.000233520
0.000296379
0.000343787
0.000388553
0.000253130
0.000191825
0.000343755
0.000172168
0.000162476
0.000167163
0.000298021
0.000319656
0.000171257
0.000213989
0.000213191
0.000182993
0.000308233
0.000179801
0.000182824
0.000181357
0.000308218
0.000169756
0.000357832
0.000306883
0.000181139
0.000170757
0.000259922
0.000267260
0.000250333
0.000182363
0.000180275
0.000159758
0.000262600
0.000306372
0.000249738
0.000414874
0.000288606
0.000207638
0.000188555
0.000176452
0.000141688
0.000193194
0.000159401
0.000231019
0.000283858
0.000177790
0.000172977
0.000360482
0.000248497
0.000319848
0.000189502
0.000319451
0.000192894
0.000224556
0.000295506
0.000243464
0.000226250
0.000388132
0.000325237
0.000248223
0.000214795
0.000360794
0.000201895
0.000331331
0.000180068
0.000163377
0.000366601
0.000229970
0.000243095
0.000181849
0.000156178
0.000262661
0.000276617
0.000211344
0.000177678
0.000161219
0.000204794
0.000163804
0.000147519
0.000192699
0.000280813
0.000238346
0.000256677
0.000359722
0.000297283
0.000219600
0.000296887
0.000209373
0.000188291
0.000333926
0.000245699
0.000231369
0.000199707
0.000176573
0.000268908
0.000306228
0.000223109
0.000303822
0.000178789
0.000301954
0.000205664
0.000192414
0.000172294
0.000323493
0.000328336
0.000186575
0.000212581
0.000198966
0.000161035
0.000150694
0.000280590
0.000232605
0.000232609
0.000228441
0.000231792
0.000174430
0.000179419
0.000306034
0.000183276
0.000239723
0.000164384
0.000180272
0.000152606
0.000230530
0.000163411
0.000191462
0.000185281
0.000179674
0.000186699
0.000185442
0.000154452
0.000188764
0.000152022
0.000235799
0.000172172
0.000202661
0.000177048
0.000226534
0.000290808
0.000259486
0.000158155
0.000150098
0.000152126
0.000230665
0.000200751
0.000223728
0.000224580
0.000192103
0.000229555
0.000198620
0.000164724
0.000162350
0.000305950
0.000299735
0.000202284
0.000245400
0.000232427
0.000185141
0.000178410
0.000169268
0.000227673
0.000156585
0.000226156
0.000159185
0.000235215
0.000164675
0.000190404
0.000152324
0.000153763
0.000177718
0.000237024
0.000163945
0.000200841
0.000161616
0.000186369
0.000150442
0.000149533
0.000139512
0.000145187
0.000192098
0.000175169
0.000226988
0.000225132
0.000215430
0.000216285
0.000292372
0.000172909
0.000221894
0.000169698
0.000185671
0.000151128
0.000150238
0.000143791
0.000139111
0.000220894
0.000187354
0.000186425
0.000158765
0.000224628
0.000191250
0.000157807
0.000146776
0.000185363
0.000225953
0.000157851
0.000151906
0.000251086
0.000168297
0.000149493
0.000199002
0.000158988
0.000141614
0.000149364
0.000240336
0.000156983
0.000161345
0.000161453
0.000195577
0.000187109
0.000242549
0.000185240
0.000172471
0.000170163
0.000141768
0.000182750
0.000183071
0.000233802
0.000208901
0.000200720
0.000222067
0.000177733
0.000152948
0.000153840
0.000319742
0.000256731
0.000209321
0.000231559
0.000233582
0.000225362
0.000172609
0.000167527
0.000224614
0.000178266
0.000316145
0.000218881
0.000336727
0.000179411
0.000178201
0.000250108
0.000313149
0.000180333
0.000165976
0.000214063
0.000153405
0.000158587
0.000148948
0.000225195
0.000321235
0.000222981
0.000168652
0.000157221
0.000181182
0.000261992
0.000160869
0.000233667
0.000203961
0.000193837
0.000160693
0.000156210
0.000153191
0.000205229
0.000281797
0.000180682
0.000347115
0.000223204
0.000207161
0.000243478
0.000202025
0.000234899
0.000155681
0.000143360
0.000147001
0.000151459
0.000194798
0.000183678
0.000215659
0.000234855
0.000178902
0.000212953
0.000244308
0.000153436
0.000144759
0.000150280
0.000145425
0.000141912
0.000183414
0.000148585
0.000218344
0.000157885
0.000194190
0.000266950
0.000170699
0.000244776
0.000170976
0.000200495
0.000181442
0.000201647
0.000159807
0.000263598
0.000201670
0.000192320
0.000179528
0.000151844
0.000190116
0.000153623
0.000180238
0.000159064
0.000280134
0.000217105
0.000164656
0.000199871
0.000256506
0.000296347
0.000216634
0.000199596
0.000244459
0.000190286
0.000188626
0.000158821
0.000275207
0.000171350
0.000160375
0.000293399
0.000213657
0.000187055
0.000222130
0.000293925
0.000223406
0.000168952
0.000159596
0.000143977
0.000190302
0.000177893
0.000199635
0.000154356
0.000242172
0.000328823
0.000244860
0.000164847
0.000185693
0.000205128
0.000153441
0.000145542
0.000288177
0.000173851
0.000212871
0.000197698
0.000184176
0.000214871
0.000153799
0.000181511
0.000214557
0.000251848
0.000237054
0.000163350
0.000227625
0.000216468
0.000159835
0.000147631
0.000141389
0.000198083
0.000249579
0.000193474
0.000305450
0.000262835
0.000218888
0.000204524
0.000250719
0.000177723
0.000262962
0.000161684
0.000274366
0.000257013
0.000230645
0.000170236
0.000150664
0.000197672
0.000198089
0.000305268
0.000174788
0.000161355
0.000172450
0.000203930
0.000198406
0.000255624
0.000219570
0.000251826
0.000177789
0.000146625
0.000181280
0.000178785
0.000208342
0.000158549
0.000186271
0.000153517
0.000145885
0.000298240
0.000246346
0.000285353
0.000183159
0.000207345
0.000202930
0.000158932
0.000144395
0.000143470
0.000196034
0.000161904
0.000217223
0.000298200
0.000206054
0.000169515
0.000164233
0.000167283
0.000242110
0.000207642
0.000166283
0.000151857
0.000149401
0.000223939
0.000192668
0.000276771
0.000167631
0.000164828
0.000212962
0.000223534
0.000206964
0.000293533
0.000171750
0.000207528
0.000170014
0.000287321
0.000198929
0.000276297
0.000197911
0.000193974
0.000209006
0.000189220
0.000305144
0.000213555
0.000160504
0.000308991
0.000304711
0.000225344
0.000173721
0.000296792
0.000257751
0.000178788
0.000343784
0.000268599
0.000194421
0.000336417
0.000264743
0.000298228
0.000173482
0.000257192
0.000211898
0.000277497
0.000284964
0.000308725
0.000201295
0.000162167
0.000283636
0.000165502
0.000161207
0.000153430
0.000153019
0.000155348
0.000304740
0.000222595
0.000286470
0.000179195
0.000226152
0.000263982
0.000161460
0.000223788
0.000171079
0.000236987
0.000309744
0.000242417
0.000242993
0.000283038
0.000259564
0.000332048
0.000177132
0.000166603
0.000238198
0.000152274
0.000297666
0.000259502
0.000252532
0.000199746
0.000189037
0.000165258
0.000150766
0.000211910
0.000304928
0.000237849
0.000310101
0.000159469
0.000147291
0.000144284
0.000308135
0.000201465
0.000159400
0.000293490
0.000242825
0.000217484
0.000277194
0.000235576
0.000199797
0.000163836
0.000184000
0.000262492
0.000174746
0.000295171
0.000278290
0.000173942
0.000273582
0.000242992
0.000172137
0.000188760
0.000332845
0.000256587
0.000277598
0.000186710
0.000337737
0.000351313
0.000171658
0.000331893
0.000252419
0.000302580
0.000220795
0.000210082
0.000281082
0.000160249
0.000147029
0.000283280
0.000175590
0.000162445
0.000278552
0.000244797
0.000336499
0.000362397
0.000174509
0.000163421
0.000299766
0.000249014
0.000210061
0.000273801
0.000163352
0.000200136
0.000169412
0.000245743
0.000283548
0.000309691
0.000294732
0.000378623
0.000350309
0.000308900
0.000172591
0.000292085
0.000183582
0.000173292
0.000341777
0.000178645
0.000324656
0.000335734
0.000187165
0.000387862
0.000290378
0.000175870
0.000225714
0.000288072
0.000286328
0.000351575
0.000207886
0.000320707
0.000239861
0.000304292
0.000171552
0.000283552
0.000171469
0.000215275
0.000273085
0.000174744
0.000158108
0.000280790
0.000227434
0.000241425
0.000236646
0.000264297
0.000215132
0.000238385
0.000286202
0.000167091
0.000223947
0.000250758
0.000291364
0.000399091
0.000192542
0.000175957
0.000417855
0.000273273
0.000223988
0.000293496
0.000254624
0.000241446
0.000204819
0.000217006
0.000309640
0.000305850
0.000282294
0.000222147
0.000186355
0.000266596
0.000350265
0.000241663
0.000197616
0.000163298
0.000280265
0.000171219
0.000242319
0.000181386
0.000280944
0.000274021
0.000222450
0.000258611
0.000208224
0.000210993
0.000228546
0.000205140
0.000285669
0.000269224
0.000330872
0.000171788
0.000202173
0.000160501
0.000153190
0.000153661
0.000319616
0.000284132
0.000259044
0.000316387
0.000228112
0.000281279
0.000343623
0.000175780
0.000159937
0.000194031
0.000178471
0.000166233
0.000324261
0.000359293
0.000365724
0.000253989
0.000201892
0.000170649
0.000206446
0.000277515
0.000238658
0.000345337
0.000281323
0.000193093
0.000172746
0.000154169
0.000280107
0.000340120
0.000348656
0.000251731
0.000210360
0.000280219
0.000224141
0.000200480
0.000185927
0.000159488
0.000310216
0.000181321
0.000296350
0.000209591
0.000235585
0.000166820
0.000225333
0.000338449
0.000419716
0.000176313
0.000229030
0.000326969
0.000203111
0.000175430
0.000162365
0.000329490
0.000235031
0.000183024
0.000330744
0.000183073
0.000303858
0.000254219
0.000318346
0.000186955
0.000191071
0.000301445
0.000187956
0.000339662
0.000235022
0.000243040
0.000296251
0.000231947
0.000162672
0.000230058
0.000200298
0.000225656
0.000160875
0.000224238
0.000280969
0.000288684
0.000301700
0.000270763
0.000347243
0.000216933
0.000313914
0.000178744
0.000249421
0.000275599
0.000159776
0.000145365
0.000215965
0.000191291
0.000164023
0.000225550
0.000202760
0.000316604
0.000397067
0.000253225
0.000321397
0.000230077
0.000172209
0.000211745
0.000335674
0.000224003
0.000182088
0.000287852
0.000275061
0.000279792
0.000201870
0.000209097
0.000271824
0.000162648
0.000195574
0.000283639
0.000217092
0.000248830
0.000347147
0.000217777
0.000314887
0.000259500
0.000232584
0.000206255
0.000202785
0.000164584
0.000277863
0.000277999
0.000189632
0.000276216
0.000188210
0.000215677
0.000299137
0.000212420
0.000237006
0.000158472
0.000226875
0.000316900
0.000170479
0.000289898
0.000193086
0.000195144
0.000236837
0.000170617
0.000157902
0.000330422
0.000183144
0.000219515
0.000208131
0.000159369
0.000149985
0.000303698
0.000196351
0.000170847
0.000250763
0.000304263
0.000385490
0.000191925
0.000357859
0.000217350
0.000217652
0.000361071
0.000208406
0.000165221
0.000236635
0.000289734
0.000228893
0.000157256
0.000226325
0.000155419
0.000157181
0.000155613
0.000223082
0.000309166
0.000358544
0.000307635
0.000206136
0.000364650
0.000231148
0.000205848
0.000181239
0.000183447
0.000234512
0.000222650
0.000196322
0.000224555
0.000181852
0.000292927
0.000174800
0.000237290
0.000173047
0.000281388
0.000232901
0.000233440
0.000262185
0.000183198
0.000216932
0.000189017
0.000241126
0.000169177
0.000160205
0.000337237
0.000185156
0.000389146
0.000213185
0.000175326
0.000283885
0.000170587
0.000155313
0.000262590
0.000193351
0.000203237
0.000343995
0.000266647
0.000171763
0.000275031
0.000179485
0.000159326
0.000204182
0.000225576
0.000224604
0.000171147
0.000201171
0.000159932
0.000374866
0.000181116
0.000325427
0.000185527
0.000335375
0.000348979
0.000368643
0.000179369
0.000257489
0.000311904
0.000262473
0.000203250
0.000282248
0.000200045
0.000163442
0.000151175
0.000155556
0.000151769
0.000137832
0.000189043
0.000176973
0.000230646
0.000171623
0.000276029
0.000170586
0.000200888
0.000170610
0.000274426
0.000242551
0.000209037
0.000304670
0.000189776
0.000301116
0.000270291
0.000314889
0.000204817
0.000266437
0.000178994
0.000179624
0.000302759
0.000208742
0.000204458
0.000181366
0.000192518
0.000198416
0.000191441
0.000184872
0.000238965
0.000242110
0.000253443
0.000245025
0.000189265
0.000258664
0.000231684
0.000163543
0.000320907
0.000242838
0.000170973
0.000263640
0.000157354
0.000388480
0.000186919
0.000160778
0.000290295
0.000237674
0.000229695
0.000220906
0.000243919
0.000329679
0.000205372
0.000235453
0.000362428
0.000231430
0.000172531
0.000206162
0.000203680
0.000195209
0.000288715
0.000205712
0.000193442
0.000176931
0.000217204
0.000208202
0.000182709
0.000317481
0.000186259
0.000260271
0.000246333
0.000342960
0.000187974
0.000217904
0.000158233
0.000240329
0.000206208
0.000196399
0.000256503
0.000170693
0.000298827
0.000222936
0.000298140
0.000268192
0.000247920
0.000301919
0.000214118
0.000216884
0.000173216
0.000153314
0.000220168
0.000164504
0.000203736
0.000229467
0.000196451
0.000227826
0.000174733
0.000188002
0.000161454
0.000187202
0.000182918
0.000212782
0.000358718
0.000378738
0.000229431
0.000286095
0.000210708
0.000238254
0.000207555
0.000165737
0.000246292
0.000309834
0.000177868
0.000145550
0.000280391
0.000348206
0.000188823
0.000165847
0.000203467
0.000318263
0.000181050
0.000197225
0.000179344
0.000218311
0.000239010
0.000216735
0.000240031
0.000302328
0.000307949
0.000239964
0.000210295
0.000274801
0.000252600
0.000171600
0.000223788
0.000166054
0.000151274
0.000277978
0.000313392
0.000165933
0.000278252
0.000183918
0.000161237
0.000275097
0.000167405
0.000171504
0.000243666
0.000331253
0.000325117
0.000342700
0.000295303
0.000251841
0.000263590
0.000272242
0.000165469
0.000155096
0.000308328
0.000169446
0.000238156
0.000232871
0.000212035
0.000297643
0.000260782
0.000176247
0.000218546
0.000300165
0.000169428
0.000285713
0.000242514
0.000158279
0.000151642
0.000371184
0.000315643
0.000280978
0.000184616
0.000305067
0.000180853
0.000346371
0.000315055
0.000180652
0.000317109
0.000240473
0.000232138
0.000188149
0.000216933
0.000164899
0.000205337
0.000311809
0.000170553
0.000158395
0.000329962
0.000290105
0.000346085
0.000179131
0.000203971
0.000269262
0.000295442
0.000168380
0.000362958
0.000232711
0.000180269
0.000308071
0.000341799
0.000191655
0.000179885
0.000222846
0.000185194
0.000221295
0.000192758
0.000181285
0.000256973
0.000166289
0.000288132
0.000319676
0.000266937
0.000245455
0.000168301
0.000353529
0.000339739
0.000342390
0.000286689
0.000173361
0.000167397
0.000151766
0.000185169
0.000270320
0.000197194
0.000195523
0.000294101
0.000263861
0.000184771
0.000345316
0.000213838
0.000241797
0.000165759
0.000274502
0.000290845
0.000244770
0.000298021
0.000298601
0.000296902
0.000352876
0.000310109
0.000192191
0.000164498
0.000186682
0.000244638
0.000192002
0.000375645
0.000251146
0.000310278
0.000205054
0.000316293
0.000202161
0.000249517
0.000333666
0.000241223
0.000238853
0.000207720
0.000330656
0.000170083
0.000219301
0.000332755
0.000298373
0.000213113
0.000315975
0.000188962
0.000336128
0.000250403
0.000177857
0.000300230
0.000163375
0.000264392
0.000237885
0.000232401
0.000321900
0.000225308
0.000290719
0.000293823
0.000171163
0.000160106
0.000339717
0.000363095
0.000186360
0.000167911
0.000176801
0.000244276
0.000201615
0.000303089
0.000234449
0.000164473
0.000149752
0.000285041
0.000243376
0.000313353
0.000220964
0.000352692
0.000184095
0.000216998
0.000297908
0.000160522
0.000219815
0.000262720
0.000194998
0.000178511
0.000304745
0.000357973
0.000316048
0.000247070
0.000181014
0.000171160
0.000271781
0.000162978
0.000282237
0.000206479
0.000309899
0.000270465
0.000175340
0.000236865
0.000159071
0.000185817
0.000213977
0.000159329
0.000155442
0.000295358
0.000231606
0.000218180
0.000222620
0.000276595
0.000162863
0.000197124
0.000284960
0.000239058
0.000188007
0.000294408
0.000303580
0.000235183
0.000312881
0.000245727
0.000173794
0.000338089
0.000294540
0.000239405
0.000199474
0.000176548
0.000155393
0.000353592
0.000356901
0.000219282
0.000324402
0.000180010
0.000203622
0.000294787
0.000204258
0.000239940
0.000222969
0.000187222
0.000159941
0.000234834
0.000295639
0.000214558
0.000178344
0.000170835
0.000141550
0.000151109
0.000281783
0.000382862
0.000262893
0.000256551
0.000161972
0.000152204
0.000293062
0.000412007
0.000263884
0.000218057
0.000256536
0.000168312
0.000188886
0.000268997
0.000166725
0.000155321
0.000148105
0.000270307
0.000167363
0.000156772
0.000235711
0.000170136
0.000147589
0.000338304
0.000171834
0.000210052
0.000282036
0.000224976
0.000179202
0.000355893
0.000174976
0.000168237
0.000169051
0.000146964
0.000144920
0.000218293
0.000235428
0.000164315
0.000235481
0.000153986
0.000153150
0.000187474
0.000162407
0.000296013
0.000168162
0.000160165
0.000349170
0.000315689
0.000230481
0.000207768
0.000179053
0.000154960
0.000283650
0.000298682
0.000193864
0.000228659
0.000197129
0.000329787
0.000182466
0.000395474
0.000380886
0.000187792
0.000215354
0.000191618
0.000158031
0.000282294
0.000165614
0.000227386
0.000332116
0.000345570
0.000212736
0.000301261
0.000175854
0.000160512
0.000152829
0.000280131
0.000302830
0.000208872
0.000193041
0.000343516
0.000192692
0.000318284
0.000208504
0.000287104
0.000248003
0.000170067
0.000162756
0.000151843
0.000157951
0.000214131
0.000153672
0.000143233
0.000235812
0.000190491
0.000226601
0.000157425
0.000147058
0.000197170
0.000157451
0.000147540
0.000148653
0.000209899
0.000186812
0.000158846
0.000224784
0.000158621
0.000144401
0.000269105
0.000205453
0.000282260
0.000216457
0.000188055
0.000186613
0.000197481
0.000154046
0.000144009
0.000189509
0.000187965
0.000158687
0.000194360
0.000154253
0.000149284
0.000197511
0.000165199
0.000156525
0.000188702
0.000153410
0.000188018
0.000164408
0.000152122
0.000149209
0.000143998
0.000142201
0.000182428
0.000243086
0.000199717
0.000177851
0.000211231
0.000156215
0.000158702
0.000145060
0.000139409
0.000141882
0.000184116
0.000155834
0.000152316
0.000150091
0.000140893
0.000188158
0.000151365
0.000149169
0.000154816
0.000143955
0.000181547
0.000151819
0.000146528
0.000220050
0.000171840
0.000201259
0.000218544
0.000166841
0.000165198
0.000163525
0.000234126
0.000166184
0.000158150
0.000203017
0.000164808
0.000190611
0.000187641
0.000158237
0.000191551
0.000152461
0.000183972
0.000150549
0.000146124
0.000188212
0.000244350
0.000219543
0.000177197
0.000207388
0.000164440
0.000149413
0.000145511
0.000143841
0.000144429
0.000191508
0.000194124
0.000166094
0.000155716
0.000157183
0.000140455
0.000193372
0.000161222
0.000195658
0.000184742
0.000207042
0.000204802
0.000164755
0.000157394
0.000178941
0.000149858
0.000143383
0.000141654
0.000151184
0.000142399
0.000238049
0.000158994
0.000165959
0.000223582
0.000217142
0.000150692
0.000140677
0.000213264
0.000234173
0.000207221
0.000165502
0.000184747
0.000174321
0.000190942
0.000186821
0.000168926
0.000152550
0.000178811
0.000156652
0.000153182
0.000156923
0.000139629
0.000142719
0.000183245
0.000189688
0.000186754
0.000235799
0.000288473
0.000209323
0.000188266
0.000224298
0.000272232
0.000162457
0.000205451
0.000172758
0.000145768
0.000140090
0.000139368
0.000191561
0.000158209
0.000151025
0.000144588
0.000232056
0.000196173
0.000165078
0.000202463
0.000162906
0.000145129
0.000203101
0.000159884
0.000157962
0.000149134
0.000144385
0.000186990
0.000156422
0.000211661
0.000204653
0.000175102
0.000149870
0.000148564
0.000152094
0.000197150
0.000184164
0.000178668
0.000174513
0.000217927
0.000165349
0.000158064
0.000168276
0.000141782
0.000137797
0.000183967
0.000189128
0.000163183
0.000198061
0.000153185
0.000224239
0.000202376
0.000190937
0.000229505
0.000155881
0.000149614
0.000156841
0.000203446
0.000181025
0.000223109
0.000190046
0.000167227
0.000151339
0.000156526
0.000193049
0.000178668
0.000155405
0.000182744
0.000156637
0.000148830
0.000234030
0.000160940
0.000160384
0.000150114
0.000146299
0.000185066
0.000145666
0.000185739
0.000158661
0.000201204
0.000152423
0.000223786
0.000160752
0.000144782
0.000187892
0.000184092
0.000152970
0.000152938
0.000204439
0.000150610
0.000188476
0.000229345
0.000207489
0.000203948
0.000164471
0.000140513
0.000148812
0.000202589
0.000231244
0.000187319
0.000179465
0.000187361
0.000168709
0.000196294
0.000280052
0.000216734
0.000227006
0.000176610
0.000200898
0.000151311
0.000176651
0.000187531
0.000162505
0.000149103
0.000187653
0.000173696
0.000155670
0.000241099
0.000154215
0.000188464
0.000228686
0.000161465
0.000206503
0.000231054
0.000215557
0.000212297
0.000171691
0.000220737
0.000182467
0.000292209
0.000216338
0.000174592
0.000202900
0.000221886
0.000192642
0.000172388
0.000168333
0.000151240
0.000188358
0.000277590
0.000225002
0.000177789
0.000166403
0.000138825
0.000180451
0.000228672
0.000166588
0.000145176
0.000137509
0.000143211
0.000139781
0.000187115
0.000226782
0.000190279
0.000220452
0.000212210
0.000155311
0.000161255
0.000190977
0.000179033
0.000146532
0.000218592
0.000167264
0.000229608
0.000182528
0.000151483
0.000226517
0.000229559
0.000201014
0.000180206
0.000152145
0.000235913
0.000165301
0.000157374
0.000222878
0.000150976
0.000192211
0.000164462
0.000192064
0.000224621
0.000153020
0.000214559
0.000198828
0.000265597
0.000238887
0.000194818
0.000159289
0.000284781
0.000161365
0.000184793
0.000175866
0.000153984
0.000188855
0.000154142
0.000181648
0.000217408
0.000155291
0.000244329
0.000164077
0.000153649
0.000158411
0.000142885
0.000189938
0.000178657
0.000173769
0.000152694
0.000150544
0.000142267
0.000143489
0.000183525
0.000183731
0.000155905
0.000151754
0.000217916
0.000157300
0.000197299
0.000244713
0.000196808
0.000180672
0.000167329
0.000182942
0.000274760
0.000167489
0.000157505
0.000213018
0.000192052
0.000152409
0.000149922
0.000145011
0.000140419
0.000143405
0.000183845
0.000152470
0.000147340
0.000219420
0.000195081
0.000183874
0.000163334
0.000147705
0.000193679
0.000175784
0.000151370
0.000148551
0.000179181
0.000149084
0.000191957
0.000185445
0.000152951
0.000149049
0.000139135
0.000183538
0.000212524
0.000194465
0.000156641
0.000149155
0.000217644
0.000213690
0.000152026
0.000144223
0.000245022
0.000161930
0.000160320
0.000231767
0.000196690
0.000231698
0.000167472
0.000153476
0.000188382
0.000160645
0.000270786
0.000204845
0.000186864
0.000175346
0.000183098
0.000157659
0.000148985
0.000140553
0.000140172
0.000195066
0.000149891
0.000182922
0.000153453
0.000210837
0.000187364
0.000234918
0.000187372
0.000182828
0.000155257
0.000150761
0.000189635
0.000151893
0.000183072
0.000153338
0.000139978
0.000150585
0.000147887
0.000144817
0.000186680
0.000145607
0.000143409
0.000167144
0.000240474
0.000165604
0.000197232
0.000168813
0.000155802
0.000304664
0.000166268
0.000168869
0.000159554
0.000210581
0.000176829
0.000153299
0.000180068
0.000187250
0.000163568
0.000215567
0.000154765
0.000190051
0.000161976
0.000162816
0.000209500
0.000186570
0.000168397
0.000214365
0.000202138
0.000181030
0.000154666
0.000145096
0.000139911
0.000148544
0.000144875
0.000148979
0.000223136
0.000198353
0.000197398
0.000263182
0.000195010
0.000223495
0.000197054
0.000240841
0.000170703
0.000155008
0.000141283
0.000316305
0.000189582
0.000178158
0.000160372
0.000142244
0.000147261
0.000153018
0.000199765
0.000186730
0.000153852
0.000187648
0.000187444
0.000162423
0.000146547
0.000142774
0.000183875
0.000223165
0.000167441
0.000204571
0.000188518
0.000152955
0.000158790
0.000240753
0.000181318
0.000191976
0.000165188
0.000189057
0.000174299
0.000180866
0.000158435
0.000148567
0.000148854
0.000233047
0.000218239
0.000172402
0.000232332
0.000163020
0.000198562
0.000191322
0.000191379
0.000223627
0.000159175
0.000215077
0.000191127
0.000185813
0.000158410
0.000154454
0.000183507
0.000148949
0.000143679
0.000202976
0.000162189
0.000186062
0.000179376
0.000184769
0.000164524
0.000225798
0.000212426
0.000154637
0.000194326
0.000160467
0.000154750
0.000193660
0.000154441
0.000141316
0.000148149
0.000198036
0.000205771
0.000183088
0.000184501
0.000155650
0.000152231
0.000147703
0.000206553
0.000196142
0.000266519
0.000210495
0.000176286
0.000161005
0.000195511
0.000182484
0.000155516
0.000190439
0.000159049
0.000143067
0.000141527
0.000142040
0.000189856
0.000185136
0.000174910
0.000190723
0.000244409
0.000229660
0.000156220
0.000153150
0.000145161
0.000145086
0.000191768
0.000156155
0.000235544
0.000207188
0.000164626
0.000173160
0.000197080
0.000195711
0.000192902
0.000164719
0.000149797
0.000195232
0.000151061
0.000223950
0.000301406
0.000214685
0.000244606
0.000206145
0.000161615
0.000209807
0.000188282
0.000189367
0.000161368
0.000150145
0.000162307
0.000237347
0.000173474
0.000280175
0.000167050
0.000236597
0.000222576
0.000242340
0.000173572
0.000308264
0.000226727
0.000189166
0.000167197
0.000223258
0.000220480
0.000169393
0.000232691
0.000172713
0.000162074
0.000176358
0.000240367
0.000241923
0.000231915
0.000223050
0.000200190
0.000153143
0.000167596
0.000195182
0.000247088
0.000320364
0.000263513
0.000177660
0.000217599
0.000241051
0.000158432
0.000155587
0.000160907
0.000235023
0.000214384
0.000324689
0.000174285
0.000323747
0.000204589
0.000177976
0.000185979
0.000190804
0.000243678
0.000192807
0.000163576
0.000194918
0.000179591
0.000180228
0.000163215
0.000186926
0.000180600
0.000236337
0.000164722
0.000148634
0.000144721
0.000142503
0.000220711
0.000156208
0.000207432
0.000154177
0.000208405
0.000209804
0.000157460
0.000227673
0.000158812
0.000190358
0.000152425
0.000151987
0.000144916
0.000189208
0.000150929
0.000190233
0.000151293
0.000185857
0.000179938
0.000178397
0.000226163
0.000284587
0.000171463
0.000204834
0.000229311
0.000160125
0.000210198
0.000189143
0.000181320
0.000196023
0.000193362
0.000178057
0.000151349
0.000219390
0.000291862
0.000246725
0.000172392
0.000237045
0.000165204
0.000152412
0.000157808
0.000146909
0.000269244
0.000284100
0.000172168
0.000162934
0.000245371
0.000208945
0.000195253
0.000190710
0.000185841
0.000157885
0.000189053
0.000149905
0.000185519
0.000163630
0.000220706
0.000222300
0.000186204
0.000154966
0.000222512
0.000154264
0.000194322
0.000233974
0.000215659
0.000212275
0.000203312
0.000195866
0.000161529
0.000190691
0.000235103
0.000195163
0.000161316
0.000154914
0.000194038
0.000215569
0.000183376
0.000187730
0.000246952
0.000236479
0.000162128
0.000192350
0.000156997
0.000145930
0.000142742
0.000144509
0.000186983
0.000244013
0.000165835
0.000226837
0.000161952
0.000198889
0.000182568
0.000229921
0.000204848
0.000154374
0.000194894
0.000158052
0.000148945
0.000186845
0.000273296
0.000203399
0.000222565
0.000283849
0.000215575
0.000185774
0.000163765
0.000149061
0.000204485
0.000340459
0.000301683
0.000237911
0.000185270
0.000224287
0.000278872
0.000246040
0.000185362
0.000282457
0.000228714
0.000301085
0.000212222
0.000314635
0.000193256
0.000260607
0.000163126
0.000226000
0.000282572
0.000209703
0.000200864
0.000168211
0.000149612
0.000144066
0.000144809
0.000332093
0.000313736
0.000199843
0.000258147
0.000291198
0.000168285
0.000151723
0.000145982
0.000235269
0.000196259
0.000165403
0.000163538
0.000197129
0.000294476
0.000172416
0.000272873
0.000191492
0.000162270
0.000291309
0.000278278
0.000205540
0.000237333
0.000168065
0.000197522
0.000303855
0.000288454
0.000183881
0.000290231
0.000229133
0.000261417
0.000213982
0.000207206
0.000162463
0.000243222
0.000193004
0.000219729
0.000221741
0.000209711
0.000161325
0.000235762
0.000174947
0.000191099
0.000257437
0.000223983
0.000312009
0.000192072
0.000169071
0.000173963
0.000276433
0.000397916
0.000239400
0.000188391
0.000170641
0.000246679
0.000185415
0.000188583
0.000226225
0.000186020
0.000261084
0.000174776
0.000245058
0.000177376
0.000260406
0.000194692
0.000235012
0.000219759
0.000276532
0.000154911
0.000158217
0.000333091
0.000177282
0.000167964
0.000216904
0.000179592
0.000289655
0.000237611
0.000356413
0.000349313
0.000264329
0.000191050
0.000242598
0.000199881
0.000182214
0.000179847
0.000182718
0.000238679
0.000244354
0.000312200
0.000176057
0.000302551
0.000318497
0.000243842
0.000309550
0.000212375
0.000169998
0.000236911
0.000328507
0.000377973
0.000251617
0.000292003
0.000362686
0.000296916
0.000353911
0.000290930
0.000290026
0.000213614
0.000262047
0.000328581
0.000195526
0.000301674
0.000361510
0.000267670
0.000177577
0.000322654
0.000314863
0.000279847
0.000307481
0.000222344
0.000193203
0.000372500
0.000342707
0.000174927
0.000172079
0.000285112
0.000177552
0.000242913
0.000323916
0.000230245
0.000189983
0.000330117
0.000184765
0.000222591
0.000178475
0.000189550
0.000280556
0.000262586
0.000331125
0.000302376
0.000268023
0.000216423
0.000197430
0.000185026
0.000266455
0.000294141
0.000327624
0.000214063
0.000284610
0.000167371
0.000232620
0.000281923
0.000250885
0.000238025
0.000287976
0.000310281
0.000184181
0.000325858
0.000311971
0.000216550
0.000157753
0.000321247
0.000235039
0.000180007
0.000298875
0.000246715
0.000332598
0.000234005
0.000221870
0.000300693
0.000272961
0.000317580
0.000323253
0.000184673
0.000315330
0.000190361
0.000213994
0.000252095
0.000393714
0.000351451
0.000270078
0.000340441
0.000273054
0.000164159
0.000264820
0.000281033
0.000398918
0.000310664
0.000289852
0.000241612
0.000366212
0.000288218
0.000212320
0.000178072
0.000324350
0.000290187
0.000313253
0.000297035
0.000337694
0.000269167
0.000227778
0.000156030
0.000189687
0.000173023
0.000162839
0.000161041
0.000146945
0.000138347
0.000142203
0.000139849
0.000363955
0.000183529
0.000383261
0.000174478
0.000419518
0.000350120
0.000329841
0.000213147
0.000232383
0.000326048
0.000167633
0.000203639
0.000257955
0.000155850
0.000326227
0.000250537
0.000228131
0.000257082
0.000201299
0.000164265
0.000214113
0.000366679
0.000188438
0.000350144
0.000395442
0.000329226
0.000211450
0.000275449
0.000242294
0.000214464
0.000200549
0.000229028
0.000153115
0.000202395
0.000336331
0.000166630
0.000284917
0.000177903
0.000228101
0.000378486
0.000177879
0.000335546
0.000191510
0.000259955
0.000245639
0.000168326
0.000155539
0.000160205
0.000187130
0.000147915
0.000320868
0.000192555
0.000307044
0.000319752
0.000367214
0.000276220
0.000183999
0.000242171
0.000235391
0.000293344
0.000293852
0.000302939
0.000215872
0.000189244
0.000314351
0.000275890
0.000220071
0.000223446
0.000311571
0.000298657
0.000301551
0.000310607
0.000243148
0.000334300
0.000166085
0.000351239
0.000204486
0.000222653
0.000330828
0.000354521
0.000272724
0.000298357
0.000442744
0.000349348
0.000391668
0.000228780
0.000338756
0.000273610
0.000187230
0.000174068
0.000261664
0.000163629
0.000158663
0.000291461
0.000279751
0.000378413
0.000200295
0.000181473
0.000205822
0.000225131
0.000193822
0.000155867
0.000202245
0.000336270
0.000328804
0.000262508
0.000324556
0.000304699
0.000391219
0.000310502
0.000244246
0.000302317
0.000278278
0.000188379
0.000312716
0.000233016
0.000477089
0.000405206
0.000186229
0.000362629
0.000195008
0.000231430
0.000232651
0.000273402
0.000300601
0.000311479
0.000284433
0.000266093
0.000340976
0.000180953
0.000314886
0.000366769
0.000249967
0.000186271
0.000248763
0.000197566
0.000375431
0.000310670
0.000354501
0.000258137
0.000254996
0.000207671
0.000214281
0.000303915
0.000218235
0.000199150
0.000377895
0.000242259
0.000264594
0.000284293
0.000242317
0.000186544
0.000181765
0.000230743
0.000151185
0.000151828
0.000275459
0.000329227
0.000214501
0.000204599
0.000296302
0.000369467
0.000313841
0.000284309
0.000281666
0.000211383
0.000282418
0.000162874
0.000245607
0.000285791
0.000363493
0.000218527
0.000316748
0.000255931
0.000303628
0.000296656
0.000362878
0.000359641
0.000202737
0.000214899
0.000176712
0.000271758
0.000253028
0.000339806
0.000200968
0.000341872
0.000391194
0.000253943
0.000349272
0.000278256
0.000313420
0.000352884
0.000358374
0.000214031
0.000343418
0.000310625
0.000227755
0.000175019
0.000167066
0.000232532
0.000278171
0.000179833
0.000288198
0.000280529
0.000201994
0.000198758
0.000318683
0.000188394
0.000324651
0.000245993
0.000234796
0.000304399
0.000219622
0.000298230
0.000230865
0.000224821
0.000390461
0.000226153
0.000204203
0.000296475
0.000169250
0.000152039
0.000207700
0.000252326
0.000225208
0.000231265
0.000225191
0.000167292
0.000272955
0.000219890
0.000308458
0.000346300
0.000281884
0.000194452
0.000185623
0.000257138
0.000170913
0.000205913
0.000299290
0.000222613
0.000256535
0.000199919
0.000310169
0.000227068
0.000207996
0.000292621
0.000250015
0.000172400
0.000203256
0.000182927
0.000177283
0.000367993
0.000223837
0.000305051
0.000218334
0.000185133
0.000162255
0.000267903
0.000264608
0.000372273
0.000324284
0.000189314
0.000219046
0.000179204
0.000281095
0.000217616
0.000172241
0.000267565
0.000186049
0.000216106
0.000204423
0.000273904
0.000172407
0.000236263
0.000166868
0.000254310
0.000387070
0.000233958
0.000205748
0.000204152
0.000178106
0.000295352
0.000231156
0.000220548
0.000258223
0.000298531
0.000170870
0.000202717
0.000261801
0.000162441
0.000191069
0.000156877
0.000245279
0.000305029
0.000177527
0.000165272
0.000174571
0.000154472
0.000339243
0.000192544
0.000210999
0.000197380
0.000161181
0.000152945
0.000140571
0.000181007
0.000169771
0.000162844
0.000148996
0.000140253
0.000184084
0.000163739
0.000151360
0.000192953
0.000154360
0.000145250
0.000134015
0.000180126
0.000172155
0.000160196
0.000248604
0.000205948
0.000147321
0.000145571
0.000141518
0.000140069
0.000141459
0.000138811
0.000144678
0.000144335
0.000185744
0.000155570
0.000147319
0.000177687
0.000194662
0.000157578
0.000186887
0.000172845
0.000178575
0.000194652
0.000180657
0.000179857
0.000167806
0.000179966
0.000236742
0.000228240
0.000290273
0.000231398
0.000177229
0.000243522
0.000156332
0.000146869
0.000229575
0.000161695
0.000160422
0.000173349
0.000154692
0.000188559
0.000172666
0.000169210
0.000166140
0.000155079
0.000150970
0.000180798
0.000143535
0.000181981
0.000288066
0.000227929
0.000229612
0.000168304
0.000178944
0.000218416
0.000152536
0.000149153
0.000209129
0.000189771
0.000220510
0.000151707
0.000138244
0.000141455
0.000200724
0.000178998
0.000146289
0.000182585
0.000180604
0.000192231
0.000165370
0.000175934
0.000199557
0.000193090
0.000153449
0.000244045
0.000226464
0.000216321
0.000284780
0.000243938
0.000178493
0.000169214
0.000248017
0.000193474
0.000181187
0.000191033
0.000177263
0.000150287
0.000137193
0.000131952
0.000140665
0.000140424
0.000144183
0.000189643
0.000204328
0.000259960
0.000203917
0.000221345
0.000290378
0.000228684
0.000194051
0.000203362
0.000191425
0.000164318
0.000213614
0.000175460
0.000147921
0.000144912
0.000147380
0.000185558
0.000173124
0.000144703
0.000141695
0.000143323
0.000201660
0.000165336
0.000240012
0.000196811
0.000181820
0.000291445
0.000244268
0.000242656
0.000205872
0.000226452
0.000225569
0.000202394
0.000161439
0.000136170
0.000137479
0.000140292
0.000135635
0.000139116
0.000140168
0.000139986
0.000135936
0.000135486
0.000135466
0.000136614
0.000183037
0.000182336
0.000177478
0.000179113
0.000185940
0.000191240
0.000169631
0.000170677
0.000167677
0.000178453
0.000182915
0.000228885
0.000221749
0.000294563
0.000253474
0.000171701
0.000240056
0.000232174
0.000161268
0.000156805
0.000144246
0.000145480
0.000181202
0.000162056
0.000146005
0.000139590
0.000182079
0.000147658
0.000145576
0.000193170
0.000180032
0.000145770
0.000141948
0.000243216
0.000238905
0.000212564
0.000187325
0.000184428
0.000154773
0.000215290
0.000185378
0.000177499
0.000193957
0.000216833
0.000184529
0.000156151
0.000233869
0.000157683
0.000144442
0.000223924
0.000216750
0.000174289
0.000169876
0.000148242
0.000274034
0.000176137
0.000336241
0.000181366
0.000239216
0.000193698
0.000282088
0.000282791
0.000236257
0.000204401
0.000280124
0.000294682
0.000148168
0.000139895
0.000150603
0.000220122
0.000191429
0.000206057
0.000153686
0.000153462
0.000152883
0.000217360
0.000183725
0.000308261
0.000214295
0.000334539
0.000166680
0.000294059
0.000168006
0.000215423
0.000292185
0.000292122
0.000186752
0.000171505
0.000177526
0.000186891
0.000161912
0.000144092
0.000191619
0.000226216
0.000200711
0.000177813
0.000191048
0.000197532
0.000160799
0.000249111
0.000172464
0.000293138
0.000296680
0.000179528
0.000156213
0.000142737
0.000137771
0.000240286
0.000174951
0.000294357
0.000268477
0.000197639
0.000191416
0.000224443
0.000186168
0.000192048
0.000208914
0.000171756
0.000205901
0.000168244
0.000144240
0.000167659
0.000157646
0.000206412
0.000250957
0.000166336
0.000161330
0.000150859
0.000242993
0.000150838
0.000219771
0.000302562
0.000200871
0.000202174
0.000258948
0.000249748
0.000199837
0.000208319
0.000189422
0.000228361
0.000180107
0.000174823
0.000196350
0.000175243
0.000167625
0.000171728
0.000275507
0.000187433
0.000173014
0.000173808
0.000152890
0.000218415
0.000155669
0.000327409
0.000194444
0.000148922
0.000201895
0.000160199
0.000252785
0.000217804
0.000153600
0.000197830
0.000154609
0.000207285
0.000191451
0.000175542
0.000168875
0.000273904
0.000194306
0.000294482
0.000212377
0.000169512
0.000200018
0.000174752
0.000183016
0.000171603
0.000233449
0.000266260
0.000214529
0.000207093
0.000287319
0.000230607
0.000286154
0.000158105
0.000280615
0.000229297
0.000266654
0.000183002
0.000355318
0.000177191
0.000272244
0.000334079
0.000311382
0.000180705
0.000350388
0.000175629
0.000315363
0.000194106
0.000139560
0.000138725
0.000199786
0.000165329
0.000225620
0.000167296
0.000200845
0.000156484
0.000146044
0.000238803
0.000152356
0.000146285
0.000182850
0.000187156
0.000179678
0.000174635
0.000163180
0.000170571
0.000175690
0.000185734
0.000186969
0.000165836
0.000301539
0.000258803
0.000243122
0.000262020
0.000215571
0.000280134
0.000274028
0.000274278
0.000329268
0.000247607
0.000298248
0.000164505
0.000147156
0.000291932
0.000284474
0.000319084
0.000345949
0.000168470
0.000317237
0.000307677
0.000272830
0.000159584
0.000138396
0.000195734
0.000152122
0.000147521
0.000141026
0.000134050
0.000217824
0.000245599
0.000174241
0.000186347
0.000146756
0.000165921
0.000187887
0.000229839
0.000222946
0.000206254
0.000186855
0.000268007
0.000226318
0.000235089
0.000273049
0.000202825
0.000295129
0.000299609
0.000277739
0.000300144
0.000221514
0.000339379
0.000339167
0.000314837
0.000326656
0.000261112
0.000285492
0.000155296
0.000146468
0.000144587
0.000140107
0.000145166
0.000328132
0.000388637
0.000352705
0.000190191
0.000176304
0.000162901
0.000184110
0.000244969
0.000213242
0.000247456
0.000166519
0.000211278
0.000157410
0.000230546
0.000217970
0.000193288
0.000165008
0.000267338
0.000271351
0.000253440
0.000260196
0.000232762
0.000153372
0.000230245
0.000273346
0.000185672
0.000277744
0.000214205
0.000317433
0.000364805
0.000345189
0.000302061
0.000315233
0.000168306
0.000203815
0.000279207
0.000315871
0.000313748
0.000385517
0.000134976
0.000142614
0.000158925
0.000145253
0.000188915
0.000148528
0.000188014
0.000146605
0.000154779
0.000150797
0.000143033
0.000240130
0.000169569
0.000229901
0.000212745
0.000231463
0.000235067
0.000208794
0.000235504
0.000226485
0.000195083
0.000180868
0.000309617
0.000164029
0.000338575
0.000307969
0.000286705
0.000267377
0.000279389
0.000294363
0.000258242
0.000259107
0.000307656
0.000168460
0.000164971
0.000304986
0.000334338
0.000324175
0.000174834
0.000374933
0.000214935
0.000157145
0.000159969
0.000317380
0.000164972
0.000151957
0.000136866
0.000137345
0.000186770
0.000239429
0.000192054
0.000218246
0.000211962
0.000157495
0.000198571
0.000296876
0.000258176
0.000304703
0.000284853
0.000253312
0.000242807
0.000168259
0.000193488
0.000283407
0.000201157
0.000237194
0.000287978
0.000356654
0.000275946
0.000375282
0.000186072
0.000301284
0.000339922
0.000282492
0.000358058
0.000306961
0.000352585
0.000178897
0.000165311
0.000141294
0.000141419
0.000139731
0.000141159
0.000155346
0.000148122
0.000142646
0.000377600
0.000195349
0.000233918
0.000223506
0.000237303
0.000204116
0.000228926
0.000200772
0.000183208
0.000212174
0.000216559
0.000183980
0.000245746
0.000283513
0.000324570
0.000287695
0.000274929
0.000288825
0.000299883
0.000209534
0.000281589
0.000243355
0.000197485
0.000283761
0.000318090
0.000346970
0.000188122
0.000357702
0.000167197
0.000210381
0.000160222
0.000390951
0.000347725
0.000342834
0.000354227
0.000145359
0.000195027
0.000156873
0.000148564
0.000142504
0.000139724
0.000186517
0.000193088
0.000190439
0.000203748
0.000153906
0.000217224
0.000294799
0.000233893
0.000227442
0.000227747
0.000197312
0.000300116
0.000206112
0.000228610
0.000202839
0.000241616
0.000268111
0.000338981
0.000330778
0.000257820
0.000314091
0.000286145
0.000319501
0.000302955
0.000363889
0.000324038
0.000311231
0.000340870
0.000428271
0.000191376
0.000180386
0.000160025
0.000318745
0.000175116
0.000163109
0.000165301
0.000159679
0.000142947
0.000190497
0.000184001
0.000200891
0.000156982
0.000219525
0.000208103
0.000158094
0.000140745
0.000183625
0.000184492
0.000216950
0.000309523
0.000234739
0.000242973
0.000243243
0.000286507
0.000285897
0.000294977
0.000286947
0.000262419
0.000202061
0.000173604
0.000303715
0.000175040
0.000324603
0.000176182
0.000335788
0.000345478
0.000339299
0.000302575
0.000290316
0.000399279
0.000325854
0.000144508
0.000139884
0.000185318
0.000157343
0.000154819
0.000187073
0.000144313
0.000139400
0.000146030
0.000191051
0.000154628
0.000204453
0.000198150
0.000197346
0.000183784
0.000216897
0.000209401
0.000197964
0.000219236
0.000194068
0.000200325
0.000244327
0.000307465
0.000313595
0.000287649
0.000278405
0.000294091
0.000238008
0.000300022
0.000271981
0.000281456
0.000306934
0.000337572
0.000165467
0.000157386
0.000330815
0.000349043
0.000175899
0.000317289
0.000285498
0.000195719
0.000389661
0.000331200
0.000202350
0.000186361
0.000148400
0.000140995
0.000141095
0.000223101
0.000170132
0.000157694
0.000154000
0.000142254
0.000183015
0.000189107
0.000183952
0.000179206
0.000175343
0.000183188
0.000217004
0.000175352
0.000177495
0.000211172
0.000232189
0.000196153
0.000164705
0.000260690
0.000228924
0.000285942
0.000280949
0.000222300
0.000223804
0.000164017
0.000280873
0.000286411
0.000287171
0.000265338
0.000344831
0.000174587
0.000334560
0.000306426
0.000182067
0.000338473
0.000320004
0.000351384
0.000178098
0.000379423
0.000197270
0.000137683
0.000142152
0.000191071
0.000152295
0.000144118
0.000138105
0.000185762
0.000157078
0.000148591
0.000140119
0.000139148
0.000182534
0.000179545
0.000179299
0.000203916
0.000187260
0.000213024
0.000212561
0.000195394
0.000155415
0.000190243
0.000185922
0.000298237
0.000264404
0.000255646
0.000199777
0.000226044
0.000232475
0.000218523
0.000271711
0.000251567
0.000199179
0.000266656
0.000191399
0.000347903
0.000322524
0.000388887
0.000311675
0.000346464
0.000216184
0.000287480
0.000325181
0.000335806
0.000365216
0.000136383
0.000139967
0.000142902
0.000150526
0.000191780
0.000156799
0.000145589
0.000145429
0.000143329
0.000146173
0.000141717
0.000185395
0.000185895
0.000219273
0.000198317
0.000177701
0.000176599
0.000173834
0.000177099
0.000178523
0.000171150
0.000208839
0.000247233
0.000223491
0.000201278
0.000241440
0.000299302
0.000248693
0.000299057
0.000283734
0.000236956
0.000211529
0.000225932
0.000274789
0.000188388
0.000293368
0.000219561
0.000208146
0.000318443
0.000300846
0.000300364
0.000259199
0.000302751
0.000323128
0.000147957
0.000139786
0.000145174
0.000140322
0.000152431
0.000139323
0.000136768
0.000141974
0.000341093
0.000174396
0.000154234
0.000179437
0.000172163
0.000213778
0.000157951
0.000190006
0.000149742
0.000178781
0.000168233
0.000183240
0.000184760
0.000148539
0.000170310
0.000265280
0.000186369
0.000228891
0.000236885
0.000223923
0.000235125
0.000241867
0.000210261
0.000224009
0.000194913
0.000283641
0.000233645
0.000264709
0.000238441
0.000290666
0.000264679
0.000325547
0.000275653
0.000273667
0.000236400
0.000293989
0.000170717
0.000159222
0.000242586
0.000178803
0.000310310
0.000349866
0.000186112
0.000163990
0.000165111
0.000149709
0.000304302
0.000195590
0.000147413
0.000174049
0.000169948
0.000188045
0.000167977
0.000208784
0.000176272
0.000171296
0.000152998
0.000143817
0.000189700
0.000255673
0.000197325
0.000214652
0.000197900
0.000216073
0.000235439
0.000231989
0.000209423
0.000198926
0.000214694
0.000240456
0.000216608
0.000279316
0.000273318
0.000225420
0.000266748
0.000280584
0.000281137
0.000178403
0.000283990
0.000299273
0.000179853
0.000158660
0.000167487
0.000329178
0.000300608
0.000176638
0.000311657
0.000175025
0.000333066
0.000179119
0.000371664
0.000204380
0.000182315
0.000172317
0.000147856
0.000145638
0.000150589
0.000151656
0.000211339
0.000159998
0.000151007
0.000154809
0.000169392
0.000202799
0.000188553
0.000186947
0.000215754
0.000221141
0.000210203
0.000187572
0.000153492
0.000180255
0.000177033
0.000221460
0.000238977
0.000217248
0.000266476
0.000282528
0.000238695
0.000285346
0.000228288
0.000297068
0.000274996
0.000261179
0.000342329
0.000177798
0.000159124
0.000342373
0.000303036
0.000284648
0.000301777
0.000254091
0.000374085
0.000319782
0.000185200
0.000232772
0.000163338
0.000152668
0.000214852
0.000153888
0.000155210
0.000153699
0.000191835
0.000220457
0.000165072
0.000202143
0.000234564
0.000233026
0.000298722
0.000287647
0.000206580
0.000208624
0.000307612
0.000208180
0.000181313
0.000240706
0.000302195
0.000330182
0.000308479
0.000294671
0.000318737
0.000285148
0.000290911
0.000176862
0.000295555
0.000332435
0.000290360
0.000252737
0.000163636
0.000162408
0.000332705
0.000177975
0.000158592
0.000148772
0.000359786
0.000166279
0.000159214
0.000349013
0.000180069
0.000244570
0.000234189
0.000244130
0.000227997
0.000174909
0.000230120
0.000234318
0.000172502
0.000229428
0.000192564
0.000154522
0.000298642
0.000293529
0.000284501
0.000213540
0.000320629
0.000189417
0.000274926
0.000168370
0.000282013
0.000192823
0.000277284
0.000265101
0.000384916
0.000345629
0.000342303
0.000178578
0.000334795
0.000307223
0.000353978
0.000168647
0.000313320
0.000370744
0.000183051
0.000220382
0.000161051
0.000153499
0.000156655
0.000142103
0.000134537
0.000142483
0.000146566
0.000146257
0.000140255
0.000214284
0.000218362
0.000189912
0.000274507
0.000196547
0.000219016
0.000190108
0.000180145
0.000175218
0.000223694
0.000214930
0.000278577
0.000308778
0.000296477
0.000296769
0.000230281
0.000187460
0.000336049
0.000319960
0.000312972
0.000328883
0.000297935
0.000339586
0.000163596
0.000380396
0.000189522
0.000209542
0.000361809
0.000318264
0.000168830
0.000331930
0.000196914
0.000166011
0.000198375
0.000214797
0.000168364
0.000140113
0.000212849
0.000212252
0.000214680
0.000156759
0.000209412
0.000183165
0.000211810
0.000218019
0.000200583
0.000286479
0.000276156
0.000233678
0.000275722
0.000197521
0.000183005
0.000222340
0.000272998
0.000280731
0.000275508
0.000310251
0.000355215
0.000356675
0.000190989
0.000351380
0.000369236
0.000364116
0.000306665
0.000279149
0.000287805
0.000143053
0.000138107
0.000156104
0.000375768
0.000177867
0.000168298
0.000180015
0.000169837
0.000143844
0.000141953
0.000139902
0.000242813
0.000195304
0.000186281
0.000178282
0.000228412
0.000228186
0.000200532
0.000246838
0.000169734
0.000254712
0.000234669
0.000298984
0.000310650
0.000306069
0.000170459
0.000297741
0.000297474
0.000290823
0.000305567
0.000208701
0.000277455
0.000284264
0.000376760
0.000263894
0.000187750
0.000343108
0.000335576
0.000175139
0.000387996
0.000357554
0.000191697
0.000371773
0.000189110
0.000154334
0.000230708
0.000198793
0.000151512
0.000142626
0.000223331
0.000169921
0.000148214
0.000144879
0.000183486
0.000147855
0.000203273
0.000184958
0.000226195
0.000230215
0.000297924
0.000248561
0.000210955
0.000199106
0.000186885
0.000282881
0.000284150
0.000353084
0.000279322
0.000333614
0.000308557
0.000289477
0.000285554
0.000259036
0.000367614
0.000297573
0.000201346
0.000287006
0.000197871
0.000176367
0.000219392
0.000155571
0.000145862
0.000144801
0.000191803
0.000324921
0.000169170
0.000379168
0.000348631
0.000179872
0.000156496
0.000141541
0.000135802
0.000137357
0.000141477
0.000142113
0.000190531
0.000173724
0.000149191
0.000182249
0.000137276
0.000139801
0.000143544
0.000155128
0.000232058
0.000184487
0.000155836
0.000156620
0.000191253
0.000154843
0.000146571
0.000246185
0.000165152
0.000152264
0.000143939
0.000140168
0.000136304
0.000180715
0.000159226
0.000193320
0.000203487
0.000196971
0.000141937
0.000139434
0.000135440
0.000182706
0.000149090
0.000141413
0.000146883
0.000185723
0.000148000
0.000141365
0.000138831
0.000147192
0.000227287
0.000155602
0.000140095
0.000134109
0.000140365
0.000140330
0.000187333
0.000146350
0.000175025
0.000143174
0.000139566
0.000137259
0.000187595
0.000154265
0.000175601
0.000153983
0.000146792
0.000142838
0.000148928
0.000137984
0.000133238
0.000214684
0.000183489
0.000147186
0.000145791
0.000146692
0.000154058
0.000187999
0.000146671
0.000178290
0.000183063
0.000166011
0.000178052
0.000145728
0.000149464
0.000148535
0.000192032
0.000148368
0.000241959
0.000213948
0.000224231
0.000190501
0.000189676
0.000149157
0.000190326
0.000189332
0.000227265
0.000161719
0.000195718
0.000163627
0.000151110
0.000143940
0.000178145
0.000175391
