0.000147177
0.000134727
0.000130942
0.000183618
0.000180391
0.000149226
0.000175066
0.000141076
0.000139625
0.000131475
0.000202725
0.000169132
0.000176921
0.000142611
0.000174156
0.000145358
0.000176770
0.000144051
0.000143098
0.000138087
0.000122888
0.000180525
0.000149840
0.000178161
0.000178949
0.000152619
0.000147506
0.000134161
0.000175908
0.000168587
0.000143192
0.000130004
0.000214433
0.000148064
0.000180471
0.000154567
0.000187945
0.000170602
0.000146510
0.000134964
0.000137382
0.000142959
0.000140375
0.000184723
0.000174490
0.000144736
0.000132891
0.000135286
0.000129822
0.000201809
0.000162473
0.000149255
0.000139464
0.000132389
0.000185797
0.000163893
0.000164301
0.000149573
0.000143047
0.000222604
0.000186561
0.000172654
0.000160539
0.000140028
0.000138289
0.000139461
0.000183208
0.000136639
0.000183753
0.000153789
0.000139508
0.000182730
0.000139344
0.000133433
0.000135295
0.000141383
0.000128438
0.000186670
0.000139365
0.000132396
0.000127763
0.000141210
0.000223211
0.000150664
0.000204285
0.000138553
0.000196943
0.000154366
0.000176613
0.000141750
0.000131914
0.000135537
0.000187657
0.000147518
0.000178221
0.000158502
0.000146779
0.000134714
0.000136055
0.000135986
0.000133243
0.000211044
0.000147244
0.000131117
0.000137843
0.000144480
0.000181750
0.000137583
0.000137119
0.000181120
0.000229391
0.000141195
0.000182764
0.000153931
0.000218236
0.000147277
0.000178585
0.000184944
0.000150479
0.000147427
0.000136423
0.000131948
0.000127607
0.000173812
0.000149854
0.000145423
0.000128892
0.000125211
0.000121710
0.000124881
0.000144347
0.000190236
0.000145731
0.000176548
0.000159005
0.000147525
0.000152050
0.000146660
0.000180377
0.000175299
0.000218718
0.000242266
0.000193281
0.000151166
0.000184504
0.000141297
0.000141900
0.000230237
0.000183917
0.000151730
0.000141856
0.000144967
0.000146464
0.000187937
0.000213532
0.000174572
0.000151641
0.000152851
0.000139813
0.000137932
0.000135084
0.000175610
0.000179950
0.000187866
0.000185035
0.000141902
0.000137460
0.000132811
0.000234272
0.000182509
0.000173858
0.000172578
0.000213609
0.000179318
0.000173380
0.000145686
0.000175728
0.000171907
0.000150844
0.000176392
0.000143968
0.000129688
0.000131674
0.000126618
0.000129111
0.000188997
0.000184642
0.000144369
0.000169662
0.000142906
0.000193855
0.000185401
0.000150594
0.000136246
0.000132958
0.000178133
0.000139239
0.000188117
0.000144282
0.000179686
0.000167873
0.000156697
0.000146085
0.000143510
0.000122315
0.000129479
0.000126258
0.000221661
0.000192641
0.000179954
0.000166996
0.000166483
0.000178739
0.000149704
0.000146194
0.000222807
0.000146144
0.000138765
0.000141803
0.000141843
0.000215198
0.000174166
0.000187551
0.000158216
0.000178781
0.000142032
0.000225719
0.000150654
0.000189941
0.000195025
0.000149900
0.000139646
0.000173625
0.000169581
0.000223996
0.000156050
0.000138224
0.000236672
0.000201517
0.000165263
0.000192658
0.000144095
0.000137399
0.000223933
0.000152328
0.000139877
0.000159222
0.000184784
0.000178266
0.000154052
0.000188331
0.000226221
0.000190168
0.000160893
0.000195252
0.000173708
0.000150140
0.000178200
0.000143658
0.000142567
0.000138340
0.000133389
0.000127136
0.000182035
0.000180054
0.000174105
0.000146463
0.000176885
0.000142555
0.000140096
0.000139984
0.000132149
0.000137430
0.000134824
0.000226157
0.000196496
0.000259506
0.000159735
0.000152234
0.000192544
0.000187060
0.000147594
0.000179526
0.000145114
0.000212564
0.000187160
0.000151616
0.000145225
0.000221806
0.000154287
0.000149024
0.000140035
0.000134848
0.000144132
0.000184890
0.000147600
0.000224826
0.000183397
0.000177649
0.000225285
0.000149883
0.000158432
0.000147057
0.000183987
0.000151776
0.000177457
0.000172447
0.000146208
0.000238668
0.000152103
0.000137138
0.000138353
0.000191491
0.000177628
0.000149505
0.000140568
0.000193466
0.000184722
0.000145152
0.000138351
0.000177792
0.000144023
0.000138894
0.000184231
0.000149589
0.000146475
0.000187077
0.000148623
0.000183099
0.000144801
0.000179411
0.000175278
0.000145722
0.000165830
0.000198149
0.000144890
0.000175009
0.000168693
0.000236298
0.000189018
0.000232535
0.000186661
0.000193386
0.000255740
0.000151766
0.000140815
0.000131861
0.000211626
0.000157666
0.000134997
0.000135499
0.000127422
0.000125456
0.000195732
0.000202757
0.000229996
0.000215041
0.000196454
0.000207223
0.000152087
0.000147157
0.000134056
0.000181419
0.000147292
0.000233491
0.000183944
0.000218612
0.000168389
0.000225967
0.000164589
0.000143306
0.000277519
0.000160968
0.000198307
0.000173012
0.000129573
0.000231278
0.000299020
0.000228414
0.000181967
0.000155588
0.000152152
0.000187269
0.000221154
0.000184030
0.000179669
0.000156445
0.000141673
0.000141059
0.000198164
0.000150539
0.000218886
0.000155642
0.000192451
0.000139954
0.000205389
0.000147603
0.000250087
0.000171321
0.000288601
0.000251579
0.000218504
0.000194202
0.000156557
0.000135995
0.000181798
0.000180107
0.000178675
0.000147786
0.000136114
0.000170937
0.000143226
0.000190083
0.000171574
0.000162189
0.000138934
0.000177009
0.000174748
0.000177429
0.000151076
0.000171052
0.000166593
0.000148952
0.000147257
0.000138911
0.000131736
0.000177105
0.000139059
0.000138705
0.000188391
0.000144150
0.000135944
0.000177980
0.000171746
0.000237655
0.000203982
0.000150291
0.000212809
0.000180139
0.000231909
0.000154149
0.000182125
0.000272664
0.000214977
0.000179252
0.000152035
0.000138826
0.000183695
0.000148859
0.000176089
0.000148587
0.000177620
0.000143207
0.000211346
0.000191405
0.000144573
0.000154921
0.000178861
0.000171353
0.000145919
0.000137955
0.000222694
0.000144094
0.000143220
0.000230138
0.000147255
0.000243102
0.000161337
0.000155673
0.000147814
0.000154753
0.000136705
0.000137279
0.000137834
0.000141476
0.000180535
0.000259564
0.000152902
0.000187720
0.000184501
0.000155829
0.000141756
0.000140418
0.000133910
0.000212496
0.000218979
0.000159718
0.000156616
0.000317523
0.000202006
0.000157258
0.000201817
0.000150071
0.000182255
0.000178010
0.000174576
0.000167476
0.000148531
0.000145954
0.000178281
0.000147410
0.000183645
0.000225619
0.000161774
0.000226130
0.000227251
0.000209251
0.000192478
0.000157745
0.000151485
0.000183477
0.000140762
0.000179055
0.000176543
0.000175902
0.000171864
0.000148602
0.000214195
0.000182090
0.000148992
0.000145377
0.000237238
0.000150795
0.000146974
0.000140853
0.000191780
0.000143858
0.000173181
0.000170296
0.000153285
0.000171148
0.000212235
0.000175848
0.000185508
0.000215644
0.000150749
0.000186884
0.000151568
0.000182545
0.000148023
0.000127576
0.000221170
0.000258496
0.000163220
0.000195501
0.000218959
0.000196135
0.000154248
0.000217227
0.000178686
0.000164280
0.000192954
0.000142037
0.000139232
0.000133787
0.000187674
0.000215616
0.000155202
0.000221508
0.000186689
0.000146728
0.000135051
0.000135809
0.000226885
0.000150001
0.000193457
0.000217613
0.000157719
0.000147725
0.000134595
0.000145195
0.000141230
0.000135404
0.000133930
0.000174159
0.000137874
0.000174543
0.000181121
0.000175582
0.000169023
0.000160969
0.000166947
0.000225827
0.000282494
0.000212123
0.000181409
0.000166075
0.000143862
0.000182840
0.000177367
0.000135972
0.000227216
0.000190446
0.000179060
0.000140059
0.000225825
0.000191300
0.000178043
0.000155486
0.000144182
0.000257226
0.000160587
0.000182695
0.000220150
0.000178608
0.000206386
0.000154308
0.000231775
0.000185867
0.000256963
0.000186158
0.000222953
0.000161996
0.000187045
0.000146452
0.000182018
0.000212876
0.000151158
0.000248816
0.000230544
0.000196136
0.000176835
0.000172079
0.000154756
0.000183748
0.000152334
0.000184091
0.000175287
0.000170361
0.000163145
0.000145503
0.000185498
0.000226229
0.000158456
0.000182522
0.000149432
0.000181263
0.000232527
0.000144542
0.000141503
0.000183508
0.000235233
0.000149630
0.000183192
0.000148043
0.000184772
0.000155313
0.000210519
0.000180701
0.000144876
0.000140646
0.000226421
0.000192143
0.000212140
0.000147548
0.000141525
0.000196275
0.000190290
0.000147269
0.000138317
0.000180756
0.000174883
0.000147044
0.000125692
0.000129457
0.000182474
0.000140822
0.000135507
0.000127493
0.000130186
0.000174233
0.000134156
0.000135408
0.000131167
0.000131966
0.000174766
0.000137486
0.000131331
0.000178067
0.000150005
0.000133341
0.000129656
0.000137452
0.000184214
0.000147632
0.000141836
0.000140919
0.000133307
0.000139973
0.000127087
0.000129208
0.000135496
0.000133733
0.000177624
0.000164676
0.000157879
0.000134379
0.000176757
0.000144357
0.000140235
0.000128100
0.000134826
0.000125990
0.000172299
0.000145145
0.000136289
0.000132654
0.000170032
0.000133379
0.000171847
0.000145831
0.000180650
0.000139345
0.000135093
0.000122901
0.000127293
0.000133557
0.000126589
0.000127246
0.000140339
0.000125361
0.000172923
0.000141625
0.000136633
0.000176301
0.000145358
0.000130039
0.000118731
0.000132460
0.000133668
0.000126054
0.000136763
0.000187414
0.000172102
0.000148572
0.000178001
0.000205884
0.000172202
0.000175740
0.000145066
0.000135538
0.000140610
0.000177406
0.000150645
0.000168105
0.000159362
0.000179904
0.000139190
0.000130949
0.000175115
0.000198589
0.000137136
0.000170035
0.000135689
0.000225332
0.000155276
0.000139844
0.000128744
0.000133476
0.000164752
0.000173223
0.000173888
0.000193332
0.000167383
0.000131834
0.000174021
0.000127353
0.000179434
0.000166078
0.000140687
0.000133150
0.000174476
0.000201190
0.000134234
0.000188690
0.000180632
0.000143311
0.000181743
0.000135620
0.000185592
0.000169709
0.000147289
0.000201010
0.000137930
0.000164665
0.000161744
0.000221222
0.000199400
0.000145945
0.000144921
0.000133983
0.000127219
0.000141612
0.000142585
0.000180855
0.000182666
0.000151472
0.000134758
0.000172665
0.000130228
0.000140280
0.000181115
0.000151044
0.000136797
0.000175365
0.000139297
0.000178386
0.000133731
0.000130881
0.000169193
0.000214854
0.000182157
0.000164310
0.000140124
0.000133571
0.000138535
0.000148854
0.000128039
0.000143114
0.000222224
0.000145350
0.000181902
0.000140401
0.000179807
0.000151236
0.000145989
0.000172181
0.000136114
0.000142236
0.000129586
0.000175273
0.000137287
0.000191401
0.000148015
0.000174513
0.000136857
0.000132881
0.000217236
0.000157650
0.000194564
0.000149149
0.000216886
0.000144658
0.000134865
0.000132449
0.000209422
0.000153723
0.000134102
0.000172130
0.000134252
0.000141709
0.000146079
0.000137722
0.000191306
0.000165842
0.000140742
0.000178983
0.000151007
0.000227335
0.000173151
0.000165746
0.000162955
0.000136319
0.000137558
0.000217049
0.000153807
0.000136553
0.000173321
0.000163209
0.000136815
0.000144787
0.000182947
0.000148304
0.000148197
0.000178097
0.000154829
0.000138576
0.000137291
0.000186341
0.000147381
0.000172624
0.000134467
0.000205586
0.000149674
0.000204744
0.000179859
0.000147050
0.000134057
0.000127815
0.000173104
0.000151675
0.000192263
0.000129084
0.000214361
0.000127671
0.000167754
0.000215443
0.000145124
0.000189331
0.000170303
0.000161918
0.000143276
0.000144960
0.000189917
0.000136639
0.000141451
0.000141139
0.000132668
0.000127748
0.000210387
0.000143343
0.000186785
0.000166241
0.000162195
0.000136661
0.000166789
0.000180596
0.000135523
0.000166127
0.000152953
0.000138372
0.000143280
0.000135051
0.000175119
0.000132498
0.000176978
0.000143028
0.000131332
0.000169153
0.000207933
0.000150865
0.000140631
0.000132688
0.000132018
0.000168919
0.000140853
0.000131918
0.000138174
0.000185337
0.000232519
0.000183341
0.000148929
0.000151776
0.000141818
0.000183927
0.000135416
0.000180580
0.000168077
0.000160842
0.000182796
0.000141044
0.000143833
0.000137180
0.000176405
0.000165587
0.000145438
0.000136066
0.000187690
0.000144333
0.000139461
0.000150843
0.000184554
0.000165338
0.000135946
0.000177449
0.000150455
0.000147027
0.000141437
0.000215542
0.000139062
0.000139936
0.000193496
0.000136819
0.000133213
0.000136392
0.000126487
0.000128911
0.000138824
0.000128420
0.000217284
0.000146659
0.000130042
0.000161368
0.000181973
0.000176379
0.000164896
0.000159509
0.000142118
0.000178442
0.000189171
0.000171967
0.000139792
0.000177332
0.000216734
0.000151276
0.000208577
0.000150279
0.000195448
0.000140772
0.000222168
0.000260390
0.000211878
0.000197389
0.000185103
0.000130707
0.000130330
0.000178433
0.000138761
0.000184692
0.000144236
0.000130137
0.000134450
0.000129622
0.000139455
0.000133943
0.000168770
0.000141412
0.000198838
0.000173260
0.000180331
0.000223637
0.000185168
0.000187700
0.000186399
0.000173437
0.000163209
0.000145516
0.000215087
0.000153513
0.000206994
0.000141226
0.000134872
0.000187100
0.000145851
0.000132943
0.000204259
0.000241513
0.000168494
0.000169370
0.000152036
0.000185667
0.000138014
0.000131515
0.000123627
0.000169229
0.000172240
0.000169399
0.000136703
0.000189249
0.000232364
0.000188757
0.000222176
0.000193944
0.000256727
0.000222684
0.000205010
0.000238464
0.000183447
0.000155346
0.000120390
0.000129697
0.000125682
0.000128964
0.000120387
0.000127818
0.000121523
0.000127889
0.000120319
0.000128992
0.000126933
0.000160625
0.000158211
0.000156646
0.000156174
0.000188582
0.000182051
0.000163813
0.000157175
0.000157133
0.000169302
0.000175519
0.000231918
0.000228074
0.000143721
0.000213712
0.000146173
0.000234761
0.000285709
0.000155024
0.000232514
0.000148437
0.000134909
0.000143165
0.000136337
0.000125634
0.000177124
0.000165872
0.000145596
0.000133389
0.000125215
0.000125217
0.000173611
0.000166358
0.000173455
0.000174530
0.000209618
0.000209711
0.000175101
0.000149922
0.000179297
0.000225886
0.000183997
0.000217722
0.000180930
0.000140521
0.000127085
0.000128268
0.000172018
0.000145514
0.000253871
0.000151654
0.000288699
0.000152173
0.000157951
0.000150974
0.000169018
0.000170913
0.000138791
0.000166884
0.000159162
0.000151967
0.000183209
0.000155094
0.000139314
0.000167102
0.000168345
0.000215942
0.000146830
0.000179133
0.000215355
0.000193181
0.000184428
0.000186949
0.000132746
0.000253215
0.000205381
0.000140740
0.000133378
0.000134263
0.000127963
0.000133985
0.000135293
0.000130857
0.000134637
0.000181091
0.000132704
0.000177086
0.000143290
0.000176875
0.000165571
0.000207376
0.000168312
0.000173591
0.000177637
0.000206424
0.000173200
0.000161956
0.000155852
0.000175305
0.000140214
0.000139865
0.000130919
0.000217014
0.000149621
0.000261808
0.000220597
0.000155735
0.000157235
0.000217128
0.000151449
0.000132573
0.000169977
0.000146938
0.000142990
0.000202980
0.000170232
0.000139936
0.000175398
0.000164164
0.000175427
0.000139521
0.000146820
0.000176677
0.000136496
0.000130549
0.000170173
0.000178341
0.000218018
0.000170969
0.000137016
0.000132214
0.000142703
0.000173512
0.000173462
0.000169172
0.000138990
0.000136509
0.000127368
0.000166986
0.000171001
0.000184870
0.000142363
0.000203389
0.000136036
0.000139111
0.000130279
0.000138039
0.000131571
0.000178327
0.000171407
0.000171469
0.000144527
0.000131787
0.000131726
0.000147815
0.000220269
0.000212693
0.000187431
0.000179468
0.000188173
0.000219826
0.000176405
0.000168269
0.000176602
0.000167956
0.000141334
0.000129919
0.000132690
0.000262278
0.000149045
0.000136330
0.000138160
0.000135720
0.000132562
0.000211761
0.000188576
0.000143066
0.000169665
0.000165076
0.000160476
0.000174038
0.000170967
0.000157924
0.000155773
0.000139286
0.000149708
0.000186721
0.000231072
0.000219927
0.000186058
0.000149498
0.000216264
0.000262442
0.000161451
0.000186180
0.000208318
0.000197009
0.000179955
0.000132154
0.000134156
0.000125850
0.000130121
0.000123912
0.000126234
0.000126405
0.000175239
0.000141532
0.000132641
0.000134041
0.000172785
0.000160930
0.000172658
0.000169876
0.000162582
0.000158300
0.000155305
0.000211441
0.000176359
0.000163304
0.000139283
0.000219502
0.000138009
0.000137829
0.000133007
0.000128086
0.000224874
0.000211613
0.000267352
0.000185181
0.000218204
0.000154695
0.000171166
0.000132911
0.000127842
0.000183410
0.000174238
0.000163840
0.000159270
0.000141203
0.000139501
0.000138467
0.000128089
0.000152834
0.000226696
0.000183843
0.000163468
0.000216326
0.000214204
0.000175693
0.000171730
0.000168111
0.000225661
0.000208820
0.000130947
0.000138247
0.000127364
0.000122583
0.000120612
0.000278813
0.000162649
0.000151683
0.000138776
0.000123213
0.000134114
0.000155484
0.000150205
0.000164184
0.000169365
0.000160894
0.000159029
0.000138247
0.000183946
0.000180162
0.000163640
0.000156303
0.000218712
0.000210827
0.000206202
0.000258962
0.000181620
0.000208977
0.000207857
0.000146640
0.000126961
