8938262
1322636
12135485
2290072
15710039
7142794
15607890
12440235
12269350
7247056
12455855
9299467
9102812
15462930
9092723
9244941
9470176
9400631
7268638
9418898
1363559
9418712
7267710
12472881
2339888
783362
15900001
21683669
74311
39521022
22611817
13533835
8608507
40176620
12462496
65288109
14245104780
3147306984
78168253434
45589182902
77442257204
8692378786
46300998408
47429033765
5204383272
42844429
38255784199
62467337983
2421525591
6563761
24699
11449843
7460237
4465470
2772512
12161477
4112283
19762078
21539229
439224
25053
357626
221870
2064294
611442
5626290
4175245
19757933
21539229
439224
357626
611442
19757933
85655802
85848474
148606986
873912737
85655802
1099179
85848474
42999860
3427583
148606986
1375545659
107956101
873912737
5225101345
6563761
11449843
2772512
19762078
1280793208
2750795274
673980637
874096079
1280793208
1083325
2750795274
1447368448
7414290
673980637
2973450138
106315950
874096079
5225101345
1450232
75444
1233518
671848
6256328
1898200
18586077
12653978
65274415
65288109
96190
6495151
27928
527191
256060
282801
131477
1239662031031
4951041000693
1747555513080
6264234882185
153565265318
1450232
1233518
1898200
65274415
93249
6421542
27337
504993
234553
282801
131477
1162469436861
4889774554088
1704218736562
3120855022519
153565265318
24759464
24632295
38382407
394551782
1886685
38815067
58679
3052102
3812798
1709233
10608
24759464
455425
24632295
11441945
862553
38382407
377259329
28630840
394551782
1313736436
1946193
39259998
59949
3186269
4162410
1709233
10608
21683669
39521022
8608507
65288109
13058866421
3147306984
73300789469
45064610531
70486377338
8584815314
45152802539
45864728374
4917222633
33549870
19059112326
62467337983
2406392933
351184734
788255207
173888972
394634556
447069906407
7703350492
491188567035
9837464250
351184734
448843
788255207
364136243
1865396
173888972
815503140
26747502
1313736436
394634556
941991
1850578
1643092
1070629
1084687
630472
1745126
2835888
3090796
183426
2502
511
63230
1878038
51518
31997
501558
139149
807569
2835331
3138180
3090796
1183337
14195
207572
248
1371916
63230
51518
139149
2835331
1183337
13222
185262
248
1330206
183426
2502
511
10382473
10406444
28542401
105928329
244819701
2175002
183566
8892
49699199
10382473
70160662
10406444
5212409
703643
28542401
166732040
105928329
68554000
632371702
244819701
2335178
205671
8892
51257582
941991
1643092
630472
2835888
154999744
333391248
129449000
105950552
154999744
69140169
333391248
175168822
1519232
129449000
360416541
105950552
632371702
67408970
353162
9660333
300383
163623
2579146
732493
4526447
16159493
16411257
16162883
6875732
23430
1608049
6915
943019
128391
82335
16118
1204863
1226
70016
32550
332058
3008
7174244
2166635036
194642668
4072610080
274388389
1606048565
24111695
60351728
353162
300383
732493
16159493
6875732
22714
1589825
6768
122985
76687
1075368
1226
70016
32550
304167
6956126
2116774223
182522451
4022213739
267583965
800136780
24111695
53158910
943019
16118
3008
7861365
8232278
8912742
80204135
82304627
443747
7890292
19645
620471
855280
62719
6173
347479
1793
2909711
34525222
11024983845
12623997515
7861365
48739466
8232278
3620973
212631
8912742
54966559
80204135
21246796
191318978
82304627
457743
7980737
20070
647746
918267
70272
6173
347479
1793
3176515
35607805
11284678365
14332123646
8938262
1322636
2237371
14401811
7142794
14636001
12269350
7247056
11808120
8998071
14074046
8980206
9015680
9157831
9323467
6867578
7375587
1362409
7267710
11632489
6214015
12095834
12472881
2061016
778467
15900001
51110974
114848523
40285008
80220962
135592356
8672337
240781565
57203369
59051753
364247842
68709370
1303503294
75489888
1664622045
51110974
48030546
114848523
52995920
459702
40285008
118818538
191318978
20394042
80220962
135592356
8876615
240984752
60892496
61336042
413533440
15909321
2919932
1434590
1421195
3086115
16022770
2357235
2876453
16300364
2457381
15914636
15873957
3013424
9996193
10023180
10074662
10182145
10228821
2333568
14825
3115652
1474174
16322646
222834939
1230056
202681708
1142206
292949032206
1650887819
322077804780
1777862233
12200467792
158576436
1798723947
1071140204
1021489097
159632458
384467227
25041405
142292524
831038012
223636126
4051259175
7757581483
1130434271
826230278
52799
2796885
12025
102507
493978
121777
56615
81620192
80102147
148702030
1636047041
1057885425
508908021
148231553
374933012
25041405
51185
2765188
11770
93897
473178
121777
56615
11973552706
137140705
822980086
215589108
4051259175
7650812538
1122949436
824898475
394519
12142427
25273
885819
2077672
534695
1754
2364685005651
214246450260
406963
12281613
25820
967043
2169005
534695
1754
2599812499396
230724745807
2676780
1421195
15025048
2144046
15731514
14448155
2976134
4980124
10011704
2204810
11609
2893133
15917868
15784292
16322646
15613425
1206905
70255
2772309
16027917
2433554
9662519
10182145
10088040
1464413
16296335
16322646
2267498986
3059685708
76688021
2230636
1285544028
13499390
17024445002
3136348028
84255905
2848605
1528063756
592987952
2492962991
17313831801
3295014719
3136348028
93
1401
172
389653
102725
394326
464358
88186
8008
1948
1616
457278
394326
422362
78708
7459
1809
1616
443375
93
1401
172
376560
102725
58723979
57270
934701
45698
12620916
333580903
1429299
58723979
64166
1003536
45698
13016661
366749820
1539231
1734930
3689792
3627554
3600774
1649574
246516
47958
3737454
3748304
242399
31300
1752550
242204
1763054
3722290
1665881
114979
1697123
230367
1739220
741770
368292
110141
249877
252922
116274
504446
251111
802068
220859
1762846
3593234
1539146
101045
7573
523791
64290
1964114
3760217
3785406
3743835
1767044
3728360
24684
24879
24532
24572
24225
24879
24249
24572
3570087
95219
3525962
3570087
96330
3525962
3544073
3600774
1596067
236068
44972
3409307
1752550
234799
1743074
112544
1676122
1552295
710535
368292
234859
113391
251316
251111
734700
220859
1743130
1539146
89002
7573
487863
3760217
3615006
3621166
3737454
233622
28278
3679367
1649728
230367
106178
249474
3472494
61117
1964114
3760342
3692308
1767044
3728360
7611686
32330
2992077
798
7488
512021
131791
149
268772
47398
116235
13092307
33688
2992297
13734571
1260808860
250130643
220859932
11153786
2692665524
185489535
12771480
536306422
14447915
535001368
7611686
33350
3026375
816
8390
534529
131791
149
293417
47398
124795
13502833
35179
2992297
13734571
1303076025
252959778
220859932
11416514
536306422
2960405073
14616462
199756055
14499562
535001368
75979
77597
76352
77713
72370
72326
75450
79024
73503
72271
79617
77220
78764
78548
79619
75595
77152
76959
70680
76275
71268
74148
74470
75445
77423
74373
79783
78365
76488
77870
77217
78957
73144
79195
39781
78365
79851
70334
79351
79851
77437
62528
79851
79851
76381
66428
1800
79228
76393
71902
78801
78409
78909
78751
77167
79722
75910
76977
79851
79322
79851
79851
79851
595648
22160
5272183
5263978
5400581
27421
1055796
1037033
1044868
22744
930749
28307
1056687
25837
827452
4873024
23827
5735814
1056687
1048442
28536
1056687
28387
1056687
595648
22682
5448927
5792327
1046669
1048442
5787391
28869
5833313
29189
23175
29402
5815954
1056687
323557
419396
28505
251761
415975
260705
48452
75972
416932
246386
203103
253760
258257
201253
1048
552325
399590
405228
134395
106225
704085
154490484
152980625
29499259
156707706
155199381
10507672
119986218
29694322
87802915
17195521
141559
126398868
18344655
206394953
8089592
8000831
47635594
163329107
48276884
22929606
23762256
263105194
130934
8021
77062
15126
23718
75541
71084
161608
152118
144072
113019
126511
31690
190054
125911
78912
137550
81285
65406
345
160010
167183
44338
213119
232285
161608
152118
113019
190054
28184
119
864
794
23637
75478
8557
20606
6926
8420
79850
4086
37574
14421
350
4993
77340
45019
213075
232285
121
866
796
23642
8426
79859
14426
4998
213075
75485
6933
970820
1602618
941171
9424516
3384
182669
22395
23642
740760
81487
1587368
8212552
6110021
10238959
3545
182669
23358
23642
1225607
741373
464957
896065
373991
1643205
792861
62391
3506143
15523
1199773
18910210
1164228
9424516
56348935
8026
77068
15131
23723
101306
78920
65413
134511
213119
224516
16256321
425704
23723
14516472
7268393
30157441
9426493
235195
16256321
444015
23723
5693645
741988
3862240
1587368
8212552
6264990
6110021
1242631
1711080
10238959
24570504
26687578
134971
15901493
15298
38443669
40877281
1146540
9426493
56348935
201253
552325
399590
704085
64372
90278
423
2823
27819
263801
2545
75713
12385
113893
44782
253550
31090
1063
35968
17237
78997
255510
28911
136460
23217
69550
21996
333714
47421
714756
703937
704085
5069680727
14850287212
18172624915
445494784
3942020335
11267015860
1278343163
3663581574
426
2826
27821
150753
2547
75719
44785
17239
703937
17264
253340
5719
17851
19737
8948
2771
156379
6101
4943960189
14666522963
9053640038
445494784
3676807659
10536929996
1278343163
3435453779
280623
413926
270048
4254955
11916
596101
71658
75719
74157
1531319
45953
92639
102305
41527
2771
945239
3827
27495554447
74795216740
7558510967
3274337
11147233
3338533
8075699
14167696
14319091
12483
596101
74741
75719
389103
1467204
474981
210974
15695
905571
1532588
632024
6430
727871
344248
1284186
5186344
470094
308762
469537
420397
47223
2017139
3818
4254955
14167696
29478842738
79977649424
7558510967
28508
150178
245762
148983
48455
75977
92836
433275
704085
152712838
149186933
26875233
151539169
151616229
10507672
119492288
29326871
86145927
16246729
110850
62972182
206394953
7545337
7950832
43668816
158679341
45148614
23762256
239473030
193624544
246721879
244894987
259927705
3980317
1875266
8641777
4255848
797472
53105208
1363260
75977
5930271337
26367089316
104414826299
24460157
46183450
35014078430
262313272
114998607
1459689091
1174082638
835404
53105208
1421899
75977
1955749
6816004
6737064
6714195
33954
4102631
1533858
5244281
3274337
6336
11016240
11211067
11147233
11162565
8978601
3338533
8075699
2449408
2184183
288452
2144100
56652
14167696
14319091
1510234
4255848
6509287160
26476079501
106423209749
31236527
49514719
36040092725
280488510
114998607
1595392990
1603737095
21023
14491
20642
16099
20885
19934
18429
20902
25949
24425
23133
33727
31975
30516
35295
19329
19822
18064
18072
17424
19734
15848
19741
14869
22956
23154
23985
26142
1641
29990
29255
30576
33326
25949
24425
31975
30516
9394
979
504
4525
215
231
845
20814
19917
2218
21210
3308
7371
19329
1208
18286
2447
586
9125
3278
716
10801
11096
26528
97
29761
30569
33838
33326
4554295
6899084
9403
984
511
217
232
847
20819
1213
18293
3283
720
30577
19924
7378
19338
2455
10811
102
29769
33332
117674
307809
134511
1142360
6070
48936
23829
20819
159479
70756
52847
10712
3647
6111765
1207488
207947
1075853
1410351
1341315
6359
48936
24854
20819
160555
159611
98346
751987
117385
324739
199175
403843
96103
12801
673412
145426
10697
2292136
991344
3634
6158883
1142360
739305
6819671
1245351
14494
20648
16102
20891
18071
18079
14875
22963
30583
405449
4355381
453022
20891
1756762
1396013
3655025
1142600
424735
4355381
472509
20891
745873
159744
816933
741081
207947
1075853
820720
1485741
1410351
1341315
282841
2973486
2869992
3229883
27650
3054141
4659300
22931
4954799
976925
61356
6206364
1142600
6819671
726956
1245351
99456
48338
15677
21986
75759
1160
1147
6774
102551
4109
14234
101120
3016
6334
46953
17281
101479
12225
103043
78269
8759
62747
4197
19238
62226
136496
134511
500
17218
5445
82615
38097
11739
37497
176946
174268
176983
80107
3005
172971
174305
1022685
2109981
15694153
26157879
970243
15279761
8777251
2930471
5985976
89867
43743639
20968501
224939
8251025
1274233
2855292
12386841
739038
26696927
56331954
1161
1148
6775
97989
4110
98013
17282
4198
132817
174268
97670
42932
15679
75764
11854
5597
101395
5719
37715
503
8948
2771
42448
19737
6101
17851
40675
1485
171648
169005
997324
2109981
15499946
25098591
961653
15052412
8316241
2930471
2982226
89867
20454754
198130
8061144
1188504
2855292
11584192
693019
25805815
101306
96117
115050
864943
32477
242153
115633
101121
17264
890578
20781
511577
10808
3660
2532
8948
2771
192147
98610
647
70697
178533
2054681
838822
525671
111114815
194369543
4134317861
40046266
35734598
6663400
12657352
61649405
28707929072
34022
242153
120606
101121
79096
213535
926563
150806
158804
66761
3866
210281
512000
171200
1000122
171194
3653
115045
187105
755648
688670
2524
85458
15802
410042
452577
641
358749
864943
229131
397598
2070522
2063236
865125
764486
1624148
678654
2063236
2085284
2070427
115804428
196105680
4238156640
45464841
36576330
7144039
12657352
65920987
29699254466
99525
97227
91759
77775
101008
98760
98810
74558
77836
102284
77875
101305
97987
74987
100130
99849
100546
98012
99592
75907
74061
79540
14692
78381
78377
100662
100050
100465
14678
125447
127446
127516
67013
131215
134510
130444
132816
134511
24653
22226
7879
8395
154720
157191
156068
126188
160792
165746
159602
169399
166588
171470
160358
171470
579290
434444
525671
1259104
865125
5903262
133039
4796639
36168985
5010004
4824234
35232843
137024
35194169
106963
5117138
945231
6476029
6463327
547754
224562
8441588
231818
34785
1429920
14061
55060324
277355
223087
58689264
10717277
241941
271635
397562
991992
964002
980503
981348
977175
8365
950460
512425
1232357
985618
764486
7831
1605062
1633448
1624148
1626382
1308179
678654
42623
8250
2063236
2085284
2086484
2070427
2067821
1665364
219934
865125
6479640
170365
5024795
36168985
5030713
5031743
35777603
141854
35871117
111478
6534774
946029
6533874
6532008
547754
239044
240785
8653610
35604
1623400
15075
290456
241941
303140
304725
61020930
60715887
11031325
32708
11599
37387
36612
39865
34736
36909
5096
9171
9597
59621
56120
55002
53151
63615
42085
43887
40948
13598
135
62559
65363
71242
32708
59621
56120
55002
11560
419
40080
4181
36878
75
2004
504
7602
13693
19454
9676
41434
13807
137
1952
4371
65350
30237
2116
71242
995567
5468
905528
5077
36885
2008
279869
19737
1003931186
5629718
175688
280101
83693
255623
449051
1333482
452833
2282046
2231884
24780
1804724
273290
4750
367106
660042
2262151
5671635
321380
13155979
1103754978
6062716
1333482
278081
1423257
280333
373434
452833
2282046
2231884
1740871
2083565
53193
8121741
267686
4680
11441077
9709191
12165335
2262626
13155979
10522191
159964
36693
168970
176502
83711
141642
297487
303187
637289
994229
18010879
34488256
34367393
4229744
5025626
3702422
3673212
55411593
76968
51220
1895
39220
177585
178672
21015
171363
372
11574
54627
542
9294
2234
19744
60320
20276
9006
9462
29949
9472
143701
65263
20420
307782
303123
43364
140257
303187
8036226
4541283
15684971
2208714
709685
4923567
250598
718185
1709244
55649374
111327
372290
365365
18411
165297
41805
66172
277759
614216
958454
18010879
34013589
34203759
3930804
4992350
3666522
3667291
54199614
7309428
2262477
14629712
2065592
659000
4862641
250598
673464
1666857
111327
171222
11577
9297
5719
17264
8948
2771
67338
6101
54614358
59478
250249
290575
808759
21522
23728
9609
50481
12990
2771
295696
633
8103733972
81741706
10955212
730605240
1107090
292641
542245
621978
4328
316279
174408
809429
109215
47845
2564
108901
152203
264876
125290
145077
188718
131512
20334
631017
394078
627
1331067
261842
1079755
2261952
1288204
1143302
2261952
2286123
2266741
1331347
8909511762
87637837
11714280
786798139
1107090
46781
37206
155892
85996
48227
164064
166852
172881
169989
48366
175825
24798
174199
175173
38072
150638
21075
200
49958
49015
1224
53135
25456
25287
42111
256542
207425
264307
262350
278455
280698
281404
275351
274869
272562
278615
277147
275694
281859
281859
276616
10252352
42870274
227838
8510379
63756
5849164
10036
13766087
2453903
61317
27951
354786
285367
14052916
76700800
14111005
1288204
1341800
9145
1143302
766242
1430545
1144106
1412858
810100
348499
46024
2527
342947
9044
2240104
2261952
1819453
2279722
2286123
2266741
2269859
1809116
1825759
241117
1331347
11271773
43694869
244272
8759758
68174
6952618
12816
14824875
2693496
27951
387769
389797
78004584
14111005
10405
9794
10058
9599
545
90
168
9816
5261
10577
1178
2318
122
9425
1326
148
2389
11064
11259
11088
11162
583
11265
9914
304
2389
4586
1380
681
690
10306
10183
4712
329
657
11216
5131
11272
11265
11102
551
93
172
9823
5266
10581
2322
11395
9920
4593
1385
698
663
11222
11110
11110
66414
19737
1466006
3342
22711
5366
306637
7312
1715052
66406
40922
80026
36875
66423
274499
65325
294060
302398
287710
1477308
47077
371808
3334
173550
85612
290097
714508
41213
18734
5284
178481
320919
1635666
316252
7874
1885585
66461
295759
318563
65325
294060
302398
287710
224414
268306
268484
69701
1488697
1422578
1600168
7000
1164987
1207236
1512632
290158
1635666
1308210
11195
174357
316252
599
602
605
596
609
606
597
597
18408
597
18038
18227
18408
597
18038
17027
5718
5597
40817
4586
37714
18410
17263
5718
2607
18605
6000
689
8948
42705
2770
41398
38745
1113
2579
42447
6061
19736
5706
41447
87066
2754
42319
6105
6101
17850
90313
5366
83242
91519
42350
5753
91639
90509
89579
84367
37395
2162
41804
88447
90265
88613
46734
84576
184
40673
87979
87374
5812
11296
11853
1484
47719
89891
91358
42104
91361
89708
90526
40166
41880
42932
87829
89539
88957
90584
5719
437
18411
17264
8948
643
72864
19737
178162
71602
54
17851
5366
327520
41805
67701
11854
190020
318089
2765337
74036
2737086
72914
5813
333694
6886189
2728900
1279677
1129927
2672529
1412114
3039
78794
14802
32474
948971
6893068
13843907
65339
58304
57827
1265449
1011212
12469
430
41357
65269
10264
4533
5897
32406
635
42162
155492
41798
33153
185361
153264
51
33132
19433
327792
603
327995
72995
20652
23166
22028
150773
21577
191485
88964
332906
156178
190812
328064
3039
79498
15828
34816
1021959
7131095
15220447
2765337
74180
59677
2751891
60268
1297233
74900
2737086
154662
186864
12922
330867
190812
192851
191216
191477
154016
328064
7117041
2759143
1294151
1129927
2779146
1412114
941
34789
34789
173641
174161
874
177801
902
703
900
31694
730
187906
188259
791
745
34407
185085
162243
722
34645
731
34759
34481
33354
185302
33454
34141
33798
34399
187487
189096
748
33209
191218
763
30642
33936
34423
20179
931
27241
856
34789
34789
