9577474
1826534
12500488
3020270
15729035
7929997
15637101
12782229
12624246
8031198
12796670
9923187
9737533
15506637
9725403
9877847
10084688
10020822
8052686
10037597
1877258
10037427
8051814
12812411
3079270
1090255
15900001
53221585
809273
88027500
55247692
35333707
23994452
89339550
36797451
137259985
20587515417
6791641238
78314549652
48919011743
77661153045
13223139102
49633526096
50648917260
9181585441
138923100
41794602081
64183725746
4106641737
37424012
2251980
60365453
41964335
26820567
18105435
63702965
28789239
98056524
105921960
5995340
2281933
7732606
5318663
13840407
5403694
32893006
29187498
98038013
105921960
5995340
7732606
5403694
98038013
1079385453
1706112896
1206194356
4336317355
1079385453
306040808
1706112896
952271883
48782860
1206194356
7383740633
804663242
4336317355
23595477093
37424012
60365453
18105435
98056524
6738181185
13319876461
4041632960
4337136098
6738181185
236893247
13319876461
7513792810
93189133
4041632960
14299920713
793318752
4337136098
23595477093
9010372
819829
10282665
6837918
18789506
8205421
46165519
38847760
137234089
137259985
2585081
41823302
1588049
6110623
3386626
5088121
3316546
6112156422605
8408270319580
6851578849316
11210666064944
776504600074
9010372
10282665
8205421
137234089
2513942
41396720
1590865
5879048
3148847
5088121
3316546
5769617989885
8314627313988
6698660784483
6147726324293
776504600074
305896774
491295680
316058639
1442746978
114761621
386201981
11313040
55748446
101799323
50442712
912963
305896774
22497412
491295680
249814350
7631588
316058639
2046539277
203215123
1442746978
6042389628
118009103
390181689
11012040
57944368
110123957
50442712
912963
53221585
88027500
23994452
137259985
19044562184
6791641238
73925633329
48412413372
71383166022
13075872846
48525772259
49145463969
8725636902
111799247
22919403177
64183725746
4083544741
1909593912
3834828998
1059027516
1443019384
1869389330308
26232915571
2033797868207
32597338835
1909593912
22202166
3834828998
1971131691
14618697
1059027516
3959964787
191939354
6042389628
1443019384
5369297
9632596
8661007
6020713
6091923
3888742
9139784
14068253
15125586
2547892
186099
161849
860256
9760400
1109799
760759
3143882
1160602
4719416
14065807
15374230
15125586
12663818
421140
2825508
46023
14459322
860256
1109799
1160602
14065807
12663818
395141
2552199
46023
14063676
2547892
186099
154660
130833998
206800612
218874911
525611807
2532553097
63022329
5589121
1926686
552341336
130833998
364726227
206800612
115426463
8824300
218874911
894994748
525611807
358513637
2860044676
2532553097
67168895
6187646
1926686
567880056
5369297
8661007
3888742
14068253
816745478
1614523055
733390976
525711048
816745478
359944791
1614523055
910758576
16260153
733390976
1733315751
525711048
2860044676
352561757
2740890
12483842
2446281
1413997
8778630
4417211
11913016
15900001
16119902
15900001
26228734
450337
7582802
257706
4809212
1137129
860757
352675
5963658
66205
897331
574658
2313431
143932
27249988
3210604772
879236356
4860173119
1000431870
2682293144
111700523
330519484
2740890
2446281
4417211
15900001
26228734
437944
7505461
256907
1094035
815317
5439176
66205
897331
574658
2147463
26504355
3144107634
829962053
4806045314
978103571
1470921003
111700523
295066812
4809212
352675
137539
45063976
73099608
70401789
242022904
830026563
16862976
65482274
1635565
9402519
20947495
1034092
591826
8370605
118352
55017509
230969760
87818024297
77246660746
45063976
155759536
73099608
42403756
1574681
70401789
304305162
242022904
107060869
899344672
830026563
17340159
66157051
1594344
9772883
22325739
1144830
591826
8370605
118352
59516563
237467507
89675354896
86527950160
9577474
1826534
2957715
14550206
7929997
14760764
12624246
8031198
12197758
9636693
14253109
9617091
9657387
9785336
9946793
7652798
8077820
1875833
8051814
12035469
7026094
12463831
12812411
2748977
1084123
15900001
280955472
570699483
235897467
242068582
256236177
59777542
422950105
230177518
237595727
557098295
272710754
1431792781
296695045
1779163063
280955472
153718304
570699483
290003973
3017401
235897467
589340811
899344672
102771950
242068582
256236177
61041823
423271298
244240647
245036482
624034399
15950653
3881030
2138798
2120145
4055950
16052758
3263330
3837576
16302593
3375638
15955437
15918826
3970051
10611007
10635528
10682307
10779969
10822380
3238553
25016
4090854
2192943
16322646
7159745525
232569355
6576969759
217620322
10903948728848
379534252565
11870131834094
405605669697
12213652022
520775045
2770099023
1682224900
1759048831
509628959
1198418702
82083933
474761086
1419772525
752022246
4681422422
8216341978
2049053467
1872937690
584459
8574093
255234
818283
2320285
944267
610401
1937333242
1904904230
491589688
2544623610
1663489941
964630535
476871160
1171671601
82083933
568376
8486692
253248
760598
2232353
944267
610401
12009207753
459290880
1407382743
727668474
4681422422
8114567326
2036842988
1870220595
23292980
84625534
1766354
17288856
23521962
10645640
118772
3470000085555
665953492911
23952116
85497577
1756201
18702651
24448488
10645640
118772
3777471767717
711699960291
3590162
2120145
15153127
2997708
15790204
14631977
3925836
5818884
10622226
3077730
20131
3827903
15958346
15838127
16322646
15683655
1833293
488695
3712528
16057356
3346180
10291103
10779969
10688325
2179875
16298966
16322646
3293069739
4009037777
284951262
5397832
2276731264
101279221
15658680599
3136348028
310012077
6707412
2656131585
840571472
3584863879
15897828089
4284431356
3136348028
31096
97617
42715
3765963
1234660
3800535
4393051
1075871
215747
117259
114942
4323090
3800535
4197323
971803
202428
109722
114942
4204798
28394
97617
40818
3800425
1234660
612823710
1376896
25159356
3347716
138234509
6926266694
202379477
612823710
1524344
26814721
3347716
142123386
7539993155
216281569
1918407
3693779
3637592
3613463
1832262
401884
96475
3736572
3746327
396616
62868
1934733
396531
1944543
3722897
1854493
208989
1879863
380902
1922723
963111
552367
200839
406803
410846
211097
708797
408442
1025730
368279
1944617
3606747
1736890
185625
15206
730155
124148
2130428
3757031
3779701
3742288
1948507
3728360
272979
274904
271377
271776
268409
274904
268561
271776
97580393
11880669
96469752
97580393
12005261
96469752
3562251
3613463
1778773
386555
91068
3441390
1934733
385619
1924709
205005
1858927
1736739
926612
552367
384438
206385
388691
408442
948192
368279
1925043
1736890
165714
15206
685080
3757031
3626342
3631949
3736572
383692
57406
3684260
1838309
380902
194335
406213
3497672
118634
2130428
3757178
3695933
1948507
3728360
84691908
2131429
15285122
147607
102891
4195406
1879316
9031
5596883
1086859
3369358
54080006
2147764
15300507
58507661
1299993870
278333821
252274076
45375772
2495586621
388830189
44484054
536179794
53331951
535001368
84691908
2191744
15442631
150475
113910
4360662
1879316
9031
6054568
1086859
3591046
55601353
2232934
15300507
58507661
1339085538
281163937
252274076
46335459
536179794
2716716938
53891244
415540174
49828873
535001368
75979
77597
76532
77713
72613
72983
75784
79024
73991
72990
79617
77463
78854
78548
79619
76009
77319
77048
71378
76370
72127
74718
75008
75885
77666
74921
79790
78514
76824
78068
77480
79047
73814
79261
43408
78514
79851
71285
79401
79851
77678
64260
79851
79851
76526
67681
4058
79228
76680
72671
78893
78542
78986
78861
77436
79735
76304
77265
79851
79375
79851
79851
79851
638431
44016
4889781
4883692
4996783
53740
1055885
1038999
1046050
45058
943343
55275
1056687
50935
850375
4563166
126232
5275665
1056687
1049267
55655
1056687
55415
1056687
638431
44947
5036820
5323584
1047671
1049267
5316428
56239
5356238
56821
45825
57210
5340028
1056687
346171
439428
41185
280747
436099
289392
65649
97968
437030
275395
230113
282616
287019
228312
2255
564561
427657
432957
163723
132732
704085
165261761
163897279
43860938
167265497
165902402
20557933
133955098
44105569
101055900
29287364
350377
138081233
32878134
212061483
11811437
11701427
67293335
173296987
67913777
39945383
40972002
263105194
139821
18214
87948
26459
36724
86354
81731
167161
158385
150945
122894
135841
49756
193030
135843
90207
147023
92897
77642
6278
166689
173321
63133
215036
232285
167161
158385
122894
193030
41070
1530
6290
3897
36611
86290
17028
34525
14763
21760
91171
18633
47938
23171
6362
21350
89494
64006
214995
232285
1531
6292
3898
36627
21762
91172
23173
21352
214995
86290
14765
3917999
5172599
4711147
9509467
390587
10551711
991227
1414567
847569
731921
1641909
7851379
6100192
9548952
407229
10551711
1029436
1456128
1647682
847569
849412
1385094
731921
3917999
3336324
168968
5172599
853447
4711147
20089540
1764612
9509467
51744467
18215
87948
26460
36740
135843
90207
77642
166689
215036
4609450
133484623
6438474
1418923
24458538
17331990
36780630
9511263
4805843
133484623
6686656
1460610
5609458
848201
4076914
1641909
7851379
6055725
6100192
1334275
2466761
9548952
24458538
26324885
322777
17331990
660616
36780630
38906951
1739734
9511263
51744467
228312
564561
427657
704085
91509
123130
2217
7935
48903
292486
7608
97668
26138
142386
65888
282405
50854
2285
61658
34878
113666
291208
46230
171017
37975
105651
43393
370417
78617
713689
703952
704085
18079533084
25042841581
32422552287
1803405677
7606968234
21932709679
6766853022
14433935174
2219
7935
48904
257900
7610
97673
65889
34879
703952
81524
282407
44815
43677
37976
81394
29891
369224
57740
17676022116
24763939159
17779940731
1803405677
7146362299
20653623421
6766853022
13625026306
1110357
1390771
1392012
4255044
561871
13071895
1913573
1071551
583416
1739681
1748564
878616
954496
689290
199723
2241010
12889
331545464444
664707446754
219218912018
3732938
10995660
3430265
8341554
13602120
13746124
585810
13071895
1987335
1103671
597815
2057132
1110357
875234
26431
1390771
1739681
1190024
62736
1748564
1392012
2032763
5716895
878616
455284
954496
743244
199723
2241010
12888
4255044
13602120
352914631347
705873015786
219218912018
41185
252571
389913
255172
65650
97974
187415
545859
704085
163550334
160239311
40349561
162300418
162455170
20557933
133458808
43614365
99339516
27832982
281968
75721248
212061483
11096249
11635614
62249964
168856802
63953136
40972002
241836246
200572609
248360211
246716007
260245454
6931525
4660102
10867646
4255848
5400161
148646140
7016751
1074842
9103484047
29523561295
110625754566
82726536
406543151
37261922029
1555744936
1001938745
5860835307
4849549208
5630244
148646140
7287224
1107046
2166745
7003412
6931525
6905941
50633
4660102
1740978
5711744
3732938
61914
10867646
11058044
10995660
11010644
8876326
3430265
8341554
2630052
2992424
423698
3216894
79078
13602120
13746124
1557825
4255848
9895704853
29633349824
112537141754
102796996
432746159
38241745245
1652092774
1001938745
6361494681
6376282436
22450
16401
22082
18018
22326
21409
19962
22341
26840
25431
24237
33884
32307
30994
35295
20729
21172
19489
19496
18873
21093
17349
21099
16676
23914
24097
24866
26861
4281
30324
29662
30851
33326
26840
25431
32307
30994
11148
2699
3117
6594
1258
1441
2625
22258
21393
4159
22637
5543
10053
20729
3122
19704
4273
2663
10888
4976
3063
12526
12839
27217
656
30115
30845
33786
33326
62180690
87282809
11149
2700
3118
1260
1442
2627
22265
3122
19706
4977
3064
30846
21394
10054
20729
4275
12527
658
30115
33326
474906
938615
571045
1152657
323120
2421110
666780
752333
171443
406656
650505
26103
27559
5730438
1245351
215092
1028539
1308382
1250923
336887
2421110
692482
773641
215848
171443
169262
740480
181448
406656
474906
650505
404401
30563
938615
571045
26102
2435084
1017101
27559
5730438
1152657
786214
6272027
1245351
16402
22083
18019
22334
19489
19496
16676
23915
30851
4120955
33064567
4379434
754412
2964657
3145046
4458237
1152875
4296535
33064567
4548247
775764
734845
171571
812407
730801
215092
1028539
793306
1370534
1308382
1250923
282841
2964657
2872756
3190880
56318
3145046
4458237
51612
4715972
1003768
179755
5770167
1152875
6272027
773161
1245351
99456
53429
19770
27398
76065
2096
2110
9947
102431
6348
18910
101155
4952
9383
52086
21424
101488
16537
102893
78269
12710
69499
6753
25192
69005
136297
134511
945
23260
8589
90963
46597
16690
45963
176682
174272
176715
88576
4998
173104
174305
2868636
4582025
18640166
29053060
2736709
18242046
12438076
6174641
9612816
279160
44994610
23923276
897263
11045970
2026469
6257714
16547513
2234349
29651306
56338616
2098
2112
9949
98325
6350
98358
21426
6755
132987
171470
99457
53430
19771
76067
14613
6470
101489
7779
69500
947
14766
4652
90279
36952
9847
34882
86491
2563
173105
174305
2804612
4582025
18432570
27994181
2714903
17997763
11850116
6174641
5271494
279160
23395748
801019
10817189
1903765
6257714
15582484
2109131
28760554
163575
306847
205145
864962
531747
3517237
1598310
519443
110313
1005197
231416
541965
257380
5028
9172
121268
28874
455551
595851
1615
475625
444351
2012223
865125
692795
601702497
742829808
4731261715
234702121
271435883
72949016
174555685
364647892
29392408429
554403
3517237
1659919
535863
117547
302666
1005197
163575
231416
151099
5453
306847
541964
266507
1038302
257380
5027
205145
299021
841510
705664
9171
141107
28874
455550
595851
1614
475625
864961
234782
444350
2012223
2003746
865125
828531
1620515
696413
2003746
2025016
2010683
624461867
748796036
4837942394
262901894
277176688
77650814
174555685
387230666
30302730250
99641
97474
92655
79957
101008
99097
99044
74913
77836
102284
77907
101305
98323
75310
100255
100003
100630
98357
99783
76227
74494
81743
14693
78381
78377
100752
100201
100572
14678
126354
128152
128215
73763
131544
134511
130851
132985
134511
24711
22527
7936
8400
156395
158618
157608
130716
161860
166318
160788
169606
167076
171470
161470
171470
1019824
1028162
692795
1601598
865125
6379177
480212
5388686
35454799
5602836
5415846
34639279
519442
34607134
422440
5620438
1564584
6927572
6915463
972554
749318
8695319
772297
189339
2078299
91850
51096899
902613
746331
54072727
10748682
851836
899033
433786
1030412
1041604
1019824
1020665
1016040
10450
1028162
542368
1279153
1024731
828531
9671
1601598
1629733
1620515
1622729
1307341
696413
69067
9863
2003746
2025016
2026174
2010683
2008169
1619903
225377
865125
6934318
598160
5618280
35454799
5623671
5624609
35120560
535863
35205075
438419
6984024
1565773
6983212
6981530
972554
793896
797690
8891381
193344
2328009
97770
954711
851836
979015
981996
56021969
55747431
11031325
35566
16801
39965
39313
42240
37330
39475
8862
14399
14999
60020
56816
55752
53989
63615
45001
46566
43780
19362
1596
63378
65951
71242
35566
60020
56816
55752
16749
1982
42445
7785
39446
632
4272
2034
12349
18685
23222
13897
44248
19630
1776
7528
10564
65939
34054
8264
71242
18468492
526118
17113992
492300
39446
4273
299602
163792
34684548241
1193503938
300283
299602
163792
384563
577223
1360903
455866
2173128
2130259
53313
2393942
410868
174727
1376881
1460713
2282542
5884181
1241043
12189458
37757895829
1275489527
1360903
298590
1436840
299825
550744
455866
2173128
2130259
1674237
1965131
102344
7984125
403302
170096
10749515
9115819
11371388
2282973
12189458
9792309
159963
42409
169324
176502
90721
151198
298057
303187
1733445
2229270
20789256
36514521
36405478
6986639
7878954
5799873
7032109
55351149
85922
51238
2888
47908
177489
178462
27367
171378
753
14171
54545
542
11362
3309
23989
68149
24579
11405
11964
35308
11976
153235
73337
24739
307322
303129
50187
149826
303187
11295430
7409604
18558061
3975210
1873213
7350757
949606
1515369
3606502
55565153
234901
4484842
4409770
26930
169326
81395
123474
295773
1676960
2157077
20789256
36062220
36249474
6542232
7832002
5749260
7021907
54261558
10376025
4063292
17434361
3743381
1752807
7268892
949606
1430444
3526010
234901
171379
14172
11363
9686
37729
15782
4349
125207
10218
54635048
410213
619688
666021
852889
148300
161983
347957
290936
158492
31183
674265
1621
11768938403
371836110
85033149
2225944660
25930934
410213
619688
687697
5582
446642
308812
852887
148300
68919
11736
161983
347957
343804
282227
222032
277343
202260
31183
696139
519285
1620
1331095
405404
1140582
2186213
1339910
1173142
2186213
2209394
2190806
1331347
12811766990
395802138
90299282
2378851891
25930934
47206
37576
156192
94658
48408
165248
167474
172990
170487
48701
175824
24798
174443
175257
38294
151784
21473
206
50342
49493
4623
53201
25456
25304
42152
259074
214869
266063
264301
278795
280814
281450
276002
275568
273492
278940
277619
276310
281859
281859
277140
14161353
42491695
658118
9056730
248266
9382027
22742
17626923
3429203
449136
144177
969133
799591
14058725
70537934
14111005
1339910
1384516
10623
1173142
812195
1463444
1173842
1449386
853523
480494
66153
11439
517940
10086
2165260
2186213
1761834
2203255
2209394
2190806
2193796
1751920
1767882
243399
1331347
15416170
43225864
700536
9294882
263641
10945472
28259
18837773
3727626
144177
1048880
1054366
71615226
14111005
10405
9794
10058
9599
1374
634
810
9853
5845
10578
2039
3147
433
9436
2121
495
3261
11067
11244
11090
11156
1355
11249
9922
1070
3234
5111
2224
1631
1640
10294
10184
5259
1173
1702
11205
5728
11255
11249
11102
1375
635
810
9855
5845
10579
3149
11362
9922
5113
2225
1641
1703
11205
11102
11102
66735
100213
1386643
6430
261453
48485
316252
682213
25432861
66735
65893
100213
55476
83622
264956
65762
287594
294877
281916
1386643
179916
466106
6429
261453
190907
292712
753829
162250
48485
9491
188513
320453
1517523
316252
729077
27686430
66785
289261
308880
65762
287594
294877
281916
221275
259452
259623
69701
1396257
1338369
1488035
12234
1099520
1134881
1415803
292768
1517523
1218993
18313
184009
316252
598
601
604
596
607
604
596
596
324122
39243
318183
321288
324122
39654
318183
17121
5736
5597
40879
4586
38168
18544
17339
5739
2610
18734
6000
696
8948
42705
2776
41536
39024
1120
2589
42496
6062
19742
5750
41590
87066
2761
42319
6720
6101
18013
90340
5366
83983
91425
42398
5753
91534
90509
89682
84660
37395
2191
41917
88665
90299
88624
46734
85006
184
40769
88186
87697
5838
11382
11940
1492
47719
89891
91280
42157
91284
89796
90532
40206
41985
42932
88105
89643
89120
90584
30370
480
56184
56779
28834
2605
151828
56742
186110
149882
123
45221
18166
327820
81097
146322
34777
191633
328064
2762512
198487
2737086
151391
30915
333129
7051931
2729741
1423844
1289977
2679130
1544611
23252
202549
54262
99186
1730009
7056842
12824315
171655
164555
163382
1409328
857061
30370
479
56184
79430
24586
19341
24204
44429
2605
57067
168863
56742
45239
186110
166736
122
45221
29339
327819
673
328002
81097
20621
40094
35227
164356
34777
191633
99299
332421
155952
190812
328064
23252
204176
57623
105579
1848849
7275402
13960659
2762512
192279
168035
2750411
169562
1441106
200568
2737086
168071
187462
30915
330586
190812
192851
191216
191477
154016
328064
7263987
2756937
1438322
1289977
2774940
1544611
942
34789
34789
161142
161499
883
164507
909
728
906
32003
732
172808
173251
3467
747
34445
170526
151755
742
34660
734
34762
34511
33497
170709
33587
34206
33897
34438
172483
173902
750
33367
175575
763
31057
34021
34459
20180
934
27996
862
34789
34789
