15146165
2180128
12179400
2224594
15694707
12193550
15605501
12510951
12341561
12391523
12532164
15811972
15466465
15464921
15461395
15707405
16094821
15977243
12428465
16009790
2254671
16009419
12427074
12547249
2276277
759160
15900001
145007239
766006
90711102
150441619
157704598
97072025
92222915
48537952
147605543
24564865977
9098973462
78156286463
77459960695
77452229680
25410144530
78666650184
80606926727
14387528902
135124327
65614818199
62839789344
3991161373
92949204
252944
56973123
106014960
108310616
67772241
60518925
34758279
97182587
105921960
6154210
256516
1750888
3095154
49831683
14797308
27838946
35292408
97156839
105921960
6154210
1750888
14797308
97156839
2038921877
715631911
6113603124
4297342125
2038921877
11333853
715631911
1017789925
139954184
6113603124
11586645108
1524088935
4297342125
43742811569
92949204
56973123
67772241
97182587
30797682059
23293137274
28000537235
4298480997
30797682059
11172891
23293137274
34869698412
304194495
28000537235
25188141315
1501022789
4298480997
43742811569
13279535
777183
5629721
8355672
72556928
21361888
42422907
52036347
147566435
147605543
562266
38221746
161020
5096189
2565708
1602590
757269
1233207013496
14412106514935
2931307261589
10705597172204
168753562661
13279535
5629721
21361888
147566435
544711
37789529
157701
5060638
2350335
1602590
757269
1157425563293
14235908907697
2859632891845
5363285159897
168753562661
785363815
282662946
2171057549
1616115063
46798525
347311974
1391624
46838036
161890590
14726358
266578
785363815
4695024
282662946
358639798
49327001
2171057549
4449219644
526918051
1616115063
15104156901
48306725
351284340
1420906
46964120
176725448
14726358
266578
145007239
90711102
97072025
147605543
22476623929
9098973462
73353526938
76589796722
70464722883
25099488579
76743145731
78008315326
13593315899
105690177
32871681519
62839789344
3967011507
11855962617
9187377706
9943527003
1616543363
770621489921
24267410222
847038776163
31025754326
11855962617
4628438
9187377706
12282083454
107377632
9943527003
9508589635
518151542
15104156901
1616543363
13335601
9186341
8174323
15209998
15406532
9061490
8683116
13942819
15196656
3391698
46002
3857
883380
9318534
251697
444316
7088751
1978774
3994093
13939317
15430182
15196656
12878324
261131
2249868
2552
14952258
883380
251697
1978774
13939317
12878324
243413
2035559
2552
14508417
3391698
46002
3667
247140909
86742863
690600349
520887559
4611994462
69005676
3397829
94408
551023207
247140909
348216042
86742863
123367908
16819400
690600349
1404435372
520887559
562965914
5302134593
4611994462
74028410
3808791
94408
567880056
13335601
8174323
9061490
13942819
3733035202
2823397594
3162976140
521025603
3733035202
343270706
2823397594
4226610672
36556722
3162976140
3053093997
521025603
5302134593
554445772
5033602
12179400
1495778
2322247
15912957
8637311
11770448
15900001
16144335
15900001
28920963
152888
7073363
53101
7360529
962554
646562
161906
5229466
13265
328929
179507
1469788
18824
30218151
2103541051
193629148
6895884037
460252434
1609824151
26496450
58017502
5033602
1495778
8637311
15900001
28920963
148115
6993376
52006
945393
602694
4878380
13265
328929
179507
1346409
29321160
2056436337
181730499
6811577259
448998648
806488965
26496450
51110074
7360529
161906
20269
135581029
62388938
346110786
274984388
2409201745
8036875
59747775
240624
8033773
37325115
1957106
57445
2533122
58040
84723600
258809725
18024332013
12137447029
135581029
169399889
62388938
72883047
10475183
346110786
766033005
274984388
282355028
2568131455
2409201745
8295883
60431138
245687
8078720
40041908
2088953
57445
2533122
58040
92487254
266727208
18437197210
13777799556
15146165
2180128
2174779
14360511
12193550
14646532
12341561
12391523
11881703
15292719
14069723
15272369
15323338
15575955
15850455
11742395
12522375
2252714
12427074
11705580
6285915
12162352
12547249
2005268
754567
15900001
1999847315
1564146858
1576349086
275057264
373237776
14185798
398127063
99307717
100649650
354395448
118435432
2213106237
130179867
2829444501
1999847315
166994087
1564146858
2110586724
20087488
1576349086
1618833042
2568131455
268550261
275057264
373237776
14510737
398472917
103834863
106448264
402291308
15876615
5035256
2427165
2404544
5300331
16020317
3828094
4951202
16303022
3979334
15913409
15876001
5183279
17043460
17051741
17134437
17314713
17389071
3772880
27507
5356274
2520736
16322646
8091343337
49080921
7353139936
45554884
21651873872196
147103281968
23825569336252
158489362118
12175386205
157750716
2920510706
1834649413
1735381160
272154542
379567821
27355013
242366784
1341220102
376191423
6918896168
13174171928
1932985463
818745075
213926
7911153
70526
734782
1288992
382642
220761
1934190785
1899176296
148056822
2654061632
1812219601
869390457
252602608
370286882
27355013
207247
7821693
69072
673102
1251311
382642
220761
11954976238
233705890
1328148819
362832313
6918896168
12993180204
1919755358
817526856
13314437
77976149
315572
36367483
13363062
3319469
82907
6521523191180
620682070466
13743528
78867998
322212
39700020
13464089
3319469
82907
7176238134703
668724069989
4607213
2404544
15035858
3478843
15734642
14443716
5119910
8538424
17030760
3564612
21515
4971472
15923535
15796435
16322646
15589202
2039902
117376
4774273
16034168
3940552
16446209
17314713
17150173
2503483
16298359
16322646
6254725759
8938236062
132188360
4134157
3693576521
22553490
28990686700
3136348028
145296579
5285498
4394779535
1018442912
6882656121
29476788734
9630072918
3136348028
330
15106
1293
3815007
1015038
3862222
4550496
870807
87714
21074
17653
4477482
3862222
4182947
859472
81763
19560
17653
4344573
298
15106
1229
3889560
1015038
1171197897
1093443
17449129
502100
139930181
13603261941
64968225
1171197897
1225694
18719203
502100
144210912
14968933520
69996892
1722919
3682207
3620337
3596860
1640477
243780
47708
3733936
3745728
239847
30346
1741437
239390
1754341
3721589
1660941
113107
1690854
228062
1728066
731727
362076
108907
247613
250823
114792
502635
249012
793795
219995
1754202
3590024
1530379
99852
8272
521568
63385
1972593
3757665
3785447
3739925
1758730
3728360
272536
274937
271282
271776
267602
274937
268362
271776
97592097
4400239
96469752
97592097
4448112
96469752
3539267
3596860
1586167
233364
44776
3403991
1741437
231916
1734502
110776
1670182
1541611
700897
362076
232804
111986
251810
249012
727161
219995
1735236
1530379
87963
8272
486180
3757665
3617688
3615548
3733936
231276
27394
3681535
1644754
228062
105039
247244
3468501
60258
1972593
3759538
3688545
1758730
3728360
567130413
2543959
14211025
78210
929420
2401296
631024
24673
20186220
260097
8960491
60977804
2504654
14084714
66130613
2132549852
248997861
219601926
18744484
4570515950
312579977
12622392
535801640
24402820
535001368
567130413
2625944
14373563
79855
970410
2431981
631024
24673
22035986
260097
9612700
62843232
2584873
14084714
66130613
2205567396
251719490
219601926
19173845
535801640
5029363524
24668314
336774276
14328284
535001368
75759
77402
76290
77651
72300
72119
75381
78949
73555
72173
79593
77148
78747
78542
79619
75615
77223
76974
70659
76327
71235
74114
74494
75443
77480
74433
79781
78405
76486
77898
77276
78987
73148
79217
40003
78405
79851
70344
79367
79851
77401
62457
79851
79851
76262
66297
1749
79169
76424
71821
78848
78439
78936
78753
77148
79732
75912
77015
79851
79304
79851
79851
79851
992215
37261
8964377
8936806
9177019
47322
1055769
1037557
1045261
38294
930880
47961
1056687
44536
826508
8267401
23156
9767436
1056687
1047661
48198
1056687
48952
1056687
992215
38114
9271313
9836917
1045650
1047661
9833998
48722
9931212
49479
39000
50724
9887339
1056687
553166
712777
82525
727229
706930
753132
134082
222957
708626
715042
590488
732601
746192
585040
2192
555618
682787
688327
231045
171947
704085
262512911
259918225
86173290
266328988
263740439
30406903
205121394
86758376
254179093
47537056
446456
216794373
31252227
207625550
13340877
13186980
82225098
277840854
82973736
38829296
40631815
263105194
222526
23223
222600
41860
69606
218085
205386
162571
153025
144931
193118
214893
51297
190054
213981
227965
233783
235899
190158
723
160964
168180
76224
213119
232285
162571
153025
193118
190054
47409
341
2501
2185
69326
217861
24671
20642
11105
14166
230598
6823
108533
41518
733
4945
77363
77395
213063
232285
343
2537
2186
69326
14225
230598
41518
4946
213063
217861
11105
4712831
17153812
2021863
9423995
143969
12256169
847515
1659832
2139906
1018974
1596833
14039733
17748880
17429552
150966
12256169
883513
1311655
3495943
2139906
2281890
1522188
1018974
4693860
2244421
304819
17153812
32447
2021863
32198933
3342300
9423995
95927218
23224
225688
41860
69606
214845
227965
190158
160965
213119
8928908
1088860116
16211004
1615001
71186774
78565119
65809739
9426493
9362861
1088860116
16899559
1307454
16408959
2142105
18996667
1596833
14039733
10687174
17748880
2110752
4706922
17429552
70900229
76894354
662533
78565119
31986
65809739
69997076
3291716
9426493
95927218
585040
555618
682787
704085
108564
151857
1213
8172
46801
761829
6999
222059
20683
328977
128926
731849
89633
2223
35771
17070
79137
255586
49191
234595
37223
68376
21631
332144
47025
714687
703898
704085
8503759577
43205128255
31057073299
489556227
6469960231
19134970526
2169672610
3645063048
1215
8287
46991
761829
7001
222060
128927
17071
703898
98890
731849
19216
45607
36939
46033
7603
332144
26264
8295831321
42676916768
15558958333
489556227
6035795013
17890782238
2169672610
3421071325
2127736
7279326
953743
4254720
473570
39584969
2679983
1486701
656218
4423671
1804409
2232203
2101883
407649
92332
2007649
10492
77690581305
213646717635
21588550651
26548008
31370306
3358439
38617071
39735642
40104232
496586
39584969
2793814
1453460
656218
6891014
2119171
929699
126264
7279326
4423671
5101768
13440
2023220
953743
3591101
14537088
2232203
1384470
2101883
413303
127658
2007649
10490
4254720
39735642
83278999737
228504466186
21588550651
82526
737314
709787
753132
134082
222958
590488
555618
704085
259563913
253562878
78544310
257743056
257710217
30406903
204322781
85697697
249476858
44912940
349205
108609545
207625550
12445641
13107188
75235200
270096449
77578643
40631815
239368636
193428805
246937192
244953708
259986426
32139214
33339594
31043430
4255848
10998906
1230011939
17429274
1538399
17331535457
45085729659
513844494425
77055388
131119496
59599303844
758272290
330911314
2515765281
2023122458
11533464
1230011939
18169575
1492518
3343621
32344454
32009845
31851716
274439
33339594
4428217
42472074
26548008
13249
31043430
31602092
31370306
31425139
25212862
3358439
38617071
4160602
10484386
1363517
9709180
157075
39735642
40104232
4155167
4255848
19014941295
45261951019
523529630301
98514902
140551149
61308179065
811005227
330911314
2751886026
2765236595
35730
24773
35085
27522
35496
33883
31325
35530
26103
24571
23271
33727
31975
30516
35295
32849
33686
30699
30711
29612
33540
26940
33555
25425
23093
23292
24128
26298
1591
29990
29255
30576
33326
26103
24571
31975
30516
15890
1647
497
7612
364
394
1436
35353
33848
3762
36046
3314
7301
32849
2032
31066
4142
979
15438
5551
709
10795
11099
26677
93
29752
30568
33838
33326
61462021
89226189
15890
1649
497
365
400
1437
35353
2041
31067
5552
711
30568
33848
7301
32849
4143
10795
94
29752
33326
571249
1937716
245073
1142297
152284
2086713
561548
655826
271250
546596
1160486
18021
3508
10483786
1245351
209186
1839220
2397650
2283290
159685
2086713
585399
571949
457972
271250
283949
2167000
199408
546596
568950
1160486
272049
36631
1937716
245073
18021
3902883
996908
3508
10483786
1142297
1234574
11627488
1245351
24773
35572
27523
35496
30824
30711
25425
23094
30576
8901189
148243150
9635069
658479
8628660
8874815
7976901
1142600
9333796
148243150
10044314
574263
2149592
271529
2363874
2135992
209186
1839220
1400031
2524881
2397650
2283290
282841
8593927
8295570
9320484
79620
8874815
7976901
38880
8484455
982750
59460
10567665
1142600
11627488
1215889
1245351
171813
83112
26876
37594
131555
1995
1986
11586
177098
7095
24488
174594
5120
10835
80746
29744
175310
21077
178014
135949
8855
63753
4225
19591
63273
139531
137550
491
16927
5355
82226
37734
11641
37110
176929
174258
176983
79622
2963
172921
174305
1715427
3559130
26559782
44729215
1625389
25811755
8712648
2916499
6000049
98756
43955321
20994275
216239
8022349
1228979
2834124
12239905
735303
26568046
56293975
1997
2014
11634
169278
7096
166929
29746
4226
133616
171470
171813
83113
21200
131555
14952
5946
175310
5711
63754
493
9759
2735
82227
29520
6280
29850
79623
1465
172921
174305
1673483
3559130
26235071
42926736
1610475
25432820
8267779
2916499
3005901
98756
20463757
190494
7842704
1146509
2834124
11444045
690118
25688484
432524
1379016
193876
864895
769152
9760864
2716153
392657
133395
6152912
842155
870113
296952
14135
2438
70539
14317
408113
1749566
2133
1382783
395191
8092775
865125
682700
319979519
325509517
4136137533
38502814
58505748
11064069
21142267
102458944
48582644441
806534
9760864
2831521
406321
133395
1400799
6152912
430783
911137
188988
25447
1379016
870113
985111
6628197
411278
14134
193876
729995
2955086
692535
2437
84015
25950
408113
1749566
2132
1382783
864895
857638
395191
8092775
8077426
865125
5065592
6376928
682700
8077426
8152352
8094908
333415351
328523871
4243366051
43706395
59845880
11859927
21142267
109584302
50246092257
169162
165251
155991
132018
171634
167975
167954
127333
133001
173848
133160
172163
166608
128262
170198
169801
170935
166651
169341
129827
126633
135044
24293
134023
134017
171050
170098
170765
24255
126236
128403
128289
67789
131893
135313
131162
133615
135313
23998
21625
7637
8137
154669
156893
156000
126060
160933
165793
159640
169437
166690
171470
160320
171470
6533230
6315948
682700
6310481
865125
10035539
379877
8191851
104471346
8566729
8251596
101993872
392006
101690709
308028
8687948
1562919
11004305
10986017
1511571
389850
8485228
395118
56982
1391243
23459
93699162
478019
384413
99802082
10723843
407146
456867
679688
6574951
6406825
6506932
6513139
6474788
55310
6315948
871007
8201025
6533353
5065592
30495
6310481
6424045
6376928
6388074
5125248
682700
41306
31930
8077426
8152352
8157525
8094908
8081728
6494766
844658
865125
11010287
486921
8589984
104471346
8600213
8602078
103505710
405646
103607414
320962
11107496
1564277
11106209
11103314
1511571
407622
417881
8705206
58287
1579267
25147
488639
407146
522885
525421
103876909
103219260
11031325
55889
20030
63540
62191
67770
59044
62688
8631
14845
15535
59621
56120
55002
53151
63615
71856
74620
69609
23378
281
62559
65363
71242
55889
59621
56120
55002
19949
714
68136
7092
62624
126
3213
811
7570
13553
33059
16292
70413
23737
285
1922
4327
65346
30067
2079
71242
19555474
111030
17771355
103054
62624
3214
475643
228030
70171883291
462588937
507255
475643
228030
431665
772796
3971923
452833
3981414
3900463
72665
5268069
802246
9869
614983
1122124
2262026
9793833
535272
23025255
77216645574
498394220
3971923
472353
4222886
476132
1053336
452833
3981414
3900463
3030689
3627287
157940
24127962
790105
9729
20017111
16949565
21290758
2262626
23025255
18338542
294015
66633
309882
323001
152358
140983
297142
303187
1085577
1672452
30759672
58569056
58339870
7171723
8593567
5973050
3639934
55401307
140693
95077
3471
71032
324736
326606
38340
313014
671
21182
101019
1213
16029
3865
19519
59503
20072
8849
9314
29443
9314
143025
64594
20249
307752
303106
43183
139467
303187
13054482
7715068
26564129
3751098
1209930
8428614
425328
714555
1687463
55649374
121613
4498448
4417013
34176
309882
135605
126033
297142
1046784
1613061
30759672
57764412
58056308
6663255
8534749
5914837
3634518
54212910
11863473
3865091
24781549
3507195
1123007
8325569
425328
670645
1646202
121613
313014
17833
16030
5755
28050
9598
2726
128038
6181
54641959
2468086
5022634
619082
1374500
628644
610886
473003
231888
91002
17398
628048
3283
22360120322
238329996
31292711
2116597839
3162062
2709803
5022634
619082
39229
2913564
1585360
1374500
698294
433100
5328
657527
802041
261289
660267
288971
378081
129292
39935
628048
2129409
3281
1330994
1423578
5762768
12430408
12080488
10648058
12430408
12545713
12435766
1331347
24604918735
255473486
33468917
2280426628
3162062
80597
60399
265612
147441
83059
279243
283992
294086
289348
83108
298990
41996
296148
297645
61553
255795
35656
371
85847
84303
2048
91361
43528
43230
68163
256430
207216
264538
262413
278517
280761
281439
275414
274967
272772
278692
277210
275812
281859
281859
276756
28294232
124123466
667477
14485963
184302
16821791
18600
40214763
4220581
102543
80429
611471
491731
14056065
130591418
14111005
12080488
12564099
85265
10648058
1301551
13344236
10647562
13198078
1375912
3279806
426546
5252
3037300
49137
12306186
12430408
9973258
12527650
12545713
12435766
12457502
9900240
9994842
1299851
1331347
31134773
126462992
715490
14901316
197119
20015305
23780
43327464
4630524
80429
668862
672107
132781113
14111005
10405
9794
10058
9599
540
87
165
9808
5237
10575
1175
2296
122
9415
1321
147
2365
11057
11256
11081
11161
579
11263
9911
299
2366
4557
1374
674
685
10303
10183
4685
324
655
11214
5107
11272
11261
11102
541
89
166
9808
5237
10575
2297
11386
9912
4558
1375
686
656
11214
11102
11102
66393
134698
2662316
5799
293446
18660
316252
285782
50038908
66393
69508
134698
62271
111482
530481
65325
574353
590857
562675
2662316
78865
629593
5799
293446
143901
290081
1255959
68643
18660
9238
313515
320808
2952754
316252
236466
55062461
66461
578659
622210
65325
574353
590857
562675
437203
522890
523267
69701
2683617
2566991
2883560
12512
2097660
2173609
2730323
290158
2952754
2351731
20081
308770
316252
599
602
605
596
608
605
596
596
324657
14539
318183
321627
324657
14697
318183
16827
5649
5541
40573
4552
37454
18201
17028
5661
2569
18380
5936
668
8797
42447
2725
41152
38567
1108
2552
42248
6007
19552
5656
41259
86993
2720
42122
6117
6050
17667
90355
5345
83153
91500
42159
5711
91630
90490
89601
84270
37182
2137
41605
88397
90310
88606
46942
84443
201
40455
87987
87391
5749
11274
11812
1464
47926
89865
91295
41932
91341
89616
90423
40030
41650
42730
87895
89609
88989
90584
80988
6793
461927
44263
16416
3455
154761
481338
2968933
152551
810
372237
8902
327727
1161782
149436
201255
3068861
328064
2764794
125072
2737086
153728
84675
333241
11650669
2730196
1273881
1123491
2671013
1418429
5076
77631
24601
55640
1599170
11665191
23510113
64576
98125
97384
1258503
2912137
197635
6792
655282
64385
162699
71207
93164
31859
9840
669079
154760
663452
524718
2968933
152551
808
524365
19357
327727
9584
327977
1161782
325225
371079
350791
149860
344041
3068861
1420033
332790
2496834
3063040
328064
5076
78350
26312
59642
1722949
12064602
25870363
2764794
73304
100373
2751861
101473
1291129
126433
2737086
153728
2984393
204972
330642
3063040
3091453
3064360
3069669
2462879
328064
12049582
2759415
1287805
1123491
2779146
1418429
1589
34789
34789
295494
295824
1507
302132
1557
1212
1549
31709
1229
320070
320121
770
1255
34420
314741
275521
1213
34653
1231
34758
34469
33371
315161
33435
34159
33819
34412
318721
321957
1260
33176
324960
1284
30647
33909
34421
33700
1579
27210
1440
34789
34789
