8938262
1322636
12135485
2290072
15710039
7142794
15607890
12440235
12269350
7247056
12455855
9299467
9102812
15462930
9092723
9244941
9470176
9400631
7268638
9418898
1363559
9418712
7267710
12472881
2339888
783362
15900001
21923515
103424
39959636
22861930
13684172
8711937
40622510
12808114
66007828
14245104780
3147306984
78168253434
45589182902
77442257204
8692378786
46300998408
47429033765
5204383272
42844429
38255784199
62467337983
2421525591
7021714
34376
12035544
7920964
5016923
3217936
12743258
5042409
20536283
22383057
611148
34770
497714
308640
2602321
844524
6362634
5108751
20531976
22383057
611148
497714
844524
20531976
89011480
89211700
154428858
908149404
89011480
1515003
89211700
44684436
4055864
154428858
1429434447
112185421
908149404
5429801476
7021714
12035544
3217936
20536283
1330969945
2858561252
700384704
908339928
1330969945
1495122
2858561252
1504070986
7942221
700384704
3089938909
110481015
908339928
5429801476
1904112
105000
1674055
934977
6563942
2303852
18792536
12990632
65993983
66007828
109547
6773090
34859
558343
303659
297936
143738
1239662031031
4951041000693
1747555513080
6264234882185
153565265318
1904112
1674055
2303852
65993983
106320
6696331
34121
534833
278153
297936
143738
1162469436861
4889774554088
1704218736562
3120855022519
153565265318
25704416
25591383
39861595
405033431
2065556
41590857
68858
3269151
4175514
1829736
18893
25704416
633746
25591383
11874374
1180852
39861595
391801039
29714182
405033431
1364363955
2130706
42067606
70347
3412860
4558384
1829736
18893
21923515
39959636
8711937
66007828
13058866421
3147306984
73300789469
45064610531
70486377338
8584815314
45152802539
45864728374
4917222633
33549870
19059112326
62467337983
2406392933
364723434
818659549
180587417
405118405
447069906407
7703350492
491188567035
9837464250
364723434
624585
818659549
378173410
2381545
180587417
846958481
27778382
1364363955
405118405
1274473
2443039
2186090
1438908
1457782
867709
2315450
3667652
3948265
283826
5025
725
87856
2477194
71801
44458
697942
193662
1123809
3667117
4001832
3948265
1460430
26097
306442
494
1666739
87856
71801
193662
3667117
1460430
24307
278373
494
1616065
283826
5025
689
10789220
11063692
29660587
110078209
269494950
2394219
282648
15890
54708355
10789220
72909297
11063692
5804417
978963
29660587
173263984
110078209
71239692
657145685
269494950
2570539
311232
15890
56423807
1274473
2186090
867709
3667652
161072060
346452284
134520333
110101303
161072060
71848824
346452284
182031288
2010355
134520333
374536327
110101303
657145685
70049804
491518
9906048
418162
227724
3107331
993886
5204227
16133210
16384565
16136595
7068136
35435
1659716
11595
1021914
171689
113639
26234
1263499
2457
91859
46269
375007
3852
7375002
2166635036
194642668
4072610080
274388389
1606048565
24111695
60351728
491518
418162
993886
16133210
7068136
35083
1640907
11350
164460
105844
1128085
2457
91859
46269
343509
7150780
2116774223
182522451
4022213739
267583965
800136780
24111695
53158910
1021914
26234
3902
8162264
8732718
9261070
81822272
90121336
478574
8345664
26370
659417
933384
123119
11299
368261
3595
3185946
36482447
11024983845
12623997515
8162264
49725443
8732718
4123197
295931
9261070
57119946
81822272
22079167
198814148
90121336
493420
8441329
26940
688404
1002122
125463
11299
368261
3595
3478078
37626402
11284678365
14332123646
8938262
1322636
2237371
14401811
7142794
14636001
12269350
7247056
11808120
8998071
14074046
8980206
9015680
9157831
9323467
6867578
7375587
1362409
7267710
11632489
6214015
12095834
12472881
2061016
778467
15900001
53113313
119347863
41861455
81839438
135592356
8672337
240781565
57203369
59051753
364247842
68709370
1303503294
75489888
1664622045
53113313
49002181
119347863
55072104
639873
41861455
123473409
198814148
21193005
81839438
135592356
8876615
240984752
60892496
61336042
413533440
15909321
2919932
1434590
1421195
3086115
16022770
2357235
2876453
16300364
2457381
15914636
15873957
3013424
9996193
10023180
10074662
10182145
10228821
2333568
14825
3115652
1474174
16322646
382412251
4020484
347826820
3733342
513782107527
6625840638
564868953761
7135452630
12200467792
158576436
1798723947
1071140204
1021489097
159632458
384467227
25041405
142292524
831038012
223636126
4051259175
7757581483
1130434271
826230278
67417
2841856
17904
148212
518622
143016
71756
267986639
263002387
148702030
1636047041
1057885425
508908021
148231553
374933012
25041405
65628
2809650
17524
135764
496784
143016
71756
11973552706
137140705
822980086
215589108
4051259175
7650812538
1122949436
824898475
432526
12711447
32240
963577
2176983
559514
3517
2364685005651
214246450260
446168
12857157
32938
1051931
2272680
559514
3517
2599812499396
230724745807
2676780
1421195
15025048
2144046
15731514
14448155
2976134
4980124
10011704
2204810
11609
2893133
15917868
15784292
16322646
15613425
1206905
70255
2772309
16027917
2433554
9662519
10182145
10088040
1464413
16296335
16322646
2267498986
3059685708
76688021
2230636
1285544028
13499390
17024445002
3136348028
84255905
2848605
1528063756
592987952
2492962991
17313831801
3295014719
3136348028
93
2803
242
577680
173881
583593
671668
153818
15705
3901
3245
662261
583593
612328
144247
14628
3623
3245
642126
93
2803
230
564248
173881
64642738
114867
1027626
62309
13872731
577209818
5188561
64642738
115985
1103304
62309
14307729
634603465
5587628
1734930
3689792
3627554
3600774
1649574
246516
47958
3737454
3748304
242399
31300
1752550
242204
1763054
3722290
1665881
114979
1697123
230367
1739220
741770
368292
110141
249877
252922
116274
504446
251111
802068
220859
1762846
3593234
1539146
101045
7573
523791
64290
1964114
3760217
3785406
3743835
1767044
3728360
49645
49955
49257
49338
48722
49955
48689
49338
12997165
346655
12836527
12997165
350699
12836527
3544073
3600774
1596067
236068
44972
3409307
1752550
234799
1743074
112544
1676122
1552295
710535
368292
234859
113391
251316
251111
734700
220859
1743130
1539146
89002
7573
487863
3760217
3615006
3621166
3737454
233622
28278
3679367
1649728
230367
106178
249474
3472494
61117
1964114
3760342
3692308
1767044
3728360
8378864
47890
3088359
1601
14933
539436
152907
300
336064
61075
155893
13500493
49568
3088586
14182886
1260808860
250130643
220859932
11153786
2692665524
185489535
12771480
536306422
14447915
535001368
8378864
48782
3123760
1636
16731
563149
152907
300
366879
61075
167374
13923818
51132
3088586
14182886
1303076025
252959778
220859932
11416514
536306422
2960405073
14616462
199756055
14499562
535001368
75979
77597
76352
77713
72370
72326
75450
79024
73503
72271
79617
77220
78764
78548
79619
75595
77152
76959
70680
76275
71268
74148
74470
75445
77423
74373
79783
78365
76488
77870
77217
78957
73144
79195
39781
78365
79851
70334
79351
79851
77437
62528
79851
79851
76381
66428
1800
79228
76393
71902
78801
78409
78909
78751
77167
79722
75910
76977
79851
79322
79851
79851
79851
595648
22160
5272183
5263978
5400581
27421
1055796
1037033
1044868
22744
930749
28307
1056687
25837
827452
4873024
23827
5735814
1056687
1048442
28536
1056687
28387
1056687
595648
22682
5448927
5792327
1046669
1048442
5787391
28869
5833313
29189
23175
29402
5815954
1056687
323557
419396
28505
251761
415975
260705
48452
75972
416932
246386
203103
253760
258257
201253
1048
552325
399590
405228
134395
106225
704085
154490484
152980625
29499259
156707706
155199381
10507672
119986218
29694322
87802915
17195521
141559
126398868
18344655
206394953
8089592
8000831
47635594
163329107
48276884
22929606
23762256
263105194
130934
8021
77062
15126
23718
75541
71084
161608
152118
144072
113019
126511
31690
190054
125911
78912
137550
81285
65406
345
160010
167183
44338
213119
232285
161608
152118
113019
190054
28184
119
864
794
23637
75478
8557
20606
6926
8420
79850
4086
37574
14421
350
4993
77340
45019
213075
232285
121
867
797
23641
8423
79853
14425
4997
213075
75480
6931
1038058
1792971
967031
9424516
6562
366991
38765
29406
740821
110738
1587368
8212552
6110021
10238959
6875
366991
40432
29975
1225607
741373
464957
896065
373991
1643205
792861
62391
3506143
15523
1199773
18910210
1164228
9424516
56348935
8026
77065
15132
23723
110187
78916
65410
148846
213119
380537
18523871
703455
29488
15521875
8131703
30986064
9426493
398637
18523871
733713
30057
5693645
741988
3862240
1587368
8212552
6264990
6110021
1242631
1711080
10238959
24570504
26687578
134971
15901493
15298
38443669
40877281
1146540
9426493
56348935
201253
552325
399590
704085
64372
90278
423
2823
27819
263801
2545
75713
12385
113893
44782
253550
31090
1063
35968
17237
78997
255510
28911
136460
23217
69550
21996
333714
47421
714756
703937
704085
5069680727
14850287212
18172624915
445494784
3942020335
11267015860
1278343163
3663581574
427
2827
27822
158430
2548
75718
44785
17240
703937
18443
253361
5814
17894
19763
10644
2784
174113
6417
4943960189
14666522963
9053640038
445494784
3676807659
10536929996
1278343163
3435453779
300058
463090
277468
4254955
21039
1196636
122079
81471
104283
1531446
114145
130384
139028
73505
6355
1052429
3822
27495554447
74795216740
7558510967
3274337
11147233
3338533
8075699
14167696
14319091
22040
1196636
127330
82039
389103
1467204
474981
210974
15695
905571
1532588
632024
6430
727871
344248
1284186
5186344
470094
308762
469537
420397
47223
2017139
3818
4254955
14167696
29478842738
79977649424
7558510967
28508
157335
257651
156571
48454
75978
100349
442880
704085
152712838
149186933
26875233
151539169
151616229
10507672
119492288
29326871
86145927
16246729
110850
62972182
206394953
7545337
7950832
43668816
158679341
45148614
23762256
239473030
193624544
246721879
244894987
259927705
4255992
2098003
8879223
4255848
1113795
53968436
1687890
81731
5930271337
26367089316
104414826299
24460157
46183450
35014078430
262313272
114998607
1459689091
1174082638
1166773
53968436
1760493
82299
1955749
6816004
6737064
6714195
33954
4102631
1533858
5244281
3274337
6336
11016240
11211067
11147233
11162565
8978601
3338533
8075699
2449408
2184183
288452
2144100
56652
14167696
14319091
1510234
4255848
6509287160
26476079501
106423209749
31236527
49514719
36040092725
280488510
114998607
1595392990
1603737095
21023
14491
20642
16099
20885
19934
18429
20902
25949
24425
23133
33727
31975
30516
35295
19329
19822
18064
18072
17424
19734
15848
19741
14869
22956
23154
23985
26142
1641
29990
29255
30576
33326
25949
24425
31975
30516
9394
979
504
4525
215
231
845
20814
19917
2218
21210
3308
7371
19329
1208
18286
2447
586
9125
3278
716
10801
11096
26528
97
29761
30569
33838
33326
7849873
11140040
9398
984
509
217
233
847
20819
1211
18291
3283
721
30573
19922
7376
19333
2453
10805
101
29765
33328
125824
344369
145426
1142360
11104
98626
41144
26572
159492
96154
87947
10701
3639
6116477
1211275
207947
1075853
1410351
1341315
11632
98626
42914
27140
160555
159611
98346
751987
117385
324739
199175
403843
96103
12801
673412
145426
10697
2292136
991344
3634
6158883
1142360
739305
6819671
1245351
14495
20649
16102
20889
18068
18076
14873
22961
30578
672386
6706226
735779
26642
1878434
1561826
3755453
1142600
704369
6706226
767428
27210
745873
159744
816933
741081
207947
1075853
820720
1485741
1410351
1341315
282841
2973486
2869992
3229883
27650
3054141
4659300
22931
4954799
976925
61356
6206364
1142600
6819671
726956
1245351
99456
48338
15677
21986
75759
1160
1147
6774
102551
4109
14234
101120
3016
6334
46953
17281
101479
12225
103043
78269
8759
62747
4197
19238
62226
136496
134511
500
17218
5445
82615
38097
11739
37497
176946
174268
176983
80107
3005
172971
174305
1022685
2109981
15694153
26157879
970243
15279761
8777251
2930471
5985976
89867
43743639
20968501
224939
8251025
1274233
2855292
12386841
739038
26696927
56331954
1161
1148
6775
97989
4110
98013
17283
4199
132817
173984
98331
42962
15679
75762
11854
5597
101404
5719
38010
502
8949
2772
45320
19744
6101
17858
43069
1485
171780
169535
997324
2109981
15499946
25098591
961653
15052412
8316241
2930471
2982226
89867
20454754
198130
8061144
1188504
2855292
11584192
693019
25805815
110167
107533
115046
864943
55763
485935
196400
106874
21240
894186
34583
511619
25392
3660
2529
13946
2875
213936
134007
646
99502
200440
2056265
841453
540140
111114815
194369543
4134317861
40046266
35734598
6663400
12657352
61649405
28707929072
58416
485935
204848
107442
79096
213535
926563
150806
158804
66761
3866
210281
512000
171200
1000122
171194
3653
115045
187105
755648
688670
2524
85458
15802
410042
452577
641
358749
864943
229131
397598
2070522
2063236
865125
764486
1624148
678654
2063236
2085284
2070427
115804428
196105680
4238156640
45464841
36576330
7144039
12657352
65920987
29699254466
99525
97227
91759
77775
101008
98760
98810
74558
77836
102284
77875
101305
97987
74987
100130
99849
100546
98012
99592
75907
74061
79540
14692
78381
78377
100662
100050
100465
14678
125447
127446
127516
67013
131215
134510
130444
132816
134511
24653
22226
7879
8395
154720
157191
156068
126188
160792
165746
159602
169399
166588
171470
160358
171470
619411
486046
540140
1293699
865125
5903262
133039
4796639
36168985
5010004
4824234
35232843
137024
35194169
106963
5117138
945231
6476029
6463327
547754
224562
8441588
231818
34785
1429920
14061
55060324
277355
223087
58689264
10717277
241941
271635
397562
991992
964002
980503
981348
977175
8365
950460
512425
1232357
985618
764486
7831
1605062
1633448
1624148
1626382
1308179
678654
42623
8250
2063236
2085284
2086484
2070427
2067821
1665364
219934
865125
6479640
170365
5024795
36168985
5030713
5031743
35777603
141854
35871117
111478
6534774
946029
6533874
6532008
547754
239044
240785
8653610
35604
1623400
15075
290456
241941
303140
304725
61020930
60715887
11031325
32708
11599
37387
36612
39865
34736
36909
5096
9171
9597
59621
56120
55002
53151
63615
42085
43887
40948
13598
135
62559
65363
71242
32708
59621
56120
55002
11560
419
40080
4181
36878
75
2004
504
7602
13693
19454
9676
41434
13807
137
1952
4371
65350
30237
2116
71242
1587676
11505
1444087
10683
36880
2008
279892
27410
1751232945
21229269
175688
280101
83693
255623
449051
1333482
452833
2282046
2231884
24780
1804724
273290
4750
367106
660042
2262151
5671635
321380
13155979
1925363119
22862072
1333482
278081
1423257
280333
373434
452833
2282046
2231884
1740871
2083565
53193
8121741
267686
4680
11441077
9709191
12165335
2262626
13155979
10522191
159964
36693
168970
176502
83711
141642
297487
303187
637289
994229
18010879
34488256
34367393
4229744
5025626
3702422
3673212
55411593
76968
51220
1895
39220
177585
178672
21015
171363
372
11574
54627
542
9294
2234
19744
60320
20276
9006
9462
29949
9472
143701
65263
20420
307782
303123
43364
140257
303187
8036226
4541283
15684971
2208714
709685
4923567
250598
718185
1709244
55649374
111327
786827
772193
18411
165665
42972
71329
279416
614216
958454
18010879
34013589
34203759
3930804
4992350
3666522
3667291
54199614
7309428
2262477
14629712
2065592
659000
4862641
250598
673464
1666857
111327
171236
11576
9298
5719
17293
8949
2772
72562
6101
54614358
82794
279448
321817
808826
30292
32245
23868
66617
19982
2916
327303
632
8103733972
81741706
10955212
730605240
1107090
292641
542245
621978
4328
316279
174408
809429
109215
47845
2564
108901
152203
264876
125290
145077
188718
131512
20334
631017
394078
627
1331067
261842
1079755
2261952
1288204
1143302
2261952
2286123
2266741
1331347
8909511762
87637837
11714280
786798139
1107090
46781
37206
155892
85996
48227
164064
166852
172881
169989
48366
175825
24798
174199
175173
38072
150638
21075
200
49958
49015
1224
53135
25456
25287
42111
256542
207425
264307
262350
278455
280698
281404
275351
274869
272562
278615
277147
275694
281859
281859
276616
10252352
42870274
227838
8510379
63756
5849164
10036
13766087
2453903
61317
27951
354786
285367
14052916
76700800
14111005
1288204
1341800
9145
1143302
766242
1430545
1144106
1412858
810100
348499
46024
2527
342947
9044
2240104
2261952
1819453
2279722
2286123
2266741
2269859
1809116
1825759
241117
1331347
11271773
43694869
244272
8759758
68174
6952618
12816
14824875
2693496
27951
387769
389797
78004584
14111005
10405
9794
10058
9599
545
90
168
9816
5261
10577
1178
2318
122
9425
1326
148
2389
11064
11259
11088
11162
583
11265
9914
304
2389
4586
1380
681
690
10306
10183
4712
329
657
11216
5131
11272
11265
11102
549
93
170
9820
5266
10580
2321
11394
9917
4591
1382
696
663
11219
11105
11105
66408
26850
1467136
3338
37795
6670
307598
19358
2831208
66406
40922
80026
36875
66423
274499
65325
294060
302398
287710
1477308
47077
371808
3334
173550
85612
290097
714508
41213
18734
5284
178481
320919
1635666
316252
20847
3112723
66461
295759
318563
65325
294060
302398
287710
224414
268306
268484
69701
1488697
1422578
1600168
7000
1164987
1207236
1512632
290158
1635666
1308210
11195
174357
316252
599
602
605
596
609
607
597
597
49074
1301
48104
48678
49074
1316
48104
17027
5718
5597
40817
4586
37714
18410
17263
5718
2607
18605
6000
689
8948
42705
2770
41398
38745
1113
2579
42447
6061
19736
5706
41447
87066
2754
42319
6105
6101
17850
90313
5366
83242
91519
42350
5753
91639
90509
89579
84367
37395
2162
41804
88447
90265
88613
46734
84576
184
40673
87979
87374
5812
11296
11853
1484
47719
89891
91358
42104
91361
89708
90526
40166
41880
42932
87829
89539
88957
90584
6547
434
22265
18210
9035
642
79554
23637
178884
78206
54
20843
5384
327548
48973
74321
13636
190167
319087
2765337
74036
2737086
79549
6689
333694
6886189
2728900
1279677
1129927
2672529
1412114
3039
78794
14802
32474
948971
6893068
13843907
65339
58304
57827
1265449
1011212
12469
430
41357
65269
10264
4533
5897
32406
635
42162
155492
41798
33153
185361
153264
51
33132
19433
327792
603
327995
72995
20652
23166
22028
150773
21577
191485
88964
332906
156178
190812
328064
3039
79498
15828
34816
1021959
7131095
15220447
2765337
74180
59677
2751891
60268
1297233
74900
2737086
154662
186864
12922
330867
190812
192851
191216
191477
154016
328064
7117041
2759143
1294151
1129927
2779146
1412114
941
34789
34789
173641
174161
874
177801
902
703
900
31694
730
187906
188259
791
745
34407
185085
162243
722
34645
731
34759
34481
33354
185302
33454
34141
33798
34399
187487
189096
748
33209
191218
763
30642
33936
34423
20179
931
27241
856
34789
34789
