15221845
3172411
12542613
3223124
15715236
12560569
15634951
12848983
12692459
12741463
12868585
15820885
15509738
15508429
15505480
15726665
16075339
15969518
12775618
15998811
3268188
15998477
12774366
12882524
3290361
1585857
15900001
145673127
3020339
95590719
150429950
157354485
101670770
97022158
58353622
147605543
30007885064
14637812718
78303779379
77676681696
77670128273
30699873551
78763106728
80509355616
19707490767
915662432
67083194357
64518931971
6614828614
94215743
3689207
60993443
106006736
108070160
71299648
64370094
41874647
98056524
105921960
15035265
3737041
7786178
13385587
55555965
21140695
33086458
42453784
98033142
105921960
15035265
7786178
21140695
98033142
4550093277
2899322823
7954480078
4336101896
4550093277
295012432
2899322823
4021580364
321748930
7954480078
12539951321
1837792416
4336101896
39837033613
94215743
60993443
71299648
98056524
28512327282
22712962671
26827482571
4337136098
28512327282
291236302
22712962671
31849172558
633728658
26827482571
24396622684
1812722005
4337136098
39837033613
23029955
3059806
11718223
17180419
79853686
30145881
49869736
61814412
147570346
147605543
3184013
46606168
2390449
10730146
5608173
5894427
4062103
8346609535777
19386537918475
11851308559066
17967587191767
1587482120669
23029955
11718223
30145881
147570346
3094545
46131842
2346113
10323265
5226736
5894427
4062103
7884994939703
19173225906710
11590506297062
9898012948644
1587482120669
1713904651
1039017482
2816639595
1616157893
255341705
424317034
22937186
96015754
332744382
56439270
3320937
1713904651
46036784
1039017482
1299065637
103718001
2816639595
4693098976
630421538
1616157893
13751703544
262724039
428679841
23370637
99800115
357741936
56439270
3320937
145673127
95590719
101670770
147605543
27712030706
14637812718
73973138616
76891342995
71363679817
30362079778
77029830078
78173436309
18728396235
736149452
36954896575
64518931971
6578805889
10878359783
8831967195
9499470602
1616543363
2337480339491
132567274800
2544044789586
164894333527
10878359783
45447642
8831967195
11218169732
210108643
9499470602
9123628156
621868486
13751703544
1616543363
13517221
9713008
8750854
15208818
15385480
9598542
9235258
14068568
15196656
4177927
300504
177519
2157799
9838809
1117477
1920972
7909267
2846176
4747113
14064889
15406829
15196656
13079328
688481
2906604
47502
14952258
2157799
1117477
2846176
14064889
13079328
646440
2624348
47502
14552801
4177927
300504
169639
551523921
351431453
904706047
525585691
4265254945
167631962
10396337
1903210
552708892
551523921
367659808
351431453
487462044
37794851
904706047
1519987109
525585691
563475908
4828709140
4265254945
178533932
11514493
1903210
567880056
13517221
8750854
9598542
14068568
3456023776
2753073723
3051234710
525711048
3456023776
362953798
2753073723
3860488010
73520380
3051234710
2957152786
525711048
4828709140
555789200
8724075
12542613
3305211
5145309
15998477
9992282
12422654
15900001
16119902
15900001
29049329
586007
8363460
419649
8701850
1913769
1547753
734441
6619498
87417
1062922
744445
2569634
290939
30218151
3294767586
1325527308
7699629932
1776382410
2698660635
267025345
370866891
8724075
3305211
9992282
15900001
29049329
569541
8278342
411865
1841200
1464774
6024639
87417
1062922
744445
2394119
29410859
3228365661
1252218169
7614910135
1737290984
1486642453
267025345
331127802
8701850
734441
278023
284829098
175425543
449783253
274991675
2203569146
42777682
72987960
3769265
16468855
89035131
5416605
788117
9540549
527618
144652926
259601474
103092184322
82116999938
284829098
178858878
175425543
218579440
19319580
449783253
803240516
274991675
281254136
2338824036
2203569146
44014452
73738419
3840494
17117958
93707542
5999176
788117
9540549
527618
155524804
266727208
105212613105
91971970484
15221845
3172411
3158166
14512889
12560569
14770250
12692459
12741463
12267455
15352929
14249218
15334872
15380581
15608925
15855465
12140908
12862290
3265635
12774366
12104780
7096745
12526861
12882524
2937792
1577221
15900001
1834946626
1504310475
1516950482
275057264
593461516
78538864
628492843
301311911
309307184
565007798
354069505
2273180127
385358826
2827504168
1834946626
176569502
1504310475
1927760888
37517220
1516950482
1553987815
2338824036
267975017
275057264
593461516
80154273
628984176
318089044
320671482
632815137
15921218
6095121
3523310
3500935
6352876
16050550
4933490
6017294
16304984
5082296
15954333
15920666
6226743
16971378
16978831
17053258
17215507
17282428
4884199
92907
6413160
3626794
16322646
10697971797
336205735
9819557552
314467626
26331995172799
924767629951
28687539149971
988693761226
12191112757
555043131
3865227659
2469087011
2837033647
782456197
1280533405
96055052
727154820
1974567359
1284940698
7491562469
13089329134
2943593456
1969669835
737501
9232863
414141
1203593
2528702
1103522
763362
1933758057
1902252067
524346115
3547852450
2441919400
1562869598
731864801
1252353731
96055052
716778
9138897
406460
1117310
2432815
1103522
763362
11992487559
703768656
1957247967
1243873580
7491562469
12927485624
2925461066
1967032212
69091292
95701027
4938316
74749080
26535596
12405705
674996
7939127534204
1631715492985
71088831
96685021
5031637
80353913
27581469
12405705
674996
8649326815515
1744510594617
5628794
3500935
15162864
4528399
15793029
14627983
6158229
9349220
16960390
4641545
74693
5998503
15963446
15849056
16322646
15661819
3017369
761904
5823771
16062987
5037718
16436182
17215507
17068739
3604453
16300788
16322646
7621974042
9882403048
401559642
12853633
5368033155
147305038
26447158634
3136348028
437045693
15988042
6268125028
1228252695
8303802173
26845598578
10565540924
3136348028
34730
96895
46595
3854505
1246950
3891908
4543850
1084129
217658
117547
115596
4477482
3891908
4375249
978851
204367
109947
115596
4357864
31690
96895
44527
3944275
1246950
1083144757
3030748
42406328
3380486
140358254
12494410665
339014576
1083144757
3356714
45164230
3380486
144210912
13612105454
362449534
1922893
3686963
3631091
3609937
1837959
467098
169402
3733408
3744009
462877
117691
1939553
462838
1951292
3722266
1867362
289897
1888846
448884
1928096
987068
604844
284447
473511
477561
293585
757162
475279
1049360
438719
1951618
3603857
1750177
270395
39068
776162
204289
2148169
3754734
3779738
3738769
1955693
3728360
272475
274623
271331
271776
268036
274623
268703
271776
97480489
13503163
96469752
97480489
13635238
96469752
3557911
3609937
1783196
449136
160033
3436587
1939553
449832
1931433
284521
1868063
1740861
949638
604844
446683
287124
417107
475279
970082
438719
1932627
1750177
241422
39068
728767
3754734
3628755
3626893
3733408
447990
107389
3686211
1850983
448884
275356
472877
3494066
195220
2148169
3756455
3692540
1955693
3728360
518724130
12267540
17194143
871153
1310371
4727462
2198367
96256
33865687
1383511
20824816
61164347
12390959
17173223
66027506
2183292254
277322551
251141870
63108958
4202167906
667852564
50872719
535725775
71165598
535001368
518724130
12622214
17370932
887616
1451305
4913790
2198367
96256
36391633
1383511
22017308
62843232
12886510
17173223
66027506
2250342125
280047678
251141870
64407000
535725775
4578075285
71861672
714019005
56978022
535001368
75759
77402
76465
77651
72548
72789
75718
78949
74037
72898
79593
77397
78837
78542
79619
76029
77386
77062
71359
76422
72096
74688
75030
75883
77717
74974
79788
78550
76823
78093
77534
79073
73818
79280
43988
78550
79851
71294
79416
79851
77646
64196
79851
79851
76404
67557
5593
79169
76708
72595
78934
78571
79014
78863
77418
79744
76306
77298
79851
79359
79851
79851
79851
998571
95837
8247164
8224812
8422083
108116
1055861
1039470
1046404
98222
943460
110483
1056687
102724
849526
7680720
125537
8910480
1056687
1048564
111462
1056687
111802
1056687
998571
97808
8500438
8968595
1046754
1048564
8960567
112552
9044721
113619
99848
115063
9004273
1056687
568258
711908
116699
724898
706646
748209
170522
263019
708172
713942
602858
729735
741959
597856
8395
570464
684916
689903
270582
212662
704085
262572140
260236922
103836141
266006608
263676914
47944981
210919774
104470530
255077557
65071854
2024236
221645955
48988685
213173514
24192512
23939866
100313108
276367288
100986882
59533293
61277189
263105194
222255
37770
222329
56362
84704
218291
206963
168034
159212
151733
195731
215385
67485
193030
215818
228512
233633
235537
194616
10255
167559
174227
91830
215036
232285
168034
159212
195731
193030
64842
3424
17593
8284
84397
218089
43070
34623
19897
34441
230887
29500
121083
57704
10388
21389
89553
93100
214984
232285
3425
17813
8290
84397
34566
230887
57704
21390
214984
218089
19897
10460733
21712244
7964950
9508995
1366717
78713653
3313294
5581793
2142144
1662669
1650484
13303045
16382397
16121816
1426209
78713653
3439416
5755993
4366955
2142144
3627645
2331834
1662669
10422821
8863357
701246
21712244
820133
7964950
33941199
4030246
9508995
87361915
37770
225104
56397
84704
216603
228512
194616
167559
215036
15006643
989068442
22539149
5602108
65550271
73227269
62396513
9511263
15659873
989068442
23397111
5776942
14968359
2144125
17431513
1650484
13303045
10218910
16382397
2115584
5639307
16121816
65312704
70193950
1381201
73227269
809635
62396513
66033002
3975267
9511263
87361915
597856
570464
684916
704085
153851
207673
6464
30847
87926
755985
19092
262065
50252
367018
177083
729061
139400
8504
69600
43815
120881
293220
77852
276720
61212
112912
54064
369338
88160
713626
703917
704085
33300527792
57924330615
52003392040
4194642222
17883200132
31691210624
9511972951
24466818179
6466
31233
88246
755985
19095
262065
177083
43817
703917
143480
729061
48489
75531
61212
88830
31649
369338
62968
32567709729
57286983423
28647711142
4194642222
16803156844
29836655910
9511972951
23113665100
4449950
9191249
3048160
4254833
2540514
108877139
6473438
5767101
950194
4406817
4118015
3364118
3413799
784357
383215
2232469
45485
714427980415
1125041794524
347160239988
24777980
29332515
3448180
35277774
36187663
36519393
2651101
108877139
6719852
5947084
950194
8607907
4433822
3027721
226051
9191249
4406817
8003123
127981
4354167
3048160
5394993
15187108
3364118
1623313
3413799
790513
430037
2232469
45485
4254833
36187663
760348705456
1194970930331
347160239988
116700
733946
709216
748209
170534
263019
602859
570465
704085
259917443
254510096
95562725
258288624
258251022
47944981
210180704
103321030
250830586
61838997
1627390
122100675
213173514
22731422
23809496
92638315
269434290
95077177
61277189
241742291
200396444
248553992
246768857
260298303
29330697
30998643
29030466
4255848
17706140
1115061055
24124697
5788092
21086807706
46378335197
470504288339
405451852
974453897
59453192176
2915096992
1830526598
7575969365
6270857324
18476877
1115061055
25043014
5968730
3434844
29504821
29224397
29076228
457928
30998643
4410893
38456494
24777980
126343
29030466
29546697
29332515
29383184
23642735
3448180
35277774
4170126
11536101
1608918
11578648
311222
36187663
36519393
4069679
4255848
22912414334
46541417709
478470691874
504322903
1037088103
60983022951
3096290450
1830526598
8233155724
8245462031
35687
25755
35106
28299
35476
34025
31725
35506
26980
25564
24363
33884
32307
30994
35295
32897
33650
30963
30974
29985
33519
27588
33532
26199
24039
24223
24996
27001
4437
30324
29662
30851
33326
26980
25564
32307
30994
17651
4277
3420
10411
2177
2727
4159
35347
33994
6602
35970
5559
9990
32897
4941
31296
6773
4232
17238
7768
3068
12527
12848
27351
679
30107
30843
33786
33326
63901666
89257697
17651
4278
3420
2178
2762
4162
35347
4960
31296
7768
3069
30844
33994
9991
32897
6773
12527
680
30107
33326
1267961
2469451
965444
1152600
866484
12178690
1656649
2014631
272416
681102
1733140
48828
27260
9660471
1245351
216215
1742713
2206173
2111976
904201
12178690
1719710
2077504
572076
272416
453684
1975045
305472
681102
1263366
1733140
1074341
82373
2469451
965444
48828
4114065
1022092
27260
9660471
1152600
1235692
10589274
1245351
25756
35545
28314
35476
31076
30974
26199
24040
30852
9400893
134070323
10163591
2021963
7945450
8328533
7563178
1152875
9810107
134070323
10550472
2085066
1960871
272668
2180037
1949573
216215
1742713
1338688
2310106
2206173
2111976
282841
7916655
7672056
8508318
160236
8328533
7563178
96719
8003963
1009010
178049
9729979
1152875
10589274
1218835
1245351
171534
92270
35102
47858
131883
5376
6096
20362
176608
13040
34598
174381
11338
20519
90075
37951
175042
31041
177470
135728
15536
71017
9079
27725
70586
139107
137326
1272
26333
11536
91434
47894
20437
47269
176667
174263
176715
89091
7674
173059
174305
5601559
7940300
29556795
45901792
5368375
28889214
12527378
6609481
9818174
675167
45186401
23969271
1028540
11698485
2848622
7120203
16584951
3671161
29551099
56304435
5378
6174
20437
169506
13042
167386
37952
9080
133786
171470
171534
92270
27877
131884
22412
9972
175043
8178
71018
1273
15641
4741
91434
39499
10431
37360
89091
2686
173059
174305
5478290
7940300
29231579
44237034
5324043
28507511
11951693
6609481
5408651
675167
23424145
918330
11462717
2676582
7120203
15614407
3468125
28670612
820852
1753149
541354
864918
2115525
26899752
5142025
1257359
193154
5779317
1245462
869615
681901
27837
13211
136007
59596
453814
2170011
7226
1729812
442184
7375220
865125
700943
1175066572
1362597504
4734491703
248640837
332998133
95591183
216705920
443300267
49379751488
2207613
26899752
5337758
1296599
193154
1749807
5779317
817877
1307837
525767
44224
1753149
869615
1482955
6041065
809626
27837
541354
1070594
3087221
710031
13211
150387
74766
453814
2170011
7225
1729812
864918
837196
442184
7375220
7356195
865125
4757037
5962687
700942
7356195
7423629
7371929
1219287476
1373943398
4844672716
278480555
339847331
101735422
216705920
470854447
50896225510
169354
165666
157507
135739
171617
168330
168306
127952
133001
173610
133213
172093
167096
128807
170326
169969
170989
167135
169555
130373
127373
138710
24296
134023
134017
171092
170237
170837
24255
127144
129095
128992
74541
132236
135313
131577
133785
135313
24053
21917
7692
8142
156349
158351
157547
130601
161986
166360
160823
169640
167168
171470
161435
171470
5962318
5912716
700943
5901287
865125
10134950
1106898
8465615
95012500
8812337
8520661
92978786
1255477
92728465
1021345
8923779
2333570
11007068
10990616
2265402
1096462
8734547
1123702
279555
2100114
157910
86251100
1314718
1087758
91199684
10754591
1303198
1309910
698232
5997713
5993082
5940709
5946176
5910589
85987
5912716
870419
7463047
5963156
4757037
53828
5901287
6006226
5962687
5972987
4806074
700942
86288
57612
7356195
7423629
7428285
7371929
7360067
5931802
822953
865125
11012391
1379923
8834118
95012500
8843324
8845003
94217338
1294659
94298509
1059781
11099879
2335394
11098721
11096115
2265402
1155606
1166910
8937817
285305
2352151
168060
1391330
1303198
1428143
1430900
94592351
94000466
11031325
56645
24388
63550
62333
67355
59537
62790
13649
19530
20343
60020
56869
55863
54198
63615
71794
74293
69806
28164
3082
63427
65951
71242
56645
60020
56869
55863
24300
3592
67682
12390
62732
914
5758
2965
12367
18559
36907
22028
70532
28553
3203
8096
10524
65936
33899
8956
71242
25841219
760564
23719387
711388
62732
5759
476462
372079
84631238635
2908074308
806948
476462
372079
644056
966517
3666126
455866
3674321
3607812
163099
6486719
967373
219835
2359619
2492706
2282428
10055090
2115178
20969339
92201975419
3109099878
3666126
473435
3877537
476903
1261989
455866
3674321
3607812
2822478
3312875
316976
21877274
954177
213109
18484985
15620087
19562296
2282973
20969339
16751297
291948
82212
308348
320729
165353
153204
297746
303187
2868299
4865931
33305603
58191866
57985662
11392281
12303940
8648435
7742714
55341892
152386
94447
8118
85700
322279
323938
52357
310844
1786
25949
100157
1203
19577
6602
30022
73573
30708
16568
17302
42353
17302
155164
78776
30928
307295
303114
56896
151749
303187
17054386
12146555
29554639
6212543
3081161
11305569
1565089
2518633
5009847
55565153
429364
4484842
4411772
46550
308348
149855
131759
297746
2776051
4710414
33305603
57472350
57732006
10665350
12228148
8572578
7732345
54273481
15654044
6691313
27769707
5848988
2881942
11181172
1565089
2379338
4899599
429364
310844
19784
19578
10405
39610
16429
4380
133574
10958
54659850
3090628
5069740
690309
1370188
953501
992607
1057870
327379
175498
72375
698378
9472
27205812540
787635113
162021616
5550122893
47868481
3285638
5069740
690309
60937
3496160
2267504
1370188
1004200
496374
34409
993805
1451872
355779
1184091
754705
958610
218575
105740
698378
2595104
9472
1331029
1940357
5863763
11320502
11035863
9665428
11320502
11424276
11325324
1331347
29639524359
838261315
172092382
5933784554
47868481
81346
61005
266114
161442
83368
279610
283819
292871
288639
83686
297276
41996
294742
296074
61913
257747
36333
381
86511
85122
9427
91474
43528
43260
68230
258973
214680
266270
264358
278852
280871
281481
276058
275656
273681
279009
277675
276417
281859
281859
277266
34460449
113724341
1830944
14450450
644489
23757074
55316
44462743
5134085
669041
380902
1690869
1398918
14061559
119119506
14111005
11035863
11422010
119659
9665428
1304531
12069953
9665020
11958200
1371456
3512670
482375
35408
3442447
76998
11208702
11320502
9109067
11408020
11424276
11325324
11344887
9043351
9128492
1256619
1331347
37543129
115649879
1948630
14822285
684549
27740572
68805
47536306
5578572
380902
1836673
1840292
120914102
14111005
10405
9794
10058
9599
1369
711
885
9846
5823
10577
2036
3128
497
9427
2116
564
3238
11061
11241
11083
11155
1365
11247
9919
1118
3213
5085
2219
1625
1635
10292
10184
5236
1228
1699
11203
5707
11255
11245
11102
1370
711
886
9846
5824
10577
3128
11358
9919
5086
2220
1636
1700
11203
11102
11102
66723
167845
2453238
14234
438437
48419
316252
1491260
46036763
66723
111132
167845
92910
139428
483811
65762
530052
543671
520457
2453238
302597
780548
14234
438437
319664
292698
1289463
271250
48419
20029
313799
320352
2689104
316252
1594346
50044216
66785
534012
569283
65762
530052
543671
520457
407166
477571
477910
69701
2470890
2370511
2632496
28209
1940821
2003117
2508665
292768
2689104
2148183
38934
309518
316252
598
601
604
596
606
604
596
596
324007
44609
318183
321282
324007
45046
318183
16918
5668
5541
40633
4552
37908
18335
17104
5682
2571
18508
5936
675
8797
42447
2731
41293
38845
1115
2561
42297
6008
19558
5700
41400
86994
2727
42122
6727
6050
17829
90379
5345
83903
91409
42205
5711
91526
90491
89701
84566
37182
2166
41718
88620
90340
88618
46943
84877
201
40548
88189
87712
5775
11360
11898
1471
47926
89865
91224
41985
91266
89713
90439
40069
41758
42730
88164
89706
89148
90584
181203
6876
575369
62456
31681
11664
169177
597085
2714686
167041
1318
458677
20069
327760
1173235
163054
297750
2796756
328064
2762023
312866
2737086
168420
186081
332721
11847479
2730906
1418792
1284850
2677767
1550295
35710
242263
85926
155488
3075976
11856584
21603629
211556
275006
276439
1403072
2429282
324888
6876
761312
83910
265528
162547
207222
50379
22061
775193
171622
770097
611644
2714686
169512
1316
611325
36114
327760
9712
327985
1173235
295703
505857
454047
166941
447736
2796756
1439088
332317
2270375
2789219
328064
35710
244280
91267
165482
3288608
12220705
23536195
2762023
236945
280663
2750384
286842
1435725
315926
2737086
170637
2727356
333333
330384
2789219
2815097
2790424
2795261
2242713
328064
12211321
2757182
1432733
1284850
2774940
1550295
1591
34789
34789
272006
272108
1522
277277
1569
1255
1560
32017
1233
291923
292207
3801
1258
34457
287612
255656
1248
34667
1236
34761
34501
33513
287992
33570
34222
33916
34450
290811
293674
1263
33337
295942
1284
31061
33997
34458
33700
1584
27968
1450
34789
34789
