9577474
1826534
12500488
3020270
15729035
7929997
15637101
12782229
12624246
8031198
12796670
9923187
9737533
15506637
9725403
9877847
10084688
10020822
8052686
10037597
1877258
10037427
8051814
12812411
3079270
1090255
15900001
24358405
164685
41565073
25291533
16120994
10805563
42184601
15182011
65288109
20587515417
6791641238
78314549652
48919011743
77661153045
13223139102
49633526096
50648917260
9181585441
138923100
41794602081
64183725746
4106641737
7588027
458042
12272767
8508813
5438544
3646302
12950780
5855098
19939793
21539229
1215853
464093
1572380
1078778
2806639
1088476
6687754
5935864
19936029
21539229
1215853
1572380
1088476
19936029
218840263
346851895
242892688
881790102
218840263
62217942
346851895
193077324
9891434
242892688
1501110763
163628264
881790102
4798140094
7588027
12272767
3646302
19939793
1366134164
2707924196
813868088
881956593
1366134164
48160180
2707924196
1523454646
18894579
813868088
2907166701
161321362
881956593
4798140094
2731649
166799
2568066
1512812
8335156
3094128
21759365
15858273
65275785
65288109
269933
7951651
100127
972949
523566
644246
354524
6112156422605
8408270319580
6851578849316
11210666064944
776504600074
2731649
2568066
3094128
65275785
262505
7870547
98218
936077
483988
644246
354524
5769617989885
8314627313988
6698660784483
6147726324293
776504600074
62019115
102485021
65307262
394560059
7443696
47616513
452006
6115247
9196962
4532196
58152
62019115
4573938
102485021
50650961
1547731
65307262
427172226
42217436
394560059
1261291966
7654335
48107189
460789
6356126
9949043
4532196
58152
24358405
41565073
10805563
65288109
19044562184
6791641238
73925633329
48412413372
71383166022
13075872846
48525772259
49145463969
8725636902
111799247
22919403177
64183725746
4083544741
387161076
800115764
218827076
394634556
1869389330308
26232915571
2033797868207
32597338835
387161076
4514085
800115764
399655647
2964398
218827076
826268238
39288514
1261291966
394634556
1089006
1958582
1761077
1221083
1235434
783346
1858460
2861388
3090796
239971
11378
4281
174714
1984754
225950
154400
637707
233942
959791
2860924
3133729
3090796
1201629
34507
266087
2695
1371916
174714
225950
233942
2860924
1201629
32376
240348
2695
1334377
239971
11378
4091
26525970
42042460
44075082
106883157
228591492
4919730
500675
112080
49855037
26525970
74148658
42042460
23403204
1789667
44075082
181951983
106883157
72903745
581590064
228591492
5243425
554292
112080
51257582
1089006
1761077
783346
2861388
165591258
328231726
147683749
106903337
165591258
73176595
328231726
184660320
3297301
147683749
352382221
106903337
581590064
71693430
555758
9936456
497474
286752
3049160
1006159
5156272
16159832
16386420
16162883
6905282
55655
1952688
19825
1149371
210252
152465
39480
1475303
3850
141872
75277
520531
6859
7174244
3210604772
879236356
4860173119
1000431870
2682293144
111700523
330519484
555758
497474
1006159
16159832
6905282
54123
1932771
19447
202284
143052
1332598
3850
141872
75277
481182
6977938
3144107634
829962053
4806045314
978103571
1470921003
111700523
295066812
1149371
39480
6554
9136833
15103532
14408802
80205818
80269104
1095677
9679442
65369
1202435
1750186
96553
37318
860452
7322
4978636
34633480
87818024297
77246660746
9136833
51444302
15103532
8744754
319497
14408802
62878496
80205818
21770827
185802570
80269104
1126682
9779186
66639
1249799
1865340
106893
37318
860452
7322
5385764
35607805
89675354896
86527950160
9577474
1826534
2957715
14550206
7929997
14760764
12624246
8031198
12197758
9636693
14253109
9617091
9657387
9785336
9946793
7652798
8077820
1875833
8051814
12035469
7026094
12463831
12812411
2748977
1084123
15900001
56962384
117915520
48280023
80220962
256236177
59777542
422950105
230177518
237595727
557098295
272710754
1431792781
296695045
1779163063
56962384
50769885
117915520
58799585
612068
48280023
121775338
185802570
20898675
80220962
256236177
61041823
423271298
244240647
245036482
624034399
15950653
3881030
2138798
2120145
4055950
16052758
3263330
3837576
16302593
3375638
15955437
15918826
3970051
10611007
10635528
10682307
10779969
10822380
3238553
25016
4090854
2192943
16322646
342806787
9266083
314903632
8670480
429421321194
12108378994
467471722557
12940142128
12213652022
520775045
2770099023
1682224900
1759048831
509628959
1198418702
82083933
474761086
1419772525
752022246
4681422422
8216341978
2049053467
1872937690
105038
3289459
27644
160511
724630
215321
111570
81573561
80208101
491589688
2544623610
1663489941
964630535
476871160
1171671601
82083933
102147
3255908
27117
148377
697169
215321
111570
12009207753
459290880
1407382743
727668474
4681422422
8114567326
2036842988
1870220595
1481265
14791432
70590
1552340
3516885
1233353
7349
3470000085555
665953492911
1523182
14943853
71961
1679282
3655414
1233353
7349
3777471767717
711699960291
3590162
2120145
15153127
2997708
15790204
14631977
3925836
5818884
10622226
3077730
20131
3827903
15958346
15838127
16322646
15683655
1833293
488695
3712528
16057356
3346180
10291103
10779969
10688325
2179875
16298966
16322646
3293069739
4009037777
284951262
5397832
2276731264
101279221
15658680599
3136348028
310012077
6707412
2656131585
840571472
3584863879
15897828089
4284431356
3136348028
642
5807
1119
392671
125901
396075
463617
108633
17974
7470
6944
457278
396075
425880
98125
16865
6989
6944
444765
642
5807
1069
380796
125901
55314254
123453
1977352
197174
12660491
308835180
7069717
55314254
136673
2107453
197174
13016661
336200619
7555359
1918407
3693779
3637592
3613463
1832262
401884
96475
3736572
3746327
396616
62868
1934733
396531
1944543
3722897
1854493
208989
1879863
380902
1922723
963111
552367
200839
406803
410846
211097
708797
408442
1025730
368279
1944617
3606747
1736890
185625
15206
730155
124148
2130428
3757031
3779701
3742288
1948507
3728360
24670
24832
24536
24572
24257
24832
24281
24572
3563325
351487
3525962
3563325
355173
3525962
3562251
3613463
1778773
386555
91068
3441390
1934733
385619
1924709
205005
1858927
1736739
926612
552367
384438
206385
388691
408442
948192
368279
1925043
1736890
165714
15206
685080
3757031
3626342
3631949
3736572
383692
57406
3684260
1838309
380902
194335
406213
3497672
118634
2130428
3757178
3695933
1948507
3728360
7644400
129315
3587980
5911
9337
812596
270958
577
473394
119305
263061
13133360
131947
3589745
13711308
1299993870
278333821
252274076
45375772
2495586621
388830189
44484054
536179794
53331951
535001368
7644400
132975
3624953
6026
10336
844604
270958
577
512106
119305
280369
13502833
137179
3589745
13711308
1339085538
281163937
252274076
46335459
536179794
2716716938
53891244
415540174
49828873
535001368
75979
77597
76532
77713
72613
72983
75784
79024
73991
72990
79617
77463
78854
78548
79619
76009
77319
77048
71378
76370
72127
74718
75008
75885
77666
74921
79790
78514
76824
78068
77480
79047
73814
79261
43408
78514
79851
71285
79401
79851
77678
64260
79851
79851
76526
67681
4058
79228
76680
72671
78893
78542
78986
78861
77436
79735
76304
77265
79851
79375
79851
79851
79851
638431
44016
4889781
4883692
4996783
53740
1055885
1038999
1046050
45058
943343
55275
1056687
50935
850375
4563166
126232
5275665
1056687
1049267
55655
1056687
55415
1056687
638431
44947
5036820
5323584
1047671
1049267
5316428
56239
5356238
56821
45825
57210
5340028
1056687
346171
439428
41185
280747
436099
289392
65649
97968
437030
275395
230113
282616
287019
228312
2255
564561
427657
432957
163723
132732
704085
165261761
163897279
43860938
167265497
165902402
20557933
133955098
44105569
101055900
29287364
350377
138081233
32878134
212061483
11811437
11701427
67293335
173296987
67913777
39945383
40972002
263105194
139821
18214
87948
26459
36724
86354
81731
167161
158385
150945
122894
135841
49756
193030
135843
90207
147023
92897
77642
6278
166689
173321
63133
215036
232285
167161
158385
122894
193030
41070
1530
6290
3897
36611
86290
17028
34525
14763
21760
91171
18633
47938
23171
6362
21350
89494
64006
214995
232285
1532
6295
3899
36617
21768
91183
23180
21357
214995
86297
14771
2314788
2364366
3695724
9509467
48145
1301615
123149
110925
846877
159532
1641909
7851379
6100192
9548952
50196
1301615
127896
114432
1647682
847569
849412
1385094
731921
3917999
3336324
168968
5172599
853447
4711147
20089540
1764612
9509467
51744467
18220
87954
26463
36731
101306
90215
77651
134512
215036
572589
18186221
835828
111271
14450321
7922357
28853071
9511263
596985
18186221
868047
114788
5609458
848201
4076914
1641909
7851379
6055725
6100192
1334275
2466761
9548952
24458538
26324885
322777
17331990
660616
36780630
38906951
1739734
9511263
51744467
228312
564561
427657
704085
91509
123130
2217
7935
48903
292486
7608
97668
26138
142386
65888
282405
50854
2285
61658
34878
113666
291208
46230
171017
37975
105651
43393
370417
78617
713689
703952
704085
18079533084
25042841581
32422552287
1803405677
7606968234
21932709679
6766853022
14433935174
2220
7938
48906
167718
7611
97673
65892
34881
703952
17518
282175
5739
18016
19744
10438
2778
173783
6103
17676022116
24763939159
17779940731
1803405677
7146362299
20653623421
6766853022
13625026306
656008
635714
1091983
4255044
69766
1641337
240391
295885
114443
1738260
110781
174745
208045
73435
6125
1051382
6103
331545464444
664707446754
219218912018
3732938
10995660
3430265
8341554
13602120
13746124
72739
1641337
249658
305239
597815
2057132
1110357
875234
26431
1390771
1739681
1190024
62736
1748564
1392012
2032763
5716895
878616
455284
954496
743244
199723
2241010
12888
4255044
13602120
352914631347
705873015786
219218912018
41189
167471
257651
165944
65653
97973
105183
442877
704085
163550334
160239311
40349561
162300418
162455170
20557933
133458808
43614365
99339516
27832982
281968
75721248
212061483
11096249
11635614
62249964
168856802
63953136
40972002
241836246
200572609
248360211
246716007
260245454
4095207
2130107
8525274
4255848
1294422
58050146
2073637
296794
9103484047
29523561295
110625754566
82726536
406543151
37261922029
1555744936
1001938745
5860835307
4849549208
1349573
58050146
2153569
306176
2166745
7003412
6931525
6905941
50633
4660102
1740978
5711744
3732938
61914
10867646
11058044
10995660
11010644
8876326
3430265
8341554
2630052
2992424
423698
3216894
79078
13602120
13746124
1557825
4255848
9895704853
29633349824
112537141754
102796996
432746159
38241745245
1652092774
1001938745
6361494681
6376282436
22450
16401
22082
18018
22326
21409
19962
22341
26840
25431
24237
33884
32307
30994
35295
20729
21172
19489
19496
18873
21093
17349
21099
16676
23914
24097
24866
26861
4281
30324
29662
30851
33326
26840
25431
32307
30994
11148
2699
3117
6594
1258
1441
2625
22258
21393
4159
22637
5543
10053
20729
3122
19704
4273
2663
10888
4976
3063
12526
12839
27217
656
30115
30845
33786
33326
4689504
6900522
11156
2706
1494
1260
1443
2628
22262
3128
19713
4982
3069
30853
21404
10062
20737
4281
12536
663
30123
33332
280579
429035
447964
1152657
39597
298368
83004
67439
171303
88636
85772
26114
5368
5686661
1211283
215092
1028539
1308382
1250923
41284
298368
86204
69571
215848
171443
169262
740480
181448
406656
474906
650505
404401
30563
938615
571045
26102
2435084
1017101
27559
5730438
1152657
786214
6272027
1245351
16404
22088
18024
22330
19497
19503
16682
23920
30858
515518
4567128
569284
67645
1751546
1437583
3497325
1152875
537483
4567128
591228
69783
734845
171571
812407
730801
215092
1028539
793306
1370534
1308382
1250923
282841
2964657
2872756
3190880
56318
3145046
4458237
51612
4715972
1003768
179755
5770167
1152875
6272027
773161
1245351
99456
53429
19770
27398
76065
2096
2110
9947
102431
6348
18910
101155
4952
9383
52086
21424
101488
16537
102893
78269
12710
69499
6753
25192
69005
136297
134511
945
23260
8589
90963
46597
16690
45963
176682
174272
176715
88576
4998
173104
174305
2868636
4582025
18640166
29053060
2736709
18242046
12438076
6174641
9612816
279160
44994610
23923276
897263
11045970
2026469
6257714
16547513
2234349
29651306
56338616
2099
2113
9950
98325
6350
98359
21427
6757
132987
174272
97849
42934
17341
76071
11944
5599
101405
5739
38170
947
8950
2778
42676
19744
6103
18016
40772
1494
171782
169536
2804612
4582025
18432570
27994181
2714903
17997763
11850116
6174641
5271494
279160
23395748
801019
10817189
1903765
6257714
15582484
2109131
28760554
101306
140258
160928
864961
65964
436904
200563
306439
22502
966169
30513
541521
16306
5036
5368
13941
2778
213724
129873
1624
94595
200002
1996851
841458
540117
601702497
742829808
4731261715
234702121
271435883
72949016
174555685
364647892
29392408429
68774
436904
208294
316127
117547
302666
1005197
163575
231416
151099
5453
306847
541964
266507
1038302
257380
5027
205145
299021
841510
705664
9171
141107
28874
455550
595851
1614
475625
864961
234782
444350
2012223
2003746
865125
828531
1620515
696413
2003746
2025016
2010683
624461867
748796036
4837942394
262901894
277176688
77650814
174555685
387230666
30302730250
99641
97474
92655
79957
101008
99097
99044
74913
77836
102284
77907
101305
98323
75310
100255
100003
100630
98357
99783
76227
74494
81743
14693
78381
78377
100752
100201
100572
14678
126354
128152
128215
73763
131544
134511
130851
132985
134511
24711
22527
7936
8400
156395
158618
157608
130716
161860
166318
160788
169606
167076
171470
161470
171470
602521
469967
540117
1256395
865125
6379177
480212
5388686
35454799
5602836
5415846
34639279
519442
34607134
422440
5620438
1564584
6927572
6915463
972554
749318
8695319
772297
189339
2078299
91850
51096899
902613
746331
54072727
10748682
851836
899033
433786
1030412
1041604
1019824
1020665
1016040
10450
1028162
542368
1279153
1024731
828531
9671
1601598
1629733
1620515
1622729
1307341
696413
69067
9863
2003746
2025016
2026174
2010683
2008169
1619903
225377
865125
6934318
598160
5618280
35454799
5623671
5624609
35120560
535863
35205075
438419
6984024
1565773
6983212
6981530
972554
793896
797690
8891381
193344
2328009
97770
954711
851836
979015
981996
56021969
55747431
11031325
35566
16801
39965
39313
42240
37330
39475
8862
14399
14999
60020
56816
55752
53989
63615
45001
46566
43780
19362
1596
63378
65951
71242
35566
60020
56816
55752
16749
1982
42445
7785
39446
632
4272
2034
12349
18685
23222
13897
44248
19630
1776
7528
10564
65939
34054
8264
71242
1397838
34058
1284059
31869
39451
4278
299357
35700
1456436009
40472167
300283
299602
163792
384563
577223
1360903
455866
2173128
2130259
53313
2393942
410868
174727
1376881
1460713
2282542
5884181
1241043
12189458
1585488695
43252330
1360903
298590
1436840
299825
550744
455866
2173128
2130259
1674237
1965131
102344
7984125
403302
170096
10749515
9115819
11371388
2282973
12189458
9792309
159963
42409
169324
176502
90721
151198
298057
303187
1733445
2229270
20789256
36514521
36405478
6986639
7878954
5799873
7032109
55351149
85922
51238
2888
47908
177489
178462
27367
171378
753
14171
54545
542
11362
3309
23989
68149
24579
11405
11964
35308
11976
153235
73337
24739
307322
303129
50187
149826
303187
11295430
7409604
18558061
3975210
1873213
7350757
949606
1515369
3606502
55565153
234901
371113
364901
18546
165664
41982
70640
279709
1676960
2157077
20789256
36062220
36249474
6542232
7832002
5749260
7021907
54261558
10376025
4063292
17434361
3743381
1752807
7268892
949606
1430444
3526010
234901
171238
14175
11366
5739
17341
8950
2778
71891
6103
54635048
83986
286769
321293
852191
29495
35306
22045
65816
19983
2778
326597
1630
11768938403
371836110
85033149
2225944660
25930934
410213
619688
687697
5582
446642
308812
852887
148300
68919
11736
161983
347957
343804
282227
222032
277343
202260
31183
696139
519285
1620
1331095
405404
1140582
2186213
1339910
1173142
2186213
2209394
2190806
1331347
12811766990
395802138
90299282
2378851891
25930934
47206
37576
156192
94658
48408
165248
167474
172990
170487
48701
175824
24798
174443
175257
38294
151784
21473
206
50342
49493
4623
53201
25456
25304
42152
259074
214869
266063
264301
278795
280814
281450
276002
275568
273492
278940
277619
276310
281859
281859
277140
14161353
42491695
658118
9056730
248266
9382027
22742
17626923
3429203
449136
144177
969133
799591
14058725
70537934
14111005
1339910
1384516
10623
1173142
812195
1463444
1173842
1449386
853523
480494
66153
11439
517940
10086
2165260
2186213
1761834
2203255
2209394
2190806
2193796
1751920
1767882
243399
1331347
15416170
43225864
700536
9294882
263641
10945472
28259
18837773
3727626
144177
1048880
1054366
71615226
14111005
10405
9794
10058
9599
1374
634
810
9853
5845
10578
2039
3147
433
9436
2121
495
3261
11067
11244
11090
11156
1355
11249
9922
1070
3234
5111
2224
1631
1640
10294
10184
5259
1173
1702
11205
5728
11255
11249
11102
1381
642
817
9862
5853
10584
3153
11364
9929
5118
2230
1647
1708
11210
11110
11110
66743
21842
1376050
6439
34474
5368
307600
31455
1587041
66735
65893
100213
55476
83622
264956
65762
287594
294877
281916
1386643
179916
466106
6429
261453
190907
292712
753829
162250
48485
9491
188513
320453
1517523
316252
33615
1727667
66785
289261
308880
65762
287594
294877
281916
221275
259452
259623
69701
1396257
1338369
1488035
12234
1099520
1134881
1415803
292768
1517523
1218993
18313
184009
316252
598
601
604
596
607
605
597
597
18359
1308
18038
18187
18359
1321
18038
17121
5736
5597
40879
4586
38168
18544
17339
5739
2610
18734
6000
696
8948
42705
2776
41536
39024
1120
2589
42496
6062
19742
5750
41590
87066
2761
42319
6720
6101
18013
90340
5366
83983
91425
42398
5753
91534
90509
89682
84660
37395
2191
41917
88665
90299
88624
46734
85006
184
40769
88186
87697
5838
11382
11940
1492
47719
89891
91280
42157
91284
89796
90532
40206
41985
42932
88105
89643
89120
90584
5739
487
18546
17341
8950
2612
79223
19744
178884
77899
128
18016
5368
327551
41919
73976
11944
190169
319089
2762512
198487
2737086
79239
5840
333129
7051931
2729741
1423844
1289977
2679130
1544611
23252
202549
54262
99186
1730009
7056842
12824315
171655
164555
163382
1409328
933577
30370
479
56184
79430
24586
19341
24204
44429
2605
57067
168863
56742
45239
186110
166736
122
45221
29339
327819
673
328002
81097
20621
40094
35227
164356
34777
191633
99299
332421
155952
190812
328064
23252
204176
57623
105579
1848849
7275402
13960659
2762512
192279
168035
2750411
169562
1441106
200568
2737086
168071
187462
30915
330586
190812
192851
191216
191477
154016
328064
7263987
2756937
1438322
1289977
2774940
1544611
942
34789
34789
161142
161499
883
164507
909
728
906
32003
732
172808
173251
3467
747
34445
170526
151755
742
34660
734
34762
34511
33497
170709
33587
34206
33897
34438
172483
173902
750
33367
175575
763
31057
34021
34459
20180
934
27996
862
34789
34789
