15601286
6491964
15868178
9733716
15900001
15088185
15900001
15868178
15868178
15108895
15868178
15605247
15590729
15900001
15602646
15574001
15615294
15602544
15109123
15605893
6500550
15605859
15108743
15868178
9733716
3852288
15900001
136721036
7009176
137228162
136732919
136734755
135243407
137228162
128679593
137259985
78356720903
71763320400
79631215618
79626920794
79631215618
78600748251
79626275290
79627868714
77029273743
1543249920
79631215618
79631215618
27339687936
105921960
33711624
105921960
105921960
105921960
105921960
105921960
105921960
105921960
105921960
105921960
33711624
105921960
105921960
105921960
105921960
105921960
105921960
105921960
105921960
105921960
105921960
105921960
105921960
4685032008
4685032008
4685032008
4685032008
4685032008
3657390864
4685032008
4685032008
2097480528
4685032008
4685032008
4537320384
4685032008
4685032008
105921960
105921960
105921960
105921960
4685032008
4685032008
4685032008
4685032008
4685032008
3657390864
4685032008
4685032008
2097480528
4685032008
4685032008
4537320384
4685032008
4685032008
121964705
7009176
97278546
94876158
136734755
135243407
137228162
128679593
137259985
137259985
122747084
150251034
94462620
144579869
132897665
133251659
123635884
50783405616480
96197130751412
82874562923760
96224894870975
7872069615360
121964705
97278546
135243407
137259985
122747084
150251034
94462620
144579869
132897665
133251659
123635884
50783405616480
96197130751412
82874562923760
96224894870975
7872069615360
1374887530
1216457970
1439525393
1443019384
1310740566
1400832651
905681208
1392967752
1359874359
1355334060
128094504
1374887530
315977904
1216457970
1203872802
175635240
1439525393
1442991093
905681208
1443019384
1442980600
1310740566
1400832651
905681208
1392967752
1359874359
1355334060
128094504
136721036
137228162
135243407
137259985
78356720903
71763320400
79631215618
79626920794
79631215618
78600748251
79626275290
79627868714
77029273743
1543249920
79631215618
79631215618
27339687936
1442086186
1442967699
1439525393
1443019384
16308249461280
365388573696
16308249461280
365388573696
1442086186
315977904
1442967699
1442041714
175635240
1439525393
1442991093
905681208
1442980600
1443019384
15125586
15125586
15125586
15125586
15125586
15125586
15125586
15125586
15125586
14459322
14459322
13354908
15125586
15125586
15125586
15078204
15125586
15125586
15125586
15125586
15125586
15125586
14459322
14459322
14459322
12778056
14459322
15125586
15125586
15125586
15125586
14459322
14459322
14459322
12778056
14459322
14459322
14459322
13354908
567880056
567880056
567880056
567880056
567880056
567880056
181314720
567880056
567880056
567880056
567880056
567880056
567880056
214059168
567880056
567880056
567880056
542186280
567880056
567880056
567880056
181314720
567880056
567880056
15125586
15125586
15125586
15125586
567880056
567880056
567880056
567880056
567880056
567880056
567880056
567880056
214059168
567880056
567880056
567880056
567880056
542186280
14296265
15868178
12068093
11852020
15605859
15108743
15868178
15900001
15900001
15900001
27249988
19838678
27180491
14351748
24695438
22486973
24236966
19466614
26518255
3852288
22345031
20087542
26026991
9916284
27249988
12865584304
7155615840
15128928770
11803582284
14833211816
1109210880
10766056404
14296265
12068093
15108743
15900001
27249988
19838678
27180491
14351748
22486973
24236966
26518255
3852288
22345031
20087542
26026991
27249988
12865584304
7155615840
15128928770
11803582284
14833211816
1109210880
10766056404
24695438
19466614
9916284
224760740
188324760
240483503
242068582
236991129
211754926
237467507
125106336
233437818
229701504
12933072
140023920
222680493
11120472
235222659
237467507
3261868922400
2867020293120
224760740
242045935
188324760
185859624
17310672
240483503
241966647
242068582
125106336
241956154
236991129
211754926
237467507
125106336
233437818
229701504
12933072
140023920
222680493
11120472
235222659
237467507
3261868922400
2867020293120
15601286
6491964
9733716
15900001
15088185
15900001
15868178
15108895
15868178
15590729
15900001
15602646
15574001
15615294
15602544
15109123
15605893
6500550
15108743
15868178
15868178
15868178
15868178
9733716
3852288
15900001
241357515
241943253
240483503
242068582
2061638376
2147438796
2063850216
2336407404
2331622428
2518543032
2331622428
2810032220
2331622428
2810032220
241357515
242045935
241943253
241327867
17310672
240483503
241966647
241956154
125106336
242068582
2061638376
2147438796
2063850216
2331622428
2336407404
2518543032
16322646
12634990
8547942
8476314
12867670
16322646
11458450
12551662
16322646
11657464
16322646
16322646
12867670
16144332
16146662
16151107
16160387
16164417
11383420
116736
12867670
8661870
16322646
30545170076
30061473068
30545170076
30061473068
9944842083010
9861650885716
9944842083010
9861650885716
12327992676
3841407384
11465760642
11902357341
12001831872
11313647884
8523981976
595466688
11248154324
11541508930
8244729752
12327992676
12327992676
10191613372
11293304396
20093534
30472974
13273308
18615310
27702380
23034815
20342398
1928794272
1928794272
3841407384
11465760642
11902357341
12001831872
11313647884
8523981976
595466688
20093534
30472974
13273308
18615310
27702380
23034815
20342398
12327992676
11248154324
11541508930
8244729752
12327992676
12327992676
10191613372
11293304396
265211934
307085305
120355728
281068666
300144073
281516632
8875584
3210432502579
3206330200660
265211934
307085305
120355728
281068666
300144073
281516632
8875584
3210432502579
3206330200660
12634990
8476314
16322646
11458450
16322646
16322646
12867670
16144332
16151107
11383420
116736
12867670
16322646
16322646
16322646
16322646
8547942
12867670
12551662
16322646
11657464
16146662
16160387
16164417
8661870
16322646
16322646
3028648188
3090080276
2399025720
41436672
2763334116
3090080276
3136348028
3136348028
2399025720
41436672
2763334116
3090080276
3028648188
3136348028
3090080276
3136348028
2590536
3729546
3271944
4117884
4323090
4062894
4323090
4018338
4015518
4117884
4323090
4323090
4062894
4323090
4018338
4015518
4117884
4323090
4323090
2590536
3729546
3271944
4117884
4323090
142123386
29355000
142123386
142123386
142123386
1467658926
1446347654
142123386
29355000
142123386
142123386
142123386
1467658926
1446347654
3574431
3728360
3728360
3728360
3580074
1818962
541272
3728360
3728360
1794850
347928
3579183
1788866
3581702
3728360
3555588
1066092
3578380
1735714
3574244
2955188
2209049
1017120
1819138
1832162
1064502
2547956
1824418
3038693
1695058
3580558
3728360
3516585
946842
83904
2587436
662868
3627252
3728360
3728360
3728360
3581680
3728360
271776
271776
271776
271776
271776
271776
271776
271776
96469752
96469752
96469752
96469752
96469752
96469752
3728360
3728360
3580074
1818962
541272
3728360
3579183
1788866
3581702
1066092
3578380
3574244
2955188
2209049
1832162
1064502
2547956
1824418
3038693
1695058
3580558
3516585
946842
83904
2587436
3728360
3728360
3728360
3728360
1794850
347928
3728360
3555588
1735714
1017120
1819138
3728360
662868
3627252
3728360
3728360
3581680
3728360
52191634
44410762
55383476
9275040
420432
52984960
48386779
347928
48556519
43378874
48503629
55601353
44741818
55378438
55601353
535001368
535001368
535001368
369312576
535001368
495633814
367792670
535001368
407940560
535001368
52191634
44410762
55383476
9275040
420432
52984960
48386779
347928
48556519
43378874
48503629
55601353
44741818
55378438
55601353
535001368
535001368
535001368
369312576
535001368
535001368
407940560
495633814
367792670
535001368
75979
77597
78151
77713
74797
78897
78790
79024
78384
79458
79617
79656
79667
78548
79620
79742
78822
77855
77656
77231
79851
79851
79851
79851
79851
79851
79851
79851
79851
79851
79851
79851
79851
79851
76052
79851
79851
79851
79851
79851
79851
79851
79851
79851
77829
78960
24570
79228
79263
79586
79721
79742
79682
79851
79851
79851
79851
79851
79851
79851
79851
79851
79851
1034176
249672
1056687
1056687
1056687
307482
1056687
1056687
1056687
249672
1056687
305508
1056687
305508
1056687
1056687
1056687
1056687
1056687
1056687
302970
1056687
305508
1056687
1034176
249672
1056687
1056687
1056687
1056687
1056687
302970
1056687
305508
249672
307482
1056687
1056687
549698
619718
268758
620156
617219
617348
371298
415658
617918
618026
548435
617996
617960
548111
15371
674689
680261
682518
427683
371298
704085
262203256
262147168
245958100
262285621
262229590
193814650
259675018
245958100
262250224
231786578
3384320
262996120
194604082
263060245
61847808
61847808
244213000
263007905
244645810
193087378
195859714
263105194
219813
212596
219813
219813
219813
219813
219813
219813
219813
219813
219813
219813
219813
219813
232285
232285
232285
232285
232285
73929
232285
232285
232285
232285
232285
219813
219813
219813
219813
219813
153227
135035
219813
219813
219813
219813
219813
219813
232285
232285
232285
232285
232285
73929
232285
232285
232285
232285
232285
153227
135035
219813
219813
232285
232285
232285
232285
232285
219813
219813
10274193
10274193
10274193
10274193
79618167
70358439
103797960
95666971
2159073
2159073
2159073
2159073
2159073
2159073
79618167
70358439
103797960
95666971
2159073
2159073
2159073
2159073
2159073
10274193
10274193
4599738
10274193
8020594
10274193
10274193
9950264
10274193
10274193
212596
219813
219813
219813
232285
232285
232285
232285
232285
102888618
103797960
103797960
95666971
10274193
10274193
10274193
10274193
102888618
103797960
103797960
95666971
2159073
2159073
2159073
2159073
2159073
2159073
2159073
2159073
2159073
2159073
10274193
10274193
4599738
10274193
8020594
10274193
10274193
9950264
10274193
10274193
548111
674689
680261
704085
549698
597074
151378
124784
358311
617348
313486
415658
228043
618026
548435
617996
473614
15371
354336
235795
508481
674689
427683
427683
371298
430561
235966
700743
359386
704085
704085
704085
211590545560
275914453154
276917302616
17263310560
100260864000
275347593866
250920941734
111367117580
151378
124784
358311
617348
313486
415658
548435
235795
704085
549698
617996
354336
427683
371298
430561
235966
700743
359386
211590545560
275914453154
276917302616
17263310560
100260864000
275347593866
250920941734
111367117580
3354189
4062770
2753313
4255848
76551679
64015248
105480134
78188261
4065717
4194999
3333678
3685781
3485776
3648868
1986143
4255848
280909
51032779776000
71583598897888
68462880891820
4062014
4249502
4255848
4249763
4249098
4251137
76551679
64015248
105480134
78188261
4065717
4116485
3354189
2713737
385165
4062770
4194999
3789330
692934
3333678
2753313
3906237
4250597
3685781
1986143
3485776
3648868
1986143
4255848
280909
4255848
4249098
51032779776000
71583598897888
68462880891820
268758
620156
617219
617348
371298
415658
548435
674689
704085
262203256
262147168
245958100
262285621
262229590
193814650
259675018
245958100
262250224
231786578
3384320
262996120
263060245
61847808
61847808
244213000
263007905
244645810
195859714
263105194
263105194
263105194
263105194
263105194
4175250
4062770
4247255
4255848
100604806
113547222
109766827
78188261
57676575221
58048782736
58056617928
1149020672
29670220800
58056617928
48591508200
44256670890
49329190500
49256409900
100604806
113547222
109766827
78188261
4065717
4176846
4175250
4172634
385165
4062770
4194999
4194939
4062014
692934
4247255
4250597
4249502
4249765
4176846
4255848
4249763
4255848
3685781
1986143
3485776
280909
4249098
4251137
1986143
4255848
57676575221
58048782736
58056617928
1149020672
29670220800
58056617928
48591508200
44256670890
49256409900
49329190500
35295
35295
35295
35295
35295
35295
35295
35295
35295
35295
35295
35295
35295
35295
35295
33326
33326
33326
33326
33326
33326
33326
33326
33326
33326
33326
33326
33326
28039
33326
33326
33326
33326
35295
35295
35295
35295
33326
33326
29853
35295
22246
19456
34676
35295
35295
35295
35295
35295
35295
33326
33326
33326
33326
33177
33326
33326
33326
33326
33326
33326
28039
33326
33326
33326
33326
83347666
87454072
33326
33326
29853
22246
19456
34676
35295
33326
33326
33326
33326
33326
35295
35295
33326
33326
33326
28039
33326
33326
1245351
1245351
1245351
1245351
11517485
10097375
14792946
12813113
282841
282841
1245351
397620
1245351
1245351
1245351
282841
282841
282841
282841
11517485
10097375
14792946
12813113
282841
282841
282841
282841
282841
282841
1245351
1245351
1245351
469428
1245351
1245351
397620
1245351
1245351
1245351
1245351
1245351
1189005
1245351
1245351
35295
35295
35295
35295
33326
33326
33326
33326
33326
14870940
14870940
14870940
12813113
1245351
1245351
1245351
1245351
14870940
14870940
14870940
12813113
282841
282841
282841
282841
282841
282841
282841
282841
282841
282841
282841
1245351
1245351
1245351
469428
1245351
1245351
397620
1245351
1245351
1245351
1245351
1245351
1245351
1189005
1245351
99456
101992
78798
102138
78821
20562
16932
60950
101348
51857
96534
101467
35357
57723
101574
78377
101564
87429
101549
78269
59837
134511
36853
97684
134511
134511
134511
8448
77644
36886
166098
123095
61251
122159
174305
174305
174305
164795
22938
174305
174305
30210858
40506546
56057251
54972192
28500166
56061676
53346848
41274222
50195314
2432480
56376439
56241622
26948198
36348728
14530560
36879510
53993562
15692140
56240721
56398574
20562
16932
60950
101348
51857
101467
78377
36853
134511
171470
99456
101992
78798
78821
96534
57723
101564
59837
134511
8448
77644
36886
166098
123095
61251
122159
164795
22938
174305
174305
30210858
40506546
56057251
54972192
28500166
56061676
53346848
41274222
50195314
2432480
56241622
26948198
36348728
14530560
36879510
53993562
15692140
56240721
569377
758533
428530
865125
8080821
7614663
10558321
6313802
759796
759865
710962
811861
563335
28362
307070
641952
274356
865125
793293
24387
791109
865125
841945
865125
856250
9815691942
8848165040
11399287947
8630206640
9818892432
7396055040
9818892432
10308567402
11399287947
8080821
7614663
10558321
6313802
759796
791193
759865
569377
710962
420778
37962
758533
811861
680005
795312
563335
28362
428530
714872
841294
856250
307070
641952
274356
865125
793293
24387
791109
865125
274356
865125
841945
839795
865125
758209
840199
856250
839795
841834
840460
9815691942
8848165040
11399287947
8630206640
9818892432
7396055040
9818892432
10308567402
11399287947
100684
99700
100719
99596
101008
102129
101146
78105
77836
102284
78197
101305
101348
78213
101385
101393
101379
101467
101508
79111
78387
101576
14705
78381
78377
101562
101562
101533
14678
134511
134511
134511
134511
134511
134511
134511
134511
134511
25234
25234
8448
8448
171470
171470
171470
171470
171470
171470
171470
171470
171470
171470
171470
171470
794452
758533
856250
837952
865125
11026414
6965546
10959649
11027979
10960293
10960405
11027088
6313802
11027203
6337022
11027271
7143468
11027257
11027228
7135746
7099190
11031325
7077434
6340892
8669493
4319317
11031325
7077434
7061894
11031325
11031325
6340892
6933002
759796
795516
759865
794452
794656
792708
37962
758533
811861
811837
795312
758209
28362
837952
841294
840199
840462
795516
856250
307070
24387
839795
841834
841945
840460
840219
795516
274356
865125
11026414
6965546
10959649
11027979
10960293
10960405
11027088
6313802
11027203
6337022
11027271
7143468
11027257
11027228
7135746
7077434
7099190
11031325
6340892
8669493
4319317
6933002
6340892
7061894
7077434
11031325
11031325
11031325
63615
63615
63615
63615
63615
63068
63615
46370
63615
63615
63615
63086
62501
61532
63615
71242
71242
71242
71242
14750
70745
71242
71242
63615
63615
63086
62501
63615
25135
63615
63068
63615
30055
63615
56194
61532
63615
71242
71242
71242
71242
14750
64548
71242
71242
71242
63596
71242
78514622
74571706
78514622
74571706
63615
63615
483167
483167
31691309146
31324225264
483167
483167
483167
483167
483167
483167
483167
483167
483167
809825
2466098
2217206
1658837
2466098
2466098
2466098
2466098
2466098
2466098
31691309146
31324225264
483167
483167
483167
483167
483167
483167
483167
483167
483167
483167
809825
2466098
2217206
1658837
2466098
2466098
2466098
2466098
2466098
2466098
159964
147283
172513
176502
176626
237196
303187
303187
36833419
19590996
54554493
54674953
54671858
46976078
33170288
41015176
37262185
54807156
166506
51396
14567
148368
176630
176575
97242
171506
18197
53801
53801
535
42524
42524
62200
138613
63313
32992
34488
83543
34521
239041
145998
63614
303187
303187
111599
235954
303187
40327526
47070778
54347915
44661192
37492103
45267345
32648290
8690027
20681825
54807156
1347064
4363316
4363316
147283
172513
176626
237196
303187
36833419
19590996
54554493
54674953
54671858
46976078
33170288
41015176
37262185
54807156
40327526
47070778
54347915
44661192
37492103
45267345
32648290
8690027
20681825
1347064
171506
53801
42524
62200
138613
83543
34521
239041
63614
54807156
1083637
1074140
1279170
1244337
835353
756414
721214
1054159
838995
263938
1282245
19464
10698635492
8904182250
8736579922
10612134395
7810246471
1083637
1074140
1279170
28842
1087326
897618
1244337
835353
263938
91648
756414
721214
1054159
729175
520523
532219
838995
263938
1282245
1074140
19464
1331347
948893
1179596
1176598
1177928
1074140
1176598
1180676
1177406
1331347
10698635492
8904182250
8736579922
10612134395
7810246471
51031
40906
158891
172614
50039
175899
173080
173969
174971
51718
175825
24798
176631
176012
40296
162095
25052
256
53801
53801
53801
53801
25456
25456
42524
281859
281859
281859
281859
281859
281859
281859
281859
281859
281859
281859
281859
281859
281859
281859
281859
12073988
14111005
7064765
14111005
6706036
10219824
167250
13034798
13034798
13034798
5585923
7035481
6998876
14111005
14111005
14111005
1177928
1174230
28842
1074140
1225767
1177412
1074140
1179852
1244337
835353
263938
91648
756414
19464
1172912
1176598
1072544
1179596
1180676
1177406
1177932
1069928
1074140
263938
1331347
12073988
14111005
7064765
14111005
6706036
10219824
167250
13034798
13034798
5585923
6998876
7035481
14111005
14111005
10405
9794
10058
9599
8831
5681
7392
10186
11102
10586
9788
10609
3293
9533
9276
3953
11102
11102
11102
11102
11102
8304
11102
9991
8907
10837
9833
9823
10186
10186
10186
10186
10186
8771
11102
11102
11102
11102
11102
11102
8831
5681
7392
10186
11102
10586
10609
11102
9991
9833
9823
10186
11102
11102
11102
11102
69701
69701
316252
64375
316252
316252
316252
5211733
5327149
69701
69701
69701
69701
69701
69701
69701
69701
69701
69701
316252
316252
316252
64375
316252
316252
316252
316252
316252
316252
82383
270875
316252
316252
316252
5211733
5327149
69701
69701
69701
69701
69701
69701
69701
69701
69701
69701
69701
316252
316252
316252
64375
316252
316252
316252
316252
316252
316252
82383
270875
316252
596
596
596
596
596
596
596
596
318183
318183
318183
318183
318183
318183
318183
17971
5899
5597
41434
4586
42256
19756
18022
5933
2631
19895
6000
763
8948
42705
2830
42786
41540
1187
2676
42934
6071
19799
6145
42879
87066
2825
42319
12256
6101
19487
90584
5366
90584
90584
42830
5753
90584
90509
90584
87301
37395
2455
42932
90584
90584
88724
46734
88881
184
41631
90052
90584
6070
12156
12726
1562
47720
89891
90584
42632
90584
90584
90584
40560
42932
42932
90584
90584
90584
90584
124349
922
189628
206880
152636
20340
289208
191236
192851
287978
763
154016
118486
328064
154016
286602
153586
192962
328064
2737086
1331584
2737086
288750
126230
328064
2735818
2737086
2735862
2730427
2737086
2737086
1149010
1326278
1296808
1341304
1987415
2735911
2737086
1255174
1149010
1148044
2735964
34789
124349
922
189628
206880
126098
84381
86693
152636
20340
191219
289208
191236
154016
192851
287978
763
154016
118486
328064
1306
328064
154016
20340
166335
154016
286602
153586
192962
192311
328064
153914
190812
328064
1149010
1326278
1296808
1341304
1987415
2735911
2737086
2737086
1255174
1149010
2737086
1148044
2735964
1331584
2737086
288750
192851
126230
328064
190812
192851
191216
191477
154016
328064
2735818
2737086
2735862
2730427
2737086
2737086
952
34789
34789
34789
34789
961
34789
968
956
965
34789
756
34789
34789
27551
763
34789
34789
34789
925
34789
762
34789
34789
34789
34789
34789
34789
34789
34789
34789
34789
763
34789
34789
763
34789
34789
34789
20180
961
34789
916
34789
34789
