15900001
9457638
15900001
9540264
15900001
15900001
15900001
15900001
15900001
15900001
15900001
15900001
15900001
15900001
15900001
15900001
15900001
15900001
15900001
15900001
9474558
15900001
15900001
15900001
9540264
3733272
15900001
147605543
12753408
147605543
147605543
147605543
147605543
147605543
147605543
147605543
79631215618
77395737977
79631215618
79631215618
79631215618
79631215618
79631215618
79631215618
79518668612
2863452000
79631215618
79631215618
26495031384
105921960
51167760
105921960
105921960
105921960
105921960
105921960
105921960
105921960
105921960
105921960
51167760
105921960
105921960
105921960
105921960
105921960
105921960
105921960
105921960
105921960
105921960
105921960
105921960
4685032008
4685032008
4685032008
4685032008
4685032008
4387496568
4685032008
4685032008
2618117616
4685032008
4685032008
4685032008
4685032008
4685032008
105921960
105921960
105921960
105921960
4685032008
4685032008
4685032008
4685032008
4685032008
4387496568
4685032008
4685032008
2618117616
4685032008
4685032008
4685032008
4685032008
4685032008
131229732
12753408
102613680
100094166
147605543
147605543
147605543
147605543
147605543
147605543
133920176
168331575
100317498
165475020
162395013
147510993
135378160
50526707694240
96373362556006
82178018522160
96331477099330
8599380395040
131229732
102613680
147605543
147605543
133920176
168331575
100317498
165475020
162395013
147510993
135378160
50526707694240
96373362556006
82178018522160
96331477099330
8599380395040
1558412172
1360760940
1616543363
1616543363
1480701036
1547732949
1218612786
1547732949
1547732949
1539058251
178578720
1558412172
456684456
1360760940
1347898158
259564320
1616543363
1616543363
1278223404
1616543363
1616543363
1480701036
1547732949
1218612786
1547732949
1547732949
1539058251
178578720
147605543
147605543
147605543
147605543
79631215618
77395737977
79631215618
79631215618
79631215618
79631215618
79631215618
79631215618
79518668612
2863452000
79631215618
79631215618
26495031384
1616543363
1616543363
1616543363
1616543363
18184642111827
677967080100
18184642111827
677967080100
1616543363
456684456
1616543363
1616543363
259564320
1616543363
1616543363
1278223404
1616543363
1616543363
15196656
15196656
15196656
15196656
15196656
15196656
15196656
15196656
15196656
14952258
14952258
14952258
15196656
15196656
15196656
15196656
15196656
15196656
15196656
15196656
15196656
15196656
14952258
14952258
14952258
13705536
14952258
15196656
15196656
15196656
15196656
14952258
14952258
14952258
13705536
14952258
14952258
14952258
14952258
567880056
567880056
567880056
567880056
567880056
567880056
254080008
567880056
567880056
567880056
567880056
567880056
567880056
308130600
567880056
567880056
567880056
567880056
567880056
567880056
567880056
254080008
567880056
567880056
15196656
15196656
15196656
15196656
567880056
567880056
567880056
567880056
567880056
567880056
567880056
567880056
308130600
567880056
567880056
567880056
567880056
567880056
14954328
15900001
12311730
12046760
15900001
15900001
15900001
15900001
15900001
15900001
30218151
21309340
30218151
14797470
30218151
28563548
26479679
20950828
28987913
3733272
24259379
21577916
28821416
10449456
30218151
12709059872
7119445920
15131840763
11702633820
14890624222
1211692320
10684736808
14954328
12311730
15900001
15900001
30218151
21309340
30218151
14797470
28563548
26479679
28987913
3733272
24259379
21577916
28821416
30218151
12709059872
7119445920
15131840763
11702633820
14890624222
1211692320
10684736808
30218151
20950828
10449456
253305260
211442340
275057264
275057264
266727208
237624110
266727208
172907208
266727208
262397596
20431536
155039106
252144544
17353536
266727208
266727208
3363154297632
2850761914080
253305260
275057264
211442340
208922826
25640424
275057264
275057264
275057264
180979104
275057264
266727208
237624110
266727208
172907208
266727208
262397596
20431536
155039106
252144544
17353536
266727208
266727208
3363154297632
2850761914080
15900001
9457638
9540264
15900001
15900001
15900001
15900001
15900001
15900001
15900001
15900001
15900001
15900001
15900001
15900001
15900001
15900001
9474558
15900001
15900001
15900001
15900001
15900001
9540264
3733272
15900001
275057264
275057264
275057264
275057264
2537458308
2549883852
2540002788
2680320969
2675251073
2549883852
2678713441
2810041173
2678713441
2810041173
275057264
275057264
275057264
275057264
25640424
275057264
275057264
275057264
180979104
275057264
2537458308
2549883852
2540002788
2675251073
2680320969
2549883852
16322646
15745309
11900287
11847397
15924973
16322646
14350150
15634273
16322646
14549314
16322646
16322646
15924973
16322646
16322646
16322646
16322646
16322646
14239858
216600
15924973
12035833
16322646
33753794158
32226024800
33753794158
32226024800
10595517194884
10358776910686
10595517194884
10358776910686
12327992676
3821989992
12327992676
12327992676
12327992676
12327992676
9025851048
650482632
12327992676
12327992676
8563069872
12327992676
12327992676
11787653314
12327992676
21437836
33389810
13506990
25110746
30250850
24516779
21706412
1928794272
1928794272
3821989992
12327992676
12327992676
12327992676
12327992676
9025851048
650482632
21437836
33389810
13506990
25110746
30250850
24516779
21706412
12327992676
12327992676
12327992676
8563069872
12327992676
12327992676
11787653314
12327992676
294571230
349553931
190341696
338863419
342720258
316275006
13369464
3237357588277
3205874935678
294571230
349553931
190341696
338863419
342720258
316275006
13369464
3237357588277
3205874935678
15745309
11847397
16322646
14350150
16322646
16322646
15924973
16322646
16322646
14239858
216600
15924973
16322646
16322646
16322646
16322646
11900287
15924973
15634273
16322646
14549314
16322646
16322646
16322646
12035833
16322646
16322646
3136348028
3136348028
3136348028
76884450
3136348028
3136348028
3136348028
3136348028
3136348028
76884450
3136348028
3136348028
3136348028
3136348028
3136348028
3136348028
2784336
3807792
3516504
4219170
4477482
4164180
4477482
4119624
4116804
4219170
4477482
4477482
4164180
4477482
4119624
4116804
4219170
4477482
4477482
2784336
3807792
3516504
4219170
4477482
144210912
43345536
144210912
144210912
144210912
1573503892
1534658164
144210912
43345536
144210912
144210912
144210912
1573503892
1534658164
3728360
3728360
3728360
3728360
3728360
1826884
538536
3728360
3728360
1803124
337440
3728360
1796260
3728360
3728360
3728360
1051146
3728360
1745044
3728360
3100568
2236109
1007580
1828644
1842372
1053054
2641529
1834628
3186524
1710548
3728360
3728360
3728360
937620
91656
2680169
655872
3728360
3728360
3728360
3728360
3728360
3728360
271776
271776
271776
271776
271776
271776
271776
271776
96469752
96469752
96469752
96469752
96469752
96469752
3728360
3728360
3728360
1826884
538536
3728360
3728360
1796260
3728360
1051146
3728360
3728360
3100568
2236109
1842372
1053054
2641529
1834628
3186524
1710548
3728360
3728360
937620
91656
2680169
3728360
3728360
3728360
3728360
1803124
337440
3728360
3728360
1745044
1007580
1828644
3728360
655872
3728360
3728360
3728360
3728360
3728360
62843232
49180988
62843232
15488496
708624
59922874
54019327
585504
60352654
48238156
57342751
62843232
49517852
62843232
62843232
535001368
535001368
535001368
455903560
535001368
513109928
372851596
535001368
486429278
535001368
62843232
49180988
62843232
15488496
708624
59922874
54019327
585504
60352654
48238156
57342751
62843232
49517852
62843232
62843232
535001368
535001368
535001368
455903560
535001368
535001368
486429278
513109928
372851596
535001368
75759
77402
78038
77651
74776
78820
78746
78949
78372
79419
79593
79635
79648
78542
79619
79755
78848
77849
77666
77272
79851
79851
79851
79851
79851
79851
79851
79851
79851
79851
79851
79851
79851
79851
79851
79851
79851
79851
79851
79851
79851
79851
79851
79851
77669
78884
26678
79169
79257
79559
79706
79755
79713
79851
79851
79851
79851
79851
79851
79851
79851
79851
79851
1056687
396594
1056687
1056687
1056687
483186
1056687
1056687
1056687
396594
1056687
475970
1056687
480898
1056687
1056687
1056687
1056687
1056687
1056687
472098
1056687
480898
1056687
1056687
396594
1056687
1056687
1056687
1056687
1056687
472098
1056687
475970
396594
483186
1056687
1056687
704085
704085
401372
704085
704085
704085
533412
604347
704085
704085
704085
704085
704085
704085
27968
704085
704085
704085
615582
533412
704085
263105194
263105194
263105194
263105194
263105194
238285377
263105194
263105194
263105194
260706257
6279500
263105194
238849537
263105194
59937027
59937027
263105194
263105194
263105194
237761889
240295361
263105194
219813
219813
219813
219813
219813
219813
219813
219813
219813
219813
219813
219813
219813
219813
232285
232285
232285
232285
232285
112210
232285
232285
232285
232285
232285
219813
219813
219813
219813
219813
166549
148965
219813
219813
219813
219813
219813
219813
232285
232285
232285
232285
232285
112210
232285
232285
232285
232285
232285
166549
148965
219813
219813
232285
232285
232285
232285
232285
219813
219813
10274193
10274193
10274193
10274193
86423425
77473169
111503156
111503156
2159073
2159073
2159073
2159073
2159073
2159073
86423425
77473169
111503156
111503156
2159073
2159073
2159073
2159073
2159073
10274193
10274193
5741486
10274193
9621703
10274193
10274193
10274193
10274193
10274193
219813
219813
219813
219813
232285
232285
232285
232285
232285
111503156
111503156
111503156
111503156
10274193
10274193
10274193
10274193
111503156
111503156
111503156
111503156
2159073
2159073
2159073
2159073
2159073
2159073
2159073
2159073
2159073
2159073
10274193
10274193
5741486
10274193
9621703
10274193
10274193
10274193
10274193
10274193
704085
704085
704085
704085
653970
679191
160494
133804
391080
704085
342896
604347
242614
704085
684460
704085
525777
27968
384810
250537
571078
704085
615582
615582
533412
473677
250537
704085
393094
704085
704085
704085
209400154360
279580348196
277170878541
18858290340
97163316000
279580348196
250631506126
110804183540
160494
133804
391080
704085
342896
604347
684460
250537
704085
653970
704085
384810
615582
533412
473677
250537
704085
393094
209400154360
279580348196
277170878541
18858290340
97163316000
279580348196
250631506126
110804183540
3826911
4255848
3082212
4255848
81005866
68609676
116011558
99379544
4255848
4255848
3795231
4255848
4255848
4185322
2822660
4255848
391620
49456127844000
75372486603042
74952861640350
4255848
4255848
4255848
4255848
4255848
4255848
81005866
68609676
116011558
99379544
4255848
4255848
3826911
3041763
569220
4255848
4255848
4255848
1001501
3795231
3082212
4255848
4255848
4255848
2822660
4255848
4185322
2822660
4255848
391620
4255848
4255848
49456127844000
75372486603042
74952861640350
401372
704085
704085
704085
533412
604347
704085
704085
704085
263105194
263105194
263105194
263105194
263105194
238285377
263105194
263105194
263105194
260706257
6279500
263105194
263105194
59937027
59937027
263105194
263105194
263105194
240295361
263105194
263105194
263105194
263105194
263105194
4255848
4255848
4255848
4255848
121388153
121388153
121388153
99379544
58056617928
58056617928
58056617928
2131971950
28753562700
58056617928
56409601926
54030817260
56798997876
56778142052
121388153
121388153
121388153
99379544
4255848
4255848
4255848
4255848
569220
4255848
4255848
4255848
4255848
1001501
4255848
4255848
4255848
4255848
4255848
4255848
4255848
4255848
4255848
2822660
4255848
391620
4255848
4255848
2822660
4255848
58056617928
58056617928
58056617928
2131971950
28753562700
58056617928
56409601926
54030817260
56778142052
56798997876
35295
35295
35295
35295
35295
35295
35295
35295
35295
35295
35295
35295
35295
35295
35295
33326
33326
33326
33326
33326
33326
33326
33326
33326
33326
33326
33326
33326
30056
33326
33326
33326
33326
35295
35295
35295
35295
33326
33326
33326
35295
24598
21144
35295
35295
35295
35295
35295
35295
35295
33326
33326
33326
33326
33326
33326
33326
33326
33326
33326
33326
30056
33326
33326
33326
33326
84863384
89539535
33326
33326
33326
24598
21144
35295
35295
33326
33326
33326
33326
33326
35295
35295
33326
33326
33326
30056
33326
33326
1245351
1245351
1245351
1245351
12724397
10966311
15528011
14912431
282841
282841
1245351
557193
1245351
1245351
1245351
282841
282841
282841
282841
12724397
10966311
15528011
14912431
282841
282841
282841
282841
282841
282841
1245351
1245351
1245351
675725
1245351
1245351
557193
1245351
1245351
1245351
1245351
1245351
1245351
1245351
1245351
35295
35295
35295
35295
33326
33326
33326
33326
33326
15528011
15528011
15528011
14912431
1245351
1245351
1245351
1245351
15528011
15528011
15528011
14912431
282841
282841
282841
282841
282841
282841
282841
282841
282841
282841
282841
1245351
1245351
1245351
675725
1245351
1245351
557193
1245351
1245351
1245351
1245351
1245351
1245351
1245351
1245351
169019
173326
127868
132431
134756
21746
18292
64729
172229
55853
102656
172450
36178
61537
172650
133868
172636
93701
172613
133738
63574
135313
37707
103806
135313
135313
135313
8187
83281
37707
174305
133364
65100
132392
174305
174305
174305
174305
24034
174305
174305
29893410
40376010
56398574
56398574
28165082
56398574
54649740
41075310
51154496
2657220
56398574
56398574
26692476
35709608
14081640
36773838
55489476
15612820
56398574
56398574
21746
18292
64729
171470
55853
171470
133868
37707
135313
171470
169019
173326
127868
134756
102656
61537
172636
63574
135313
8187
83281
37707
174305
133364
65100
132392
174305
24034
174305
174305
29893410
40376010
56398574
56398574
28165082
56398574
54649740
41075310
51154496
2657220
56398574
26692476
35709608
14081640
36773838
55489476
15612820
56398574
637159
865125
479934
865125
8606934
8159190
11031325
8044022
865125
865125
813582
865125
630889
44806
340695
725723
396884
865125
865125
38056
865125
865125
865125
865125
865125
11194521358
8801105840
11399287947
8594293040
10442194592
7167554760
10879126727
11399287947
11399287947
8606934
8159190
11031325
8044022
865125
865125
865125
637159
813582
472011
56229
865125
865125
777823
865125
630889
44806
479934
817492
865125
865125
340695
725723
396884
865125
865125
38056
865125
865125
396884
865125
865125
865125
865125
865125
865125
865125
865125
865125
865125
11194521358
8801105840
11399287947
8594293040
10442194592
7167554760
10879126727
11399287947
11399287947
171084
169393
171143
169220
171470
171470
171470
133522
133001
171470
133681
171470
171470
133710
171470
171470
171470
171470
171470
135279
134032
171470
24315
134023
134017
171470
171470
171470
24255
135313
135313
135313
135313
135313
135313
135313
135313
135313
24548
24548
8187
8187
171470
171470
171470
171470
171470
171470
171470
171470
171470
171470
171470
171470
865125
865125
865125
865125
865125
11031325
8828966
11031325
11031325
11031325
11031325
11031325
8044022
11031325
8078210
11031325
8930628
11031325
11031325
8923068
8978534
11031325
8924742
8081318
8959986
4186468
11031325
8961478
8950982
11031325
11031325
8081318
8809286
865125
865125
865125
865125
865125
865125
56229
865125
865125
865125
865125
865125
44806
865125
865125
865125
865125
865125
865125
340695
38056
865125
865125
865125
865125
865125
865125
396884
865125
11031325
8828966
11031325
11031325
11031325
11031325
11031325
8044022
11031325
8078210
11031325
8930628
11031325
11031325
8923068
8924742
8978534
11031325
8081318
8959986
4186468
8809286
8081318
8950982
8961478
11031325
11031325
11031325
63615
63615
63615
63615
63615
63615
63615
63615
63615
63615
63615
63615
63615
63615
63615
71242
71242
71242
71242
23097
71242
71242
71242
63615
63615
63615
63615
63615
26606
63615
63615
63615
31944
63615
62819
63615
63615
71242
71242
71242
71242
23097
71242
71242
71242
71242
70842
71242
81277742
74571706
81277742
74571706
63615
63615
483167
483167
33946757204
33346110431
483167
483167
483167
483167
483167
483167
483167
483167
483167
1159202
2466098
2466098
2023748
2466098
2466098
2466098
2466098
2466098
2466098
33946757204
33346110431
483167
483167
483167
483167
483167
483167
483167
483167
483167
483167
1159202
2466098
2466098
2023748
2466098
2466098
2466098
2466098
2466098
2466098
273333
155347
294139
300280
255872
254048
303187
303187
37702713
19371366
54807156
54807156
54807156
49565178
42417750
51326548
38153228
54807156
252710
88747
15462
156552
300272
300165
102251
291294
18916
92492
92492
1112
68834
56283
66908
146552
68063
33348
34877
87663
34877
255878
154157
68434
303187
303187
116398
252689
303187
50636587
49638097
54807156
54807156
38395574
54807156
33313952
8646101
20418269
54807156
1471521
4363316
4363316
155347
294139
255872
254048
303187
37702713
19371366
54807156
54807156
54807156
49565178
42417750
51326548
38153228
54807156
50636587
49638097
54807156
54807156
38395574
54807156
33313952
8646101
20418269
1471521
291294
92492
68834
66908
146552
87663
34877
255878
68434
54807156
1236055
1331347
1331347
1331347
1151818
1033528
794814
1200264
936440
423051
1331347
29319
11039764804
10600831646
10423260990
10929809728
9781524760
1236055
1331347
1331347
45044
1240152
1015632
1331347
1151818
423051
151098
1033528
794814
1200264
804219
571744
583698
936440
423051
1331347
1232009
29319
1331347
1078364
1331347
1331347
1331347
1331347
1331347
1331347
1331347
1331347
11039764804
10600831646
10423260990
10929809728
9781524760
88086
66463
270619
281859
86138
281859
281859
281859
281859
88888
281859
41996
281859
281859
65150
275315
42426
475
92492
92492
92492
92492
43528
43528
68834
281859
281859
281859
281859
281859
281859
281859
281859
281859
281859
281859
281859
281859
281859
281859
281859
14111005
14111005
11328495
14111005
11030215
13144456
278721
14111005
14111005
14111005
9400164
11319795
11302395
14111005
14111005
14111005
1331347
1331347
45044
1331347
1331347
1331347
1331347
1331347
1331347
1151818
423051
151098
1033528
29319
1331347
1331347
1331347
1331347
1331347
1331347
1331347
1331347
1331347
423051
1331347
14111005
14111005
11328495
14111005
11030215
13144456
278721
14111005
14111005
9400164
11302395
11319795
14111005
14111005
10405
9794
10058
9599
8831
6106
7915
10186
11102
10586
9788
10609
3426
9533
9276
4054
11102
11102
11102
11102
11102
8440
11102
9991
9503
10837
9833
9823
10186
10186
10186
10186
10186
9364
11102
11102
11102
11102
11102
11102
8831
6106
7915
10186
11102
10586
10609
11102
9991
9833
9823
10186
11102
11102
11102
11102
69701
69701
316252
95056
316252
316252
316252
5482936
5679874
69701
69701
69701
69701
69701
69701
69701
69701
69701
69701
316252
316252
316252
95056
316252
316252
316252
316252
316252
316252
119291
316252
316252
316252
316252
5482936
5679874
69701
69701
69701
69701
69701
69701
69701
69701
69701
69701
69701
316252
316252
316252
95056
316252
316252
316252
316252
316252
316252
119291
316252
316252
596
596
596
596
596
596
596
596
318183
318183
318183
318183
318183
318183
318183
17733
5832
5541
41178
4552
41985
19537
17778
5871
2593
19659
5936
740
8797
42447
2783
42562
41342
1181
2646
42732
6016
19610
6094
42672
86994
2789
42122
12212
6050
19286
90584
5345
90584
90584
42620
5711
90584
90491
90584
87223
37182
2426
42730
90584
90584
88719
46943
88778
201
41379
90003
90584
6006
12135
12672
1540
47926
89865
90584
42452
90584
90584
90584
40424
42730
42730
90584
90584
90584
90584
136427
1554
237932
229137
169042
33966
323378
238297
327828
322158
1284
236677
131070
328064
261172
320672
197915
328036
328064
2737086
1675008
2737086
322808
138341
328064
2737086
2737086
2737086
2737086
2737086
2737086
1520329
1317646
1647030
1697526
2071542
2737086
2737086
1249653
1520329
1519836
2737086
34789
136427
1554
237932
229137
138242
91867
94230
169042
33966
239137
323378
238297
236742
327828
322158
1284
236677
131070
328064
2209
328064
261172
33966
185378
199525
320672
197915
328036
321252
328064
260984
324815
328064
1520329
1317646
1647030
1697526
2071542
2737086
2737086
2737086
1249653
1520329
2737086
1519836
2737086
1675008
2737086
322808
327828
138341
328064
324815
327828
324955
325518
261172
328064
2737086
2737086
2737086
2737086
2737086
2737086
1607
34789
34789
34789
34789
1657
34789
1670
1649
1661
34789
1272
34789
34789
30799
1284
34789
34789
34789
1556
34789
1283
34789
34789
34789
34789
34789
34789
34789
34789
34789
34789
1284
34789
34789
1284
34789
34789
34789
33700
1629
34789
1541
34789
34789
