15601286
6491964
15868178
9733716
15900001
15088185
15900001
15868178
15868178
15108895
15868178
15605247
15590729
15900001
15602646
15574001
15615294
15602544
15109123
15605893
6500550
15605859
15108743
15868178
9733716
3852288
15900001
56963618
1963002
63184985
57040831
57052763
49193466
63184985
40548232
66007828
78356720903
71763320400
79631215618
79626920794
79631215618
78600748251
79626275290
79627868714
77029273743
1543249920
79631215618
79631215618
27339687936
21982443
7946485
22340378
21987756
21988576
21321883
22340378
22383057
22383057
22383057
21982443
7946485
22340378
21987756
21988576
21321883
22340378
22383057
22383057
22383057
21982443
22340378
21321883
22383057
972305018
988136819
943087796
990024532
972305018
771393358
988136819
972539981
435420679
943087796
988136819
958810630
990024532
990024532
21982443
22340378
21321883
22383057
972305018
988136819
943087796
990024532
972305018
771393358
988136819
972539981
435420679
943087796
988136819
958810630
990024532
990024532
33494746
1963002
22575518
21495100
57052763
49193466
63184985
40548232
66007828
66007828
8154974
28932896
3693962
19199666
15532383
11727498
8402233
50783405616480
96197130751412
82874562923760
96224894870975
7872069615360
33494746
22575518
49193466
66007828
8154974
28932896
3693962
19199666
15532383
11727498
8402233
50783405616480
96197130751412
82874562923760
96224894870975
7872069615360
315879657
264413720
368798440
405118405
78283023
180602289
32198173
145242144
136003995
101647517
6882049
315879657
66644027
264413720
256542436
36460512
368798440
403855101
191385376
405118405
404498365
78283023
180602289
32198173
145242144
136003995
101647517
6882049
56963618
63184985
49193466
66007828
78356720903
71763320400
79631215618
79626920794
79631215618
78600748251
79626275290
79627868714
77029273743
1543249920
79631215618
79631215618
27339687936
390509254
403548685
368798440
405118405
16308249461280
365388573696
16308249461280
365388573696
390509254
66644027
403548685
390368596
36460512
368798440
403855101
191385376
404498365
405118405
3896009
3942698
3942698
3896702
3896809
3809845
3942698
3948265
3948265
1618168
839242
351941
3896009
3942698
3942698
3881919
3896809
3809845
3942698
3948265
3948265
3948265
1666739
1206448
1615706
730037
1666739
3896009
3942698
3809845
3948265
1666739
1206448
1615706
730037
1666739
1618168
839242
351941
117854611
119773609
114313146
120002421
56423807
40895211
17345459
28749461
56423807
117854611
119773609
119773609
117883092
44437021
114313146
119773609
120002421
114572903
120002421
56423807
40895211
17345459
28749461
56423807
3896009
3942698
3809845
3948265
117854611
119773609
114313146
120002421
117854611
119773609
119773609
117883092
44437021
114313146
119773609
120002421
120002421
114572903
6420724
12790027
4276310
4081313
9880692
7726385
12790027
16136595
16136595
16136595
7375002
1368252
6773663
573299
4239377
2785430
2972190
1289661
5519613
332565
2098004
1422189
4317185
265343
7375002
12865584304
7155615840
15128928770
11803582284
14833211816
1109210880
10766056404
6420724
4276310
7726385
16136595
7375002
1368252
6773663
573299
2785430
2972190
5519613
332565
2098004
1422189
4317185
7375002
12865584304
7155615840
15128928770
11803582284
14833211816
1109210880
10766056404
4239377
1289661
265343
53534615
41143703
68573117
81839438
36677110
13131122
36239747
4447696
26873884
22401812
1462929
7088842
17725374
735434
28625056
37626402
3261868922400
2867020293120
53534615
80867162
41143703
39770074
4443043
68573117
79496151
81839438
26437032
79513011
36677110
13131122
36239747
4447696
26873884
22401812
1462929
7088842
17725374
735434
28625056
37626402
3261868922400
2867020293120
15601286
6491964
9733716
15900001
15088185
15900001
15868178
15108895
15868178
15590729
15900001
15602646
15574001
15615294
15602544
15109123
15605893
6500550
15108743
15868178
15868178
15868178
15868178
9733716
3852288
15900001
73974362
79189735
68573117
81839438
2061638376
2147438796
2063850216
2336407404
2331622428
2518543032
2331622428
2810032220
2331622428
2810032220
73974362
80867162
79189735
73835102
4443043
68573117
79496151
79513011
26437032
81839438
2061638376
2147438796
2063850216
2331622428
2336407404
2518543032
16322646
12634990
8547942
8476314
12867670
16322646
11458450
12551662
16322646
11657464
16322646
16322646
12867670
16144332
16146662
16151107
16160387
16164417
11383420
116736
12867670
8661870
16322646
2461818311
2326227915
2461818311
2326227915
692579936146
662328734471
692579936146
662328734471
12327992676
3841407384
11465760642
11902357341
12001831872
11313647884
8523981976
595466688
11248154324
11541508930
8244729752
12327992676
12327992676
10191613372
11293304396
1416995
9661921
534959
2040948
4753876
2247328
1471845
266326675
266326675
3841407384
11465760642
11902357341
12001831872
11313647884
8523981976
595466688
1416995
9661921
534959
2040948
4753876
2247328
1471845
12327992676
11248154324
11541508930
8244729752
12327992676
12327992676
10191613372
11293304396
16752331
53263969
4278806
30552865
37048133
23070920
623835
3210432502579
3206330200660
16752331
53263969
4278806
30552865
37048133
23070920
623835
3210432502579
3206330200660
12634990
8476314
16322646
11458450
16322646
16322646
12867670
16144332
16151107
11383420
116736
12867670
16322646
16322646
16322646
16322646
8547942
12867670
12551662
16322646
11657464
16146662
16160387
16164417
8661870
16322646
16322646
3028648188
3090080276
2399025720
41436672
2763334116
3090080276
3136348028
3136348028
2399025720
41436672
2763334116
3090080276
3028648188
3136348028
3090080276
3136348028
61118
332812
121800
618647
646077
609099
662261
586221
489440
375669
363598
662261
609099
662261
586221
489440
375669
363598
662261
61118
332812
121800
618647
646077
14307729
2937008
10364303
7279937
14307729
113584325
102217056
14307729
2937008
10364303
7279937
14307729
113584325
102217056
3574431
3728360
3728360
3728360
3580074
1818962
541272
3728360
3728360
1794850
347928
3579183
1788866
3581702
3728360
3555588
1066092
3578380
1735714
3574244
2955188
2209049
1017120
1819138
1832162
1064502
2547956
1824418
3038693
1695058
3580558
3728360
3516585
946842
83904
2587436
662868
3627252
3728360
3728360
3728360
3581680
3728360
49338
49338
49338
49338
49338
49338
49338
49338
12836527
12082865
12836527
12836527
12082865
12836527
3728360
3728360
3580074
1818962
541272
3728360
3579183
1788866
3581702
1066092
3578380
3574244
2955188
2209049
1832162
1064502
2547956
1824418
3038693
1695058
3580558
3516585
946842
83904
2587436
3728360
3728360
3728360
3728360
1794850
347928
3728360
3555588
1735714
1017120
1819138
3728360
662868
3627252
3728360
3728360
3581680
3728360
8384645
2875213
11874799
408554
74803
7211554
4168940
48643
5600455
2628792
4828187
13923818
2956818
11848871
13923818
535001368
535001368
535001368
369312576
535001368
495633814
367792670
535001368
407940560
535001368
8384645
2875213
11874799
408554
74803
7211554
4168940
48643
5600455
2628792
4828187
13923818
2956818
11848871
13923818
535001368
535001368
535001368
369312576
535001368
535001368
407940560
495633814
367792670
535001368
75979
77597
78151
77713
74797
78897
78790
79024
78384
79458
79617
79656
79667
78548
79620
79742
78822
77855
77656
77231
79851
79851
79851
79851
79851
79851
79851
79851
79851
79851
79851
79851
79851
79851
76052
79851
79851
79851
79851
79851
79851
79851
79851
79851
77829
78960
24570
79228
79263
79586
79721
79742
79682
79851
79851
79851
79851
79851
79851
79851
79851
79851
79851
1034176
249672
1056687
1056687
1056687
307482
1056687
1056687
1056687
249672
1056687
305508
1056687
305508
1056687
1056687
1056687
1056687
1056687
1056687
302970
1056687
305508
1056687
1034176
249672
1056687
1056687
1056687
1056687
1056687
302970
1056687
305508
249672
307482
1056687
1056687
549698
619718
268758
620156
617219
617348
371298
415658
617918
618026
548435
617996
617960
548111
15371
674689
680261
682518
427683
371298
704085
262203256
262147168
245958100
262285621
262229590
193814650
259675018
245958100
262250224
231786578
3384320
262996120
194604082
263060245
61847808
61847808
244213000
263007905
244645810
193087378
195859714
263105194
219813
212596
219813
219813
219813
219813
219813
219813
219813
219813
219813
219813
219813
219813
232285
232285
232285
232285
232285
73929
232285
232285
232285
232285
232285
219813
219813
219813
219813
219813
153227
135035
219813
219813
219813
219813
219813
219813
232285
232285
232285
232285
232285
73929
232285
232285
232285
232285
232285
91835
113899
112219
139048
146740
146793
118787
187225
232285
219651
65223
6490495
5254069
8281178
10274193
10624927
9525889
14947976
8969600
2157485
640647
2159073
2159073
2159073
2159073
10624927
9525889
14947976
8969600
2159073
2159073
2159073
2159073
2159073
10274193
10274193
4599738
10274193
8020594
10274193
10274193
9950264
10274193
10274193
108414
139991
112219
139048
146740
146793
118787
187225
232285
14481255
15033735
14947976
8969600
6490495
5254069
8281178
10274193
14481255
15033735
14947976
8969600
2159073
2159073
2159073
2159073
2159073
2159073
2159073
2159073
2159073
2159073
10274193
10274193
4599738
10274193
8020594
10274193
10274193
9950264
10274193
10274193
548111
674689
680261
704085
549698
597074
151378
124784
358311
617348
313486
415658
228043
618026
548435
617996
473614
15371
354336
235795
508481
674689
427683
427683
371298
430561
235966
700743
359386
704085
704085
704085
211590545560
275914453154
276917302616
17263310560
100260864000
275347593866
250920941734
111367117580
90726
111369
226355
390135
160042
262936
280461
190054
704085
153403
617541
56208
125577
110172
81342
30233
368998
57726
211590545560
275914453154
276917302616
17263310560
100260864000
275347593866
250920941734
111367117580
2118935
2077639
2219218
4255848
10442740
8792457
20892523
15934028
1134611
4191914
528819
1082232
1034311
689355
254479
2241052
45121
51032779776000
71583598897888
68462880891820
4062014
4249502
4255848
4249763
4249098
4251137
10442740
8792457
20892523
15934028
4065717
4116485
3354189
2713737
385165
4062770
4194999
3789330
692934
3333678
2753313
3906237
4250597
3685781
1986143
3485776
3648868
1986143
4255848
280909
4255848
4249098
51032779776000
71583598897888
68462880891820
137055
394956
389914
390135
189556
262936
280461
543811
704085
262203256
262147168
245958100
262285621
262229590
193814650
259675018
245958100
262250224
231786578
3384320
262996120
263060245
61847808
61847808
244213000
263007905
244645810
195859714
263105194
263105194
263105194
263105194
263105194
2637622
2077639
3423361
4255848
18012162
40621543
24593794
15934028
57676575221
58048782736
58056617928
1149020672
29670220800
58056617928
48591508200
44256670890
49329190500
49256409900
18012162
40621543
24593794
15934028
4065717
4176846
4175250
4172634
385165
4062770
4194999
4194939
4062014
692934
4247255
4250597
4249502
4249765
4176846
4255848
4249763
4255848
3685781
1986143
3485776
280909
4249098
4251137
1986143
4255848
57676575221
58048782736
58056617928
1149020672
29670220800
58056617928
48591508200
44256670890
49256409900
49329190500
35295
35295
35295
35295
35295
35295
35295
35295
35295
35295
35295
35295
35295
35295
35295
33326
33326
33326
33326
33326
33326
33326
33326
33326
33326
33326
33326
33326
28039
33326
33326
33326
33326
35295
35295
35295
35295
33326
33326
29853
35295
22246
19456
34676
35295
35295
35295
35295
35295
35295
33326
33326
33326
33326
33177
33326
33326
33326
33326
33326
33326
28039
33326
33326
33326
33326
10128023
11161795
33328
7592
3515
22247
19460
34679
35297
33329
33329
33329
33329
33329
35297
21172
33328
14721
33328
7303
33328
33328
786723
636853
1003774
1245351
2110017
1921496
2966299
1802604
282633
83925
282009
206701
190942
1236788
1245351
282841
282841
282841
282841
2110017
1921496
2966299
1802604
282841
282841
282841
282841
282841
282841
1245351
1245351
1245351
469428
1245351
1245351
397620
1245351
1245351
1245351
1245351
1245351
1189005
1245351
1245351
35297
35297
35297
35297
33329
33329
33329
33329
33329
3006990
3019649
3007130
1802604
786723
636853
1003774
1245351
3006990
3019649
3007130
1802604
282841
282841
282841
282841
282841
282841
282841
282841
282841
282841
282841
1245351
1245351
1245351
469428
1245351
1245351
397620
1245351
1245351
1245351
1245351
1245351
1245351
1189005
1245351
99456
101992
78798
102138
78821
20562
16932
60950
101348
51857
96534
101467
35357
57723
101574
78377
101564
87429
101549
78269
59837
134511
36853
97684
134511
134511
134511
8448
77644
36886
166098
123095
61251
122159
174305
174305
174305
164795
22938
174305
174305
30210858
40506546
56057251
54972192
28500166
56061676
53346848
41274222
50195314
2432480
56376439
56241622
26948198
36348728
14530560
36879510
53993562
15692140
56240721
56398574
20563
16933
60951
101349
51859
101468
78378
36854
134512
174021
99456
53705
23910
78821
21860
8983
101489
9492
69924
5822
14669
4726
87464
36525
9838
35868
84644
2650
173106
174305
30210858
40506546
56057251
54972192
28500166
56061676
53346848
41274222
50195314
2432480
56241622
26948198
36348728
14530560
36879510
53993562
15692140
56240721
359691
387902
345402
865125
1990965
1741615
4039193
3993974
212034
733312
160996
811264
89361
28362
47081
121279
35152
455559
235388
8534
232288
444359
836156
865125
690152
9815691942
8848165040
11399287947
8630206640
9818892432
7396055040
9818892432
10308567402
11399287947
1990965
1741615
4039193
3993974
759796
791193
759865
569377
710962
420778
37962
758533
811861
680005
795312
563335
28362
428530
714872
841294
856250
307070
641952
274356
865125
793293
24387
791109
865125
274356
865125
841945
839795
865125
758209
840199
856250
839795
841834
840460
9815691942
8848165040
11399287947
8630206640
9818892432
7396055040
9818892432
10308567402
11399287947
100684
99700
100719
99596
101008
102129
101146
78105
77836
102284
78197
101305
101348
78213
101385
101393
101379
101467
101508
79111
78387
101576
14705
78381
78377
101562
101562
101533
14678
134511
134511
134511
134511
134511
134511
134511
134511
134511
25234
25234
8448
8448
171470
171470
171470
171470
171470
171470
171470
171470
171470
171470
171470
171470
501877
387902
690152
675403
865125
11026414
6965546
10959649
11027979
10960293
10960405
11027088
6313802
11027203
6337022
11027271
7143468
11027257
11027228
7135746
7099190
11031325
7077434
6340892
8669493
4319317
11031325
7077434
7061894
11031325
11031325
6340892
6933002
759796
795516
759865
794452
794656
792708
37962
758533
811861
811837
795312
758209
28362
837952
841294
840199
840462
795516
856250
307070
24387
839795
841834
841945
840460
840219
795516
274356
865125
11026414
6965546
10959649
11027979
10960293
10960405
11027088
6313802
11027203
6337022
11027271
7143468
11027257
11027228
7135746
7077434
7099190
11031325
6340892
8669493
4319317
6933002
6340892
7061894
7077434
11031325
11031325
11031325
63615
63615
63615
63615
63615
63068
63615
46370
63615
63615
63615
63086
62501
61532
63615
71242
71242
71242
71242
14750
70745
71242
71242
63615
63615
63086
62501
63615
25135
63615
63068
63615
30055
63615
56194
61532
63615
71242
71242
71242
71242
14750
64548
71242
71242
71242
63596
71242
8595771
7656571
8595771
7656571
63617
23785
482811
143366
2304742488
2189307086
483167
483167
483167
483167
483167
483167
483167
483167
483167
809825
2466098
2217206
1658837
2466098
2466098
2466098
2466098
2466098
2466098
2304742488
2189307086
483167
483167
483167
483167
483167
483167
483167
483167
483167
483167
809825
2466098
2217206
1658837
2466098
2466098
2466098
2466098
2466098
2466098
159964
147283
172513
176502
176626
237196
303187
303187
36833419
19590996
54554493
54674953
54671858
46976078
33170288
41015176
37262185
54807156
166506
51396
14567
148368
176630
176575
97242
171506
18197
53801
53801
535
42524
42524
62200
138613
63313
32992
34488
83543
34521
239041
145998
63614
303187
303187
111599
235954
303187
40327526
47070778
54347915
44661192
37492103
45267345
32648290
8690027
20681825
54807156
1347064
762152
762152
43639
169326
93004
123453
298060
36833419
19590996
54554493
54674953
54671858
46976078
33170288
41015176
37262185
54807156
40327526
47070778
54347915
44661192
37492103
45267345
32648290
8690027
20681825
1347064
171379
22680
21997
9867
38682
15783
4423
125874
10218
54807156
321077
565601
665771
1243422
245279
224445
114405
294182
158505
33817
675207
8044
10698635492
8904182250
8736579922
10612134395
7810246471
1083637
1074140
1279170
28842
1087326
897618
1244337
835353
263938
91648
756414
721214
1054159
729175
520523
532219
838995
263938
1282245
1074140
19464
1331347
948893
1179596
1176598
1177928
1074140
1176598
1180676
1177406
1331347
10698635492
8904182250
8736579922
10612134395
7810246471
51031
40906
158891
172614
50039
175899
173080
173969
174971
51718
175825
24798
176631
176012
40296
162095
25052
256
53801
53801
53801
53801
25456
25456
42524
281859
281859
281859
281859
281859
281859
281859
281859
281859
281859
281859
281859
281859
281859
281859
281859
12073988
14111005
7064765
14111005
6706036
10219824
167250
13034798
13034798
13034798
5585923
7035481
6998876
14111005
14111005
14111005
1177928
1174230
28842
1074140
1225767
1177412
1074140
1179852
1244337
835353
263938
91648
756414
19464
1172912
1176598
1072544
1179596
1180676
1177406
1177932
1069928
1074140
263938
1331347
12073988
14111005
7064765
14111005
6706036
10219824
167250
13034798
13034798
5585923
6998876
7035481
14111005
14111005
10405
9794
10058
9599
8831
5681
7392
10186
11102
10586
9788
10609
3293
9533
9276
3953
11102
11102
11102
11102
11102
8304
11102
9991
8907
10837
9833
9823
10186
10186
10186
10186
10186
8771
11102
11102
11102
11102
11102
11102
5749
910
1712
10187
11105
10588
10610
11104
9994
9836
9827
6300
5522
11105
11105
11105
69702
25356
314077
48692
71615
48489
316252
410405
549852
69701
69701
69701
69701
69701
69701
69701
69701
69701
69701
316252
316252
316252
64375
316252
316252
316252
316252
316252
316252
82383
270875
316252
316252
316252
410405
549852
69701
69701
69701
69701
69701
69701
69701
69701
69701
69701
69701
316252
316252
316252
64375
316252
316252
316252
316252
316252
316252
82383
270875
316252
596
596
596
596
597
597
597
597
48104
39767
48104
48104
48104
39767
48104
17971
5899
5597
41434
4586
42256
19756
18022
5933
2631
19895
6000
763
8948
42705
2830
42786
41540
1187
2676
42934
6071
19799
6145
42879
87066
2825
42319
12256
6101
19487
90584
5366
90584
90584
42830
5753
90584
90509
90584
87301
37395
2455
42932
90584
90584
88724
46734
88881
184
41631
90052
90584
6070
12156
12726
1562
47720
89891
90584
42632
90584
90584
90584
40560
42932
42932
90584
90584
90584
90584
19725
922
56186
57733
28836
4727
152291
56744
186112
149884
763
45222
18166
327822
81098
147209
34779
191635
328064
2737086
1331584
2737086
151393
20237
328064
2735818
2737086
2735862
2730427
2737086
2737086
1149010
1326278
1296808
1341304
1987415
2735911
2737086
1255174
1149010
1148044
2735964
177044
124349
922
189628
206880
126098
84381
86693
152636
20340
191219
289208
191236
154016
192851
287978
763
154016
118486
328064
1306
328064
154016
20340
166335
154016
286602
153586
192962
192311
328064
153914
190812
328064
1149010
1326278
1296808
1341304
1987415
2735911
2737086
2737086
1255174
1149010
2737086
1148044
2735964
1331584
2737086
288750
192851
126230
328064
190812
192851
191216
191477
154016
328064
2735818
2737086
2735862
2730427
2737086
2737086
952
34789
34789
34789
34789
961
34789
968
956
965
34789
756
34789
34789
27551
763
34789
34789
34789
925
34789
762
34789
34789
34789
34789
34789
34789
34789
34789
34789
34789
763
34789
34789
763
34789
34789
34789
20180
961
34789
916
34789
34789
