12194523
3871091
13978870
5972541
15805020
11095111
15753945
14151985
14054913
11172304
14160858
12433307
12307685
15681465
12296815
12409471
12542735
12501587
11188880
12512395
3932054
12512285
11188226
14170529
6036802
2317825
15900001
84767344
2986403
108561686
86492938
69244347
59139380
109454670
77998617
137259985
46109937909
28481832053
78899734526
62402649212
78536736411
36770538273
62963636849
63528451239
32224530079
643153068
57280374186
71049276800
12639773183
62690712
13316604
78537376
66714315
53405353
45303536
80842974
63070125
101552273
105921960
33441710
13414907
40494264
34348171
39046177
27646503
59120842
63554723
101541623
105921960
33441710
40494264
27646503
101541623
4002490260
5760048056
3972055328
4491285429
4002490260
1450200221
5760048056
4091940561
434004519
3972055328
8535173680
2182956437
4491285429
15190834833
62690712
78537376
45303536
101552273
7503188628
11171450752
6508943982
4491756502
7503188628
1439576305
11171450752
7947774725
593608887
6508943982
11671160212
2166311633
4491756502
15190834833
41062844
3008368
41773140
32075677
51799193
36064888
80052809
79938392
137245598
137259985
31313662
82934195
24988561
38413321
30005841
40458714
35430720
25784089471059
32970994939479
33953621982776
39297993295153
3599175495207
41062844
41773140
36064888
137245598
30834930
82464251
24723958
37604569
28745707
40458714
35430720
24981313914185
32766995851137
33532622330169
29438168194999
3599175495207
1203063470
1599255834
1166756725
1442868047
1062332630
764969801
203963083
360156669
738762122
411737409
22452408
1203063470
126442607
1599255834
1058178396
42824608
1166756725
2580131652
477817765
1442868047
4385365116
1078826027
769329174
206145955
367902464
771147447
411737409
22452408
84767344
108561686
59139380
137259985
44190072174
28481832053
76443228222
62043630871
75009643301
36543030541
62182934594
62480802881
31335508635
573391096
42908788672
71049276800
12600278789
2253827998
3448903632
1911624894
1443019384
7918761894146
135575786311
8291116824568
152070695752
2253827998
125516276
3448903632
2288439115
58503663
1911624894
3531030346
472465368
4385365116
1443019384
8994477
11934417
11268194
9571858
9633361
7970185
11598720
14551062
15125586
6262346
2933943
3261756
4798293
12022493
5810229
4906946
7043485
4863959
8482425
14549599
15250702
15125586
13448485
3551938
6539833
1892180
14459322
4798293
5810229
4863959
14549599
13448485
3430120
6188393
1892180
14239518
6262346
2933943
3181274
485148103
698184432
590351734
544395730
1728899965
361931240
42015080
83568011
559247434
485148103
449250454
698184432
495990514
54537860
590351734
1034561748
544395730
442026294
1841304845
1728899965
374784994
44401125
83568011
567880056
8994477
11268194
7970185
14551062
909473226
1354109015
967400011
544452829
909473226
445959323
1354109015
963362203
74594190
967400011
1414679580
544452829
1841304845
436839323
8240079
13968648
6832160
5370553
11926864
9542810
13884649
15900001
16022168
15900001
26680089
5046212
14977701
3805850
11454350
6301503
6626924
4409723
13105057
820815
6803237
5760782
9671316
2574389
27249988
7443962230
3643174727
8706507469
4853218925
7537741669
508547149
3189863198
8240079
6832160
9542810
15900001
26680089
4969064
14892830
3765550
6168831
6399644
12400812
820815
6803237
5760782
9265157
26835747
7358308207
3529746187
8652638315
4793042621
5646530229
508547149
2999776620
11454350
4409723
2510867
187745642
250710748
225269896
242043205
647913807
170940549
130037342
28826410
60447131
142100929
3932761
21206324
67658137
2218310
193350374
233857647
933147712110
798225693983
187745642
191839746
250710748
165499717
5684116
225269896
406779833
242043205
117285911
689670640
647913807
173594511
130778393
29134918
61747151
147147552
4156103
21206324
67658137
2218310
201826329
237467507
944009971923
848806790514
12194523
3871091
5903818
15146951
11095111
15263454
14054913
11172304
13792658
12236876
14977209
12220732
12255602
12335892
12450279
10880197
11155192
3930396
11188226
13693142
10615158
13956346
14170529
5677064
2310583
15900001
351953628
542938693
369146202
242068582
896565644
618021235
1151931654
1040897359
1058554302
1378675808
1134710103
1994647185
1188066285
2237327132
351953628
190434987
542938693
357266804
7774280
369146202
556238547
689670640
112698344
242068582
896565644
625215280
1152417484
1074799568
1077186455
1466038236
16115983
7748549
4971468
4930526
7953780
16172708
6896658
7696285
16311505
7052557
16118641
16098301
7860553
13070262
13084921
13112884
13171266
13196619
6858494
65780
7991661
5068022
16322646
17665642673
5234920178
16866800778
5047981925
17938889676465
5684377735651
18788507621870
5894883173206
12265429515
1983090559
6645267581
5160592298
5510342310
3610267362
4454224601
310254046
3527437255
4845384742
3473840598
7640986748
10047563121
5695749617
6059767337
5793071
16843999
3528683
4730857
10087623
7055226
5896309
1933750496
1915767695
1921347962
6344768005
5128662533
4127803232
3481345229
4398995530
310254046
5704505
16748553
3491318
4532179
9875239
7055226
5896309
12151367864
3463580363
4821893788
3411341618
7640986748
9978419941
5676893260
6054883457
214030291
167864970
29762837
131885034
106163927
86008919
2024907
5728876788309
3198121429147
217353249
168821591
30081367
137666516
108447166
86008919
2024907
6000206653989
3316555140295
7425925
4930526
15669178
6584791
16025906
15375325
7811918
9790947
13071912
6669279
58645
7706280
16120257
16053469
16322646
15966113
4576955
4067424
7556960
16175188
7018366
12849506
13171266
13105805
5051243
16309490
16322646
5395238677
5783670794
1170701129
19740855
4555981911
938708761
10144443622
3136348028
1225749677
22142638
4948686076
1835629358
5650766844
10229936207
5997853279
3136348028
648099
1031657
806312
3924734
2418774
3920921
4365799
2161739
1298695
1175806
1249284
4323090
3920921
4335557
2045571
1254154
1133818
1249284
4257372
616815
1031657
786417
3858795
2418774
434907319
8004809
115279146
39949492
139962899
4603850922
1315213476
434907319
8459404
119373210
39949492
142123386
4821897548
1363918823
2653365
3709438
3677840
3664376
2586041
1027526
292353
3732982
3738379
1015769
189351
2664532
1014591
2671333
3725325
2609736
587476
2622792
983040
2656732
1848479
1288670
563630
1034507
1042542
590388
1526201
1037764
1920380
957958
2671702
3660797
2527865
523943
45738
1555613
363579
2795683
3744288
3756883
3736097
2674362
3728360
272474
273517
271554
271776
269940
273517
269989
271776
97087849
49229000
96469752
97087849
49514483
96469752
3635521
3664376
2544100
1005753
283251
3569329
2664532
999080
2656196
581255
2606564
2513963
1809561
1288670
1005313
583067
1143278
1037764
1839731
957958
2656761
2527865
492721
45738
1502261
3744288
3671683
3674943
3732982
997381
180211
3703846
2597084
983040
553490
1033673
3599292
354608
2795683
3744445
3710387
2674362
3728360
84982260
24034081
30299023
2424087
214088
18768667
14707134
99392
24776668
12230071
21943793
54756160
24007770
30355357
56077456
1220350456
391777408
377930650
185779018
1665616178
834021292
179755561
535664666
209901198
535001368
84982260
24407226
30471690
2450030
226247
19172320
14707134
99392
25862810
12230071
22723113
55601353
24527516
30355357
56077456
1240468658
393980573
377930650
187941569
535664666
1744502743
211118434
864906997
191146116
535001368
75979
77597
77251
77713
73583
75611
77120
79024
75943
75864
79617
78438
79215
78548
79619
77668
77987
77407
74168
76753
75559
76999
77160
77648
78637
77112
79817
79108
78169
78860
78534
79404
76497
79523
57916
79108
79851
75092
79601
79851
78644
71189
79851
79851
77105
72694
13131
79227
77828
75744
79261
79075
79295
79301
78509
79786
77880
78414
79851
79586
79851
79851
79851
811939
133418
3274156
3272885
3313610
162767
1056241
1046860
1050777
135155
993718
164819
1056687
157636
942069
3165084
537809
3417829
1056687
1052564
164852
1056687
165048
1056687
811939
134971
3328132
3437899
1051678
1052564
3427895
165808
3446632
167348
136423
168442
3436320
1056687
436627
519557
117159
415914
516597
420238
167997
212615
517425
411646
354870
416208
418983
353495
7439
613507
539925
543873
281039
238761
704085
208346870
207563896
118102736
209496663
208714485
79749228
189830618
118393630
163386171
99179140
1442222
189201445
97247148
234727599
30374322
30246258
145924297
213168506
146461347
108008492
109810985
263105194
175373
81479
138952
92091
103421
137475
133305
189967
184570
179994
164181
173162
123679
204933
177137
144076
184917
147097
136367
33177
194622
198701
138311
222702
232285
189967
184570
164181
204933
106562
29538
43720
48464
103245
137418
74676
102869
75356
94492
144932
95205
107547
83217
33422
100348
145311
139374
222678
232285
29539
43741
48465
103245
94492
144932
83218
100348
222678
137418
75356
11309367
11956235
14273907
9849310
10941328
59213186
16470748
21867897
1349772
2404458
1865916
5888730
5244276
6526743
11195500
59213186
16817525
22246628
2840261
1349772
2395460
2741840
2404458
11309367
11341974
1195402
11956235
3613273
14273907
20978344
4787185
9849310
33313234
81480
138992
92091
103421
177137
144076
136367
194622
222702
28558158
171721512
31297171
21905259
21200879
19592492
27683840
9850343
29221577
171721512
31956105
22284636
4674331
1350331
4276135
1865916
5888730
4797506
5244276
1700852
3946359
6526743
21200879
22029513
1635011
19592492
3586803
27683840
28686190
4750683
9850343
33313234
353495
613507
539925
704085
247734
294141
31116
42241
159825
422734
70405
212252
98532
300966
207190
416036
177900
7494
178188
114902
270852
447998
165636
285822
141562
250055
128981
517228
203403
709420
704011
704085
87101685014
96419818873
113201093722
7954761881
33766294605
99578516026
72000410597
57515349577
31117
42249
159826
398628
70406
212253
198927
114903
704011
244507
416037
167719
165178
141562
236592
120915
516828
191839
86021688920
95823247396
84799058614
7954761881
32630424087
96352246188
72000410597
55724636089
3648254
3806964
4094798
4255401
11353424
56269231
16867047
15518909
1782851
2699440
4992325
3117632
3677171
2009143
902609
3136493
93073
8029229164604
12843375444982
10033889391061
5105860
9356893
3797190
8230725
10463208
10565636
11617169
56269231
17222168
15787683
1787590
4178299
3648254
3019818
117953
3806964
2699440
3809526
315039
4992325
4094798
4394391
6878642
3117632
1049928
3677171
2034632
902609
3136493
93073
4255401
10463208
8308727974202
13273424524748
10033889391061
117161
395983
491014
396274
167998
212616
325934
603117
704085
207148197
204990258
112849983
206041851
206305146
79749228
189439894
117661101
161844486
96442951
1285786
141731002
234727599
29352555
30151750
139848491
210134191
141716108
109810985
251289112
228364869
254913536
254000090
261516449
6834194
6234779
9256149
4255848
29506560
189651428
33402213
15545423
26089160482
42175443349
116194581069
426519352
6475057150
46378652761
14345921986
12387981721
24322762224
22068673615
30192011
189651428
34105467
15814657
3010733
6876395
6834194
6805144
161331
6234779
2700558
6805210
5105860
312731
9256149
9405987
9356893
9368685
7689039
3797190
8230725
3352628
5131371
1041922
6035965
168780
10463208
10565636
1748188
4255848
27303515214
42262431118
117301417758
478412085
6700454972
47048355326
14826282509
12387981721
25425901445
25466463797
28159
24419
27899
25697
28090
27447
26436
28098
30502
29636
28901
34511
33635
32905
35295
26327
26574
25414
25418
24982
26530
23901
26533
23989
27922
28035
28507
29734
14840
31658
31290
31951
33326
30502
29636
33635
32905
19584
12689
14284
17110
7916
7853
13324
28042
27435
14809
28305
16517
21027
26327
13556
25568
14246
13599
19399
14639
14396
20556
20847
29953
7859
31537
31947
33582
33326
70469930
87358613
19584
12689
14285
7917
7858
13325
28042
13557
25569
14640
14398
31948
27436
21027
26328
14246
20556
7860
31537
33326
1370826
1777010
1730162
1193850
2918681
10584630
4893642
4920657
219861
547389
1441306
132795
346028
3857649
1245351
244437
771430
876544
855010
2986484
10584630
4996673
5005878
372077
219861
387575
615187
359184
547389
1370826
1441306
1374778
150215
1777010
1730162
132795
2542817
1119338
346028
3857649
1193850
969355
4037949
1245351
24420
27906
25698
28090
25414
25418
23990
27923
31951
8020265
32167124
8300395
4928350
2569791
2911958
3355601
1193975
8206580
32167124
8475152
5013704
612342
219952
691861
610694
244437
771430
628478
898411
876544
855010
282841
2569791
2527525
2670231
205457
2911958
3355601
181106
3477097
1111138
653353
3872462
1193975
4037949
957980
1245351
99456
75165
41080
54739
77290
8086
7357
27648
101949
20951
45531
101293
15607
26246
74263
42374
101521
40933
102296
78269
31073
98629
18539
53197
98250
135503
134511
3510
47431
21165
124356
80596
36495
79828
175625
174286
175644
122451
12971
173638
174305
12636586
18115381
32847981
40603229
11994853
32572150
28789250
20079195
25796281
1136260
50025847
37012186
8031007
22258693
6309914
19867401
33190201
8215589
41468824
56365264
8088
7359
27650
99669
20953
99741
42375
18541
133665
171470
99456
75166
41081
77291
45171
24506
101523
28162
98630
3511
42679
18888
123993
74945
32709
72730
121309
11493
173638
174305
12479902
18115381
32644743
39781095
11941757
32329828
28033198
20079195
19324021
1136260
36558769
7552432
22002574
6097654
19867401
32114863
7959800
40776734
572772
735956
653313
865034
2941698
9762499
5856755
2563470
334560
1277903
663236
661870
842652
12539
88801
353029
127714
637584
1007939
9190
822177
631362
1661877
865125
765442
3612337145
3637861808
7403766219
2404792766
2840884393
1432841937
2641538295
3129793163
26853147462
3010035
9762499
5980064
2607867
337086
656513
1277903
572772
663236
478269
15655
735956
661869
742662
1085395
842652
12538
653313
690553
1085088
773115
88800
363705
127714
637583
1007939
9188
822177
865034
257205
631361
1661877
1650868
865125
986194
1475868
767452
1650868
1667361
1656247
3686991290
3654036527
7495590690
2557177055
2873953568
1482719404
2641538295
3234591522
27308916862
100104
98463
96239
88685
101008
100444
99978
76331
77836
102284
78036
101305
99667
76600
100757
100621
100962
99739
100550
77509
76224
90558
14698
78381
78377
101112
100806
100999
14678
129979
130978
131013
100762
132863
134510
132477
133663
134511
24943
23730
8163
8421
163095
164330
163769
148829
166131
168608
165536
170434
169029
171470
165914
171470
1073736
1206000
765442
1459652
865125
8363726
2555268
7810774
28598243
7979046
7831195
28235756
2563469
28231207
2354445
7828556
4043043
8741698
8733461
3191753
3192677
9721892
3243511
1853371
4839765
1160480
34266587
3525313
3196278
35274897
10874301
3291416
3494711
578679
1080451
1217784
1073736
1074472
1069035
21412
1206000
662143
1325726
1077467
986194
17100
1459652
1483771
1475868
1477766
1207397
767452
174846
16318
1650868
1667361
1668259
1656247
1654298
1353237
247145
865125
8753027
2869629
7992222
28598243
7995503
7996074
28452368
2607866
28500130
2403103
8781022
4044748
8780565
8779618
3191753
3293288
3303984
9842467
1874945
5146446
1200877
3611729
3291416
3682517
3691079
36026127
35873606
11031325
47514
37607
50376
50113
51740
48237
49972
24729
35793
36606
61618
59603
58751
57341
63615
56663
57407
55546
42420
7442
66652
68302
71242
47514
61618
59603
58751
37543
10234
51879
27022
49952
8022
21808
17129
32771
38654
41428
35032
55876
42746
8257
31351
36435
68295
49950
32856
71242
45478419
12661356
43421881
12209221
49952
21809
379395
538080
57377685725
17406618190
673347
379395
538080
687694
796668
1173587
468000
1476982
1460583
281713
3939136
1089087
838830
3839981
3412828
2364114
5643616
3419747
7996121
60095195691
18051224855
1173587
380624
1201992
379552
883133
468000
1476982
1460583
1203286
1311109
363882
6455000
1077625
831758
7447536
6397791
7717189
2364362
7996121
6642174
159964
77174
170741
176501
123459
189419
300337
303187
11725750
8557512
33849395
44602700
44540843
21386971
19205905
17819110
20467698
55109374
116399
51308
7184
87760
177107
177623
54143
171434
6179
26420
54214
538
21017
13835
40972
99466
41794
20999
21975
56746
21996
191371
105630
42017
305484
303155
77481
188105
303187
24265414
21963102
32257865
16527914
12115866
20878223
9392012
4704106
11195534
55228265
729195
4430624
4389422
70023
170742
123424
174028
299551
11513480
8403552
33849395
44295763
44434806
20631200
19142322
17732721
20451202
54506690
23168130
16452583
31172737
15992422
11683210
20749044
9392012
4557645
11056718
729195
171436
26421
21018
32843
81962
45898
17705
175670
33969
54714673
912190
920899
938442
1026794
555809
662954
1008237
628091
463510
130831
944163
8380
19195280455
2656099058
1593620653
10598637638
1149722797
912190
920899
950574
13690
941026
875706
1026793
555809
157875
51245
662954
1008237
659517
818539
723655
884961
485253
130831
956631
933546
8378
1331207
878059
1390242
1883257
1483864
1249231
1883257
1902479
1887065
1331347
20104403318
2748558311
1646981632
10991129298
1149722797
48906
39056
157391
129305
49133
169981
169966
173425
172480
50042
175825
24798
175415
175592
39184
156366
23063
228
51879
51408
22321
53468
25456
25371
42317
269200
244642
273083
272104
280157
281278
281631
278605
278364
277210
280237
279503
278776
281859
281859
279237
21923902
35479916
2925499
11272606
2018627
17280434
80267
24660774
7514380
4021587
1585906
3545904
3205657
14081960
45672885
14111005
1483864
1497731
18731
1249231
996004
1539012
1249569
1537233
1027218
914818
150365
47087
1085991
14254
1865882
1883257
1531359
1897388
1902479
1887065
1889545
1523139
1536374
252527
1331347
22962257
35817887
3027336
11435381
2086219
18769926
90033
25574019
7864147
1585906
3693322
3712639
46057794
14111005
10405
9794
10057
9599
4688
2840
3559
10001
8181
10581
5483
6463
1692
9479
5301
1957
6745
11083
11180
11095
11132
4443
11183
9952
4344
6613
7209
5601
5433
5438
10246
10184
7449
4550
5879
11159
8116
11187
11183
11102
4688
2771
3560
10002
8182
10582
6464
11246
9953
7211
5602
5439
5881
11159
11102
11102
68053
134894
979635
25300
460129
167493
316252
4889498
16871718
68053
119970
134894
99205
114926
190427
67513
213067
216008
210701
979635
492438
619406
25299
460129
437660
303173
723736
438547
167493
34495
225916
318585
1025421
316252
5070567
17670793
68081
214158
221397
67513
213067
216008
210701
173584
189036
189138
69701
983396
955070
1015011
34481
806898
820451
989651
303205
1025421
851791
46789
222616
316252
597
599
600
596
602
600
596
596
321475
162502
318183
319906
321475
163445
318183
17499
5808
5597
41125
4586
39985
19083
17642
5825
2619
19250
6000
726
8948
42705
2800
42092
40142
1150
2627
42690
6066
19767
5925
42163
87066
2789
42319
9180
6101
18668
90450
5366
86934
91051
42590
5753
91112
90509
90087
85834
37395
2308
42368
89529
90431
88668
46734
86728
184
41152
89015
88984
5941
11726
12289
1523
47720
89891
90971
42368
90974
90147
90555
40363
42406
42932
89206
90061
89770
90584
101974
676
115492
122886
83857
10487
212785
116517
189106
211258
408
93574
62753
327928
113505
208463
87581
192223
328064
2751211
699187
2737086
212440
102886
330873
6445364
2733053
2003738
1930177
2705211
2074600
321939
699776
403090
511616
3407244
6445837
8542372
625068
595809
593329
1991894
362243
101974
676
115492
136074
81874
78572
97433
92521
10487
116690
222350
116517
93584
189106
220621
407
93574
68959
327928
954
328029
113505
20496
107802
88022
218687
87581
192223
140637
330485
155046
190812
328064
321939
702888
416587
529425
3533422
6555240
8946954
2751211
664677
602745
2744488
605591
2016598
703242
2737086
221706
189857
102886
329465
190812
192851
191216
191477
154016
328064
6551620
2748114
2015006
1930177
2758116
2074600
946
34789
34789
108065
108018
917
109093
935
829
932
33241
743
111941
112465
14171
754
34598
111244
104787
823
34717
746
34774
34635
34071
111316
34121
34465
34293
34594
111875
112601
755
33999
113003
763
32715
34362
34606
20180
946
31015
886
34789
34789
