15900001
9457638
15900001
9540264
15900001
15900001
15900001
15900001
15900001
15900001
15900001
15900001
15900001
15900001
15900001
15900001
15900001
15900001
15900001
15900001
9474558
15900001
15900001
15900001
9540264
3733272
15900001
65288109
2593683
65288109
65288109
65288109
65288109
65288109
57081439
65288109
79631215618
77395737977
79631215618
79631215618
79631215618
79631215618
79631215618
79631215618
79518668612
2863452000
79631215618
79631215618
26495031384
21539229
10405519
21539229
21539229
21539229
21539229
21539229
21539229
21539229
21539229
21539229
10405519
21539229
21539229
21539229
21539229
21539229
21539229
21539229
21539229
21539229
21539229
21539229
21539229
952701224
952701224
952701224
952701224
952701224
892197395
952701224
952701224
532394198
952701224
952701224
952701224
952701224
952701224
21539229
21539229
21539229
21539229
952701224
952701224
952701224
952701224
952701224
892197395
952701224
952701224
532394198
952701224
952701224
952701224
952701224
952701224
36263908
2593683
23231693
22497013
65288109
63468330
65288109
57081439
65288109
65288109
7630694
28979536
2907256
22384510
21654672
11692941
7961464
50526707694240
96373362556006
82178018522160
96331477099330
8599380395040
36263908
23231693
63468330
65288109
7630694
28979536
2907256
22384510
21654672
11692941
7961464
50526707694240
96373362556006
82178018522160
96331477099330
8599380395040
354860259
285806111
394634556
394634556
75258562
175167065
32754435
145671930
149710343
103316658
7931610
354860259
92866780
285806111
282055372
52782402
394634556
394634556
261738477
394634556
394634556
75258562
175167065
32754435
145671930
149710343
103316658
7931610
65288109
65288109
65288109
65288109
79631215618
77395737977
79631215618
79631215618
79631215618
79631215618
79631215618
79631215618
79518668612
2863452000
79631215618
79631215618
26495031384
394634556
394634556
394634556
394634556
18184642111827
677967080100
18184642111827
677967080100
394634556
92866780
394634556
394634556
52782402
394634556
394634556
261738477
394634556
394634556
3091074
3091074
3091074
3091074
3091074
3091074
3091074
3091074
3091074
1371875
642100
241332
3091074
3091074
3091074
3091074
3091074
3091074
3091074
3091074
3091074
3091074
1371875
986186
1371875
567639
1371875
3091074
3091074
3091074
3091074
1371875
986186
1371875
567639
1371875
1371875
642100
241332
115478405
115478405
115478405
115478405
51257582
36847027
22933587
23516654
51257582
115478405
115478405
115478405
115478405
62658355
115478405
115478405
115478405
115478405
115478405
51257582
36847027
22933587
23516654
51257582
3091074
3091074
3091074
3091074
115478405
115478405
115478405
115478405
115478405
115478405
115478405
115478405
62658355
115478405
115478405
115478405
115478405
115478405
6002257
12547342
3496572
3354791
16009419
12413350
12547342
16162883
16162883
16162883
7174244
1260737
7174244
437602
7133949
4376748
3037351
1185548
5569367
154675
2055905
1318573
4657227
174032
7174244
12709059872
7119445920
15131840763
11702633820
14890624222
1211692320
10684736808
6002257
3496572
12413350
16162883
7174244
1260737
7174244
437602
4376748
3037351
5569367
154675
2055905
1318573
4657227
7174244
12709059872
7119445920
15131840763
11702633820
14890624222
1211692320
10684736808
7133949
1185548
174032
59082222
44503126
80220962
80220962
35607805
12510384
35607805
4605482
29612060
24071991
1844300
6433532
17914816
770841
30432985
35607805
3363154297632
2850761914080
59082222
80220962
44503126
43768445
5214350
80220962
80220962
80220962
36802099
80220962
35607805
12510384
35607805
4605482
29612060
24071991
1844300
6433532
17914816
770841
30432985
35607805
3363154297632
2850761914080
15900001
9457638
9540264
15900001
15900001
15900001
15900001
15900001
15900001
15900001
15900001
15900001
15900001
15900001
15900001
15900001
15900001
9474558
15900001
15900001
15900001
15900001
15900001
9540264
3733272
15900001
80220962
80220962
80220962
80220962
2537458308
2549883852
2540002788
2680320969
2675251073
2549883852
2678713441
2810041173
2678713441
2810041173
80220962
80220962
80220962
80220962
5214350
80220962
80220962
80220962
36802099
80220962
2537458308
2549883852
2540002788
2675251073
2680320969
2549883852
16322646
15745309
11900287
11847397
15924973
16322646
14350150
15634273
16322646
14549314
16322646
16322646
15924973
16322646
16322646
16322646
16322646
16322646
14239858
216600
15924973
12035833
16322646
1511874841
1387348288
1511874841
1387348288
397021609204
360777721168
397021609204
360777721168
12327992676
3821989992
12327992676
12327992676
12327992676
12327992676
9025851048
650482632
12327992676
12327992676
8563069872
12327992676
12327992676
11787653314
12327992676
1326809
10531719
404751
3253642
5016277
2164076
1386077
81248472
81248472
3821989992
12327992676
12327992676
12327992676
12327992676
9025851048
650482632
1326809
10531719
404751
3253642
5016277
2164076
1386077
12327992676
12327992676
12327992676
8563069872
12327992676
12327992676
11787653314
12327992676
15760979
54797104
4909127
40518145
41083415
23116465
593848
3237357588277
3205874935678
15760979
54797104
4909127
40518145
41083415
23116465
593848
3237357588277
3205874935678
15745309
11847397
16322646
14350150
16322646
16322646
15924973
16322646
16322646
14239858
216600
15924973
16322646
16322646
16322646
16322646
11900287
15924973
15634273
16322646
14549314
16322646
16322646
16322646
12035833
16322646
16322646
3136348028
3136348028
3136348028
76884450
3136348028
3136348028
3136348028
3136348028
3136348028
76884450
3136348028
3136348028
3136348028
3136348028
3136348028
3136348028
22775
170277
57351
419576
457236
411509
457236
405047
290905
207333
209777
457236
411509
457236
405047
290905
207333
209777
457236
22775
170277
57351
419576
457236
13016661
3912423
9357158
5971962
13016661
65611258
57743559
13016661
3912423
9357158
5971962
13016661
65611258
57743559
3728360
3728360
3728360
3728360
3728360
1826884
538536
3728360
3728360
1803124
337440
3728360
1796260
3728360
3728360
3728360
1051146
3728360
1745044
3728360
3100568
2236109
1007580
1828644
1842372
1053054
2641529
1834628
3186524
1710548
3728360
3728360
3728360
937620
91656
2680169
655872
3728360
3728360
3728360
3728360
3728360
3728360
24572
24572
24572
24572
24572
24572
24572
24572
3525962
3205845
3525962
3525962
3205845
3525962
3728360
3728360
3728360
1826884
538536
3728360
3728360
1796260
3728360
1051146
3728360
3728360
3100568
2236109
1842372
1053054
2641529
1834628
3186524
1710548
3728360
3728360
937620
91656
2680169
3728360
3728360
3728360
3728360
1803124
337440
3728360
3728360
1745044
1007580
1828644
3728360
655872
3728360
3728360
3728360
3728360
3728360
13501681
2705316
13309962
394202
64084
7843050
4172881
26045
8325719
2475067
5855842
13502833
2790039
13286501
13502833
535001368
535001368
535001368
455903560
535001368
513109928
372851596
535001368
486429278
535001368
13501681
2705316
13309962
394202
64084
7843050
4172881
26045
8325719
2475067
5855842
13502833
2790039
13286501
13502833
535001368
535001368
535001368
455903560
535001368
535001368
486429278
513109928
372851596
535001368
75759
77402
78038
77651
74776
78820
78746
78949
78372
79419
79593
79635
79648
78542
79619
79755
78848
77849
77666
77272
79851
79851
79851
79851
79851
79851
79851
79851
79851
79851
79851
79851
79851
79851
79851
79851
79851
79851
79851
79851
79851
79851
79851
79851
77669
78884
26678
79169
79257
79559
79706
79755
79713
79851
79851
79851
79851
79851
79851
79851
79851
79851
79851
1056687
396594
1056687
1056687
1056687
483186
1056687
1056687
1056687
396594
1056687
475970
1056687
480898
1056687
1056687
1056687
1056687
1056687
1056687
472098
1056687
480898
1056687
1056687
396594
1056687
1056687
1056687
1056687
1056687
472098
1056687
475970
396594
483186
1056687
1056687
704085
704085
401372
704085
704085
704085
533412
604347
704085
704085
704085
704085
704085
704085
27968
704085
704085
704085
615582
533412
704085
263105194
263105194
263105194
263105194
263105194
238285377
263105194
263105194
263105194
260706257
6279500
263105194
238849537
263105194
59937027
59937027
263105194
263105194
263105194
237761889
240295361
263105194
219813
219813
219813
219813
219813
219813
219813
219813
219813
219813
219813
219813
219813
219813
232285
232285
232285
232285
232285
112210
232285
232285
232285
232285
232285
219813
219813
219813
219813
219813
166549
148965
219813
219813
219813
219813
219813
219813
232285
232285
232285
232285
232285
112210
232285
232285
232285
232285
232285
133523
148970
171408
219813
232285
232285
181549
183305
232285
219589
47588
10274193
8030132
8107786
10274193
10715059
9583813
14141416
10311894
2156880
467428
2159073
2159073
2159073
2159073
10715059
9583813
14141416
10311894
2159073
2159073
2159073
2159073
2159073
10274193
10274193
5741486
10274193
9621703
10274193
10274193
10274193
10274193
10274193
171167
219813
171408
219813
232285
232285
181549
183305
232285
14141416
14141416
14141416
10311894
10274193
8030132
8107786
10274193
14141416
14141416
14141416
10311894
2159073
2159073
2159073
2159073
2159073
2159073
2159073
2159073
2159073
2159073
10274193
10274193
5741486
10274193
9621703
10274193
10274193
10274193
10274193
10274193
704085
704085
704085
704085
653970
679191
160494
133804
391080
704085
342896
604347
242614
704085
684460
704085
525777
27968
384810
250537
571078
704085
615582
615582
533412
473677
250537
704085
393094
704085
704085
704085
209400154360
279580348196
277170878541
18858290340
97163316000
279580348196
250631506126
110804183540
133523
133807
391080
704085
267387
604347
534962
197709
704085
128355
703369
24779
131068
115481
46006
7699
332152
26258
209400154360
279580348196
277170878541
18858290340
97163316000
279580348196
250631506126
110804183540
3826911
3326297
2432299
4255848
10325389
8608319
22059819
28351201
835298
4251525
244387
906148
921370
406500
86751
2007696
26160
49456127844000
75372486603042
74952861640350
4255848
4255848
4255848
4255848
4255848
4255848
10325389
8608319
22059819
28351201
4255848
4255848
3826911
3041763
569220
4255848
4255848
4255848
1001501
3795231
3082212
4255848
4255848
4255848
2822660
4255848
4185322
2822660
4255848
391620
4255848
4255848
49456127844000
75372486603042
74952861640350
312546
704085
704085
704085
415950
604347
550300
555622
704085
263105194
263105194
263105194
263105194
263105194
238285377
263105194
263105194
263105194
260706257
6279500
263105194
263105194
59937027
59937027
263105194
263105194
263105194
240295361
263105194
263105194
263105194
263105194
263105194
4255848
3326297
3358463
4255848
25821805
45296497
34316446
28351201
58056617928
58056617928
58056617928
2131971950
28753562700
58056617928
56409601926
54030817260
56798997876
56778142052
25821805
45296497
34316446
28351201
4255848
4255848
4255848
4255848
569220
4255848
4255848
4255848
4255848
1001501
4255848
4255848
4255848
4255848
4255848
4255848
4255848
4255848
4255848
2822660
4255848
391620
4255848
4255848
2822660
4255848
58056617928
58056617928
58056617928
2131971950
28753562700
58056617928
56409601926
54030817260
56778142052
56798997876
35295
35295
35295
35295
35295
35295
35295
35295
35295
35295
35295
35295
35295
35295
35295
33326
33326
33326
33326
33326
33326
33326
33326
33326
33326
33326
33326
33326
30056
33326
33326
33326
33326
35295
35295
35295
35295
33326
33326
33326
35295
24598
21144
35295
35295
35295
35295
35295
35295
35295
33326
33326
33326
33326
33326
33326
33326
33326
33326
33326
33326
30056
33326
33326
33326
33326
5938461
6915337
33331
5542
1542
24603
21147
35298
35298
33335
33335
33335
33335
33335
35300
19611
33331
12673
33331
5347
33331
33331
1245350
973344
982757
1245350
1582805
1360467
2270856
1655904
282553
61233
174228
258260
73510
1235479
1245351
282841
282841
282841
282841
1582805
1360467
2270856
1655904
282841
282841
282841
282841
282841
282841
1245351
1245351
1245351
675725
1245351
1245351
557193
1245351
1245351
1245351
1245351
1245351
1245351
1245351
1245351
35298
35298
35298
35298
33335
33335
33335
33335
33335
2270856
2270856
2270856
1655904
1245350
973344
982757
1245350
2270856
2270856
2270856
1655904
282841
282841
282841
282841
282841
282841
282841
282841
282841
282841
282841
1245351
1245351
1245351
675725
1245351
1245351
557193
1245351
1245351
1245351
1245351
1245351
1245351
1245351
1245351
169019
173326
127868
132431
134756
21746
18292
64729
172229
55853
102656
172450
36178
61537
172650
133868
172636
93701
172613
133738
63574
135313
37707
103806
135313
135313
135313
8187
83281
37707
174305
133364
65100
132392
174305
174305
174305
174305
24034
174305
174305
29893410
40376010
56398574
56398574
28165082
56398574
54649740
41075310
51154496
2657220
56398574
56398574
26692476
35709608
14081640
36773838
55489476
15612820
56398574
56398574
21747
18293
64730
172229
55854
172450
133869
37708
135314
174305
169019
81762
25096
129416
14361
5542
172460
5833
62718
5347
8798
2784
82228
28872
6051
28188
79624
1542
172923
174305
29893410
40376010
56398574
56398574
28165082
56398574
54649740
41075310
51154496
2657220
56398574
26692476
35709608
14081640
36773838
55489476
15612820
56398574
637159
676166
378735
865125
1399068
1176859
3593302
8089995
169798
830848
113822
864246
40625
41986
20110
70486
12197
408122
187295
6051
184201
395200
858267
865125
682705
11194521358
8801105840
11399287947
8594293040
10442194592
7167554760
10879126727
11399287947
11399287947
1399068
1176859
3593302
8089995
865125
865125
865125
637159
813582
472011
56229
865125
865125
777823
865125
630889
44806
479934
817492
865125
865125
340695
725723
396884
865125
865125
38056
865125
865125
396884
865125
865125
865125
865125
865125
865125
865125
865125
865125
865125
11194521358
8801105840
11399287947
8594293040
10442194592
7167554760
10879126727
11399287947
11399287947
171084
169393
171143
169220
171470
171470
171470
133522
133001
171470
133681
171470
171470
133710
171470
171470
171470
171470
171470
135279
134032
171470
24315
134023
134017
171470
171470
171470
24255
135313
135313
135313
135313
135313
135313
135313
135313
135313
24548
24548
8187
8187
171470
171470
171470
171470
171470
171470
171470
171470
171470
171470
171470
171470
865125
676166
682705
682705
865125
11031325
8828966
11031325
11031325
11031325
11031325
11031325
8044022
11031325
8078210
11031325
8930628
11031325
11031325
8923068
8978534
11031325
8924742
8081318
8959986
4186468
11031325
8961478
8950982
11031325
11031325
8081318
8809286
865125
865125
865125
865125
865125
865125
56229
865125
865125
865125
865125
865125
44806
865125
865125
865125
865125
865125
865125
340695
38056
865125
865125
865125
865125
865125
865125
396884
865125
11031325
8828966
11031325
11031325
11031325
11031325
11031325
8044022
11031325
8078210
11031325
8930628
11031325
11031325
8923068
8924742
8978534
11031325
8081318
8959986
4186468
8809286
8081318
8950982
8961478
11031325
11031325
11031325
63615
63615
63615
63615
63615
63615
63615
63615
63615
63615
63615
63615
63615
63615
63615
71242
71242
71242
71242
23097
71242
71242
71242
63615
63615
63615
63615
63615
26606
63615
63615
63615
31944
63615
62819
63615
63615
71242
71242
71242
71242
23097
71242
71242
71242
71242
70842
71242
6209947
4320900
6209947
4320900
63621
19611
482676
104603
1353889728
1230001770
483167
483167
483167
483167
483167
483167
483167
483167
483167
1159202
2466098
2466098
2023748
2466098
2466098
2466098
2466098
2466098
2466098
1353889728
1230001770
483167
483167
483167
483167
483167
483167
483167
483167
483167
483167
1159202
2466098
2466098
2023748
2466098
2466098
2466098
2466098
2466098
2466098
273333
155347
294139
300280
255872
254048
303187
303187
37702713
19371366
54807156
54807156
54807156
49565178
42417750
51326548
38153228
54807156
252710
88747
15462
156552
300272
300165
102251
291294
18916
92492
92492
1112
68834
56283
66908
146552
68063
33348
34877
87663
34877
255878
154157
68434
303187
303187
116398
252689
303187
50636587
49638097
54807156
54807156
38395574
54807156
33313952
8646101
20418269
54807156
1471521
361210
361210
33506
288086
120701
118136
297145
37702713
19371366
54807156
54807156
54807156
49565178
42417750
51326548
38153228
54807156
50636587
49638097
54807156
54807156
38395574
54807156
33313952
8646101
20418269
1471521
290998
19693
19611
5833
28763
8798
2784
120710
6051
54807156
266603
628033
619097
1329994
245243
223753
51180
235576
90952
13002
628062
6051
11039764804
10600831646
10423260990
10929809728
9781524760
1236055
1331347
1331347
45044
1240152
1015632
1331347
1151818
423051
151098
1033528
794814
1200264
804219
571744
583698
936440
423051
1331347
1232009
29319
1331347
1078364
1331347
1331347
1331347
1331347
1331347
1331347
1331347
1331347
11039764804
10600831646
10423260990
10929809728
9781524760
88086
66463
270619
281859
86138
281859
281859
281859
281859
88888
281859
41996
281859
281859
65150
275315
42426
475
92492
92492
92492
92492
43528
43528
68834
281859
281859
281859
281859
281859
281859
281859
281859
281859
281859
281859
281859
281859
281859
281859
281859
14111005
14111005
11328495
14111005
11030215
13144456
278721
14111005
14111005
14111005
9400164
11319795
11302395
14111005
14111005
14111005
1331347
1331347
45044
1331347
1331347
1331347
1331347
1331347
1331347
1151818
423051
151098
1033528
29319
1331347
1331347
1331347
1331347
1331347
1331347
1331347
1331347
1331347
423051
1331347
14111005
14111005
11328495
14111005
11030215
13144456
278721
14111005
14111005
9400164
11302395
11319795
14111005
14111005
10405
9794
10058
9599
8831
6106
7915
10186
11102
10586
9788
10609
3426
9533
9276
4054
11102
11102
11102
11102
11102
8440
11102
9991
9503
10837
9833
9823
10186
10186
10186
10186
10186
9364
11102
11102
11102
11102
11102
11102
5542
741
1542
10194
11109
10591
10614
11107
9998
9841
9832
6095
5347
11109
11109
11109
69708
19611
313745
44058
44244
18667
316252
233123
335669
69701
69701
69701
69701
69701
69701
69701
69701
69701
69701
316252
316252
316252
95056
316252
316252
316252
316252
316252
316252
119291
316252
316252
316252
316252
233123
335669
69701
69701
69701
69701
69701
69701
69701
69701
69701
69701
69701
316252
316252
316252
95056
316252
316252
316252
316252
316252
316252
119291
316252
316252
596
596
596
596
597
597
597
597
18038
11039
18038
18038
18038
11039
18038
17733
5832
5541
41178
4552
41985
19537
17778
5871
2593
19659
5936
740
8797
42447
2783
42562
41342
1181
2646
42732
6016
19610
6094
42672
86994
2789
42122
12212
6050
19286
90584
5345
90584
90584
42620
5711
90584
90491
90584
87223
37182
2426
42730
90584
90584
88719
46943
88778
201
41379
90003
90584
6006
12135
12672
1540
47926
89865
90584
42452
90584
90584
90584
40424
42730
42730
90584
90584
90584
90584
8784
1557
51319
44972
16418
2784
152553
51590
314839
149808
1286
50392
7736
327730
123202
146487
27688
325435
328064
2737086
1675008
2737086
151269
9173
328064
2737086
2737086
2737086
2737086
2737086
2737086
1520329
1317646
1647030
1697526
2071542
2737086
2737086
1249653
1520329
1519836
2737086
327828
136427
1554
237932
229137
138242
91867
94230
169042
33966
239137
323378
238297
236742
327828
322158
1284
236677
131070
328064
2209
328064
261172
33966
185378
199525
320672
197915
328036
321252
328064
260984
324815
328064
1520329
1317646
1647030
1697526
2071542
2737086
2737086
2737086
1249653
1520329
2737086
1519836
2737086
1675008
2737086
322808
327828
138341
328064
324815
327828
324955
325518
261172
328064
2737086
2737086
2737086
2737086
2737086
2737086
1607
34789
34789
34789
34789
1657
34789
1670
1649
1661
34789
1272
34789
34789
30799
1284
34789
34789
34789
1556
34789
1283
34789
34789
34789
34789
34789
34789
34789
34789
34789
34789
1284
34789
34789
1284
34789
34789
34789
33700
1629
34789
1541
34789
34789
