8938262
1322636
12135485
2290072
15710039
7142794
15607890
12440235
12269350
7247056
12455855
9299467
9102812
15462930
9092723
9244941
9470176
9400631
7268638
9418898
1363559
9418712
7267710
12472881
2339888
783362
15900001
45686366
365438
83395506
47641817
28594061
18992801
84778919
26504950
137259985
14245104780
3147306984
78168253434
45589182902
77442257204
8692378786
46300998408
47429033765
5204383272
42844429
38255784199
62467337983
2421525591
32276552
120663
56303959
36684904
21957071
13633161
59803660
20218529
97182587
105921960
2158721
122515
1757428
1089887
10149961
3006168
27665899
20529473
97162203
105921960
2158721
1757428
3006168
97162203
421223536
422171024
730794158
4297579390
421223536
5403337
422171024
211457399
16853552
730794158
6764424437
530888149
4297579390
25695114497
32276552
56303959
13633161
97182587
6298466951
13527393034
3314387323
4298480997
6298466951
5324871
13527393034
7117622327
36458849
3314387323
14622327246
522822492
4298480997
25695114497
5989329
370658
5637761
3303633
13523533
6172953
39265730
27936910
137231211
137259985
509934
34289423
152946
2748630
1382052
1481797
691390
1239662031031
4951041000693
1747555513080
6264234882185
153565265318
5989329
5637761
6172953
137231211
498836
33900824
149706
2632891
1265970
1481797
691390
1162469436861
4889774554088
1704218736562
3120855022519
153565265318
119254633
120541118
186301149
1442716711
19773819
316394054
616864
24757045
40084383
13759476
111149
119254633
2238293
120541118
54684795
4240026
186301149
1831430393
136965030
1442716711
6376488391
20397505
320020825
630210
25845337
43759888
13759476
111149
45686366
83395506
18992801
137259985
13058866421
3147306984
73300789469
45064610531
70486377338
8584815314
45152802539
45864728374
4917222633
33549870
19059112326
62467337983
2406392933
1705054722
3828689432
843733482
1443019384
447069906407
7703350492
491188567035
9837464250
1705054722
2205774
3828689432
1767853006
9074465
843733482
3961037270
129835633
6376488391
1443019384
4630798
9099010
8078120
5263422
5332601
3099460
8580485
13942825
15125586
1932153
27603
3974
310191
9233064
252482
156622
2465387
683630
3969622
13940177
15397534
15125586
12470950
153551
2186918
2648
14459322
310191
252482
683630
13940177
12470950
143018
2050930
2648
14019715
1932153
27603
3778
51057163
51172010
140360966
520916318
2712344575
24096733
2031077
98219
550614812
51057163
345024171
51172010
25631082
3458309
140360966
819926464
520916318
337123202
3109769981
2712344575
25871316
2275658
98219
567880056
4630798
8078120
3099460
13942825
762231374
1639494767
636582273
521025603
762231374
340005761
1639494767
861415435
7469196
636582273
1772395151
521025603
3109769981
331492366
1736721
12117482
1477174
804638
7860998
3345905
11304246
15900001
16144335
15900001
26116523
144606
6413381
53769
3728851
607627
418409
117419
4735925
13560
319651
174677
1307858
19302
27249988
2166635036
194642668
4072610080
274388389
1606048565
24111695
60351728
1736721
1477174
3345905
15900001
26116523
147320
6340699
52630
582041
389709
4451821
13560
319651
174677
1198008
26421507
2116774223
182522451
4022213739
267583965
800136780
24111695
53158910
3728851
117419
20757
32296879
36547499
43745531
242017828
863975472
3926447
53427523
140694
4162457
8665658
693836
59188
2337211
19730
30533166
230247788
11024983845
12623997515
32296879
147349676
36547499
16064025
1044793
43745531
270305197
242017828
104483880
940835925
863975472
4025411
54039954
143738
4345434
9303833
736236
59188
2337211
19730
33332880
237467507
11284678365
14332123646
8938262
1322636
2237371
14401811
7142794
14636001
12269350
7247056
11808120
8998071
14074046
8980206
9015680
9157831
9323467
6867578
7375587
1362409
7267710
11632489
6214015
12095834
12472881
2061016
778467
15900001
251344854
564782532
197929739
242068582
135592356
8672337
240781565
57203369
59051753
364247842
68709370
1303503294
75489888
1664622045
251344854
145207151
564782532
260614320
2259889
197929739
584305595
940835925
100290352
242068582
135592356
8876615
240984752
60892496
61336042
413533440
15909321
2919932
1434590
1421195
3086115
16022770
2357235
2876453
16300364
2457381
15914636
15873957
3013424
9996193
10023180
10074662
10182145
10228821
2333568
14825
3115652
1474174
16322646
4512691581
29001722
4104562971
26930427
7368899970450
51153136125
8101611083167
55087467331
12200467792
158576436
1798723947
1071140204
1021489097
159632458
384467227
25041405
142292524
831038012
223636126
4051259175
7757581483
1130434271
826230278
201408
7296357
70807
560619
1256604
361304
211151
1938175264
1902127367
148702030
1636047041
1057885425
508908021
148231553
374933012
25041405
198013
7213734
69307
513531
1203727
361304
211151
11973552706
137140705
822980086
215589108
4051259175
7650812538
1122949436
824898475
4195160
69045091
172249
8661649
12008828
3019399
19290
2364685005651
214246450260
4327480
69836542
175975
9455871
12536706
3019399
19290
2599812499396
230724745807
2676780
1421195
15025048
2144046
15731514
14448155
2976134
4980124
10011704
2204810
11609
2893133
15917868
15784292
16322646
15613425
1206905
70255
2772309
16027917
2433554
9662519
10182145
10088040
1464413
16296335
16322646
2267498986
3059685708
76688021
2230636
1285544028
13499390
17024445002
3136348028
84255905
2848605
1528063756
592987952
2492962991
17313831801
3295014719
3136348028
352
15409
1328
3723068
1006314
3764847
4399865
866787
88457
21408
17783
4323090
3764847
4031441
870901
82390
19879
17783
4191655
318
15409
1262
3743482
1006314
650599879
633404
10227215
500849
137802412
7480883526
38838704
650599879
709678
10980389
500849
142123386
8224729489
41825898
1734930
3689792
3627554
3600774
1649574
246516
47958
3737454
3748304
242399
31300
1752550
242204
1763054
3722290
1665881
114979
1697123
230367
1739220
741770
368292
110141
249877
252922
116274
504446
251111
802068
220859
1762846
3593234
1539146
101045
7573
523791
64290
1964114
3760217
3785406
3743835
1767044
3728360
273097
275251
271333
271776
268018
275251
268204
271776
97703256
2605202
96469752
97703256
2635594
96469752
3544073
3600774
1596067
236068
44972
3409307
1752550
234799
1743074
112544
1676122
1552295
710535
368292
234859
113391
251316
251111
734700
220859
1743130
1539146
89002
7573
487863
3760217
3615006
3621166
3737454
233622
28278
3679367
1649728
230367
106178
249474
3472494
61117
1964114
3760342
3692308
1767044
3728360
84329472
358089
12624124
8764
81809
2206904
584260
1627
2977259
245027
1287469
53910968
373116
12625452
58566155
1260808860
250130643
220859932
11153786
2692665524
185489535
12771480
536306422
14447915
535001368
84329472
369383
12768833
8954
91661
2303917
584260
1627
3250256
245027
1382284
55601353
389629
12625452
58566155
1303076025
252959778
220859932
11416514
536306422
2960405073
14616462
199756055
14499562
535001368
75979
77597
76352
77713
72370
72326
75450
79024
73503
72271
79617
77220
78764
78548
79619
75595
77152
76959
70680
76275
71268
74148
74470
75445
77423
74373
79783
78365
76488
77870
77217
78957
73144
79195
39781
78365
79851
70334
79351
79851
77437
62528
79851
79851
76381
66428
1800
79228
76393
71902
78801
78409
78909
78751
77167
79722
75910
76977
79851
79322
79851
79851
79851
595648
22160
5272183
5263978
5400581
27421
1055796
1037033
1044868
22744
930749
28307
1056687
25837
827452
4873024
23827
5735814
1056687
1048442
28536
1056687
28387
1056687
595648
22682
5448927
5792327
1046669
1048442
5787391
28869
5833313
29189
23175
29402
5815954
1056687
323557
419396
28505
251761
415975
260705
48452
75972
416932
246386
203103
253760
258257
201253
1048
552325
399590
405228
134395
106225
704085
154490484
152980625
29499259
156707706
155199381
10507672
119986218
29694322
87802915
17195521
141559
126398868
18344655
206394953
8089592
8000831
47635594
163329107
48276884
22929606
23762256
263105194
130934
8021
77062
15126
23718
75541
71084
161608
152118
144072
113019
126511
31690
190054
125911
78912
137550
81285
65406
345
160010
167183
44338
213119
232285
161608
152118
113019
190054
28184
119
864
794
23637
75478
8557
20606
6926
8420
79850
4086
37574
14421
350
4993
77340
45019
213075
232285
121
866
796
23638
8421
79850
14422
4994
213075
75478
6927
1643205
3506143
1199773
9424516
35165
2021652
185620
171755
741373
373991
1587368
8212552
6110021
10238959
36838
2021652
193604
177465
1225607
741373
464957
896065
373991
1643205
792861
62391
3506143
15523
1199773
18910210
1164228
9424516
56348935
8022
77062
15127
23720
125911
78913
65408
160010
213119
1801304
144769390
3419224
172301
24570504
15901493
38443669
9426493
1886985
144769390
3566298
178029
5693645
741988
3862240
1587368
8212552
6264990
6110021
1242631
1711080
10238959
24570504
26687578
134971
15901493
15298
38443669
40877281
1146540
9426493
56348935
201253
552325
399590
704085
64372
90278
423
2823
27819
263801
2545
75713
12385
113893
44782
253550
31090
1063
35968
17237
78997
255510
28911
136460
23217
69550
21996
333714
47421
714756
703937
704085
5069680727
14850287212
18172624915
445494784
3942020335
11267015860
1278343163
3663581574
425
2825
27820
227528
2547
75714
44784
17238
703937
52382
253550
17883
26638
23219
42585
7272
333714
24213
4943960189
14666522963
9053640038
445494784
3676807659
10536929996
1278343163
3435453779
474981
905571
344248
4254955
102447
6594883
575387
170787
375418
1532588
727871
470094
469537
361253
47223
2017139
3819
27495554447
74795216740
7558510967
3274337
11147233
3338533
8075699
14167696
14319091
107320
6594883
600136
176744
389103
1467204
474981
210974
15695
905571
1532588
632024
6430
727871
344248
1284186
5186344
470094
308762
469537
420397
47223
2017139
3818
4254955
14167696
29478842738
79977649424
7558510967
28506
221750
364656
224857
48453
75973
169658
531620
704085
152712838
149186933
26875233
151539169
151616229
10507672
119492288
29326871
86145927
16246729
110850
62972182
206394953
7545337
7950832
43668816
158679341
45148614
23762256
239473030
193624544
246721879
244894987
259927705
6737064
4102631
11016240
4255848
3962367
139428057
4960399
171239
5930271337
26367089316
104414826299
24460157
46183450
35014078430
262313272
114998607
1459689091
1174082638
4150840
139428057
5173765
177211
1955749
6816004
6737064
6714195
33954
4102631
1533858
5244281
3274337
6336
11016240
11211067
11147233
11162565
8978601
3338533
8075699
2449408
2184183
288452
2144100
56652
14167696
14319091
1510234
4255848
6509287160
26476079501
106423209749
31236527
49514719
36040092725
280488510
114998607
1595392990
1603737095
21023
14491
20642
16099
20885
19934
18429
20902
25949
24425
23133
33727
31975
30516
35295
19329
19822
18064
18072
17424
19734
15848
19741
14869
22956
23154
23985
26142
1641
29990
29255
30576
33326
25949
24425
31975
30516
9394
979
504
4525
215
231
845
20814
19917
2218
21210
3308
7371
19329
1208
18286
2447
586
9125
3278
716
10801
11096
26528
97
29761
30569
33838
33326
59779828
87263207
9396
979
505
217
232
846
20815
1210
18287
3279
717
30570
19918
7372
19330
2448
10802
98
29761
33326
199175
673412
145426
1142360
56412
541597
196750
137301
159611
324739
403843
10698
3636
6158883
1245351
207947
1075853
1410351
1341315
59095
541597
205213
141796
160555
159611
98346
751987
117385
324739
199175
403843
96103
12801
673412
145426
10697
2292136
991344
3634
6158883
1142360
739305
6819671
1245351
14491
20643
16099
20885
18064
18072
14870
22957
30576
3183781
35896667
3510541
137702
2973486
3054141
4659300
1142600
3335220
35896667
3661543
142211
745873
159744
816933
741081
207947
1075853
820720
1485741
1410351
1341315
282841
2973486
2869992
3229883
27650
3054141
4659300
22931
4954799
976925
61356
6206364
1142600
6819671
726956
1245351
99456
48338
15677
21986
75759
1160
1147
6774
102551
4109
14234
101120
3016
6334
46953
17281
101479
12225
103043
78269
8759
62747
4197
19238
62226
136496
134511
500
17218
5445
82615
38097
11739
37497
176946
174268
176983
80107
3005
172971
174305
1022685
2109981
15694153
26157879
970243
15279761
8777251
2930471
5985976
89867
43743639
20968501
224939
8251025
1274233
2855292
12386841
739038
26696927
56331954
1161
1148
6775
97989
4110
98013
17282
4198
132817
171470
99456
48339
15677
75760
12266
5606
101480
5771
62748
502
9799
2779
82616
28368
6298
26104
80109
1485
172971
174305
997324
2109981
15499946
25098591
961653
15052412
8316241
2930471
2982226
89867
20454754
198130
8061144
1188504
2855292
11584192
693019
25805815
150806
210281
115045
864943
265341
2679973
923305
137025
70467
926563
158804
512001
156649
3654
2525
63475
7780
410043
452577
642
358749
397598
2070522
865125
674633
111114815
194369543
4134317861
40046266
35734598
6663400
12657352
61649405
28707929072
277963
2679973
963020
141855
79096
213535
926563
150806
158804
66761
3866
210281
512000
171200
1000122
171194
3653
115045
187105
755648
688670
2524
85458
15802
410042
452577
641
358749
864943
229131
397598
2070522
2063236
865125
764486
1624148
678654
2063236
2085284
2070427
115804428
196105680
4238156640
45464841
36576330
7144039
12657352
65920987
29699254466
99525
97227
91759
77775
101008
98760
98810
74558
77836
102284
77875
101305
97987
74987
100130
99849
100546
98012
99592
75907
74061
79540
14692
78381
78377
100662
100050
100465
14678
125447
127446
127516
67013
131215
134510
130444
132816
134511
24653
22226
7879
8395
154720
157191
156068
126188
160792
165746
159602
169399
166588
171470
160358
171470
980503
950460
674633
1605062
865125
5903262
133039
4796639
36168985
5010004
4824234
35232843
137024
35194169
106963
5117138
945231
6476029
6463327
547754
224562
8441588
231818
34785
1429920
14061
55060324
277355
223087
58689264
10717277
241941
271635
397562
991992
964002
980503
981348
977175
8365
950460
512425
1232357
985618
764486
7831
1605062
1633448
1624148
1626382
1308179
678654
42623
8250
2063236
2085284
2086484
2070427
2067821
1665364
219934
865125
6479640
170365
5024795
36168985
5030713
5031743
35777603
141854
35871117
111478
6534774
946029
6533874
6532008
547754
239044
240785
8653610
35604
1623400
15075
290456
241941
303140
304725
61020930
60715887
11031325
32708
11599
37387
36612
39865
34736
36909
5096
9171
9597
59621
56120
55002
53151
63615
42085
43887
40948
13598
135
62559
65363
71242
32708
59621
56120
55002
11560
419
40080
4181
36878
75
2004
504
7602
13693
19454
9676
41434
13807
137
1952
4371
65350
30237
2116
71242
11646200
65607
10592915
60921
36879
2006
280101
83693
23690701989
160858918
175688
280101
83693
255623
449051
1333482
452833
2282046
2231884
24780
1804724
273290
4750
367106
660042
2262151
5671635
321380
13155979
26046337252
173231029
1333482
278081
1423257
280333
373434
452833
2282046
2231884
1740871
2083565
53193
8121741
267686
4680
11441077
9709191
12165335
2262626
13155979
10522191
159964
36693
168970
176502
83711
141642
297487
303187
637289
994229
18010879
34488256
34367393
4229744
5025626
3702422
3673212
55411593
76968
51220
1895
39220
177585
178672
21015
171363
372
11574
54627
542
9294
2234
19744
60320
20276
9006
9462
29949
9472
143701
65263
20420
307782
303123
43364
140257
303187
8036226
4541283
15684971
2208714
709685
4923567
250598
718185
1709244
55649374
111327
4498448
4414781
20744
168970
71180
117755
294828
614216
958454
18010879
34013589
34203759
3930804
4992350
3666522
3667291
54199614
7309428
2262477
14629712
2065592
659000
4862641
250598
673464
1666857
111327
171364
11574
9295
5810
26974
9674
2771
119592
6212
54614358
292641
542245
602990
809429
109215
108901
152203
211841
82891
9663
611761
628
8103733972
81741706
10955212
730605240
1107090
292641
542245
621978
4328
316279
174408
809429
109215
47845
2564
108901
152203
264876
125290
145077
188718
131512
20334
631017
394078
627
1331067
261842
1079755
2261952
1288204
1143302
2261952
2286123
2266741
1331347
8909511762
87637837
11714280
786798139
1107090
46781
37206
155892
85996
48227
164064
166852
172881
169989
48366
175825
24798
174199
175173
38072
150638
21075
200
49958
49015
1224
53135
25456
25287
42111
256542
207425
264307
262350
278455
280698
281404
275351
274869
272562
278615
277147
275694
281859
281859
276616
10252352
42870274
227838
8510379
63756
5849164
10036
13766087
2453903
61317
27951
354786
285367
14052916
76700800
14111005
1288204
1341800
9145
1143302
766242
1430545
1144106
1412858
810100
348499
46024
2527
342947
9044
2240104
2261952
1819453
2279722
2286123
2266741
2269859
1809116
1825759
241117
1331347
11271773
43694869
244272
8759758
68174
6952618
12816
14824875
2693496
27951
387769
389797
78004584
14111005
10405
9794
10058
9599
545
90
168
9816
5261
10577
1178
2318
122
9425
1326
148
2389
11064
11259
11088
11162
583
11265
9914
304
2389
4586
1380
681
690
10306
10183
4712
329
657
11216
5131
11272
11265
11102
546
92
168
9817
5261
10577
2319
11391
9914
4587
1380
692
658
11216
11102
11102
66406
80026
1477308
3336
173550
18735
316252
130838
27582376
66406
40922
80026
36875
66423
274499
65325
294060
302398
287710
1477308
47077
371808
3334
173550
85612
290097
714508
41213
18734
5284
178481
320919
1635666
316252
140901
30324972
66461
295759
318563
65325
294060
302398
287710
224414
268306
268484
69701
1488697
1422578
1600168
7000
1164987
1207236
1512632
290158
1635666
1308210
11195
174357
316252
599
602
605
596
608
605
596
596
324785
8606
318183
321634
324785
8707
318183
17027
5718
5597
40817
4586
37714
18410
17263
5718
2607
18605
6000
689
8948
42705
2770
41398
38745
1113
2579
42447
6061
19736
5706
41447
87066
2754
42319
6105
6101
17850
90313
5366
83242
91519
42350
5753
91639
90509
89579
84367
37395
2162
41804
88447
90265
88613
46734
84576
184
40673
87979
87374
5812
11296
11853
1484
47719
89891
91358
42104
91361
89708
90526
40166
41880
42932
87829
89539
88957
90584
12469
430
41357
41091
15482
636
140252
41798
185361
138247
53
33132
8309
327792
72995
134504
21577
191485
328064
2765337
74036
2737086
139811
12922
333694
6886189
2728900
1279677
1129927
2672529
1412114
3039
78794
14802
32474
948971
6893068
13843907
65339
58304
57827
1265449
1011212
12469
430
41357
65269
10264
4533
5897
32406
635
42162
155492
41798
33153
185361
153264
51
33132
19433
327792
603
327995
72995
20652
23166
22028
150773
21577
191485
88964
332906
156178
190812
328064
3039
79498
15828
34816
1021959
7131095
15220447
2765337
74180
59677
2751891
60268
1297233
74900
2737086
154662
186864
12922
330867
190812
192851
191216
191477
154016
328064
7117041
2759143
1294151
1129927
2779146
1412114
941
34789
34789
173641
174161
874
177801
902
703
900
31694
730
187906
188259
791
745
34407
185085
162243
722
34645
731
34759
34481
33354
185302
33454
34141
33798
34399
187487
189096
748
33209
191218
763
30642
33936
34423
20179
931
27241
856
34789
34789
