15523906
5763612
14015127
5841197
15797354
14036702
15752751
14203051
14107040
14143239
14215075
15856292
15683008
15682461
15681323
15803703
15997411
15938622
14164233
15954895
5864614
15954710
14163537
14223625
5908270
2246216
15900001
64677940
1560364
52473500
66142171
66881316
54376876
52907155
39840545
66111284
51921330028
39506867478
78893751040
78544464570
78541722649
52153804606
79148932901
80119071172
43650213562
1503999537
72808395841
71235502481
15525249820
20994408
5084529
16682725
22393514
22634505
18189935
17173125
15104971
21459670
22383057
11657178
5117832
9137532
11992196
16655235
11444974
12804402
15216454
21456827
22383057
11657178
9137532
11444974
21456827
2101718439
1947690900
2534098137
949056488
2101718439
369722685
1947690900
2149975817
233187777
2534098137
2886094100
654665619
949056488
5116801028
20994408
16682725
18189935
21459670
3942433047
3779271744
4159923626
949182230
3942433047
367078523
3779271744
4178002518
311518235
4159923626
3953542801
649673865
949182230
5116801028
20346031
1570503
10590871
12832756
48808309
32395472
38622328
40344585
66102526
66111284
2481365
16447098
1126526
7941533
5942227
4295872
2893258
25651811596569
46349745166598
42314794740405
49978531914239
3942013326295
20346031
10590871
32395472
66102526
2442629
16354105
1114918
7774234
5692823
4295872
2893258
24863650540942
46066416904142
41797468173585
37508376951930
3942013326295
780640947
626257115
921627688
406799747
119215517
101731666
12227732
51474846
145697881
37315338
1872051
780640947
38964620
626257115
645193327
27320852
921627688
1082825260
180842712
406799747
1837695990
121106063
102310134
12355036
52582568
152080943
37315338
1872051
64677940
52473500
54376876
66111284
49714432082
39506867478
76469712416
78103291075
74998823864
51834997096
78181284447
78827629232
42445435194
1340191329
54641956294
71235502481
15478279442
1462628765
1445546243
1512871859
406853644
8973496716218
316881891871
9397399238599
355613566629
1462628765
38685955
1445546243
1485835665
36562324
1512871859
1482218713
179391348
1837695990
406853644
3732070
3182695
3031166
3956143
3981548
3172614
3117066
3815876
3956169
978861
272205
108905
2101447
3202233
1639265
2162161
3004647
1999472
2318140
3815247
3983910
3956169
1602056
463207
834394
179038
1710109
2101447
1639265
1999472
3815247
1602056
447493
789379
179038
1684728
978861
272205
106219
254752578
236082659
296340170
115036621
273474276
55283597
5931510
4478447
55586370
254752578
95305985
236082659
260601930
28317779
296340170
349827979
115036621
119494108
620215454
273474276
57224916
6269758
4478447
56423807
3732070
3031166
3172614
3815876
477868474
458091438
486465958
115051862
477868474
94624381
458091438
506422218
36617133
486465958
479215105
115051862
620215454
118582978
4314088
11427155
2099246
2557588
12150562
6904738
8796955
16134457
16260580
16136595
7244830
437827
4007731
185043
3996533
1567996
1202557
476063
3097380
98672
794290
509941
1951128
85317
7404683
7329665619
3624484464
10958850587
6047415739
7580330700
556988577
3153193619
4314088
2099246
6904738
16134457
7244830
430992
3985071
183137
1534964
1161761
2930278
98672
794290
509941
1869237
7294784
7247598811
3513120887
10891860961
5973482051
5688960648
556988577
2965487698
3996533
476063
83213
119358001
98983333
136368841
82158439
129601115
19198362
20418402
1726516
10311103
25996422
802279
1270674
6511832
279565
33507589
37356209
976562644362
790638106845
119358001
65268487
98983333
99323697
3713080
136368841
165970735
82158439
39506765
281960937
129601115
19502814
20534505
1744491
10532995
26909303
848030
1270674
6511832
279565
34975565
37918999
987620565887
840682979566
15523906
5763612
5775796
15125893
14036702
15268742
14107040
14143239
13846170
15594919
14975049
15585465
15610492
15739548
15875381
13773289
14217167
5862069
14163537
13746564
10674685
14005464
14223625
5556558
2239420
15900001
223519680
221515345
223695073
82169325
1422354583
739110786
1468600241
1218604114
1237863589
1388217816
1324470357
2512630362
1387037531
2819742837
223519680
64801704
221515345
226997118
4806627
223695073
227187688
281960937
38062503
82169325
1422354583
747479967
1469237852
1257145536
1260894500
1476087580
16099630
10355924
7135136
7099381
10585056
16171481
9074919
10272939
16312834
9259760
16118027
16099323
10468790
16683053
16687193
16728541
16818679
16855858
9006369
122053
10640623
7278284
16322646
1649426918
677554873
1574185236
653216665
2154739635117
880633578516
2257730204521
913445116039
12252983620
1972916882
7635327611
5914616071
7149440627
4368734279
4702709434
338918822
4268739576
5541131400
4561232575
9711657338
12750457666
6898154041
6573368875
545352
6156063
186748
1111288
2266765
909485
571512
266479800
264067769
1912298307
7287027917
5878461009
5365582056
4211806527
4645215677
338918822
536839
6121256
184824
1064646
2219012
909485
571512
12142076266
4192468606
5514129979
4480244540
9711657338
12662872377
6874547215
6568478582
23353459
31083579
1867767
25336832
16189083
8529723
256704
9909586293980
5675343222290
23723803
31260326
1887213
26446845
16537466
8529723
256704
10383236993277
5886800906430
9915749
7099381
15674607
8660949
16027495
15373107
10404796
12520460
16677931
8757786
108760
10258405
16123090
16059540
16322646
15953905
6565917
5409731
10089389
16178326
9214638
16390900
16818679
16740072
7253376
16310502
16322646
9552046306
10398121444
1547295583
36610201
8600445331
1058887837
16179974660
3136348028
1620388884
41084974
9346042847
2071893447
10008607587
16314495922
10785545181
3136348028
23696
132977
48345
602720
389734
601014
674260
348652
191950
151234
148378
669350
601014
649644
329843
185438
145802
148378
659416
22544
132977
47153
592519
389734
69447719
1346935
14009109
2170916
14115940
574611294
210863922
69447719
1423745
14501048
2170916
14328604
602076118
218720504
2724055
3705674
3674213
3662406
2653013
1029867
290853
3731229
3737095
1018581
183612
2733298
1016772
2740098
3724974
2693758
579185
2693611
986553
2728213
1916147
1299092
558243
1038128
1046597
583923
1572082
1041820
1990159
965271
2741281
3659192
2629369
518736
49964
1600868
359628
2850476
3743012
3756903
3734142
2743545
3728360
49366
49624
49293
49338
48919
49624
49027
49338
12910960
6529395
12836527
12910960
6564722
12836527
3633074
3662406
2609098
1007865
281917
3566620
2733298
1000900
2724606
573217
2677145
2581028
1875781
1299092
1009003
576784
1179831
1041820
1906629
965271
2726461
2629369
487856
49964
1546560
3743012
3673024
3672133
3731229
1000382
174683
3704929
2680632
986553
548331
1037356
3597260
350759
2850476
3744047
3708492
2743545
3728360
14534841
2306527
7463285
188909
65304
3220331
1589973
23871
3720087
931062
2885582
13788506
2336286
7462425
14106465
1941119292
391233892
377301647
231746695
2650334809
1370681357
182065757
535413068
253965139
535001368
14534841
2343104
7505722
190876
69028
3289632
1589973
23871
3883065
931062
2986911
13996237
2387288
7462425
14106465
1973791476
393360429
377301647
234370835
535413068
2777013451
255339190
1421751591
193589940
535001368
75759
77402
77164
77651
73538
75469
77063
78949
75963
75796
79593
78391
79197
78542
79619
77685
78035
77411
74162
76799
75543
76982
77172
77647
78665
77142
79816
79128
78168
78874
78563
79419
76499
79534
59927
79128
79851
75097
79609
79851
78626
71154
79851
79851
76965
72590
14148
79169
77840
75690
79277
79097
79324
79302
78499
79791
77881
78433
79851
79577
79851
79851
79851
1024197
212913
5216714
5208342
5275454
258001
1056228
1047122
1050974
215825
993783
258695
1056687
250162
941597
5037071
537223
5451298
1056687
1052174
258817
1056687
261979
1056687
1024197
215324
5304520
5473749
1051168
1052174
5457286
260218
5496620
262724
217797
266955
5472013
1056687
628625
708431
225605
715611
705507
728558
313847
414198
706355
709553
650094
718303
725076
647094
13752
629851
693436
696206
423313
352679
704085
262809052
261511709
174554966
264717091
263422816
123180122
234113294
175146984
258658404
143210823
3373053
240562284
124547365
235365372
37373083
37151039
172665146
270473024
173039465
138295592
140463588
263105194
221169
106911
221228
121690
144924
219040
212970
190464
185053
180466
206309
217353
133711
204933
223152
230443
233034
234089
211913
50599
195132
199222
154254
222702
232285
190464
185053
206309
204933
134145
41383
76205
64021
144632
218928
119276
103085
81328
118962
231773
119918
170894
129091
50964
100563
145432
155439
222672
232285
41386
76736
64025
144633
119203
228824
129091
100564
222672
218727
27194
22384590
23718961
18458213
9849038
3063058
29891814
4266629
3869029
2148415
1216756
1870807
9397969
10493825
10403512
3135726
29891814
4355356
3935193
5604689
2150380
6101852
4306986
4130656
22339447
22373341
2411658
29522328
4352892
22781537
33481052
6793933
9849038
53100705
106912
222762
121691
144925
223603
227511
170256
158101
222702
6624300
79237464
7518419
3876766
41989329
38936562
35816054
9850343
6781455
79237464
7674770
3943062
9240651
2151485
10894992
1870807
9397969
7540034
10493825
2134912
6791138
10403512
41904650
43477641
3221762
48463249
4321761
44204970
45864330
6742130
9850343
53100705
647094
629851
693436
704085
353765
429455
43180
72018
219288
732764
103929
413364
132006
518002
387099
717934
314274
13851
192532
121874
300426
459792
254666
428525
213203
271026
136084
518114
220059
709386
703991
704085
108343912927
136668230760
143942392262
8712489120
41484361964
111890165837
76374824766
57224623294
43183
72520
219731
723441
103930
408155
311005
121877
703991
95777
717278
29181
72051
62774
49685
16572
270554
34206
107019336385
135832800658
108027292950
8712489120
40092462603
108252521512
76374824766
55466376344
8341983
8661432
5944653
4255284
3130552
27921079
6242008
10275957
620292
4335595
1436407
1783366
2136568
430966
184291
1635369
21738
10083318200123
15238340719121
11780832764543
14350408
17145963
3807143
18907755
19152446
19320205
3204821
27921079
6371814
10451685
2272735
9528914
8325160
6723429
282561
10780643
4339561
11140780
458746
9145611
7337023
7978751
12603915
6288346
1876734
7253239
2299312
1446649
3131748
135746
4255284
19152446
10433383106332
15750399587290
11780832764543
177007
720573
706933
719288
247161
408979
522302
510322
704085
261332890
258314554
166828231
260450107
260411337
123180122
233657549
174076340
256265854
139258097
3005676
180539533
235365372
36119126
37038642
165326074
266703505
167413805
140463588
251236915
228266999
255021193
254029451
261545810
15640524
14218430
13755430
4255848
13049976
243929664
18038658
10296702
36812207054
51558720212
292187580731
996905589
8213119790
58850619006
18764883054
16212143163
28438690794
25823779260
13359573
243929664
18413784
10472785
3799734
15705262
15608982
15521165
378132
17697282
4341790
19894920
14350408
455465
16977258
17265591
17145963
17174263
13968020
3807143
18907755
4208225
10365483
1862424
11924922
248476
19152446
19320205
2804539
4255848
38517183432
51659284473
294915503428
1118754846
8498256582
59682398496
19395445460
16212143163
29765014039
29782117235
35512
29841
35192
31408
35395
34591
33317
35412
30582
29713
28977
34511
33635
32905
35295
33087
33506
32015
32021
31473
33433
30160
33440
29332
27995
28108
28582
29812
15823
31658
31290
31951
33326
30582
29713
33635
32905
24655
16002
15911
21539
10626
11477
16524
35324
34574
18659
35669
16552
20991
33087
17067
32206
17938
17204
24413
17868
14427
20568
20865
30027
8378
31532
31946
33582
33326
9024952
11217501
24657
6335
2223
10631
11562
16528
35328
17107
32212
17871
14431
31949
34575
20076
33088
13106
20570
5624
31533
33326
2713271
2773720
2237348
1193817
1131759
6514554
1563523
1189361
276811
256220
631227
93544
52897
6100815
1228721
245077
1231144
1395814
1362871
1158609
6514554
1596037
1209700
734220
277065
778805
1215108
564220
869818
2707799
2847721
2711907
292866
3452372
2761385
189112
4058290
1122075
345450
6144650
1193817
1240075
6436419
1245351
29846
35439
31412
35398
32085
32025
29334
27999
31956
2374701
15998112
2478975
1190914
5089592
4553283
4341320
1193975
2431039
15998112
2530527
1211280
1210535
277207
1390575
1206351
245077
1231144
987753
1430053
1395814
1362871
282841
5079328
4996475
5269992
378699
5667344
5358153
258439
5559287
1114050
652405
6169133
1193975
6436419
1230620
1245351
169019
127543
70301
85505
132085
10651
11603
38128
173223
28341
63482
172102
20665
37252
126041
74254
172547
57374
173865
133738
32791
99014
18944
56067
98778
136287
135313
3396
50104
21531
128265
85549
38370
84751
175617
174281
175644
126963
13498
173613
174305
15719153
21976374
41515661
50579565
14940294
41157323
29382293
20025399
26281419
1244506
50140154
37125775
7921608
21821665
6107550
19803981
33864690
8174061
41483310
56346274
10653
11685
38208
170736
28344
169644
74257
18946
134465
173998
167680
66904
19220
127375
13797
6048
172389
5943
49097
3398
9588
2921
66979
24751
6404
23442
64313
1583
172374
171977
15526976
21976374
41261882
49560448
14871752
40855214
28632161
20025399
19723936
1244506
36656697
7450044
21577338
5902627
19803981
32763720
7922910
40796636
1274733
1280986
940145
865010
1133637
6583660
2289732
4178709
126092
2499062
301490
866827
232223
20555
15050
75243
25970
332436
526089
7155
410126
319207
2929827
853572
623596
5103326693
4558189251
7409057033
2385983987
3077789820
1421608360
2966189492
3504183317
42700673244
1160532
6583660
2337348
4250169
461999
1477513
2591470
1272163
1360144
1035140
30480
1594408
867620
1663893
2445119
1478566
20551
1160348
1219433
1930869
779487
98288
404869
203866
636619
1785973
14658
1446152
865010
409989
630158
2950878
2934791
865125
2122238
2626451
773912
2934791
2960838
2940868
5208266976
4579197348
7503867209
2537009170
3112640588
1470962669
2966189492
3621935516
43419394782
170123
167322
163567
150619
171552
169739
169714
130427
133001
172658
133420
171816
169045
130986
170836
170638
171204
169068
170410
132553
130332
153321
24304
134023
134017
171262
170788
171120
24255
130774
131858
131801
101551
133603
135313
133237
134464
135313
24273
23086
7912
8162
163069
164181
163735
148765
166201
168631
165555
170453
169080
171470
165895
171470
2389356
2101272
623596
2106805
865125
10532966
4121606
9583300
57432326
9796660
9616716
56737404
4164534
56648004
3718339
9863785
5245175
11017986
11008861
5159701
4110169
9743581
4158162
2457813
4955931
1169310
54639471
4529480
4109708
56179697
10877584
4244232
4497820
772406
2436029
2643860
2384537
2386444
2370856
41038
2615394
868066
2968702
2390921
2122238
28085
2600266
2645019
2626451
2630844
2133189
773912
191000
26458
2934791
2960838
2962636
2940868
2936286
2384604
395001
865125
11020806
4630599
9810654
57432326
9815769
9816701
57154814
4235751
57176881
3794799
11069410
5247452
11068767
11067319
5159701
4222933
4252809
9868265
2485643
5269626
1209905
4648962
4244232
4736933
4743449
57454117
57125292
11031325
59707
41822
63583
62903
65692
61429
63176
34790
38696
39575
61618
59867
59308
58383
63615
71549
72962
70521
47310
11689
66900
68302
71242
59707
61618
59867
59308
41738
13653
65870
34404
63144
8990
23536
20573
33349
38584
52233
44446
70928
47673
12499
34478
36412
68293
49861
36460
71242
6725696
2049898
6418890
1976264
63144
19840
479152
272291
7356706380
2999352926
1360943
479591
924376
1077432
1246547
2348355
468000
2350990
2328144
504864
7954971
1630736
1024995
6112691
5351287
2364048
8983561
5352973
12745676
7708336511
3111105854
2348355
477760
2429995
479837
1519751
468000
2350990
2328144
1886210
2055227
660731
13058718
1618302
1016738
11860979
10038021
12306215
2364362
12745676
10402320
273333
109811
291111
300280
211705
197515
300164
303187
13465673
10720350
43175586
56685329
56570913
28123374
25635631
23397316
20896581
55104231
196945
88568
9523
115441
301082
301898
71163
291144
6723
45982
93202
1120
34447
22430
43213
103027
44067
21098
22095
58553
22095
199451
109375
44341
305469
303146
79790
196078
303187
32709115
29143019
41147329
21934237
13973034
26726497
10263117
4680328
11052866
55228265
796567
773154
766156
29968
285557
109332
101274
288315
13225078
10530002
43175586
56295946
56433431
27126416
25547901
23283303
20881035
54513219
31217028
21871537
39766738
21221136
13471113
26563122
10263117
4536523
10917737
796567
290878
18587
19599
6059
26470
10044
2852
102987
6437
54728369
597227
1105371
505662
1351698
309779
373353
280999
197605
98216
27870
511588
6960
33884497308
4038002964
2120787881
19349275902
1542775589
2077360
2129927
975214
27794
2114817
1940417
1352935
1092314
295626
82556
1267464
1789124
730776
1445910
1245166
1545819
532866
218780
979697
1645061
12947
1331170
1549291
2467515
3347880
3304160
2855551
3347880
3377972
3349279
1331347
35504082160
4178191253
2192053399
20070210815
1542775589
84341
63431
268115
216202
84598
280844
283037
287994
285713
85998
290424
41996
289067
289773
63351
265555
39041
423
89169
88397
39559
91926
43528
43379
68498
269144
244537
273198
272136
280188
281310
281649
278636
278413
277315
280275
279534
278835
281859
281859
279307
43092976
70798471
6016655
14303991
3708123
36612975
134777
46783055
8955964
4789140
2855635
5725482
5193061
14083535
72840459
14111005
3304160
3417615
36396
2855551
1316449
3538315
2855482
3531163
1353629
1801151
280549
78175
2083815
22633
3315462
3347880
2706638
3373258
3377972
3349279
3354951
2687583
2712271
422466
1331347
45152700
71459460
6225536
14506160
3832728
39787059
151250
48526145
9370764
2855635
5985628
5995951
73446059
14111005
10405
9794
10057
9599
4685
3047
3804
9997
8169
10580
5481
6452
1758
9474
5298
2004
6733
11079
11179
11091
11131
4509
11182
9951
4622
6601
7195
5598
5430
5435
10244
10184
7435
4844
5878
11158
8104
11187
11181
11102
4688
743
1537
10001
8171
10584
6457
11248
9954
7201
5604
5440
5389
11162
11106
11106
68047
63140
1549278
38014
159955
25641
312028
847033
2879430
68046
191282
214351
155428
179825
298446
67513
339150
343972
335854
1560409
783890
984202
38010
721625
686248
303165
1152050
686464
167456
51240
314912
318530
1634503
316252
878593
3017059
68081
341538
352410
67513
339150
343972
335854
272102
296295
296484
69701
1566627
1521050
1615647
51944
1266129
1287274
1578147
303205
1634503
1333991
69686
312511
316252
597
599
600
596
603
601
597
597
48583
21894
48104
48390
48583
22013
48104
17280
5740
5541
40875
4552
39719
18869
17403
5766
2581
19019
5936
704
8797
42447
2754
41857
39954
1144
2599
42490
6011
19581
5875
41965
86994
2754
42122
9164
6050
18476
90471
5345
86889
91042
42389
5711
91108
90490
90098
85746
37182
2281
42167
89504
90453
88662
46943
86610
201
40917
88995
88992
5877
11704
12242
1502
47926
89865
90939
42192
90965
90101
90504
40227
42190
42730
89239
90096
89786
90584
27209
1141
56301
38972
18055
4185
124693
58227
309873
122934
688
44918
10936
327595
99738
118938
32947
324403
323683
2750940
895873
2737086
124194
27689
330647
10256774
2733700
2001566
1930288
2704458
2077757
427894
694795
520516
659928
5630678
10252869
13595984
622101
799027
796151
1988659
1585052
173240
1137
195836
146761
138930
133125
165724
100450
17504
197955
239069
197671
158407
321331
237354
684
158388
75213
327895
1612
328020
192185
34226
183471
149185
235266
148639
326734
238970
330427
262878
324815
328064
427894
697998
538007
682839
5840471
10425442
14245834
2750940
661478
808075
2744473
812522
2014107
900720
2737086
238268
322151
174782
329353
324815
327828
324955
325518
261172
328064
10429412
2748250
2012445
1930288
2758116
2077757
1598
34789
34789
172314
171937
1582
173682
1613
1430
1605
33249
1250
178488
179177
15784
1269
34604
177171
166844
1384
34721
1257
34773
34629
34080
177385
34112
34474
34304
34600
178096
179579
1272
33982
179874
1284
32718
34349
34605
33700
1604
30999
1490
34789
34789
