12321069
39377718
24637110
25962871
24637110
24637110
52857184
39377718
33070689
52857184
52857184
39377718
33070689
39377718
12487009
19341905
39377718
24637110
24968922
25962871
24968922
40198853
40740251
25617498
25962514
34386675
8104247
53959403
31541812
31966617
42338952
23790520
24110931
31934301
20773240
21053014
27884169
11033094
5884790
5964046
22251531
12978232
13153022
59802967
60608393
80274241
404293234
3085748460
2404063004
2872353789
3227002598
1760577537
839276074
1139777577
2404063004
1336448853
1171399296
50031973
30463280
2903442354
1360340073
2343558505
702298827
461316281
957483652
1457855379
706571329
955915109
856300338
2424405840
1477489756
2457057706
547185304
1285241788
1956896757
1283136313
3254309031
3897325488
539057028
785241364
2587746317
1905336257
942511891
695522976
1319294563
842910736
2386496445
2418637747
1131449189
1757157637
442189837
677276467
770334461
889459973
876958618
729332209
1703834547
1258977236
1701046595
1524009032
45291760
2363455493
4308746719
363177211
739154845
217112945
2341319291
82084733
3477871709
1685602338
85365201
2042797085
5783682388
1648586090
280188572709
1534578260
376100480910
145586913719
280188572709
155760350741
176229991843
13303743173
338390203440
827400687
1247340326
625901471
674556717
169910030338
122732871093
674470196
1295258443
282559488161
1312702967
107806216880
228072271127
9900131383
1738640940
1738640940
379282989152
454225227741
134981354983
1377307342
120813749782
704843798
1275005042
278141226529
599697926
8147911242
1105676413
1198847979
218391320471
261494086023
2301982810
2301982810
2301982810
502175521614
1100272714
1093702961
21771461200
1858081110
1858081110
1858081110
1577848954
3089979129
674076224290
843289221
176783267066
1023040135
287576490244
145586913719
186790183867
80988590889
89382956435
7405303034
338390203440
827400687
653691686
17945961059
340270018
366721340
107203694926
62713636368
375311151
750624141
155257671988
713648206
58608623015
21747794936
4997193194
1738640940
1096984872
202484745010
16517325308
198715785396
89344014032
766981355
6201988308
352697195
655908387
175491506510
326024516
4259595824
697619773
599426835
115867175470
261494086023
1151056504
1193269185
1346781475
252398857150
273006665901
574322180
607394182
11409731181
1858081110
929093101
1010141886
995534151
1711071946
112504270872
255086344
1578430407
1516828856
1914879993
2467452525
916783516
839276074
152331856
1602689811
694895131
685067501
58267213
594127771
27849449
16830867
1505433400
131709794
2903442354
1360340073
1347840996
1228185026
351235523
69573724
2458993691
243603417
250793626
520533973
919824939
361041479
569809778
531922096
444994986
503823485
1301374662
1332135789
93423110
1404984126
1318023135
23986125
1388231132
765687038
741801174
1335774253
1403457936
213359940
297476139
871229974
178856558
88771340
647676258
1737351669
58094813
1705013389
2053286388
3254309031
422153761
519750416
760401948
1355529763
1441038697
1202160263
477811895
23054368
469828150
561933879
1227699485
1505745342
1948983918
569032824
900024199
256573126
368199926
418790709
592966338
458459739
373983558
460167698
42336624
667948414
794343990
492232847
1701046595
41986401
1191511319
1582002176
25844708
2181274992
2165622777
179499919
2520844307
2228453184
2342441089
2233506987
402986083
189571844
84992636
120574913
1330915583
43018001
1890737638
2093468548
317870712
3477871709
1063520490
42683225
1288890332
1170127006
3202706642
528617325
1667188
2139929
1289116795
1289116795
71677825
2339318
1730396932
2673808
1540225653
2339318
1594211
1289116795
2139929
1306478603
93241110
2364637
1556896094
2396484
2396484
50916438
1577864350
2702748
2702748
1681296
1681296
1681296
1681296
1681296
1681296
1681296
1681296
1681296
45687911
1681296
1300025116
1703940
1703940
1703940
1317533837
2256824
2256824
2256824
29678168
2256824
2256824
1745039302
2089840296
1794571
1794571
1387612235
1818740
1406300578
2408874
1862608542
1655006
1655006
1279697180
1593665
27103689
3509153
3509153
3509153
3509153
3509153
3509153
3509153
3509153
3509153
3509153
3509153
3509153
2310454323
3556414
3556414
3556414
2341571491
4010914
4010914
4010914
4010914
4010914
4010914
4010914
3101350543
845505
1094622
813360361
17459470
71677825
1559527
1323107791
1637058
1540225653
1336310
1005858
859401084
1070025
679311908
50690333
1285530
23425494
51351181
789649788
60265638
1262375770
866619809
1556896094
1678281
2396484
26297813
52042778
1416425
1351399
28304266
1228352089
1393210470
974339
875220
943586
861870
914033
1681296
840695
914033
935562
20642073
1120851
664282532
714323466
820242899
943216
1075090
926343
777080197
1180128
1269731
2256824
14980361
1423929
1423929
329596461
931610033
23634368
914269464
948686945
65642453
1794571
999343
918459049
1212780
1186010587
1251339
348011770
1103783891
851394
828149
17331893
40548051
807417113
866392
14169368
2214078
1907743
2320617
1754675
1754585
3509153
2214078
2774261
1907743
2022385
1819025
2053039
7058272
1161259371
1225807948
1256073632
1457767030
2310454323
1778215
1856383
1975075
77232169
1477400217
1197723460
1227143231
2530661
4010914
2221038
2005570
2180525
2005486
2005495
246089730
7416539
24845131
9944401
13280598
15544634
64502
52857184
26251503
25286733
23152839
32362186
39377718
626182
22494105
6727620
12203656
12552930
16424547
11829056
592801
12982751
300847
23509428
209464
97314
209464
209464
19141114
23258566
18174017
16812012
22209741
12298375
21695390
21695390
25363221
259309
259309
32594377
22376010
40198853
20524166
17043793
16445126
212285
443822
28530794
40740251
2524605
31033445
110143
34045355
16732749
24510277
31715890
327590
35972512
11663711
13750983
14076020
13335525
14864715
155226
155226
15088774
13527617
14845773
13312687
12213912
13926899
13926899
13926899
16163204
31034
13679226
20240245
20659062
470443
15072629
14668752
14377201
14254941
17078131
17078131
25617498
13454686
14371559
6475875
14114466
14114466
16380889
7109465
6411257
14829646
79984
15312666
1744673
1012577
18357736
87315
18016034
19346585
16006368
18694243
21696062
17981325
11683269
23309779
631481
259574
34386675
4100031
2346844
16101982
17564693
19901113
38311
24701458
20877491
31541812
14956476
21316118
26959205
93198
1859962
26713503
20230994
25090110
9774004
12238698
64031
149384
15010483
2906207
15860160
13216892
14513323
12453447
19429043
17052271
9648192
15927219
12053319
11293328
11293328
11111297
14699221
5689075
3199253
3923147
70622
88486
13013299
6784809
10598954
30054112
17365181
23951
12694888
14973772
22217432
31434606
144416
310848
144416
29075986
34987893
24382787
32198389
32198389
32198389
37732317
24890212
640091
27935125
39547945
47278949
2748993
890277
34465474
34125197
40029704
24924685
59802967
33671167
33659217
26810712
34452650
315034
315034
146361
38240495
21709447
27466685
902268
40405120
28829576
386857
386857
44451757
43214596
50648541
33855510
57156779
48320240
34692966
45981589
1172664
1172664
486148
80274241
18519595
118963833
169858807
306955324
203228206
169858807
40969161
306955324
203228206
73811017
40969161
43449553
102140314
42397569
40969161
169858807
306955324
203228206
306955324
46728096
76495822
78039203
52851409
20134606
24944938
61409998
153481763
43665048
61287874
75147617
106959774
2247425
1280573
2800028
41409644
24170494
8726743
18176496
20958419
47286350
120321201
32708121
47195810
57474833
1412278
41444947
78952992
208409297
310277617
23134562
132129545
36406784
80838419
45599960
86947162
83271240
250010273
13852973
46246035
117791686
31934960
81199411
40558316
40866970
77250147
198754192
19639795
30472228
123792922
37958893
43828905
151529759
40862590
16800593
27780786
35766056
9645155
90335265
227416320
63599543
90154066
139381736
3337006
3657935
139318872
78646781
1901286
2927203
150124784
3337006
460456073
357777879
746014569
19459109
123752180
82695341
88879290
200356961
500001265
497131770
496311175
142809548
234565562
100664403
39332509
47042582
70593862
117342373
175600877
84190880
126339990
117100380
205195260
5983987
45647316
79583619
502512414
503907444
29244540
501682938
118961560
27272068
37968488
63835089
363101500
4928321
241070060
406507271
407635780
405836266
610020049
754088965
389690346
12352542
159814658
89939521
247941499
449116763
447134131
672095638
44376610
349969604
82175750
387193403
363175772
297625278
298451518
32557387
81914003
68063989
67763519
173012597
173492898
259629188
433582911
431668853
648849491
123773694
266216206
266091382
150156968
149494098
224707362
9439851
432248297
10767881
745735046
747805288
38946045
744504091
1119077963
105723024
52511987798
4157978512
18157230486
56388127
137649325
23233174764
64776029
65019571
97570805
67480949
101264442
19608433715
63380392
35470060038
208797432
2540994960
54442767
6559313098
11014355687
106617637
1208290316
118152833
118152833
29617884642
1204279239
117957803
3124843822
177304570
126463296
31473784871
189250183
189250183
189250183
104950502
29026058390
161436586
6420092064
96330628
105410365
105702995
36189978073
126061201
100809852
28446541089
154524027
1175640583
206484340
7687777282
206143505
206143505
52405665260
309858140
309858140
85678794
28827829144
2623451123
13624827937
37591642
68825969
11653716361
64776029
39625811
79076396
36685876
50635084
12371821379
53955377
2480049678
18295648752
131739463
1603225236
27221782
3390684129
7342817389
62835603
610898419
59077281
74547808
22395808084
609730691
59030711
1572148764
145650809
126463296
19858192154
94626476
111699033
102885464
52477077
17123295577
80773173
5173431284
48165542
53327873
52851748
18194649490
84039812
54805064
1874831251
97495990
848527339
103765259
4850556078
137427386
103077582
27151873726
178576552
182894544
289946088
409544209
12277606
92861197
44147566
59252162
102417240
315472742
10656592
9101853
10489796
101497332
67108812
39332509
28669836
57212894
5580929
117065873
45770194
7015338
18539326
61210977
129466695
5094135
24816067
4659578
240965739
9241161
255736725
15898733
90753790
286415884
332887064
418936292
475787822
62194914
17207145
19626925
3861455
42556225
213995566
2491705
152101680
7742013
256483278
221260505
9041586
257195303
308237161
82500997
209892984
174858849
170512918
226593342
331636116
501114627
220209373
6188753
159814658
1920765
189055354
449116763
282116546
396683541
12400697
365383380
391081485
24125250
12166232
16164498
51848287
228416377
100150539
173597716
115769700
26235357
10242792
34044970
3122503
87528336
3233814
130529564
12394131
225058782
3717412
287775849
363283159
67289308
7342689
124612444
3207063
77738129
141777736
1871889
4802728
7771798
291576533
257047794
394887262
24572769
448146461
385734652
32348038
496330221
580261721
212793195
211042343
23988724
660538574
644943792
26621591
42333687
16981417141
14212871991
13590738314
5794779722
52895287
14212871991
21095969
5933161829
52895287
14212871991
7513184107
7796116267
27943487
24234058
24392701
24392701
7924943447
32036272
25414235
25414235
9489212843
456499078
23777748
53276152
762337997
20368170
3102925539
20491586
3458613577
22251201
26846859
8618872239
5009507107
262837934
22248347
324902452
44646187
44646187
533384629
44646187
44646187
921180115
44646187
44646187
44646187
44646187
14333139272
17165213406
5345273877
47654152
47654152
47654152
47654152
47654152
15298811672
26427067
4931175591
24208139
43948073
14109018115
40650548
19708353
288795465
35543477
3041170517
36199090
36199090
35331247
39545686
39545686
39545686
11575403670
47713265
47713265
47713265
47713265
37715059
8900188989
11556927377
13827325714
730963001
38631006
38631006
332653661
79346909
79346909
79346909
79346909
79346909
79346909
79346909
79346909
79346909
25473402919
21574353
21654642
9322393085
8967524695
8574993254
4348288507
35263110
10867542188
14063814
5933161829
26448145
9475136501
3768598886
4053640531
27943487
24234058
19769099
14865994
4019491049
16789198
13816395
12707836
5987160833
254102470
20241865
33614262
468141953
966153410
8853909886
480992499
10184234
1603985085
1686898941
11140207
2305715253
12096819
15822322
5438024749
560091475
2559741366
132670152
12380166
164267139
25873219
22323420
270054459
22342703
44646187
463457459
36675609
28169238
28169238
24271805
7651917259
7875615326
405756361
7509487926
10838121637
17165213406
3538031044
47654152
23827425
28126381
26537175
25907079
9652691698
13213993
204507871
12113525
22608467
8323310187
8901998727
20339093
10714404
150977584
18553043
2450632567
22839594
18099631
19621409
20006451
19772936
19772936
5819578339
47713265
23857982
31808469
25939216
20503712
4721981428
11556927377
787659830
383074487
24373997
24373997
240095255
39675698
52897317
45728982
43938248
39874465
46834712
39675698
41130725
46422131
12803208256
13198012390
13848561908
16072287844
3042420906
11684825
96409253
86886636
163850902
128225594
107171375
30742451
204634474
155393723
38435526
21871713
28966028
52211458
42397569
4200741
107171375
5024872
135483876
4263025
3158838
32934961
40576983
35233858
20134606
15202551
20216660
35914307
2303066
31146839
2835957
40939517
88271324
80434947
2264298
23738411
5559934
32036536
75147617
67485615
1250991
707512
2383648
12088210
13140238
2260606
171109940
45364418
2189773
4794338
177140642
132781834
121129797
161513907
195767765
128520397
5910597
205881837
30048718
5506085
6053824
9395916
1709164
9881614
11067336
11394000
13972115
25707124
32054113
62354668
70911862
40553688
75915926
5017890
2421472
16713087
26377248
23822570
26262263
21537763
24385063
714032
49814908
40044427
107570004
86450244
111261787
111870122
114514442
3437446
1562478
3437446
120776707
109190811
83828022
74122966
113301276
113301276
113301276
131494572
844077
113436461
119042252
4026896
171202483
157590411
119336569
208409297
310277617
18117457
74664832
18240183
24097611
80838419
965185
54858780
63494308
31410969
123898586
147560786
3726233
139223260
135917559
157742453
145476899
250010273
7531139
23444697
3781336
5004935
787514
20707624
20397746
27038559
25784765
39567879
101437742
117250738
125402743
160159877
11395656
16566163
31778723
20636272
29218926
88383689
56435682
21362299
8769601
13538235
3176611
17889846
18339951
3185034
1571653
22566374
5356492
1446177
1446177
45701270
45416399
3677564
117589946
1669816
127327709
123634404
136890878
8956061
151609096
227416320
33742638
34575757
40127742
19218824
90154066
79231109
3264445
60789374
1668527
1917008
1434214
1434214
40896956
49621706
45049370
75683836
467972
100487500
1084925
1489278
2408509
196824665
155906116
277166723
70898050
129069238
195940343
6394859
269391112
216109466
251497624
193954977
239414996
290521944
70341034
196495655
145621384
128325820
15590404
7537687
15590404
15590404
271785352
265368719
306967103
1318489
14839911
8687966
24951922
8687966
8687966
5789517
5033210
47134
8687966
14839911
5805589
5789517
5805589
14774007
3363359
3354048
5779960
5789517
5805589
5033210
14839911
14774007
5779960
8687966
24951922
8687966
5033210
14839911
15138630
15252163
89567
15071121
6260327
6277706
6249993
9394482
26031642
10040647
10068521
59095
10024074
15067372
5374074
8077870
5903469
1858884
2353717
2360251
23039272
23214173
115789
22935259
40911741
154607811
361408
453922
404829008
453922
453922
302486
434052
9051530
338828192
361408
226416320
302486
360811
290048
301986
225789503
2926983
361408
301986
338828192
542342
323996817
363201
363201
363201
363201
272691192
364210
364210
364210
273448213
362602
545034
545034
545034
5791426
545034
545034
545034
305045
305045
305892
305892
305892
228332222
304542
2593079
304542
304542
304542
227324246
457763
7100016
457763
13317300
457763
341695308
326501
326501
326501
326501
243715741
242639855
488604
488604
5084374
488604
364716484
299780
223769674
450605
450605
336352365
438784
361222
4718835
542139
542139
542139
542139
542139
542139
540492
540492
540492
540492
540492
16871877
541244
541244
541244
541244
541244
541244
541244
404009339
813554
12618421
813554
813554
813554
813554
813554
813554
813554
813554
607273961
3757107
195325
367862
222241472
239220
226962
151452
330001
5711008
254249998
228028
128946674
195526
212105
193363
207024
14942955
1463708
180707
150995
225882803
271172
112454711
197453
309191
229160
221351
148912272
198464
182105
364210
140574837
4304957
172530478
141046066
184583
343886
277652
441723
513725
272532
343886
343886
152525
192466
218602
160820
152948
118031024
172655295
155994
1312885
152404
152273
164213
117778854
118063334
238016
3572108
376039
8402469
269784
169643578
227794191
326501
177501
206004
164512
125431172
153770957
153092133
244305
288383
2545259
265628
224231918
157562
132008081
225310
235712
202463792
219402
180734
2569591
274272
271074
342059
272443
342059
271085
341020
293837
287117
293837
270247
10645208
270623
273429
287748
360825
270626
360825
270637
119658944
209321082
6054065
6054065
325558346
412901
9107439
468865
406777
421022
513307
475972
434325
480202
542363
222794015
250612291
19940
8020337
7040798
13698010
4578630
12813
487884
3826643
29739
6519278
9363151
3306349
3742329
3099360
8685007
2242213
1714501
3962397
85268
93762
3175673
26544
22604
18658
5791909
14802
49284
1233481
9893157
8266962
4236892
8230084
9551626
12887432
9226152
4683476
9998
23275
6703870
8291806
9623259
5086475
28684
8311171
15252163
48693
368364
23172
8604256
3491072
10000302
14461953
5427195
34830
16424505
4937
107401
21097380
17354223
18847
3949915
3407474
22141
3245114
3282080
3300458
18899
3960880
4486293
4746939
351969
3232411
2254576
3370079
3238181
18816
3246002
3201411
2036088
3085761
5536682
2034823
5107290
5927391
7717307
4884721
6262914
9191
4242701
5473730
6352672
1698658
10068521
29607
6324628
10024074
8893047
30628
737195
8191345
8514392
9263594
11488868
8767458
3170318
2824575
3390739
4225553
4391517
48924
4862389
71631
61065
389796
1372866
726326
12545787
3949066
14536488
3271834
2176131
39818
89578
402112
8712802
14837
14837
10881858
11642279
12620336
12620336
14646840
73056
1620097
13805640
1176151
11678997
8372317
33908
14772
33908
33908
14772
8887457
3563517
18481664
88943
15289993
15289993
12986707
4969
927603
7802177
18657056
12502347
51701
23935528
22906000
7132943
25813012
913145
2787414
7327
3494223
29528353
60485
60485
24148257
23578136
27274173
76951643
143836439
140604
117327
124704
124704
124704
117327
143836439
120386236
124704
124704
120386236
124704
2498712
124704
117327
112344176
120386236
140604
120386236
117327
140604
120386236
124704
140604
124704
140604
117327
143836439
124704
143836439
140604
120386236
120386236
112344176
1294672
117327
140604
140604
143836439
120386236
140604
143836439
120386236
124704
140604
140604
120386236
1496256
140604
117327
143836439
112344176
112344176
120386236
142126
142126
142126
4696027
142126
142126
142126
142126
142126
1646952
142126
142126
142126
142126
142126
142126
142126
142126
142126
142126
142126
142126
142126
142126
142126
142126
2671148
142126
142126
125759
125759
125759
125759
125759
125759
1142673
125759
125759
125759
125759
2147446
2256301
125759
125759
125759
125759
125759
1115438
4349212
125759
125759
125759
125759
125759
125759
125759
125759
125759
125759
125759
125759
125759
125759
125759
2147446
125759
125759
121404927
145393235
134232
134232
134232
134232
134232
134232
134232
1509542
134232
134232
134232
134232
134232
129584390
123792
3817343
123792
123792
123792
123792
123792
119506570
1043087
120545
120545
116371407
98456
96600
87805
98691875
1079609
210917
210917
210917
210917
210917
1913623
2058611
210917
210917
210917
210917
210917
210917
210917
210917
210917
210917
210917
210917
210917
3796120
210917
210917
210917
210917
210917
210917
210917
210917
210917
210917
210917
210917
210917
210917
210917
210917
210917
210917
2493091
210917
210917
210917
210917
210917
210917
210917
210917
210917
210917
210917
210917
210917
210917
210917
210917
210917
210917
210917
210917
210917
210917
215765477
1778407
86580842
75990
58664
78681
101061
63242
60015
78962775
75956959
71431
65720
725583
62352
2498712
62438
89201
70882871
90335459
88713
68561333
80022
93735
92050537
80608
86086
62352
82655
78217
143836439
85489
84817185
80318
63058104
7190845
58533424
647432
74027
93735
70303
74369594
80256546
74420
55773360
62528503
62352
82552
70303
80256546
347454
70302
58667
89053323
58037446
37011712
62595593
89673
74700
77266
2552985
120991
99532
72402
142126
115186
136076
77266
77266
77447
83826
74483
71063
71067
71063
142126
76205
71064
142126
89673
86618
72349
71064
1379620
89673
89673
75556709
74744062
876303
1951183
1951183
876303
1951183
82165678
79396906
72536670
71362387
79042726
91734972
74994616
85458245
2335499
117888982
80930678
96927682
72879
64417
65761
65389
62880
65465
578539
62934
89872
70754
125759
1080407
1131344
68991
103307
69614
66117
62880
563028
2744108
70579
64467
79347
79347
67811
68368
125759
62883
79347
74116
68368
63437
79347
69979
62880
816449
83838
68368
10040980
56085425
62035088
64813467
66708240
62757449
62901047
731723
63607059
63052977
66001533
76599696
1950167
91801338
71604510
80935665
145393235
134232
67117
79226
72975
134232
74749
84692
755683
89509
69729
72975
72975
67634
66692130
10542437
81760479
79669984
109285640
76791853
85771769
74750
231273
63683
61898
65064
64756
61944
720281
1603783
70500317
75401940
71935731
1919673
549859
80362
60275
67898088
49261
48300
47735
57712126
564402
133077
114664
139480
105464
105459
1104594
1120994
107046
107835
106704
133077
105460
106552
112132
210917
105459
133077
140610
117175
107193
2739878
121555
133077
105459
114664
109003
105458
110095
210917
133077
112042
116795
109151
105460
166746
105679
117134
133077
105993
1473794
105464
133077
114664
123397
105460
112600
140610
124494
105464
114664
121555
105464
140610
114664
105460
111629
109332
123397
105459
105611
133077
105460
296455
59180346
81135675
111790146
2850249
2850249
2850249
114474038
109921163
117300447
136135908
110364930
73004728
125895865
173867891
82375722
113075832
7429211
215765477
2528556
3384988
9670
7270842
572215
5575792
4406
2650394
1304564
7621186
3404266
1270719
2165623
1243153
6224314
3200152
2650394
2406174
4322
2213794
4322
12079025
244227
1847705
1533383
3152109
7621186
2392336
1657563
8052588
3211954
2715310
3441306
7395468
2242567
4322
7100742
1620181
1242305
12079025
2879738
7122735
22585
6900015
2200310
751330
43349
1266231
47004
512164
1457
1533383
8052588
1533383
1719959
3039299
13024
2800421
4374551
1462893
876145
2528556
21364
2181830
11060
9025
7521
7091884
13024
2800421
4132
1796034
5158
21364
7478475
1255502
15636
422199
2184171
8052588
4960672
6820462
4960672
3246976
3374861
7585670
92775
15620
192729
2003412
5204338
2755377
3022208
7163544
7247762
7370034
11180
11180
11180
5214
5214
5214
11180
11180
11180
5214
11180
5214
11180
4336810
7291390
4031097
7194636
3814327
3712981
7121760
3244970
6584117
6088115
2464928
2277565
1743183
1637127
1942907
1628643
5899712
5899712
5899712
5899712
5899712
5899712
7951184
1682302
1759
590329
6405649
22684
7585670
2946387
3862179
7407145
8825336
10016690
10728052
13602
13602
13602
34996
13602
13602
7680246
10218099
10213346
7530239
6904006
8361971
7432675
5997907
8401265
6820462
8401265
63537
37655
174990
415547
1086664
2349537
1177330
1770593
2425293
2438553
2449604
2492258
2496194
2348357
2353731
2354301
2364877
2375108
2388408
2636059
2677392
9101
4358
9101
9101
9101
9101
2675793
2398942
2632700
2380149
2555932
2359416
2514736
1929219
2417400
2360827
1079100
1979555
1869627
539337
737292
2469750
2469750
2469750
2469750
2469750
2469750
2469750
2469750
2866329
2336
939821
648496
528196
2375564
2425828
981442
2472696
3079521
2594892
3246548
3589338
3663609
10727
5394
22777
22777
10727
3731885
2672930
3435168
2601307
2549605
2527923
2679411
2362121
3028579
3028579
3028579
4542922
153994
12602047
865350
122298
367146
2439600
3299637
4303226
4652
4652
9894
67992
4060084
241960
3963681
3963681
3963681
4600148
1045
2802
5875143
940279
2890896
2772204
4120000
4861749
5709749
4353020
4482529
6148815
4320594
5559309
4242455
4825838
7290899
2350663
5309
2085270
1487563
5309
1236117
687796
2008948
2042792
4290
8793
2303758
2052518
1888725
2123026
2463929
158096
2584
2017034
15521
2085270
2350663
3146842
10559
22299
2095065
2358081
2603402
2169516
3624
19121
1505145
1503365
1654742
1550406
1550406
1503345
1663945
1901216
131251
8110
405468
425306
173577
3904
158914
194872
3517
889664
993402
995948
996044
376912
1025189
858495
556958
5005
1004850
10107903
7347786
11681560
2196045
16292
5597256
8599154
2591550
16985314
1741
220224
1741
367294
743685
743685
1462710
3369581
1944010
8265342
4099092
8582302
4168112
4410714
9488498
5388942
5512906
11653377
5710857
6313016
13523849
14459498
15882659
9104
9104
19319
19319
19319
19319
19319
9104
19319
19319
9104
9104
19319
9104
9104
19319
9104
19319
8083191
15739964
15259371
15259371
7569339
5905213
12300995
11423772
5323502
5243886
8204116
3577565
2986716
2488064
2266158
9980545
9980545
9980545
9980545
9980545
9980545
19750328
361755
5565863
2091411
5460
4148049
1126187
2611
590664
1427024
3200823
5726266
35052
16292
25806658
15099107
16985314
16985314
16985314
16985314
16985314
29206376
1517583
6024246
6744181
7309436
7816482
22157976
14007686
26159624
28654004
51878
51878
22597
22597
51878
22597
22597
51878
166010
22597
51878
15790814
14366515
14366515
13784963
22796819
5582351
22582623
22582623
22582623
11681560
22582623
52097
36244344
3809807
4562721
538294
1036845
5155658
12319990
27420328
8468564
12294775
15149495
20916761
261348
298262
18998819
205958
205958
10693549
169029
132104
242893
10781807
132104
20124908
261348
205958
2735555
4402744
50190577
2154877
3889717
3861118
4624172
1050809
5225095
12485915
27789625
15353528
19263689
21198468
302279
227462
10837570
302279
20395950
2772398
50866543
1317039
4374540
5471976
6267869
16107917
36720762
10714832
16074061
19915808
27887900
351411
401036
25210371
13924714
276948
401036
177626
26824987
10083157
5257219
67371414
6462728
7957186
11960595
1081707
1843226
9183004
9142466
23027202
23091128
22989192
34555483
52954813
53101821
52867402
79465977
15791196
15835034
2166547
15765130
19809036
19776338
691765
29726183
20039160
378259
546344
39083905
7649980
88063575
88308050
87918212
132151502
6607053
12121680
41095949
20075824
679589
6705819
89249614
89497381
89102294
133931317
4096617
8699080
16054850
12326457
12272041
18446334
30909689
30995498
46384239
71081880
71279211
106668134
46283766
57690822
1350721
39901811
620498
52462795
52376197
118208793
118536954
118013671
177388547
9109616
1229635953
263098489
1705149425
1697622021
3454665992
10327055
3464256521
3448963515
15454263
11749094
11697228
17582321
17582321
6764313037
2569673145
2576806837
7057855
141510015
10043659
10043659
10043659
13489119
9156934
243494153
19538683
19538683
19452429
7483785318
29239308
11249017058
7597117091
12261893
1648276814
18455400
18455400
2281983704
3414950008
13307474
6050640881
24759775
314593983
5510249367
26227008
26227008
619770842
26186341
39361176
39361176
39361176
15099690486
4554874
618773676
166000383
1075853606
187893548
1730250243
6720894
2035222891
1794489260
8250663
6227399
5848699
8791202
17582321
6764313037
1331375151
1895887104
3590836
94338900
8503214
10043659
6336985
6947901
4660977
197181896
9942691
9769387
16617079
3914775478
169125787
371224794
4068544144
15895888
557994901
6486762973
5064685132
12261893
1039970179
12303455
9383887
1294100561
1768658278
6654113
4033713123
13195483
166841028
3476658152
19570574
17484466
378608741
13263127
21927409
21398621
20585262
7894413730
3252154
1081976
4669742
5020538
5987135
682496
1124963
4720333
5793960
1085310
11533046
13565852
15027811
907543
365862
11961233
549934
18448348
388457
1014938
1290594
27669093
28145679
1013263
582933
79465977
8021512
8181587
11650635
1102278
8150536
13205869
19809036
12477760
16743145
19776338
16797482
356310
11141420
14969700
205640
273179
30624211
3893922
48816484
45958480
47875577
55563174
647795
44937505
48008485
71511979
45990103
644936
1685051
47796551
75103419
2532832
2532832
71843886
76205367
3362102
6589926
22245053
10338043
343810
4230995
24902147
131857
59499043
1715318
59400830
4994011
29567438
651997
5488631
8699080
8163296
10703107
6990266
1455766
9553657
2902433
326937
37377294
47387362
44973182
27793619
56847753
783133
1655543
716338
28799429
310253
33101079
33046441
64263962
1720876
71687100
62466573
1978350
72412453
88452185
79023706
58323733
92771356
92742204
96436910
98819994
3513257
585441435
3536607
3536607
126603750
3558036
3558036
795744535
3878036
3878036
3878036
3878036
3878036
3878036
3878036
3878036
3878036
3878036
3878036
59601168
1633180533
4594696
4594696
4594696
4594696
4594696
4594696
4594696
2171683526
3684715
3684715
1207130035
3863070
3863070
1630473875
1876419829
4254766
61557127
3447217
1960252065
3774202
58418380
3774202
3774202
3774202
3446642
4221737
1980997272
3534620
3534620
7696527
7696527
7696527
7696527
7696527
7696527
7696527
7696527
7696527
105800251
7696527
7696527
7696527
7696527
7696527
7696527
7696527
7696527
3611498300
4105987
3519323
3498309
3605956
1655176186
4673511
71172056
2007677317
7800183
271074725
232490046
7800183
3660137910
4715887
761769580
4747230
4747230
919692690
1044061413
4992423
4992423
5934185
5934185
5934185
5934185
5934185
5934185
5934185
2915076838
1604317472
4991783
61248406
87541871
4892812
87541871
5413130
41890572
2659116392
1537885551
9868519
9868519
9868519
9868519
9868519
9868519
9868519
9868519
9868519
9868519
9868519
9868519
9868519
271823235
4847757474
993375268
1756654
294604064
2231400
1768312
79879862
1875628
1934319
73283865
502070149
184397128
2108286
1939362
1939027
2000579
2108286
2523843
2108286
1939027
2070391
1966726
3878036
31158523
849740773
828340868
817969384
959480450
2297359
4594696
4594696
2435337
2297359
2501148
2297381
1136012800
1370210444
1851585267
2171683526
1874679
1867749
616815311
625426987
32541106
640440963
888146613
798998075
1207130035
2066312
2149618
1630473875
2129045
1056918037
34264731
1874072
2021967
38945128
3195335
3774202
2381310
1775277
2321055
1017402164
1799159
2047757
4460267
3848481
4184200
4285966
5130957
5130957
3848281
4434660
3959369
85677187
3848481
3916548
5130957
3989616
4502874
6574695
4184200
3848281
1815178168
1984406264
1889178321
144788301
63554029
144788301
144788301
425327464
1963383453
1963383453
2278652774
2082576044
2407637203
3611498300
4105987
1837022
1942806
2275156
1103437807
2427734
37299014
1155936784
1043904665
4326784
171032940
131691611
4240553
64409974
2440063228
4715887
480633860
3164783
2413790
499988996
592081555
540736425
2496353
2496259
3744138
5934185
3956077
3109919
3162567
2967260
3226107
138458645
1943361691
884907316
813214342
1236531832
2610622
30915763
46426748
3087090
43771576
3334557
1677753232
23692400
970319487
5329746
7363881
4998309
5497576
5365000
9868519
5464680
6578935
6226482
4934332
5161077
5077165
5047971
166052750
2588033115
79484549
79484549
2539860635
2534502492
2436823988
3706725066
483245433
8020131
1917159
353366
2403774
2283969
2339651
182434
2677672
2878821
339633
632810
2650159
355041
2730314
2722505
2717819
2991483
2802862
3252931
4037570
927111
927111
6245690
7205079
365313
365313
188104
188104
188104
188104
6410067
6248636
6248020
6697736
6697736
6697736
6170398
6440691
7237895
6355567
2051910
8017905
6577349
12319990
14287563
14343639
217193
421806
217193
421806
217193
217193
217193
15811600
14926406
11164378
17300688
12281223
23378672
520021
14533659
15281997
18280004
27420328
303411
4308565
4301808
4327239
4378228
4387654
184937
184937
4492983
4292640
4603917
5343189
6829418
937878
2564344
6230751
5605333
8468564
6576336
6841468
8196420
12294775
5172484
10243679
145475
162149
5728895
6065459
186548
5608006
5557134
6747029
6042643
946044
9053895
9053427
6291789
7128949
7128949
106084
116392
10693549
5994495
8054250
91892
72987
121449
10145761
10335766
10940864
15768881
13470805
11064408
75382
130676
103004
2550699
2241044
1560978
21266691
7170901
18348678
26941341
23980655
27491215
27578165
27822258
25639770
25754045
28919297
728682
361190
728682
728682
728682
361190
361190
728682
728682
361190
2244784
361190
29364137
29086287
26024976
27949634
24846729
24568270
27365079
22389068
25447146
24441947
27286001
27286001
27286001
27286001
27286001
27286001
27286001
27286001
31667438
166703
24818238
28942473
40644397
1906810
878403
1906810
42874893
28739463
33459991
33459991
33459991
33459991
50190577
1124806
1979343
2220589
359074
2513921
2404683
583573
580571
3296741
6384379
6596959
8323845
14435791
14401559
427486
10603107
15353528
10950383
10687761
11474636
158414
5580805
113732
152925
11743136
11088215
10605005
1749227
23272529
28215819
366055
738496
28812833
12051811
27653489
27653489
32093934
56315
1380664
40989220
29054691
1932491
33910629
33910629
10370736
10207159
242925
2760089
1238602
4374540
1874755
2782297
2974828
3647941
3554474
3246231
578297
12980063
122314
10919113
1248202
553894
8829461
19608144
19569976
21119058
19963165
23168740
17166371
22103679
19244192
1463957
1463957
650536
24480220
24480220
36720762
5910073
5431253
6760458
8258484
9675613
8406475
195783
449173
8113547
3328009
13169966
12768205
175708
212684
7003071
7064755
445514
8785713
7976164
10050266
1237876
138476
200521
13739881
16925061
1356152
16524534
100461
2629254
6361906
34367545
35967032
36074765
36385653
899135
899135
375984
375984
34566542
34332786
33890759
37306833
32178486
25966480
24712796
36626327
36626327
42507581
771245
28674657
37531412
51513985
2497557
41156189
50272498
40857039
35522008
31130201
44913747
67371414
1777736
1789034
11526
1771019
2919630
1821666
1833339
1814724
3039032
2424110
2437410
2414838
4073078
23735
456656
23735
50166263
23801
409527
23801
23801
23801
50305530
13359
23696
23696
23696
23696
23696
50083456
35618
35618
35618
35618
35618
75281375
50841902
31860
67338777
31948
31948
31948
1147225
67525716
31807
67227623
47810
47810
47810
47810
47810
47810
101051093
12081
304433
11867
24362867
25991677
15921330
12615
331635
15489
12111
11900
31739966
29554095
37012322
6796
11848
20061
23696
14950
20242
26198705
277951
629457
629457
26058328
27227765
31599850
17809
19363
18345
35618
19015
946148
43411120
75281375
33894202
15931
44891989
23840
31948
21298
700823
38293467
42604938
16110
42416858
31873
26634
25992
25480
25004
24309
53591197
52831489
52336008
288382
471770
609767
727118
985456
986020
2549
2549
929
2549
2549
1019155
761508
810027
966462
966462
1121651
732730
505416
124045
1392945
3121
1185143
331253
1777736
994671
673046
639229
794392
913413
17469
931
700566
502462
972605
972605
972605
1128780
3895
610165
1051043
1448762
1091889
1336449
1316283
1229064
1164312
928350
5864
927933
701350
833501
927
2545
2545
2545
2545
927
1039337
1037827
773836
818915
962810
1117413
214
968654
1512878
1499389
1180665
1771019
141940
3897
3897
1394
1394
1394
1710875
999376
1587250
526967
784549
754993
1697134
1757441
1649806
1683609
1475137
2919630
312073
666947
1076079
410528
386087
98808
144
507923
1214429
2591
327955
996690
1065944
982302
986571
32134
281278
428118
1209802
1517022
934075
1644013
1917459
110443
7937
921538
392860
1317862
1529477
3038
10652
4190
1470089
1215608
1346721
1616054
3432
3432
1382242
1537869
769
1488977
1818793
1624920
2437410
1190905
1523627
670
568271
4183
1504313
182061
1693908
1892405
1962661
2016
5232
2016
2016
1689471
1476954
1231248
997097
2179543
47454
550177
3282163
2269039
2939774
2715353
10941
10941
10941
10941
10941
10941
10941
10941
10941
10941
10941
674979
10941
10941
10941
10941
10941
10941
10941
10941
10941
10941
10941
10941
10941
10941
10941
10941
10941
10941
10941
10941
10941
10941
10941
10941
10941
10941
10941
10941
10941
10941
10941
10941
10941
218110
10941
10941
10941
10941
10941
10941
10941
10941
10941
10941
10941
10941
10941
10941
188820
10941
10941
10941
10941
10941
10941
10941
10941
10941
10941
10941
10941
10941
10941
10941
10941
10941
10941
10941
10941
10941
10941
10941
10941
10941
10941
10941
10941
10941
10941
10941
10941
10941
10941
10941
10941
10941
10941
10941
10941
393799
10941
10941
10941
10941
218110
25972827
11088
11088
684070
541615
11088
11088
11088
11088
11088
11088
11088
11088
11088
11088
11088
11088
11088
11088
11088
11088
339739
11088
26322629
14724
14724
14724
14724
14724
14724
14724
14724
14724
14724
14724
14724
14724
14724
14724
14724
14724
14724
14724
14724
14724
14724
14724
14724
14724
14724
14724
226313
14724
14724
14724
14724
14724
14724
14724
14724
14724
14724
14724
14724
14724
14724
14724
448095
14724
14724
14724
519995
14724
34863638
6340
6373
6903
5948
7235
5471
5948
5695
5566
5470
5548
366951
5569
5948
5695
5987
7294
5471
5470
5767
10941
5635
6092
6015
5948
5948
5689
10941
5471
5550
7294
10941
5470
5470
7235
5644
7294
5861
10941
7294
5773
5760
5470
6903
5470
145404
6903
8650
5799
6304
5470
5500
6338
5546
6140
5948
5628
5470
5608
5470
152907
5948
6903
5948
10941
5471
5719
5471
5470
7120
5948
5470
6348
5841
6846
5548
5470
5956
5470
5470
5780
5567
6305
5470
5852
5505
6250
5948
6088
10941
5552
9263
7294
10941
5471
6903
5671
5876
6903
6401
5474
196902
9346
7294
5948
5470
114024
19110
11408907
11976682
13339145
13271509
14271262
13456799
13586411
13586447
13749995
110012
316609
110012
316609
316609
110012
316609
739426
316609
316609
110012
316609
1048328
110012
13779843
13513613
14003887
13173286
14120073
14120073
16387396
357929
7723223
15258827
14977270
22144527
407513
906397
2009081
21059509
19109522
14457334
17191386
17315014
25972827
6150
6028
431610
306792
5760
7765
5544
11088
6028
6028
5544
5730
6996
5788
6138
5767
6158
7394
6996
5613
175472
6028
5421546
3423342
15155471
320873
320873
111493
16608102
13464133
13794853
22199320
15525061
13686619
17548213
17548213
9070
7952
9816
10987
7699
14724
9290
9290
7457
14724
9816
8043
7392
7362
8202
8284
8004
14724
7362
7716
7847
7700
7362
7817
8153
9816
7557
114233
7362
7394
9290
7392
7362
7648
9290
7362
7847
7362
8004
9015
7700
7362
7362
448095
7486
7575
7531
317657
7362
18058831
3057002
18489499
18612368
147670
147670
359551
147670
3008356
18265926
18227392
19770979
19718118
18056446
19230039
17672069
15399116
18953543
21996999
20491911
26657670
1105542
451581
20660230
26871238
23242151
23242151
936
519779
221960
666378
346008
70
49790
1830
24321
232805
134434
260452
150230
150318
172159
324142
329093
401050
406700
248303
494350
294026
526125
532024
539335
315247
315275
563234
333585
615823
627917
361872
374163
658053
659654
394908
401244
723013
429267
429282
730264
437277
736592
740624
741791
744658
747636
484269
487800
1215
1215
1215
405
1215
405
405
405
1215
1215
3757
1215
1215
1215
405
405
405
1215
405
1215
1215
1215
3282
1215
1215
1215
1215
405
405
405
405
1215
1215
1215
5629
405
405
10519
1215
405
405
405
405
405
405
405
1215
405
405
1215
405
405
495822
752972
489035
750231
749141
749122
480481
747923
480457
478460
475640
472115
741761
466863
740846
739658
737165
456265
732883
443932
435184
712518
398317
391422
670857
378457
648792
364027
359771
598276
340635
592217
556046
261984
246655
420982
240306
415768
237930
236446
231821
391399
357483
313562
140616
139061
235684
235676
587277
587277
587277
587277
587277
587277
587277
587277
587277
587277
587277
587277
587277
587277
587277
587277
587277
587277
587277
587277
587277
806589
1355
16105
2025
37773
181
376980
264094
314557
209
179252
346850
97
191628
269773
64378
260688
743105
541319
610314
2807
12947
519779
769511
769511
425765
425765
612186
712248
469680
751041
799913
349469
845401
845401
737183
741799
1001147
1001680
1010045
1010664
1030946
1035238
780228
1089956
1550
4568
1550
13244
4568
4568
4568
4568
4568
4568
16870
1550
4568
13244
1092050
1082369
1082313
1036551
752167
954982
940573
736755
732012
729481
729479
878249
692834
669661
668754
855700
846162
831979
630136
519055
492219
673146
377859
852247
852247
852247
852247
852247
852247
852247
852247
171329
852247
664211
852247
1278386
675109
801027
403611
528570
385384
304275
39704
21849
162606
176165
396091
294935
345141
362509
670733
382196
674093
424454
741495
766186
484355
786085
410
1231
1231
1231
1231
410
410
1231
1231
488454
731160
664799
659386
366085
580719
535026
218069
200124
319552
169944
304307
116836
225048
52619
597488
597488
597488
597488
597488
597488
597488
597488
839624
70
18159
297
37405
306277
138273
147668
114651
229184
362696
2874
2874
315423
562713
1072338
266501
381868
447989
887372
931932
755641
4657
552
4657
1122289
773723
134147
784871
765331
402380
401610
887151
887151
887151
887151
1330743
544
560482
181631
679802
1321281
551072
755342
69761
755342
20323
10478
21749
210005
349386
633578
715010
743705
743833
754037
438341
771746
822846
627141
1109252
1185965
656
1841
1841
656
656
1841
1841
656
1841
1841
1841
656
1841
656
1841
656
19981
1841
679743
643997
631757
1045745
1033755
1010351
599543
599532
940212
549862
923053
881108
468062
454487
448997
721326
376460
338093
489198
441089
232574
200367
172811
314180
860340
860340
860340
860340
1522164
20000
170716
18156
1613
6173
352208
206247
356
327727
327727
632819
571509
1857749
1321281
2102485
279833
328310
577312
394
596976
645587
1209261
966572
1763256
1090909
1883158
1995009
1402867
1432564
5945
5945
5945
5945
2269
2269
5945
2269
5945
2269
2269
5945
2269
1392017
1247437
2010992
1946930
1356905
694027
436954
1705647
1705647
1705647
954478
1705647
1705647
2609129
1268200
1262602
111228
167189
91592
197232
197780
195051
195592
292701
253261
253964
252843
380054
28048
54404
299103
299933
298609
448845
937249
939851
70180
935702
1406471
4446687
4459032
4439347
6672866
555234
556775
68831
554318
833205
934339
936932
1402104
1897840
1897014
1893882
2339351
2329024
3500800
1892430
23260
749516
751597
748279
15991
1124752
759704
761813
758450
8744
10686
17439
12629
15500
2145870
2151828
2142328
17448
3220174
20353
2994142
240892
241560
139407
208621
518852
517996
12396915
12480996
179569
12346922
20885030
307407
24968970
17920346
268208
267439
44739890
268182
44864093
269053
269800
269800
59252249
268609
403752
403752
403752
403752
3876164
7737628
270520
67101209
270074
66804989
100415824
294207
294207
157071745
295024
295024
157507793
205390
4443784
293721
156812473
4971326
441498
441498
235707748
384945
278967051
386013
386013
386013
11516237
384309
384309
384309
384309
577663
577663
577663
577663
577663
577663
577663
418628414
280082
109237062
280860
109540316
201933
420302
294169
294986
285284122
235105274
234717195
257175000
353307
531063
384858038
6705373
4070649
286673
286673
286673
286673
430904
430904
430904
394449
4811669
204241216
27761893
262916
248594707
347193
248184362
394462
2980549
360798297
268902
265692
278710
640161
640161
640161
640161
640161
640161
463920742
638346
638346
23912689
638346
638346
638346
10085806
638346
638346
18617254
638346
465208636
28144805
639105
7421758
639105
639105
639105
639105
639105
639105
639105
463154967
960650
960650
960650
960650
960650
960650
22164417
960650
960650
42472230
960650
960650
13363921
960650
960650
960650
696176855
167121
147175860
20120467
11306733
268208
133721
22513871
268182
28306725
163973
134900
134902
30629070
134305
269164
327221
254744
205293
2445642
4882009
148509
38052731
42337097
135039
5356771
42150199
52006992
66943095
148841
147111
78668509
192002
147512
92534564
102696
2226388
155354
81589236
2648003
235705
220761
118502969
192483
185975846
193017
204599
220596
283863
208929
196734
256203
192157
288832
468142
577663
385104
307860
288841
340448
418628414
152266
56596890
152689
80594350
102737
210163
211336
196655
5170495
5744859
162262994
189852
267389
177370321
3556112
2713734
242705
286673
180874
155849
219604
287266
271876
153258584
203170
2432727
1327533
223819
135147990
176666
156590406
248184362
199646
196147235
2151233
136874
132853
175850
320085
320230
320087
320087
321702
403906
10600971
252209535
309276855
12114817
638346
476333
347035
322059
425559
8167500
380065
324836
11373002
319174
250440512
10630401
252909696
239957130
351771352
17757793
323700
3757661
319833
426065
328132
319570
319554
545950
377204
239964994
242276819
5056279
10583472
273228259
235744539
251793223
292224795
480332
480652
566994
522255
535161
522255
11151201
553639
789148
23316182
567026
480334
7669857
502404
522255
606116
15908215
15908215
363974885
382184492
357530675
401451453
663034
686411
979081
972672
89630
105487
18369
100365
197780
98153
26238
123407
195592
39374
159126
154348
127030
131281
12374
26381
12319
148383
159530
190244
193243
206615
239792
308015
253366
17697
33204
164200
154174
170090
189241
26319
26319
188405
32468
232464
299227
474161
469416
72869
12758
8081
552154
33556
611659
20357
468797
494908
27081
12702
486844
19093
77811
1133360
707108
749164
50216
109351
750881
937636
14690
31320
2273030
85021
38638
2964423
2323411
2314538
2548220
2813399
85257
2363431
2837
31269
14666
2272578
2413442
2959530
926446
3556239
3932685
22045
3736059
90506
3770757
127585
5407745
4448525
6672866
282044
287672
301852
302690
409648
34485
35019
286581
40021
107510
671246
489755
624614
19090
40701
25270
28226
1475999
1260690
1251516
1762646
1526834
949273
1892430
12335
385963
12618
499671
749516
401246
12653
389111
406800
472122
633512
748279
573214
709655
635568
811798
843992
749826
8085
8237
506463
423554
569091
12602
478539
4753
5343
14845
6315
7841
1166598
1353924
1681398
1094939
1351689
2142328
2031749
5365
8877
8831
1627759
2283033
14690
122616
131324
69707
131628
327366
26581
6872010
7230824
52759
52759
4263556
5379899
1145073
6739557
6739557
6739557
7821758
4726
46121
2900598
2298791
6747598
66034
625397
66034
66034
7518044
6093073
8264513
3394226
6719022
67285
67285
22954
67285
6075605
3758356
2895896
6785267
6785267
6785267
7874808
1804899
4739386
7431076
10107127
7624454
9437608
9313310
8320566
12480996
97622
113298
7432100
945747
829555
4861272
3291983
4442186
4961368
5502541
7287245
52672
22853
52672
22853
7283799
7048983
3109809
3753065
6712378
7790215
3335970
144746
10547258
8192685
8231184
8231184
11602738
7592232
1374996
8336552
12326739
80832
80832
80832
80832
8309168
11465383
11465354
6766517
3790562
11055489
11055489
11055489
11055489
13177282
1243450
1360575
155908
11634677
12043384
100753
100753
17156475
12327441
12152658
12036400
11986391
145953
145953
124786
125509
4990003
12115163
126806
126794
126794
126794
126794
20980020
127957
127957
127957
127957
127957
127957
127957
127957
2627286
127957
127957
127957
27427021
1768555
3530403
124744
124853
124853
128638
128638
128638
128638
128638
128638
32504167
139612
139612
139612
3684541
139612
139612
139612
1370393
139612
139612
139612
1870447
2036968
139612
139612
139612
139612
139612
139612
139612
139612
139612
139612
139612
139612
1745459
75971238
186812
186812
4871310
186812
186812
186812
186812
186812
186812
186812
186812
186812
186812
186812
186812
186812
186812
186812
186812
186812
186812
186812
186812
186812
186812
186812
186812
186812
141564137
132649
132649
132649
1656963
132649
132649
132649
132649
132649
51860678
139594
139594
139594
1411678
139594
139594
139594
1703247
75824460
92483790
14130470
158409
114699638
167667
167667
167667
167667
125512628
158399
158399
1725588
124686
1966170
114663529
136342
136342
136342
136342
1703210
136342
136342
136342
136342
136342
136342
136342
124665
1364668
66303811
12324129
124694
1966170
163221
163221
163221
163221
163221
883263
124670
120873363
2354617
1123950
864721
2327210
117136608
127472
127472
126059
3650919
132014
49155931
281119
281119
281119
281119
281119
2967597
281119
281119
281119
281119
281119
9134790
7582879
281119
281119
3158879
281119
281119
281119
281119
281119
3731422
281119
281119
9199630
281119
281119
281119
281119
6030800
281119
281119
281119
281119
281119
281119
281119
281119
281119
281119
281119
281119
12303134
281119
281119
281119
3349702
281119
281119
281119
281119
281119
281119
281119
281119
281119
281119
3827110
281119
281119
281119
281119
281119
281119
281119
281119
281119
281119
281119
6742013
281119
281119
281119
281119
281119
281119
235420417
145953
79347
47711668
48960850
65240
65513
3148412
9762627
126806
68931
126794
84528
63398
10506573
10557502
13237215
80734
85304
63979
103703
63979
63979
80734
1338773
80734
77983
63979
65061
14177759
14910642
17304911
22119137
1115859
2227486
62373
62947
69337
67812
64319
81163
70619
64320
69934
2375503
18432937
16834438
20508306
6236781
21669190
75899
72636
2324739
70630
69818
72014
69810
729947
69807
69806
72022
937116
1285212
75899
73843
90860
75899
69806
74535
69810
70803
70085
139612
69806
69807
912498
39527693
38532226
38049772
38194829
44632492
50646896
93411
93406
94325
117868
97042
151394
186812
124540
186812
186812
117868
97902
124540
99560
99016
93406
101560
93409
93411
95716
95632
124540
106758
93411
101692
110098
93407
101560
74052535
89319027
120698098
3232864
94374981
141564137
67488
83694
72114
589191
72114
66328
67238
68604
72114
26499597
26869572
1176931
27514602
29495474
28605244
26287719
39971751
38156523
34326527
51860678
115628
93061
73005
712559
100287
74667
77677
1277481
75824460
7173170
79206
2346336
2086356
83834
84420
90097
83899
73862513
79191425
57630415
99941
79201
61823657
20095516
960519
67785
1042733
1030407
69484
86024
74122
73043
1135460
90893
86024
68174
115430
136342
86024
74122
34748494
6364145
49753073
64212
689961
603498
106152
983099
100546
83053
89736
81610
81615
62078238
69593836
65712549
76264309
62848878
499554
63098
120873363
1485631
63681071
582704
624119
1172394
64884
73850
63033
1150447
2303525
83293
31014634
4660782
162913
151825
281119
140561
140567
530938
209771
155937
140655
140561
165922
5763539
4295244
152830
142384
1599351
140683
152830
140625
156547
156606
708106
187411
152830
187411
152830
281119
140562
3034172
162014
152830
140562
187411
140560
158804
230932
155669
141831
187411
161978
152830
6754110
144618
141272
150112
2712593
140567
177370
165931
142855
140561
167376
144333
143054
140562
140567
2196465
140560
147021
177370
152830
145097
177370
187411
145722
164469
144630
143799
4118595
240144
152830
147527
140560
165919
152830
114823405
125681995
126736275
129356214
121973557
123148652
4322541
4322541
4322541
1807502
4322541
1807502
4322541
14268193
1807502
1807502
4322541
4322541
138881185
123843792
123342608
123082401
129240195
120903216
119828311
115280338
127985814
127985814
127985814
127985814
148537072
121431123
135755545
180008749
12048456
178015092
156945097
156945097
235420417
433249
439063
444592
437310
430413
456558
10361
29741
35950
45914
5324
57484
112965
55827
56098
11455
11455
60605
60605
70337
30390
64113
74318
111479
49858
75586
75644
77003
77488
78115
11485
5367
5367
11485
5367
88683
76836
82153
82153
95345
121870
92096
122471
78583
100742
9065
7432
13988
15409
15329
16934
93722
11509
11509
5379
96557
96280
96115
105793
103397
94431
100094
99122
115039
142788
30534
30534
14207
121551
315410
309048
312714
320930
360750
326261
11842
11842
11842
5534
5534
5534
5534
5534
325913
320945
318182
312862
312068
312831
335348
335348
335348
389196
309657
308945
22022
497068
310122
322478
3750
362393
328567
318216
418144
31418
14618
73720
31418
14618
14618
401447
329320
411227
411227
616848
303012
1605385
1375
1260727
1546124
1566534
1602260
1501597
1534599
1572682
1718109
1729088
1771867
6390
13965
6390
13965
6390
6390
13965
6390
6390
1733634
1683277
1636579
1242307
702676
617039
1634451
1634451
1896903
972405
880254
26019
1809703
1211802
1698910
1575587
2563312
37263
37263
37263
17170
17170
37263
37263
2436454
1593517
1675567
2004278
2004278
2004278
2004278
2004278
3006453
9658
178726
181494
184496
181210
182281
184429
184826
11643
5441
5441
5441
189263
202888
196765
180823
193936
193936
193936
193936
225077
287683
30889
30889
97665
274951
262465
236120
356731
370112
321565
328885
5534
11841
321404
310360
441731
461166
509305
342144
409906
409906
614866
839805
722132
12343
12343
11028
644883
750380
922241
5875
848286
988778
91426
223591
695285
502272
842113
494577
663122
684411
800900
116230
642892
15235
3468
3860
4204
4309
4154
1269369
245939
249221
248105
261066
261984
251820
277375
256285
5488
5488
11744
5488
256455
254293
254129
265854
265854
308543
276331
280113
352953
31158
31158
31158
31158
414037
414016
287725
366950
326009
326009
326009
2973
2755
2807
3079
489019
275743
5491
312920
370490
330633
2424
1916
2725
7592
3220
3963
4010
725864
739457
732634
828981
5829
737476
782748
782748
782748
908438
34351
1703
1128162
886940
33271
963749
791587
748637
1961
1979
3025
3009
1439808
726991
843727
1019650
2311
3468
5006
4742
2725
71364
82668
77574
72632
46265
30313
41842
5319
9378
11624
209446
4976943
2828481
3823659
1822510
7042729
514051
348942
539136
476527
1281692
2742792
1830806
1864036
3115938
2239548
3816072
3918995
4003939
4104306
4215996
2491716
2565769
4628850
4705999
2802209
4922581
4939089
3123474
3170158
5895986
6211570
6520249
6520759
29019
29019
29019
29019
29019
29019
12061
29019
29019
29019
29019
12061
12061
12061
29019
29019
12061
29019
94923
12061
12061
12061
29019
29019
12061
29019
6507822
6290689
3442748
6044157
3313516
3280834
3231901
3176499
5660864
3105360
5461777
2970835
5035605
2827306
4896591
2743214
4684055
4683988
4516930
2381074
2071341
2006260
3044791
2705064
1723659
2568670
1584161
2504508
1445023
2082882
1293964
1385236
656052
4445913
4445913
4445913
4445913
4445913
4445913
4445913
4445913
4445913
4445913
4445913
4445913
4445913
4445913
4445913
4445913
4445913
4445913
4445913
4445913
8096101
2287
6466
25143
469141
6466
508509
2818708
1597503
7810
986857
1265683
53590
11954903
1851402
2653911
6751107
4475651
5045047
5393259
5673530
5916550
11343788
12013986
34893
79177
79177
34893
34893
34893
357682
79177
34893
34893
79177
79177
12673293
7438862
12187134
6522254
11218152
11070403
6149555
5901657
5795022
5736416
9164157
7243360
3467278
2675426
2316101
9266324
9266324
9266324
9266324
9266324
9266324
9266324
9266324
14835720
581
581
10998
581
581
581
581
581
581
581
581
581
581
581
581
581
581
581
581
581
581
13127
581
142869
581
581
581
581
581
581
581
581
581
6946798
582
582
582
582
582
582
582
582
582
582
582
41270
582
582
582
582
582
582
582
582
582
582
582
582
582
582
582
25614
582
582
11740
11385
582
582
582
582
582
582
582
582
12808
582
27748
582
582
13164
6966083
249
249
249
69906
580
580
580
580
34710
580
580
580
580
10625
580
580
580
14168
580
142633
580
580
580
580
580
580
580
580
580
580
580
580
580
580
580
580
580
580
580
580
580
580
20188
580
580
580
580
580
580
6935331
872
872
872
872
872
872
14905
872
872
872
872
872
872
872
872
872
872
872
18102
872
14905
872
872
35669
872
872
872
112010
21296
872
872
872
872
872
872
872
85216
872
872
872
872
872
872
872
872
872
872
872
872
872
872
872
872
872
872
872
19700
872
872
872
872
872
872
872
872
872
872
872
872
872
10424626
290
366
5989
293
303
290
315
290
295
494
290
290
290
366
375
314
290
298
290
366
290
8751
319
74388
292
290
366
366
417
290
290
354
366
1995389
3599210
18492
126898
3625246
3793534
3776612
3776612
14797
16183
940777
3802334
6023
4181552
4822237
24034
4631144
4631144
20908
20737
291
582
388
319
311
434
582
300
316
296
416
317
291
367
367
316
316
388
309
294
388
308
291
306
291
298
15038
354
582
7826
9219
316
333
379
346
296
316
291
291
6404
291
16951
291
293
7654
4193161
3750122
3581138
3585176
3600954
18543
3950428
3787096
4395207
3593143
4092518
5267461
5125299
3967263
126
126
124
44107
306
303
297
290
580
290
293
308
293
5379
290
341
386
7098
290
3823
298
307
290
290
312
315
304
311
296
386
306
315
303
290
397
290
297
301
315
295
290
290
12737
491
580
366
315
495
342
1092791
3593261
3627878
6935
6935
18461
18461
18461
18461
4091348
3608440
3601940
3308670
3163872
3770378
4375805
136184
5588620
4267586
6935331
436
550
474
436
581
444
7453
442
436
436
453
514
474
706
449
444
439
706
1306
485
7939
474
872
17945
25744
581
502
436
60894
10661
436
436
464
716
451
465
488
46781
53767
581
436
550
436
436
510
465
446
550
449
456
465
436
514
662
452
513
436
11306
436
456
436
581
474
550
436
442
443
436
441
459
436
436
550
5791430
3908638
5528571
5377983
27750
27750
5450198
5399083
5722871
5353702
5667325
2289615
2076828
6274994
2762344
6011376
6409180
7822433
6949668
6949668
10424626
245663
2377
17824
20022
44051
70540
223156
82516
99944
254566
254711
267857
271272
54
18
54
54
448
54
18
54
54
54
263271
120609
119785
108561
252105
250778
67499
120718
114080
32665
32658
28574
3432
240748
240748
240748
240748
240748
240748
289748
2
42
45
101351
25551
49769
46
71838
3900
4742
14054
251359
14
276428
48969
61696
244325
296845
318782
329919
359830
390940
70
207
207
70
1373
70
70
70
70
70
279875
278497
156912
306149
255126
306149
306149
22718
306149
210
459230
279502
258162
86183
1141
77709
36754
116593
49007
187418
212217
78001
81208
87782
254275
93739
105584
126320
265355
142517
159951
18
54
54
497
18
54
18
449
54
18
54
155347
269992
125806
263322
93079
172794
49175
25108
21770
241584
241584
241584
241584
241584
241584
241584
241584
241584
241584
292969
471
92
13861
70425
7783
188091
64133
21463
10
87535
272793
276461
331832
272616
376019
283395
209
70
209
283655
282433
351111
346869
346487
269975
341635
264444
318998
302192
166251
248609
309553
309553
309553
464336
138
140
38
140
150
174
8977
149520
274601
2
2503
5854
2009
5654
83923
94651
34770
167014
174199
215851
73953
93614
99731
127196
159197
269249
54
54
18
18
54
18
54
54
54
54
54
54
18
54
54
54
18
18
18
18
269121
268177
267721
267332
152903
140908
260445
123520
111773
110177
106616
227308
67360
65659
57338
124355
123067
30512
28623
49902
49591
240252
240252
240252
240252
240252
240252
287832
477
886
9
16583
35666
106826
3
249514
367609
35798
164750
312739
207
70
389700
386225
302703
280714
205635
304125
304125
304125
304125
456194
498160
166141
539094
111064
498160
166141
290
4879
5255
4
3745
78768
86514
50236
206180
84590
272107
295440
303700
142603
157102
207242
801192
808939
88
88
30
30
88
88
30
88
30
88
88
30
88
30
30
30
30
771033
762626
204706
537026
160750
439200
439188
135272
112331
312878
76000
67614
121723
113816
28036
5547
391432
391432
391432
391432
391432
391432
391432
391432
391432
870724
55012
983
3178
184
3674
3507
164779
9223
25456
6
31491
16980
14457
39926
6
84255
68609
78906
728840
70
210
210
210
70
110533
304758
830697
830697
1112058
24817
143017
583514
583643
292884
511870
996050
996050
687310
848461
114
114
114
114
2520
340
340
340
1133660
1118451
1118391
809242
1052276
1049211
1035551
734215
684311
662845
22844
303829
179039
242259
920012
920012
920012
920012
920012
920012
920012
1380035
8862
8790
123
123
123
152
143
143
155
133
155
123
134
247
134
164
123
163
130
123
123
164
129
125
135
155
126
134
123
2437
810
2225
2111
131
128
2545
184
129
137
125
126
128
130
125
123
270
9324
124
128
155
123
134
128
123
134
123
129
134
125
247
145
155
127
123
155
124
9428
10941
7773
125
210
128
131
134
125
128
135
200
134
164
2290
123
123
125
123
176
134
130
123
172
247
127
247
123
137
164
125
247
134
124
200
135
134
127
134
134
145
405
124
123
123
137
134
134
128
138
123
1081
123
155
247
159
164
123
134
127
2249
133
137
123
134
125
164
134
164
134
145
123
247
247
123
204
123
155
1757
1757
155
125
123
129
5082
7291
164
142
155
123
5368
134
129
123
126
123
18937
3019
134
163
127
123
123
127
124
135
128
123
164
164
132
247
164
155
130
155
130
123
123
164
123
155
139
131
3022
123
131
4186
129
123
3720
164
135
123
155
202
131
136
127
145
123
124
195
164
130
123
123
131
247
142
126
123
138
124
1783
38237
37280
136
123
129
123
127
130
143
126
123
6374
134
2207
123
128
13576
15604
150
164
125
155
149
138
123
137
134
155
123
124
949
123
132
127
123
124
164
3565
123
155
126
155
155
133
124
131
134
123
123
127
123
247
129
123
3317
155
3908
125
134
128
144
123
155
4186
132
126
131
134
247
126
134
134
164
155
123
129
126
141
123
177
123
130
123
160
134
123
5225
155
127
129
143
131
155
123
134
123
145
154
187
125
125
123
128
123
134
123
129
147
131
145
123
123
169
123
126
128
130
134
123
134
125
150
142
123
125
123
123
123
3202
123
151
123
132
129
123
134
124
124
164
141
123
134
124
134
155
137
134
123
4439
5423
247
125
125
209
127
155
123
123
164
125
247
123
130
9953
2714
4071
125
123
155
123
128
132
155
123
134
144
127
125
123
126
5051
123
7185
130
211
123
164
123
141
134
123
123
129
123
145
124
155
123
134
155
168
123
3244
2917
2513282
2095977
2723132
2150694
99730
280597
540
160151
454487
543854
911987
1004989
1917376
1336817
2065423
2399210
1787410
2415153
2435413
1941429
1969244
2028100
2485759
2061661
2100027
2100066
2194400
2261942
2261988
2287460
2604690
2645462
2394965
2662272
3142
9015
9015
3142
9015
3142
3142
63777
9015
9015
9015
9015
3142
3142
9015
24023
9015
9015
9015
3142
9015
40055
9015
9015
3142
97692
3142
3142
9015
9015
3142
2400164
2668794
2667662
2331323
2284014
2572960
2252812
2565496
2558636
2221645
2556596
2171024
2140622
2093757
2495303
2483529
2470445
2439187
1748010
1682030
1568881
1502420
1471086
2051191
1916524
1090903
1650996
956747
921121
2459425
2459425
2459425
2459425
2459425
2459425
2459425
2459425
2854345
10102
67998
7057
1817720
762636
132340
2141860
697761
7710
473467
2476175
2707
2639644
2723132
2723132
2723132
3645468
933940
2024128
2287200
2657772
2659044
3140362
2608731
3459117
3648424
2781364
3857119
11407
33376
33376
11407
33376
11407
11407
81826
3815278
3668131
2680885
3486830
3420807
2639533
3394667
3328484
2576429
2518168
2994384
2800896
2783755
2668209
2281200
2159938
2110845
3015917
3015917
3015917
3015917
3015917
3015917
3015917
4523930
