3311637
17296760
7909477
10392903
7909477
7909477
31973608
17296760
14620920
31973608
31973608
17296760
14620920
17296760
3422196
5622248
17296760
7909477
8173534
10392903
8173534
17917338
18515505
8351632
8630449
15438255
3370295
33120767
11615535
12003317
21471684
7527666
7778976
13915129
6166876
6372756
11399666
2992868
1775155
1834419
8359173
3514135
3631454
43425949
44875715
80274241
49298677
927401317
639241845
1251331024
1181658767
320843990
105597612
120174860
639241845
123756939
149980007
6316759
3989086
1291965978
185274998
674402323
111592582
37374631
77475551
188020563
56460780
77341273
67715142
665831371
194297589
688060009
61429813
143216007
347561957
142967789
1230810345
2388239968
48819737
74205013
879328928
304523312
71500912
51945122
120217748
62361958
616281110
636855523
115278052
213426351
29999792
45319824
33346264
68522956
45929825
152573298
363003053
263720245
362372008
316605489
8019925
586164956
3128798184
78913051
157666925
45487454
568556650
15861956
1633223165
487495213
25395827
585255259
5783682388
150763992
74502315486
202919199
137719886207
15665184187
74502315486
14423615412
20692256075
1398816681
150575963618
32761624
109634939
9038427
14837726
21913407904
8346794803
14824744
107973003
77601269684
111577658
9906551479
40507627491
297728311
199591511
199591511
143448401042
278344430502
10972386763
142949052
7682442885
19543327
100186401
71826289215
7218021
101448522
40232576
69897181
39003001962
50067299074
508636441
508636441
508636441
364654959474
35622660
33818461
3561651121
265506680
265506680
265506680
116168074
940230547
674076224290
18203376
25010352509
81164814
79371848457
15665184187
29799874214
1960479673
2337207998
282476307
150575963618
32761624
15713227
2199502656
1613957
2649516
7356309032
999595820
2988904
26251519
14670066282
19924000
1768975385
819578113
32323923
199591511
67002669
23088229143
1249449059
20522408259
4294790435
28928068
76100199
1968072
12621948
24112013176
1288894
14305337
13506035
6990016
6044966102
50067299074
50889535
67678381
128733355
38179191605
65115055291
4971747
6751526
510465874
265506680
26564183
47410522
38997506
184988171
22605724812
16549516
111975245
214592845
500514740
681023221
44055707
105597612
3303434
255687712
16821230
37898598
1368463
16940369
1275603
775854
172217894
11883787
1291965978
185274998
158637276
96657481
11021832
8527132
801729759
5625289
6673846
13834515
63118314
6761632
36789737
15593230
9169234
17542983
110664872
125871527
5630958
161883845
118894986
1317515
153602062
25807220
20153212
122864270
156981004
3529684
10969289
60175123
6621556
3414210
15521801
198100718
4644520
176085562
413181797
1230810345
29762503
29045183
50783127
125645084
177946526
102228170
8045317
267659
8671364
24943902
77641959
206884949
414257929
12134513
26031239
7332530
8092589
5954516
27408215
6476601
18765841
51218702
1535164
40873262
88530621
16974526
362372008
1448534
62984091
237307534
1821556
348042155
327583602
24504628
791883268
409707389
558697644
416313066
58275024
11013657
2941211
9081127
126904309
2273380
291638476
463004393
30419386
1633223165
163651653
2539917
196469603
135223994
1137926045
107723226
182530
265555
342776956
342776956
16481978
460020
633634043
662349
670993995
460020
143657
342776956
265555
354220491
14368936
474958
692783441
490815
490815
8757706
715911868
683858
683858
190122
190122
190122
190122
190122
190122
190122
190122
190122
5329334
190122
357034903
196470
196470
196470
368954437
351448
351448
351448
5780371
351448
351448
659990310
1280632100
323263
323263
471517463
260196
487258973
465443
871614942
176468
176468
330464854
62716
1909003
895913
895913
895913
895913
895913
895913
895913
895913
895913
895913
895913
895913
1677737347
925822
925822
925822
1733748249
1656123
1656123
1656123
1656123
1656123
1656123
1656123
3101350543
20600
32063
115069880
928532
16481978
184001
365181141
200071
670993995
104990
48225
137105942
26569
48146186
2565806
84811
2084841
4570557
78250481
5436314
456884688
139900325
692783441
226048
490815
1135711
4537359
98012
68397
3469042
330392497
512234757
46224
26049
39965
23332
33949
190122
19021
33949
38331
230832
76046
42757801
67495360
119856258
38584
65954
35082
96532604
49641
74757
351448
627566
117980
117980
25647661
106226402
1787816
94421342
117851970
5332725
323263
65417
184560454
104152
349870922
62856
32955471
232444015
22232
17770
895180
2094444
110936719
11199
269190
300757
159979
349717
89636
89595
895913
300757
558191
159979
212663
119208
226751
1025076
175658259
260027815
299587205
563214743
1677737347
92586
129214
184831
10988278
582017546
209276265
248485684
555959
1656123
325838
165696
295727
165634
165640
49889913
938820
5806505
651542
1106863
2655203
4967
31973608
6918459
8426447
3891288
9658037
17296760
66761
3947656
581038
1887383
1394919
3163679
812350
44267
1043968
40142
4527550
28625
11618
28625
28625
2540139
4326285
2316012
2070311
3484821
1392675
3182082
3182082
6014832
36020
36020
11816329
3618217
17917338
2869043
2140327
2040094
29581
55961
8527455
18515505
402216
7790881
18966
11118608
2612161
4319009
8544884
64074
13247839
812034
1388087
1578827
1074583
2041651
15318
15318
2173134
1243619
2030535
1050747
861921
1491319
1491319
1491319
2803634
2238
1345979
5196136
5441907
38134
2163659
1926655
1755567
1683821
3340534
3340534
8351632
1046060
1694939
432872
1541106
1541106
2897233
472292
427271
1969038
7002
2258055
181316
106713
2484809
9565
2126486
3283926
1550029
2756750
5182606
2084427
1064657
6486697
70492
35685
15438255
372891
206311
1545218
2350592
3899323
4888
7081303
4546530
11615535
1414647
4804733
8618849
11978
244238
7208022
2606613
5726111
616892
834645
4188
10714
2527030
182682
3010960
1505497
2205271
914388
5060021
2242612
801997
1441810
1507303
1101195
1101195
955904
1697127
383527
316982
710037
1861
4416
2112270
495531
2362166
6725111
3200507
2993
2268882
2712522
4260576
7358077
24847
66034
24847
6376172
10990891
4863495
7708279
7708279
7708279
14578047
4999470
129330
5977650
16951202
27056172
554044
189937
10308053
9863287
17580895
5008708
43425949
8974926
8959000
5599531
10016454
68238
68238
25676
15064732
4217697
5849492
196278
17949652
7569970
122065
122065
15793770
14248998
26947982
9408013
38662809
22757040
9717021
18547468
351105
351105
155172
80274241
5156583
22994908
61100075
184154725
85265402
61100075
6299071
184154725
85265402
19441479
6299071
5242025
16797889
11173010
6299071
61100075
184154725
85265402
184154725
7311470
10147427
13117686
13696526
5378031
6633766
16403677
50051916
11535835
16366584
20072810
30975392
663286
385228
822192
11072235
6420274
1613779
3112618
3520032
7709197
24152974
5473147
7692546
9582285
280593
6635289
13808132
89917316
190134852
4815134
32907874
7540447
17310860
9110075
18951236
17964146
124359903
2180736
6945633
21982541
4887893
13295591
5986644
6038687
12505363
81231443
2556444
3975401
38472653
2560923
7120783
51174541
3735416
8094296
12890328
16063150
4666852
39724002
121211841
27935349
39634185
64239777
1599399
1791849
64203811
33930722
926032
1407180
70390960
1599399
460456073
62513008
447563854
1706639
16941392
6824334
5861719
18287072
162105194
178797387
177911233
19662290
28209081
13666244
5203569
6450823
16147638
16401822
40717483
11465403
28700085
16366178
31399987
817201
6217382
10824081
184603543
186142290
5373130
183688613
10342867
4176022
3290694
9329708
65513984
777507
37266370
93567636
94347561
93103897
234217584
462097767
87459658
251729
18137822
9519260
47321226
126690875
125020870
314509779
5840617
59916268
6492945
84613887
101367144
53968025
54417870
7870331
30973193
15750085
15542472
39391449
39719793
98604287
125355415
123703014
311194504
27996084
64571598
64536638
34152361
33702173
84783150
3612586
177475123
4055207
447060713
450787148
13012293
444844995
1119077963
6763031
31504033051
258702283
1796999205
898280
18765319
2463908068
1144888
1241996
3108953
1680786
4207327
2555912227
943774
13102561356
48498540
42264814
649674
395870371
1079591148
7003307
112794908
9984998
9984998
6752574401
84191396
9935511
350711843
24994350
13296585
8800222810
33008740
33008740
33008740
6532772
6167670492
14348414
985149699
2992877
5560627
5606977
9886764596
13183921
4104346
5544394310
11776570
61019468
46920357
1594712913
46687810
46687810
31312652482
113407988
113407988
4455042
5927706826
86846096
989579659
359299
1876852
253478443
1144888
368872
2048217
300131
420946
858017168
691154
172730788
1683020500
16280911
14188255
64975
51648445
431821215
1826731
12414251
998631
3351954
3788767303
9374387
1001406
37036204
16962423
13296585
2954225962
3301308
8661295
5894245
653481
1615134547
1443621
640814219
299300
615189
560721
1037683812
5273382
732897
73091632
3953382
30458684
4905990
535343523
18674465
4671157
4151967666
26919747
29764438
41179479
84212307
572917
9329362
1098337
2344605
2196514
54418551
911635
756791
215453
2244378
5466305
5203569
1915893
10638266
110255
16286418
2047333
204282
485624
2305996
10540944
598461
1110214
80201
21359274
791804
23598761
959459
7309482
41814560
72441888
92417323
155125756
1459041
1401886
429330
38059
3731751
17088563
85572
12510283
399335
31410561
16817266
474363
31672381
52936988
4152902
12190601
8895998
8594474
18685583
41823347
158951834
18992613
25630
18137822
27056
27091388
126690875
41969380
82525479
1337848
56160820
77806772
1042936
454175
618873
2179675
22157930
4931500
13486447
3983186
5119445
434208
1293315
80651
4357999
102880
10349196
662848
16837919
240496
49479459
64665820
4999154
304003
5071216
97075
4583981
28461618
127867
418297
2024211
38951389
33438572
67848376
4368213
126109640
58985167
4559301
177931716
149208727
47577415
47133201
5680825
293707064
265636456
1726871
4817732
10187828518
5204447249
4084606630
570037143
12016390
5204447249
563758
939945438
12016390
5204447249
796782838
975027603
1798246
725610
779803
779803
1312871123
3503434
1066123
1066123
2051871811
72907040
590611
12406603
12742256
401881
303221922
424991
342629040
748853
1798701
1530786992
500225881
7909227
748198
31901240
6393903
6393903
64513500
6393903
6393903
107722215
6393903
6393903
6393903
6393903
5420928355
10518661796
660513644
8444096
8444096
8444096
8444096
8444096
7159138675
1671174
462923564
1154437
5918077
5017510273
3670524
335497
5378424
1577749
775608744
1888476
1888476
1487057
3518926
3518926
3518926
3179424888
8484387
8484387
8484387
8484387
2581866
2350217108
3174125841
4510463950
196246619
3047345
3047345
18011020
30045495
30045495
30045495
30045495
30045495
30045495
30045495
30045495
30045495
25473402919
1137549
581697
1916912052
1747127716
1371198345
313910635
4806386
2999469501
225495
939945438
1201844
2081705412
81970296
132527230
1798246
725610
513744
231601
148289914
502123
190373
106666
688811307
14722809
432522
4164884
57376669
117670771
1351119293
4277562
40193
39560780
54145190
75889
137046778
133719
469170
513883656
21274121
59906073
858693
150848
3511062
1554552
639474
7183329
644445
6393903
11375783
4339224
2146426
2146426
1141735
872506316
1024794808
31917868
775543708
3041600860
10518661796
258536975
8444096
844520
2215680
1708800
1507830
2403315665
167169
3329221
116255
745586
1313940846
1684373161
369298
59908
758415
220201
504513285
633959
188855
296876
389309
351907
351907
333702467
8484387
848870
3393635
1515024
461034
364253571
3174125841
50457918
28126618
1022990
1022990
8990442
3006079
12017774
7131924
5911381
3141555
7885576
3006079
3997807
7604365
2667052526
3377699967
4548689100
8551395784
613727360
1731059
15147540
6756766
34090848
28623509
20511234
3468801
73659289
49140852
2669547
1013799
2096736
1875905
11173010
87098
20511234
938196
34104956
770596
72372
741300
1782975
5478417
5378031
1970227
4370408
4145061
71502
1852809
84476
6561239
11773535
6795908
61378
2059910
149051
2306053
20072810
10398408
133943
74924
602116
324451
1146444
60620
37848341
7133543
366146
795620
43281971
22381379
19228202
33050583
63828079
21068237
968662
74984113
1351748
541744
100364
406097
29302
555808
529803
628558
1407963
1376602
3239176
3043128
6300023
1609142
8108129
244537
133645
655453
3566292
835168
1550939
898477
1719006
30882
4635376
3693953
10733086
7729691
14394882
14944757
16998342
361652
173567
361652
21861632
12319258
7452057
6423705
16056194
16056194
16056194
30185152
108935
16161180
20514650
434637
61022414
50451245
20743218
89917316
190134852
2935502
7146226
679805
2951467
17310860
20239
6361910
10284468
3856942
16513055
32631292
498681
25166251
22098034
41747494
30765474
124359903
389405
781526
150930
206632
13307
560422
630172
2394573
2027181
1525257
9249197
21272166
27269314
52838938
624844
709872
1628044
457294
2848213
12788364
3320824
526734
1129696
5265128
128427
1005585
1975696
131320
60631
5392383
931691
89317
89317
4394791
3700991
212604
14919613
219207
25187665
21644339
34362490
1160243
48483024
121211841
4329621
4988309
9377868
928953
39634185
14338596
246725
4301502
120798
256812
72016
72016
4615067
11390509
7839737
5818946
31966
28497618
210328
162935
798361
54221244
37977231
130535244
18226231
30222231
53783566
1926781
116539143
64454043
89897808
52749184
80039728
154574641
18086361
54058376
34864301
30011803
4542907
2345844
4542907
4542907
120848775
109298836
184175927
501018
6114683
5530896
15897994
5530896
5530896
2209539
3201253
5442
5530896
6114683
2227956
2209539
2227956
6078119
1289529
1278869
2198588
2209539
2227956
3201253
6114683
6078119
2198588
5530896
15897994
5530896
3201253
6114683
6384016
6444519
25019
6348042
2389450
2409367
2377607
5981248
16586237
3775522
3812934
14390
3753278
9597307
2043999
5142004
3755981
1177849
896611
904085
15683272
15832267
62029
15594681
40911741
24124025
65652
89051
242873046
89051
89051
35575
65889
744558
124071577
65652
49978531
35575
65327
26541
35398
49565383
318334
65652
35398
124071577
164341
97375103
67784
67784
67784
67784
100176152
68349
68349
68349
101011162
67448
169678
169678
169678
1502472
169678
169678
169678
37054
37054
37363
37363
37363
52057408
36871
292833
36871
36871
36871
51371201
92755
1269721
92755
2440010
92755
129232385
46519
46519
46519
46519
68749517
67843279
115485
115485
1136790
115485
170670503
32173
47548227
80938
80938
119615088
70190
40293
1372499
164157
164157
164157
164157
164157
164157
165525
165525
165525
165525
165525
4627359
163343
163343
163343
163343
163343
163343
163343
241397642
410916
5872717
410916
410916
410916
410916
410916
410916
410916
410916
607273961
111355
11346
58661
45698282
13234
8905
3601
37458
249947
68324298
22039
11251192
12932
16863
10616
15362
711231
31875
6566
3540
49626879
16434
7085902
12104
49640
22755
20132
18327330
12361
6835
68349
12661529
332278
33909345
12974856
7844
56960
19845
111786
12706
16976
56960
56960
3705
12439
18171
5467
3736
6791829
29208624
4498
32605
3716
3687
6289
6811673
6927390
12607
134086
62948
819109
24194
13995671
51691129
46519
8306
15616
4975
8689331
23079143
22774920
11550
30302
114915
20621
52337961
4699
12451505
8096
11459
33909824
7022
4054
247283
18161
16418
55107
17164
55107
16424
55566
29557
25852
29557
16553
1553399
16335
17859
25638
65335
16336
65335
16342
14963028
32008633
769024
769024
157022878
46659
2931445
97539
22821
54042
137944
104000
66137
107846
164360
46955319
53136073
604
1049851
3643392
2991320
821974
1214
26373
1819918
1826
3045779
2052693
501558
803201
358576
1569024
515793
134732
954128
4844
5388
1074657
2682
2226
1093
2212280
2623
4845
88475
2445786
1167962
469718
1139969
2143107
4675206
1896051
526134
1090
2354
723536
1150773
2163418
565506
2817
1165501
6444519
4467
39961
2323
1445057
372213
2503498
3317167
987950
5965
5567983
862
15857
10927221
6634260
1157
802136
429464
1344
271377
331876
352579
1167
808822
1171795
1351859
20917
271107
132490
405581
281396
1151
293658
207932
122497
310415
1560139
197102
1068048
2007899
4059176
753421
2392415
687
344551
680861
1279998
133075
3812934
1465
1259971
3753278
2518275
3731
90348
1713754
2084137
2943118
5494455
2374283
535264
298561
686168
728026
918188
4373
1457713
6293
4720
19787
224060
26962
2825664
682405
5264858
587294
372315
6824
15184
61412
1561871
2642
2642
2065107
2241546
2822706
2822706
5314876
20823
272720
4420955
207253
2233129
1486942
5684
2607
5684
5684
2607
1591614
625846
10143934
15030
6237652
6237652
3883161
993
272719
2296878
5997208
3738643
14441
10354558
8501407
2058575
13734030
269439
776172
1937
1019254
20421643
17516
17516
10737471
9711253
16364118
20520027
86293208
48666
19079
23684
23684
23684
19079
86293208
44082843
23684
23684
44082843
23684
799552
23684
19079
34043053
44082843
48666
44082843
19079
48666
44082843
23684
48666
23684
48666
19079
86293208
23684
86293208
48666
44082843
44082843
34043053
301656
19079
48666
48666
86293208
44082843
48666
86293208
44082843
23684
48666
48666
44082843
244864
48666
19079
86293208
34043053
34043053
44082843
50247
50247
50247
1288353
50247
50247
50247
50247
50247
523221
50247
50247
50247
50247
50247
50247
50247
50247
50247
50247
50247
50247
50247
50247
50247
50247
740454
50247
50247
24669
24669
24669
24669
24669
24669
284989
24669
24669
24669
24669
465087
484583
24669
24669
24669
24669
24669
280113
880369
24669
24669
24669
24669
24669
24669
24669
24669
24669
24669
24669
24669
24669
24669
24669
465087
24669
24669
45916487
89095441
34198
34198
34198
34198
34198
34198
34198
394694
34198
34198
34198
34198
34198
60639521
22869
713158
22869
22869
22869
22869
22869
42499445
183306
20785
20785
36856152
11187
10454
6207
28120242
125240
116104
116104
116104
116104
116104
1069059
1171680
116104
116104
116104
116104
116104
116104
116104
116104
116104
116104
116104
116104
116104
2019231
116104
116104
116104
116104
116104
116104
116104
116104
116104
116104
116104
116104
116104
116104
116104
116104
116104
116104
1401670
116104
116104
116104
116104
116104
116104
116104
116104
116104
116104
116104
116104
116104
116104
116104
116104
116104
116104
116104
116104
116104
116104
215765477
86644
24463365
8410
1908
7950
15601
2673
2303
16236678
14798566
5472
3519
55747
2368
799552
2397
10846
11428218
24275740
16337
9923952
8159
19466
25406184
8609
14700
2368
12563
7631
86293208
10278
22558807
11107
6296657
580502
4692282
30205
6405
19466
4867
11276540
17632515
7432
7179951
5947586
2368
12498
4867
17632515
4229
4866
1908
27133377
4421754
2347284
5991806
16867
7339
8972
230056
36797
23141
5876
50247
33103
3365
8972
8972
9087
13146
7201
5024
5027
5024
50247
8296
5025
50247
16867
14923
5843
5025
96023
16867
16867
12064285
11167919
108927
261766
261766
108927
261766
19354117
16300103
9998539
9762741
15909435
29909250
11444285
22985887
306748
58757673
17991886
35636918
5997
3009
3484
3353
2467
3380
31732
2486
11998
5247
24669
49114
49693
4625
16742
4844
3610
2467
30411
295539
5185
3027
8281
8281
4208
4405
24669
2468
8281
6434
4405
2663
8281
4973
2467
12573
9867
4405
823006
4660460
5498868
7390325
8680243
5990635
6088394
58066
6569030
6191824
8199133
15414118
160016
25763046
12013510
18365946
89095441
34198
3420
8973
6106
34198
6920
11480
39898
13689
4618
6106
6106
3657
7664299
1068314
20356626
18595767
43541538
16171468
23735404
6561
3410
2881
2287
3340
3237
2303
51959
124865
11129375
14267021
12048218
146322
27287
8314
2079
9222456
1125
1045
1108
7102819
17660
38976
20732
45321
11616
11610
255514
211102
13183
13965
12845
38976
11612
12694
18223
116104
11610
38976
46440
23220
13329
1007926
27559
38976
11610
20732
15123
5932
16204
116104
38976
18134
22843
15269
11612
72338
11829
23179
38976
12139
370142
11616
38976
20732
29385
11612
18687
46440
30472
11616
20732
27559
11616
46440
20732
11612
17725
15448
29385
11610
11762
38976
11612
59291
12515839
17324100
28609881
633929
633929
633929
33440887
25245712
38528424
72432254
26044492
15550039
54000176
140349822
17632260
30924116
1599916
215765477
1190856
2732434
530
3257034
269492
1584151
365
1410164
387784
4034294
2767134
172220
296269
160460
1837713
887496
1410164
970568
494
461425
494
12079025
31481
1381630
815849
2313250
4034294
945659
1039374
4831439
2420971
1527012
957708
3533525
541974
494
2879653
972085
157322
12079025
1822982
2928446
3396
2434329
415192
591899
5887
245889
6471
161401
148
815849
4831439
815849
472757
840665
3535
1680213
1229418
688968
229588
1190856
1992
351834
2871
1179
959
2860004
3535
1680213
345
235613
1365
1992
3717679
206172
2563
37469
359860
4831439
1435394
2092436
1435394
922942
961180
3386798
24610
4264
54448
560773
1508258
765844
855728
2452116
2638594
2909331
3000
3000
3000
1410
1410
1410
3000
3000
3000
1410
3000
1410
3000
1248841
2735197
1157420
2520962
1092600
1062292
2359596
922341
2007162
1828215
684197
634095
491182
462826
544598
460557
1755818
1755818
1755818
1755818
1755818
1755818
4196127
474904
385
161499
1942775
5996
3386798
833051
1106909
2991504
5803967
7948405
9228857
3686
3686
3686
8294
3686
3686
3596212
8310941
8302386
3264061
2122576
4969911
3048032
1795669
5040641
2092436
5040641
9392
5268
25126
56742
150382
341048
165941
245085
574775
610581
640417
755590
766218
337036
355314
357254
393232
428035
473274
1110568
1184968
1267
527
1267
1267
1267
1267
1182090
503626
1104522
445183
927517
374654
816281
264398
553465
379455
149087
270525
257142
73697
96442
694815
694815
694815
694815
694815
694815
694815
694815
1525054
290
125187
86242
72417
429584
576221
132329
702770
1908801
1032713
2209449
2826470
2960159
1586
642
3606
3606
1586
3083055
1176936
2548964
1048016
910433
851890
1188602
383856
1817104
1817104
1817104
4542922
33678
12602047
157571
22528
67285
461206
664068
1873629
825
825
1747
13495
1293156
46139
1041429
1041429
1041429
2447547
146
538
4742540
173631
579828
548631
1449608
2918429
4444829
1987523
2235833
5235149
1913356
4174037
1734628
2853789
7290899
1107075
571
514955
190919
571
158144
81777
264569
381519
464
993
1022645
415129
234459
619507
1310954
19777
286
292508
1940
514955
1107075
2540197
1200
2865
542079
1120427
1562004
748249
347
1980
345467
339063
697049
495239
495239
338992
713615
1140702
7261
434
100767
136476
78589
166
52197
116920
246
210750
425610
430192
430365
27447
482826
692995
150228
2240
466989
5002916
3541265
5915290
1055082
7491
2664746
4128168
1236731
9414200
727
105343
727
175815
350038
350038
672010
1594099
939323
3934626
1914577
4118391
1949136
2070613
4643795
2560434
2622516
5898959
2721632
3023146
6936578
7586074
8616123
4038
4038
9152
9152
9152
9152
9152
4038
9152
9152
4038
4038
9152
4038
4038
9152
4038
9152
3843917
8512843
8164999
8164999
3637907
2818945
6274428
5765836
2527679
2487801
3899124
1689622
1418236
1189209
1087286
4929082
4929082
4929082
4929082
4929082
4929082
11559792
173399
2649033
1007031
2539
1939089
521314
1183
274832
656043
1516583
2729343
17542
7491
17456510
8049004
9414200
9414200
9414200
9414200
9414200
23576001
701481
2878548
3239035
3522074
3736987
13805686
7259064
18091849
22581733
25057
25057
11382
11382
25057
11382
11382
25057
78962
11382
25057
8549649
7518779
7518779
7097865
14401609
2657280
14201807
14201807
14201807
5915290
14201807
25203
36244344
1115284
1447569
200713
366925
1666160
3680985
9970479
2631867
3674310
4431864
6389093
108379
120692
5631258
89915
89915
3208042
77605
65291
102227
3238257
65291
6065028
108379
89915
795449
1376963
36445908
680361
1165390
1152518
1495896
379175
1721784
3803874
10303341
4579821
5821862
6602391
124721
99286
3315142
124721
6267507
822005
37662647
742479
2051345
2665584
3073178
6801440
18429928
4860485
6789100
8189466
11809084
184901
207663
10408202
5925567
150770
207663
105254
11210040
4661033
2535070
67371414
1029756
1320506
3321943
180986
331851
1574247
1553495
3674844
3705476
3656631
9198834
10825449
10915684
10771796
27098159
2509294
2530210
77362
2496858
3163972
3148291
209633
7920024
3218300
73448
95441
6514627
1263906
38335828
38655373
38145828
95961867
1075653
3432846
7075895
3269600
114711
1923425
39615662
39945874
39419319
99165534
1699457
1919403
6140717
2910045
2871686
7224180
6793066
6849689
17004337
20011186
20177987
50091803
16967679
21127442
513648
14640415
156098
12042495
11982810
70864991
71455680
70513771
177388547
195598
137317677
30862778
195872109
193290177
411383747
349493
414812800
409344851
867615
796016
785523
1976108
1976108
2306652945
297523921
300003905
50375
4037159
303377
303377
303377
403416
203974
32853809
2818908
2818908
2781750
3247054107
6997932
8168478317
3372169428
346475
255125293
918952
918952
361523454
897481067
725955
1703394748
4214627
83522654
1124498059
6012143
6012143
113199685
5932892
12935899
12935899
12935899
15099690486
19562
14526911
10360603
65754070
3819737
41763672
129818
106808301
55890566
139666
122632
78562
197619
1976108
2306652945
39451451
157307356
5832
1614806
219622
303377
101843
51288
23705
21606059
326908
281902
2051917
459723683
15398694
31147169
579814156
1249594
78355631
1943875379
1348820156
346475
85645304
367568
105894
79813613
118691281
72632
681333847
671359
12913248
377492869
3265547
2404772
33913843
662600
2622726
2309914
1828761
2130192326
108938
15824
338505
443292
335612
60757
99084
197178
528473
16379
337708
954106
1376392
18792
8888
499264
22361
1480801
19734
42655
51889
1505307
1681649
42444
49399
27098159
286944
332730
1326718
8957
326079
1265544
3163972
1056878
2279127
3148291
1719695
26651
646132
1752815
13115
9546
3976469
146890
7582755
5343292
6845483
12869299
70468
4482856
6902543
25421414
5400754
69539
150307
6811556
28137713
378122
378122
17135547
22836311
124730
612990
1233554
414944
12691
645692
2317559
11705
15845705
157400
15767171
736550
2588699
30649
644341
1919403
707615
2456200
642451
34198
955393
98890
11046
11060878
8004191
6773730
2780304
7979255
35734
93371
79414
7307959
15611
4042653
4022617
12654093
234105
20664268
10714563
271609
21407627
38811769
28581263
7704589
25077603
25025130
31675601
35965151
116977
106538494
129569
129569
23072431
139886
139886
152067888
218163
218163
218163
218163
218163
218163
218163
218163
218163
218163
218163
3211443
327018977
504379
504379
504379
504379
504379
504379
504379
740551209
183168
183168
233245228
217553
217553
326334248
390662111
348422
12727151
99043
464195335
191591
2821087
191591
191591
191591
98588
334625
491310787
121044
121044
1786145
1786145
1786145
1786145
1786145
1786145
1786145
1786145
1786145
23171119
1786145
1786145
1786145
1786145
1786145
1786145
1786145
1786145
2622490960
273847
110933
105821
145946
337936436
521218
14577238
507713093
1845775
62830269
52187228
1845775
2710042260
216236
195943892
230971
230971
243026846
280106198
457377
457377
932362
932362
932362
932362
932362
932362
932362
1368932330
430498240
456977
5157709
23849179
354162
23849179
618565
12048665
908203528
409598494
3301745
3301745
3301745
3301745
3301745
3301745
3301745
3301745
3301745
3301745
3301745
3301745
3301745
83038680
4847757474
59739529
11699
11270765
43496
12957
7745392
20825
24979
2335619
51049037
5878863
38956
21851
21817
28050
38956
81036
38956
21817
35119
24622
218163
452848
44650069
36937072
33198962
84202660
50440
504379
504379
77703
50440
90707
50444
104850399
248602297
544073007
740551209
21208
20588
27932992
30928144
1122782
36150025
122302375
91296396
233245228
35417
43862
326334248
35087
79151896
2570114
17685
31482
1128395
138697
191591
64316
12533
63450
61141387
14067
29391
434266
178705
318945
361455
714432
714432
178622
423569
225026
15238311
178705
207138
714432
237661
452064
1317523
318945
178622
274573490
495766581
371296924
21030078
9230307
21030078
21030078
62159198
468288280
468288280
880367582
624081427
1048959354
2622490960
273847
15482
21126
48994
135169802
70385
2089250
120005531
69009133
366322
21092058
11459877
329593
9538459
1083978638
216236
65778167
92385
26615
43396383
61839107
37043860
45761
45745
312993
932362
372931
133629
148518
93283
166488
13006127
547553602
83017981
48389761
252855141
64603
559964
3687267
118891
2385232
191027
304883012
2627103
137501803
568349
1793371
368747
669421
589580
3301745
649610
1320651
1108392
330218
466771
416237
398655
24877814
780253628
15897513
15897513
693543164
683898506
508077200
2793899139
97184382
677714
117986
9965
374399
146246
178044
5726
371077
485947
67379
109557
208691
11315
255317
250775
248049
407241
297519
559328
1015759
34821
34821
414186
930152
13098
13098
5590
5590
5590
5590
502589
415770
415438
657299
657299
657299
271681
519058
947800
473278
80744
1367295
592554
3680985
1372130
1411662
14632
34172
14632
34172
14632
14632
14632
2372457
1793089
828330
3347079
932921
7325176
42548
1536033
2025827
3988050
9970479
10469
304741
300961
315187
343711
348983
6381
6381
407905
295832
469962
883515
1714919
32705
89551
1380022
1030160
2631867
598176
740799
1469672
3674310
291778
960209
21886
21551
527147
708891
5274
461868
434397
1076936
696570
34523
2322635
2322382
831108
1283171
1283171
11431
19532
3208042
650139
1763684
13857
12698
10225
582272
754765
1083009
3702037
2455412
1150027
14829
9373
9011
334350
160029
180667
3510972
1253008
2933372
6057512
4338285
6776237
6889885
7208932
5068141
5127036
8642840
130899
55772
130899
130899
130899
55772
55772
130899
130899
55772
404596
55772
9224278
8861108
5266652
7375422
4694523
4587527
6611368
3806832
4968875
4533946
6508007
6508007
6508007
6508007
6508007
6508007
6508007
6508007
12234854
25411
4683665
8673133
23968376
357596
163900
357596
26883791
8407784
14577848
14577848
14577848
14577848
36445908
94956
135136
271081
11493
267116
203508
75698
73749
578001
457939
574513
1521496
1381132
1349746
35313
802983
4579821
1299464
628849
1151007
17875
420724
9680
13798
1481418
1119165
851889
275946
4132321
7474725
57634
135269
8270401
2070471
6725276
6725276
12643312
7325
253948
24498570
8592739
369534
15064527
15064527
1124511
1003437
7662
688634
51199
2051345
80213
307164
475983
1066196
678466
406425
23627
4424159
8200
2857763
70031
32411
956372
2970233
2935751
4335206
3290962
6186908
1824214
5224722
2641435
174580
174580
78651
7371711
7371711
18429928
937303
546338
1631660
2854828
1924650
959782
13314
26360
737082
259150
1460529
1117830
17326
32106
623743
670991
22846
1989207
1369110
2957826
63491
15079
17336
1367269
3763199
105434
3461918
22949
139137
1564704
9351041
10843527
11037446
11597045
241972
241972
103097
103097
9492273
9326376
9012671
13255168
8026997
5757924
5447125
12030258
12030258
22616516
209078
6549191
13659411
38828042
661028
20184009
36593365
19645539
10170363
7532633
26947614
67371414
842057
849870
5098
837411
2180464
875102
883231
870269
2269731
1569262
1583847
1560590
4073078
6276
103282
6276
21838373
6329
91253
6329
6329
6329
22020405
409
6245
6245
6245
6245
6245
21730138
15712
15712
15712
15712
15712
54665601
22567443
11603
40368924
11699
11699
11699
387912
40705416
11545
40168848
29044
29044
29044
29044
29044
29044
101051093
729
41311
627
2234838
2895752
1438003
975
60012
2350
733
632
7392228
5669936
11546422
47
624
4521
6245
2096
4607
3076591
24120
57068
57068
2966959
3880268
7294785
1571
2805
1997
15712
2529
143564
13008924
54665601
9026658
1160
16146999
6354
11699
4679
116215
8986543
13664767
1289
13484642
11617
5888
5186
4626
4106
3346
15623280
14255806
13363940
34045
56723
73662
92200
166557
167038
321
321
130
321
321
195288
96152
101728
150362
150362
282677
92845
60379
14841
513983
400
336810
38456
842057
170627
84230
78779
100527
120527
2196
131
88667
60424
151758
151758
151758
285300
512
74093
218829
558910
253755
462873
445630
371051
315682
123433
590
122472
88064
104271
130
320
320
320
320
130
214666
213381
97221
102384
149533
281118
24
154507
617704
606223
334952
837411
30131
836
836
342
342
342
555545
209917
387890
102647
157705
152231
537073
618142
473449
518891
333499
2180464
37418
84389
230397
48993
45247
12657
12
62076
350028
339
39297
157715
217769
151715
155400
4252
33577
51528
348095
351472
195235
402133
761946
22930
1873
191735
78223
280217
526799
517
2014
747
457597
219709
313844
627682
607
607
349666
531695
150
474509
860280
633516
1583847
212536
523888
125
92569
744
440228
53053
494622
582391
609369
633
1565
633
633
492621
432903
347186
277630
720359
14053
150258
2649431
825807
2033131
1629173
5713
5713
5713
5713
5713
5713
5713
5713
5713
5713
5713
251222
5713
5713
5713
5713
5713
5713
5713
5713
5713
5713
5713
5713
5713
5713
5713
5713
5713
5713
5713
5713
5713
5713
5713
5713
5713
5713
5713
5713
5713
5713
5713
5713
5713
87386
5713
5713
5713
5713
5713
5713
5713
5713
5713
5713
5713
5713
5713
5713
76806
5713
5713
5713
5713
5713
5713
5713
5713
5713
5713
5713
5713
5713
5713
5713
5713
5713
5713
5713
5713
5713
5713
5713
5713
5713
5713
5713
5713
5713
5713
5713
5713
5713
5713
5713
5713
5713
5713
5713
5713
150863
5713
5713
5713
5713
87386
18860179
5904
5904
259609
208397
5904
5904
5904
5904
5904
5904
5904
5904
5904
5904
5904
5904
5904
5904
5904
5904
134029
5904
19489822
8784
8784
8784
8784
8784
8784
8784
8784
8784
8784
8784
8784
8784
8784
8784
8784
8784
8784
8784
8784
8784
8784
8784
8784
8784
8784
8784
123950
8784
8784
8784
8784
8784
8784
8784
8784
8784
8784
8784
8784
8784
8784
8784
268706
8784
8784
8784
315633
8784
34863638
1389
1419
1917
1020
2230
571
1020
782
661
571
644
44859
664
1020
782
1056
2285
572
571
850
5713
726
1156
1083
1020
1020
776
5713
571
646
2285
5713
571
571
2230
734
2285
938
5713
2285
855
843
571
1917
571
34953
1917
3559
880
1354
571
599
1387
642
1200
1020
719
571
701
571
50511
1020
1917
1020
5713
571
805
571
571
2122
1020
571
1396
919
1864
644
571
1027
571
571
862
662
1356
571
930
604
1303
1020
1151
5713
647
4136
2285
5713
572
1917
760
952
1917
1446
575
4261
4214
2285
1020
571
12322
3150
1741857
1837693
2347063
2258658
3565406
2500845
2670257
2670304
2884073
20044
44488
20044
44488
44488
20044
44488
102216
44488
44488
20044
44488
150766
20044
2923086
2575105
3215928
2130273
3367790
3367790
6331343
49015
1167655
4856223
4488209
13856319
55354
128308
299337
12438125
9889354
3808614
7382214
7543805
18860179
1171
1054
87150
45762
797
2719
590
5904
1054
1054
590
769
1982
824
1159
804
1178
2363
1982
656
17381
1054
831937
523681
4606709
45973
45973
20713
6542713
2352566
2793336
13994451
5099283
2649086
7795653
7795653
2712
1512
3513
4771
1240
8784
2948
2948
981
8784
3513
1610
910
878
1780
1868
1568
8784
878
1258
1399
1241
878
1367
1728
3513
1088
13457
878
913
2948
911
878
1186
2948
878
1399
878
1568
2653
1241
878
878
268706
1012
1107
1060
94561
878
4614987
645471
5390188
5611353
31753
31753
76939
31753
634949
4987757
4918395
7696853
7601702
4610693
6723160
3918815
3240615
6225467
11703688
8994530
20092896
233540
97023
9297504
20477319
13944962
13944962
370
152527
56900
215194
95565
20
14624
663
7831
60509
36108
69709
40197
40223
46239
88624
90196
113039
114833
65666
142153
79495
155116
157522
160505
85800
85809
170255
91622
191709
196643
100602
104503
210495
211399
111089
113100
247165
121542
121546
258649
123608
272749
281730
284331
290717
297353
138040
139481
453
453
453
194
453
194
194
194
453
453
1295
453
453
453
194
194
194
453
194
453
453
453
1141
453
453
453
453
194
194
194
194
453
453
453
1864
194
194
2931
453
194
194
194
194
194
194
194
453
194
194
453
194
194
142754
309242
139985
303136
300707
300664
136495
297992
136485
135671
134520
133082
284265
131239
282225
279579
274025
128505
264485
125324
123068
241241
112171
109982
217723
105866
205267
101286
99935
184551
93860
182079
167322
70218
65118
119366
63005
117711
62214
61720
60181
109975
99208
85266
37442
36996
61467
61464
180063
180063
180063
180063
180063
180063
180063
180063
180063
180063
180063
180063
180063
180063
180063
180063
180063
180063
180063
180063
180063
428699
505
4985
725
11657
86
105398
70920
85581
106
47757
95833
35
50406
72810
18928
69787
287258
161314
189461
984
3618
152527
346089
346089
120638
120638
190225
241088
132088
304940
413824
96664
499014
499014
274064
284349
779356
780315
795373
796487
832993
840720
369968
939213
567
1555
567
3750
1555
1555
1555
1555
1555
1555
5311
567
1555
3750
942982
925556
925455
843084
307447
696260
670323
273112
262544
256906
256901
558139
230129
217048
216536
517551
500383
474854
197548
152232
141284
219014
105677
511336
511336
511336
511336
511336
511336
511336
511336
46062
511336
213971
511336
1278386
222807
360750
116241
158654
110313
83934
12489
7315
44748
48293
113795
81613
97225
102874
220280
109276
222221
122975
261151
282893
140209
327360
204
475
475
475
475
204
204
475
475
141919
255182
216852
213726
104037
180410
161348
57496
53555
88903
46908
83945
33506
59046
15840
187405
187405
187405
187405
187405
187405
187405
187405
445648
21
6001
147
11859
84586
37832
40350
32869
60459
102935
1032
1032
87560
172898
865613
73203
109170
129180
532674
612883
269322
1632
245
1632
955525
299737
37042
324647
280982
115840
115590
532278
532278
532278
532278
1330743
322
216790
68642
269868
700188
213517
311772
29745
311772
10247
5334
11137
79648
131709
244226
289399
305317
305387
311048
166264
320871
349218
240655
560701
611168
368
972
972
368
368
972
972
368
972
972
972
368
972
368
972
368
10038
972
269836
250006
243216
515192
505878
487697
230377
230373
433210
213096
419880
387296
179386
173393
170969
292902
141796
126361
188718
167478
87357
75688
66288
115035
371162
371162
371162
371162
851072
10057
65729
8897
830
3545
133046
78103
198
121450
121450
243805
220626
1256645
700188
1697170
101726
121727
222645
228
229484
250888
626493
453687
1095198
548634
1302381
1503714
753861
773399
3449
3449
3449
3449
1240
1240
3449
1240
3449
1240
1240
3449
1240
746724
651609
1532484
1417170
723625
277758
165652
1036864
1036864
1036864
444293
1036864
1036864
2609129
533881
526843
39228
98686
58314
74471
75092
73541
74154
184088
98353
99173
97865
246196
11889
21301
117892
118875
117308
295108
389898
393148
4754
387966
975990
1885773
1901491
1876426
4720448
227067
228959
3472
225941
568392
388657
391897
972884
1325358
798991
795032
992983
979893
2465077
794414
16501
309878
312461
308342
11345
775684
314221
316840
312663
3739
4570
7416
5401
6592
905065
912609
900579
12378
2265550
14438
2104839
93081
93856
50073
124306
211559
210510
8051593
8126753
97176
8006900
20885030
21279
4840639
798540
7995
7899
8537972
7965
8609139
8570
8641
8641
10695628
8527
21453
21453
21453
21453
132314
1578873
9100
12338799
9055
12176153
30631039
17107
17107
29470826
17249
17249
29716478
2246
248086
17022
29324763
468400
42823
42823
73771082
52689
78535649
53128
53128
53128
1330103
52428
52428
52428
52428
127226
127226
127226
127226
127226
127226
127226
196589662
12215
20137603
12317
20305458
1975
30577
17062
17205
90140233
47240366
47006234
54704178
36217
87887
135802984
2249111
204265
14426
14426
14426
14426
36171
36171
36171
15885
1586612
62881390
1300827
6402
51398952
34273
51144209
15889
202389
122360689
8436
7385
11780
186586
186586
186586
186586
186586
186586
278115852
188142
188142
5320999
188142
188142
188142
2099650
188142
188142
4159835
188142
280434062
6387573
185662
1983480
185662
185662
185662
185662
185662
185662
185662
276737456
450544
450544
450544
450544
450544
450544
9077199
450544
450544
16817018
450544
450544
5742069
450544
450544
450544
696176855
3799
11592575
3148710
268069
7995
790
903236
7965
2890079
2545
864
864
1395438
852
8580
14133
7201
2472
44417
530026
1712
2724039
4142122
905
140479
4087522
4050934
12251983
1892
1711
2991877
6407
1725
7651563
224
25260
2588
4003904
74372
6893
4284
7742781
5271
31413150
5315
8184
12147
3268
9361
6367
20970
5243
12723
83808
127226
50888
20266
12726
33185
196589662
2181
2670231
2199
10647188
228
3059
8414
6881
206809
228512
18364137
6057
9342
12873424
347730
81703
10443
14426
4842
2576
4244
14468
12142
34627808
2019
174623
9008
4688
9178116
3972
17169059
51144209
1764
21849484
101025
980
738
3954
18661
18737
18661
18661
19509
62637
1296979
49662094
111242413
595573
188142
102191
33595
20345
75254
1380819
51119
21818
1246258
18815
47396825
1307790
50076048
36021680
157347308
2144302
20735
220852
18713
74262
23052
18575
18567
136951
48712
36694590
39180980
604253
1290551
72469537
32155452
49415959
92900486
45060
45330
118220
80452
91346
80452
958579
106946
305762
3164199
118247
45062
1338251
63693
80452
151247
3246586
3246586
98213310
130990603
86613731
165671131
75313
94076
170449
162393
25517
33128
747
8635
75092
7779
666
24893
74154
1669
32871
29210
7022
12938
322
687
318
25087
32853
24873
28370
43962
82648
162197
98475
3991
6360
22182
14889
26244
39906
690
690
39380
851
39027
118039
43135
22857
2391
405
257
101230
1104
146034
215
24894
58990
872
400
52971
1007
4228
634856
100033
154967
2741
5985
157112
390382
1014
2400
175183
6429
2949
754282
243680
230346
434781
638328
6483
292940
159
2388
1009
180025
335066
750544
110065
751932
1231274
2408
980903
10922
1025085
15963
3109522
1888112
4720448
25965
30108
40546
40884
120055
353
402
29507
1901
5164
191668
55218
156753
1006
2192
1105
1240
333343
170826
163879
167712
119850
42539
794414
2551
39326
379
123947
309878
50288
382
41939
55059
103510
223217
308342
91022
260396
168426
387193
427157
310262
1248
1442
125683
63611
172563
379
104960
667
457
5431
540
729
161614
303829
552443
96276
302323
900579
760543
366
1433
1374
375853
1205019
7207
10817
16759
1767
41729
71020
746
1592590
2012069
9915
9915
688964
948491
182299
1437742
1437742
1437742
2702911
566
8500
445113
344210
1447143
11675
106586
11675
11675
2347848
1112302
3220523
520255
1339344
9997
9997
4157
9997
1113617
599919
445561
1451163
1451163
1451163
2728142
272143
792107
2208074
5344498
2434719
4559798
4414116
3250586
8126753
17352
32621
2269885
154138
133146
818019
501723
717427
842707
976184
2100797
9866
4102
9866
4102
2096775
1822676
474666
595907
1429761
2687908
508258
25958
5906172
3157707
3202646
3202646
4176905
2186233
375979
2496152
5480106
25018
25018
25018
25018
2484745
3929666
3929614
1842412
948551
3669636
3669636
3669636
3669636
7011083
337192
371118
45728
4234395
4970068
29424
29424
14173631
5481370
5166760
4957496
4867480
17199
17199
5212
5634
225686
3987013
6396
6374
6374
6374
6374
7189238
6875
6875
6875
6875
6875
6875
6875
6875
136705
6875
6875
6875
8827101
94415
1289083
5147
5287
5287
7304
7304
7304
7304
7304
7304
10116948
12053
12053
12053
368236
12053
12053
12053
152442
12053
12053
12053
189441
201768
12053
12053
12053
12053
12053
12053
12053
12053
12053
12053
12053
12053
180204
24535436
38856
38856
1059028
38856
38856
38856
38856
38856
38856
38856
38856
38856
38856
38856
38856
38856
38856
38856
38856
38856
38856
38856
38856
38856
38856
38856
38856
38856
66479113
8723
8723
8723
120641
8723
8723
8723
8723
8723
16798662
12024
12024
12024
155279
12024
12024
12024
176824
24488547
29809678
1880843
24528
39066880
25477
25477
25477
25477
44997053
24520
24520
626547
5060
714865
39047078
10275
10275
10275
10275
139393
10275
10275
10275
10275
10275
10275
10275
5019
494049
20781898
1030872
5063
714865
23587
23587
23587
23587
23587
317391
5037
42452733
320930
405733
63914
847452
40403402
6754
6754
5859
1333316
8421
16052725
137600
137600
137600
137600
137600
1382728
137600
137600
137600
137600
137600
4177701
3574489
137600
137600
1457355
137600
137600
137600
137600
137600
1680895
137600
137600
4202882
137600
137600
137600
137600
2835645
137600
137600
137600
137600
137600
137600
137600
137600
137600
137600
137600
137600
5409359
137600
137600
137600
1531936
137600
137600
137600
137600
137600
137600
137600
137600
137600
137600
1718207
137600
137600
137600
137600
137600
137600
137600
137600
137600
137600
137600
3245482
137600
137600
137600
137600
137600
137600
235420417
17199
3071
3833703
4558456
735
786
75762
2593448
6396
1138
6374
2549
637
729139
760553
2413420
2308
2750
687
4529
687
687
2308
16024
2308
2041
687
792
1151654
1576222
2963248
5752184
31695
432744
514
568
1055
1087
730
2451
1374
730
1304
96024
2233520
1337959
3396249
267743
4046636
2152
1645
123616
1333
1207
1548
1205
24204
1205
1205
1549
19289
67733
2152
1832
4477
2152
1205
1940
1205
1360
1248
12053
1205
1205
25410
3349985
2771298
2426671
2575162
6317520
9813828
3887
3885
2055
13044
5247
25595
38856
15541
38856
38856
13044
5569
15541
6189
5986
3885
6938
3886
3887
4750
4719
15541
8884
3887
6987
10135
3886
6938
9412396
22316971
48841310
314500
26590706
66479113
1010
2928
1557
5654
1557
872
980
1142
1557
2011774
2227490
43974
2603577
3758533
3239481
1888238
9866772
8808395
6575300
16798662
8308
4809
1699
16858
5930
1957
2424
97262
24488547
213944
2453
156485
139519
2547
2708
4260
2565
11666659
15105465
4186120
8231
2452
6658081
1339079
126524
903
110523
102456
1205
3449
1834
1688
55755
4109
3449
1028
7438
10275
3449
1834
2978956
314241
11444270
638
54375
5389
3708
71495
7284
2734
4472
2358
2359
5283049
10034334
7580623
14251339
5770239
69204
559
42452733
107736
7214682
54042
31903
90506
784
1640
586
46388
447592
2827
5388883
470423
33454
23685
137600
13761
13767
21396
74738
27308
13844
13761
36105
1402450
784927
24570
15367
162270
13868
24570
13817
27845
27898
28596
55038
24570
55038
24570
137600
13762
299452
32662
24570
13762
55038
13760
29834
93382
27072
14880
55038
32630
24570
1017795
17335
14387
22176
1007466
13767
46192
36113
15782
13761
37386
17085
15957
13762
13767
400446
13760
19452
46192
24570
17757
46192
55038
18308
34825
17346
16614
972324
101498
24570
19898
13760
36102
24570
23961480
37891259
39788962
44504853
31216070
33331240
902929
902929
902929
361514
902929
361514
902929
2969450
361514
361514
902929
902929
61649799
34582492
33680360
33211989
44296017
29289455
27354627
24061910
42038132
42038132
42038132
42038132
79030397
30239689
56023647
135679415
2512292
132090833
94164842
94164842
235420417
93494
113517
128421
107656
81664
149960
2795
7952
19127
37062
216
13099
112965
11306
11793
485
485
19906
19906
37423
1295
26220
44590
111479
2185
5615
11373
17713
18586
19715
496
232
232
496
232
38737
17413
26984
26984
50729
98474
44881
99556
20558
60443
4823
458
2982
5539
5396
8284
22837
505
505
236
27939
27442
27144
44564
40252
24112
34306
32557
61207
111155
1362
1362
634
72929
66679
22486
53199
84196
155871
93792
888
888
888
325
325
325
325
325
93164
84222
79249
54122
49151
53929
110148
110148
110148
207075
31167
20532
1474
401243
35442
86982
196
158829
97942
79310
259181
2115
1014
4710
2115
1014
1014
229127
99298
246730
246730
616848
49624
378616
175
197818
258335
271889
371359
247837
254931
289318
640411
665911
765262
1119
2637
1119
2637
1119
1119
2637
1119
1119
676469
559517
451063
193995
99874
87831
446122
446122
1009263
144164
127074
5306
852303
187659
595825
297551
2208800
7388
7388
7388
3212
3212
7388
7388
1980454
348377
541610
1202538
1202538
1202538
1202538
1202538
3006453
458
18362
41305
46708
40793
42721
46587
47302
564
246
246
246
55288
79815
68792
40098
63700
63700
63700
63700
119754
232445
1551
1551
4963
209527
187052
139630
356731
174309
86924
100099
325
887
86634
44665
303223
338206
424856
123966
245937
245937
614866
839805
283549
1253
1253
1149
81518
71440
406322
584
249587
526087
10710
24070
65910
47765
231871
42060
143232
207073
426125
11325
75781
1485
456
1400
1225
1415
1136
1269369
33183
56746
49760
78704
80355
62061
108060
70097
275
275
639
275
70405
66513
66217
87322
87322
164163
106181
112988
244100
1756
1756
1756
1756
354051
354013
126690
269295
195600
195600
195600
456
599
692
1183
489019
99572
276
166491
270117
198375
796
674
456
6530
644
457
877
67237
118391
94666
340320
560
112608
244737
244737
244737
483342
3943
141
878845
444645
3841
582902
270533
145182
756
787
688
660
1439808
232308
448912
765573
593
456
3462
1005
546
3934
34648
25480
16583
24616
1260
16654
214
4989
545
111437
2464433
1160985
1712409
621283
3886691
195913
148005
203485
184596
420332
1113506
624106
639346
1320264
830807
1708205
1765234
1812303
1867914
1929803
959383
1006999
2203017
2264800
1146428
2427009
2438372
1324438
1350308
3097180
3314453
3526974
3527325
14130
14130
14130
14130
14130
14130
6257
14130
14130
14130
14130
6257
6257
6257
14130
14130
6257
14130
45582
6257
6257
6257
14130
14130
6257
14130
3518418
3368928
1501349
3199191
1429743
1411632
1384521
1353820
2935302
1314403
2798235
1239863
2504822
1160336
2409115
1113739
2247225
2247175
2113391
902967
745045
711860
1280839
1092601
587671
1009121
540241
965900
479331
750929
424205
452997
234022
2057202
2057202
2057202
2057202
2057202
2057202
2057202
2057202
2057202
2057202
2057202
2057202
2057202
2057202
2057202
2057202
2057202
2057202
2057202
2057202
4775991
890
2993
12227
182600
2993
194249
1155569
544775
3962
324468
415286
26946
9650249
632904
1064257
3685917
2080335
2511322
2751062
2944020
3111337
8550243
9756599
17543
38450
38450
17543
17543
17543
150618
38450
17543
17543
38450
38450
10943352
4160969
10068265
3528355
8324097
8058149
3271759
3101084
3027668
2987319
5731717
4024825
1514940
1076175
869839
5822868
5822868
5822868
5822868
5822868
5822868
5822868
5822868
14835720
311
311
5891
311
311
311
311
311
311
311
311
311
311
311
311
311
311
311
311
311
311
6859
311
71212
311
311
311
311
311
311
311
311
311
4164536
314
314
314
314
314
314
314
314
314
314
314
18308
314
314
314
314
314
314
314
314
314
314
314
314
314
314
314
11963
314
314
6323
6133
314
314
314
314
314
314
314
314
6772
314
12828
314
314
6917
4199249
11
11
11
26333
309
309
309
309
15505
309
309
309
309
5673
309
309
309
7252
309
70859
309
309
309
309
309
309
309
309
309
309
309
309
309
309
309
309
309
309
309
309
309
309
9670
309
309
309
309
309
309
4143896
779
779
779
779
779
779
13319
779
779
779
779
779
779
779
779
779
779
779
16096
779
13319
779
779
27908
779
779
779
86617
18244
779
779
779
779
779
779
779
62633
779
779
779
779
779
779
779
779
779
779
779
779
779
779
779
779
779
779
779
17171
779
779
779
779
779
779
779
779
779
779
779
779
779
10424626
31
104
1061
34
43
31
55
31
36
228
31
31
31
104
113
53
31
38
31
104
31
2743
58
9771
32
31
104
104
153
31
31
92
104
270815
552214
2660
17907
580309
761906
743645
743645
2106
2328
128712
771401
832
1180609
1871960
3435
1665755
1665755
2049
1912
31
314
125
58
50
170
314
40
56
36
152
56
31
105
105
56
56
125
49
33
125
48
31
45
31
37
3072
92
314
2529
4033
56
71
116
85
36
56
31
31
678
31
3843
31
33
1705
1190450
709725
526366
530748
547867
2682
927069
749844
1409683
539392
1081246
2356135
2201880
945337
1
1
1
8839
46
43
37
30
14
30
33
48
34
631
31
79
123
738
30
103
39
47
30
30
52
55
45
51
37
123
47
55
43
30
134
30
38
41
55
36
31
30
3246
224
309
104
55
228
81
145923
549468
586700
939
939
2647
2647
2647
2647
1085166
565793
558803
464660
437985
739959
1391101
19190
2695496
1274712
4143896
77
261
139
77
311
91
526
88
77
78
105
204
139
513
99
91
82
513
52
158
2114
139
779
2947
13930
311
185
77
15466
1844
34
77
124
529
102
125
162
11784
21026
311
77
261
77
77
197
125
95
261
100
110
125
77
204
443
103
203
77
4002
78
110
77
311
139
261
79
88
89
77
86
115
77
77
261
2084874
893426
1611727
1340669
6659
6659
1470656
1378649
1961467
1296963
1861485
511082
468582
2955289
620145
2480777
3196824
5740680
4169703
4169703
10424626
63819
605
4619
5190
11433
18316
57971
21428
25956
77848
78303
114760
120906
14
4
14
14
104
14
4
14
14
14
105005
31325
31111
28195
70173
66032
17526
31354
29629
8475
8473
7412
879
62542
62542
62542
62542
62542
62542
154163
0
11
11
26321
6627
12919
12
18653
1001
1220
3639
67846
3
130187
12711
16018
63471
166937
206424
226471
280310
336308
18
50
50
18
344
18
18
18
18
18
136391
133911
40758
183685
79597
183685
183685
5890
183685
51
459230
131635
81010
22525
286
20309
9599
30477
12803
48998
55484
20385
21224
22943
68897
24501
27598
33021
103424
37257
41815
4
14
14
117
4
14
4
105
14
4
14
40612
114516
32886
97088
24328
45174
12847
6553
5680
63163
63163
63163
63163
63163
63163
63163
63163
63163
63163
155877
110
24
3612
18404
2023
49175
16759
5600
2
22879
119559
126162
225829
119241
305367
138642
51
18
51
139111
136911
260531
252896
252208
114486
243475
100585
202727
172476
43463
65000
185727
185727
185727
464336
28
31
1
31
49
92
2311
38688
129327
0
635
1503
508
1451
21709
24486
8987
43216
45076
55856
19129
24218
25801
32910
41192
119693
13
13
4
4
13
4
13
13
13
13
13
13
4
13
13
13
4
4
4
4
119464
117763
116943
116243
39563
36459
100998
31958
28918
28505
27583
58822
17422
16982
14828
32175
31841
7885
7396
12904
12823
62172
62172
62172
62172
62172
62172
153143
111
217
2
4280
9219
27638
0
66871
296742
9253
42630
197976
50
18
336505
330250
179910
140330
53212
182471
182471
182471
182471
456194
222296
74116
240565
49535
222296
74116
122
2145
2313
1
1639
35122
38579
22388
91986
37720
121408
131822
135508
63611
70082
92460
357538
360996
39
39
12
12
39
39
12
39
12
39
39
12
39
12
12
12
12
344079
340326
91328
239642
71710
195982
195976
60339
50101
139604
33886
30144
54292
50763
12480
2443
174663
174663
174663
174663
174663
174663
174663
174663
174663
463276
24519
406
1386
81
1607
1533
73508
4084
11329
2
14022
7546
6420
17787
2
37570
30588
35183
325248
30
92
92
92
30
49298
135981
391227
391227
897676
11044
63796
260389
260446
130681
228414
688862
688862
306713
423202
50
50
50
50
1092
139
139
139
936561
909184
909076
361131
790069
784552
759963
327647
305374
295794
10162
135566
79872
108087
551994
551994
551994
551994
551994
551994
551994
1380035
1957
1827
24
24
25
76
60
61
82
42
82
24
44
247
44
98
24
96
37
24
24
98
34
28
45
82
30
44
24
1009
32
628
163
39
33
842
134
34
49
28
29
33
37
28
24
11
4960
27
34
82
24
44
33
24
44
24
36
44
27
247
64
82
31
24
82
27
3096
5821
3013
28
180
33
38
44
27
33
45
162
44
98
503
24
24
28
24
120
44
36
24
113
247
31
247
24
49
98
28
247
45
26
162
46
44
31
44
44
63
16
25
24
24
50
44
44
33
52
24
43
24
82
247
89
98
24
44
32
670
42
49
24
44
27
98
44
98
44
64
24
247
247
24
170
24
82
70
71
82
28
24
35
1066
5043
98
58
82
24
1097
44
34
24
30
24
6220
609
44
96
32
24
10
31
26
46
34
24
98
98
40
247
98
82
36
82
36
24
24
98
24
82
53
38
614
24
39
2227
34
24
2231
98
46
24
82
167
38
48
32
63
24
26
153
98
38
24
24
39
247
58
30
24
51
25
72
10076
8353
48
25
36
24
31
38
59
29
24
2788
44
474
24
33
4653
8302
72
98
27
82
70
51
24
49
44
82
24
25
39
24
40
31
24
25
98
1592
24
82
30
82
82
42
25
39
44
24
24
32
24
247
36
24
1990
82
3173
27
44
33
62
24
82
2227
41
30
39
44
247
30
44
44
98
82
24
34
30
56
24
121
24
37
24
91
44
24
1201
82
31
34
60
39
82
24
44
24
64
80
140
27
28
24
32
24
44
24
34
67
39
64
24
24
107
24
30
33
37
44
24
44
28
73
58
24
28
24
24
24
1300
24
74
24
40
34
24
44
25
26
98
56
24
44
26
44
82
49
44
24
1114
2885
247
28
28
178
31
82
25
24
98
28
247
24
37
9953
543
2986
28
24
82
24
32
41
82
24
44
62
31
27
24
29
209
24
3523
36
182
24
98
25
57
44
24
24
35
24
64
26
82
24
44
82
105
24
1376
786
904764
552334
1282494
575764
27533
74479
108
42405
115083
136300
221338
248983
491161
330439
539251
699434
446410
728133
764600
498126
506177
523269
855222
537638
554068
554084
594479
620352
620369
631789
1069298
1142687
691793
1172946
889
2542
2542
889
2542
889
889
17168
2542
2542
2542
2542
889
889
2542
6895
2542
2542
2542
889
2542
10374
2542
2542
889
26949
889
889
2542
2542
889
701151
1184686
1182647
654849
629978
1012184
617065
998749
986402
605839
982728
584468
571452
551384
872402
851209
827657
771394
436343
419482
385766
371004
364046
533155
490914
272606
411553
234642
224056
807821
807821
807821
807821
807821
807821
807821
807821
1518678
2847
18422
2020
455699
187989
36892
571982
173252
2194
120565
837972
759
1132215
1282494
1282494
1282494
2942698
227859
522063
631653
1164846
1167136
2033508
1076572
2607268
2948020
1387312
3323670
3239
8888
8888
3239
8888
3239
3239
22392
3248357
2983492
1206450
2657151
2538308
1132015
2491258
2372127
1018429
913560
1770747
1422469
1391615
1183633
628499
579723
558700
1809508
1809508
1809508
1809508
1809508
1809508
1809508
4523930
