11016559
39377718
23892891
24756223
23892891
23892891
52857183
39377718
32071715
52857183
52857183
39377718
32071715
39377718
11164930
18442972
39377718
23892891
24214681
24756223
24214681
40198853
40740250
24812646
25146823
33306313
6861050
53959402
31255543
31676492
41954690
23098660
23409752
31005608
19889944
20157822
26698511
9840792
4930428
4996831
20484425
11837873
11997305
59802967
60608393
80274241
386599342
3085748460
2404063004
2872353789
3227002598
1755529932
825545620
1123229387
2404063004
1336448853
1161829187
48153609
28326096
2903442354
1356488149
2343558505
686225605
448541276
949492312
1457855379
694982062
947949135
843867893
2424405840
1477489756
2457057706
532972451
1274514916
1956896757
1272443491
3254309031
3897325488
525422109
772871559
2587746317
1905336257
934645508
684114926
1319294563
830672693
2386496445
2418637747
1115021916
1757157637
429944491
666167698
763739492
884424801
869648909
710515440
1689632584
1238380521
1686889991
1502986111
42036301
2363455493
4308746719
349426278
720084652
205485892
2340539898
78759652
3477871709
1657954889
81514328
2013138144
5783682388
1546340611
280188572709
1439403558
376100480910
145408939848
280188572709
155760350741
176229991843
13090794565
338390203440
779024928
1174411893
613459967
632720640
169910030338
122582639154
632639485
1214926381
282559488161
1231288993
106947700414
228072271127
9503198263
1630810249
1630810249
379282989152
454225227741
134821034397
1296780108
120665866955
661129313
1195929098
278141226529
566672607
7810092191
1087560929
1124495304
218124346277
261494086023
2159213598
2159213598
2159213598
502175521614
1093573840
1090624465
21389444732
1742842728
1742842728
1742842728
1496485590
2898338304
674076224290
790988336
176783267066
959591081
287576490244
145408939848
186790183867
80988590889
89382956435
7286768803
338390203440
779024928
615472197
16984300654
333506220
343977245
107203694926
62636871349
352034315
704070354
155257671988
669387671
58141892344
21517043885
4796837117
1630810249
1028949757
202484745010
15714321173
198715785396
89237898008
722138142
5900421640
330800065
615228881
175491506510
308070371
4082989504
686189920
559026427
115725532727
261494086023
1075204693
1119262507
1263253949
252398857150
273006665901
570825491
605684521
11209528486
1742842728
867796901
947492782
944198434
1604951087
112043761020
243922491
1578430407
1516828856
1914879993
2467452525
914155082
825545620
151652254
1602689811
694895131
679470630
57336190
589273860
26803889
15650080
1505433400
129932453
2903442354
1356488149
1347840996
1228185026
337910864
65905694
2458993691
236857427
243848521
516189498
919824939
355119634
560463690
527489403
438534197
496508578
1301374662
1332135789
91934457
1404984126
1318023135
20880616
1388231132
765687038
741801174
1335774253
1403457936
212899884
289749351
863958523
178076666
87573426
642278946
1737351669
55031969
1705013389
2053286388
3254309031
411475795
511562855
759339497
1355529763
1441038697
1202160263
473823986
21489470
469534234
553775279
1227699485
1505745342
1948983918
560771157
900024199
249467972
362160667
415205368
589609596
454638342
364334783
448295373
39463902
657020860
781348619
491850385
1686889991
39137034
1191511319
1582002176
23987055
2181274992
2165622777
176854032
2520844307
2228453184
2342441089
2233506987
401268375
182394109
83627449
114117763
1330472539
41275431
1890737638
2093468548
316484656
3477871709
1046076501
40133021
1270177205
1153138178
3202706642
526312322
1480645
1900490
1289116795
1289116795
63717538
2013992
1730396932
2374633
1540225653
2013992
1415833
1289116795
1900490
1306478603
83001301
2035790
1556896094
2063208
2063208
45772945
1577864350
2400334
2400334
1493174
1493174
1493174
1493174
1493174
1493174
1493174
1493174
1493174
40607513
1493174
1300025116
1513284
1513284
1513284
1317533837
2004305
2004305
2004305
26726588
2004305
2004305
1745039302
2089840296
1593774
1593774
1387612235
1615239
1406300578
2139342
1862608542
1469825
1469825
1279697180
1512342
24535927
3021140
3021140
3021140
3021140
3021140
3021140
3021140
3021140
3021140
3021140
3021140
3021140
2310454323
3061829
3061829
3061829
2341571491
3562128
3562128
3562128
3562128
3562128
3562128
3562128
3101350543
750900
972143
813360361
16526985
63717538
1342645
1323107791
1453885
1540225653
1150472
893311
859401084
931281
679311908
45123483
1106753
22299300
50551452
789649788
59468903
1262375770
866619809
1556896094
1444885
2063208
23641252
51232279
1257939
1173886
26792576
1228352089
1393210470
865319
777291
838007
765435
811760
1493174
731687
811760
830881
19697638
995437
664282532
714323466
820242899
837678
954797
822693
777080197
1048082
1127659
2004305
13490520
1264604
1264604
329171807
931610033
22372091
914269464
948686945
64749473
1593774
887525
918459049
1077080
1186010587
1111325
347556352
1103783891
756131
729918
16406222
39628195
807417113
822181
12826984
1906170
1642436
1997892
1484148
1479943
3021140
1906170
2388449
1642436
1741135
1566055
1767526
3529591
1161259371
1225807948
1256073632
1457767030
2310454323
1499875
1598218
1700404
76029377
1477400217
1197723460
1227143231
2247502
3562128
1972523
1746052
1936543
1741378
1742062
245081237
6631302
24845130
9928326
12241387
15075074
59740
52857183
26251503
24522891
23032441
32362186
39377718
611441
22494105
6002761
11636481
12366901
15928407
11820461
584509
12257654
276372
23509428
193141
89102
193141
193141
19106526
23258566
18145161
16722102
22209741
12114789
21695369
21695369
25363220
238918
238918
32594376
22376009
40198853
20524159
16952597
16363886
195742
410839
28530794
40740250
2389471
31033445
96884
34045355
16476803
24470754
31715889
300219
35972511
11652640
13229346
13633779
12575191
14397694
148468
148468
14614714
12894640
14379347
12532655
12169684
13469448
13469448
13469448
15655387
26199
13131408
19604336
20009994
459388
14599076
14207888
13925498
13807078
16541569
16541569
24812646
12631980
13920032
6440745
13650854
13650854
15866234
7064495
6377128
14363727
76548
14831572
1710126
985844
17620376
80871
17086293
18738753
15990435
18080201
21014414
17030489
11633081
22577431
616642
250574
33306313
3398210
2284863
15936621
17405279
19720493
33162
24477271
20688010
31255543
14941299
21122656
26714527
86335
1796750
26471055
20209426
24862396
9761078
11463653
59302
146137
14573958
2877975
15398925
12832527
14091256
11712950
18864020
16420148
9599831
15230174
11540801
10800648
10800648
10503779
13887285
4997790
2680417
3286913
67485
84194
11979848
6122659
9667655
30054096
17124936
11987
12370845
14677843
21979803
31434575
132229
286625
132229
29018339
34987893
24255510
32198370
32198370
32198370
37732317
24754248
601591
27884547
39547945
47278949
2583485
833548
34465474
34125197
40029704
24788136
59802967
33671167
33659217
26645847
34452650
290485
290485
134010
38240495
21492633
27420647
844774
40405120
28539657
354342
354342
44451757
43214553
50648541
33665092
57156779
48320240
34488177
45981589
1096517
1096517
445531
80274241
15513515
117486397
165303787
306955324
200574960
165303787
38373797
306955324
200574960
67417652
38373797
42693585
97593815
37024935
38373797
165303787
306955324
200574960
306955324
45306765
76080334
77110542
47468003
17055558
21194912
56663146
150478985
38234298
56556276
68685063
101804508
1785905
1049736
2206633
36355999
20281107
8069353
16433040
19206276
45788991
120181123
30633703
45703231
55436246
1244697
38776873
77993763
207026906
310277617
20665845
131008358
33021555
78730307
41833492
84555989
81050407
247920277
12676641
44890350
114355988
30049063
80217332
38025730
38444015
76347858
195003539
18266816
29083523
115314295
31965326
37629783
146868823
40522526
14495770
23271439
29653568
7756266
83290866
222960127
55540188
83132270
133180019
2650307
2962490
133122027
70425035
1557823
2338438
143095861
2650307
460456073
356383881
746014569
18438108
119997340
80186232
87074779
199300211
498704570
497131770
496311175
138073177
233124042
96704031
35737554
44557091
66864042
112923395
168987951
78323659
117535419
112695623
201805615
5182593
42828414
74132829
502512414
503907444
27095482
501682938
114481058
25106557
35484704
60251162
363101485
4338101
237256592
406507264
407635773
405836259
610020038
754088965
389690306
12340875
156677520
86421578
242973896
449116763
447134131
672095638
40599316
348673749
79800693
387193386
353049043
294980215
295799112
29701283
73514585
63155004
62876205
165623603
166083392
248540986
433582879
431668821
648849443
114299718
260988517
260867723
144282970
143646031
215917024
8183942
423342226
9302361
745735046
747805288
34577363
744504091
1119077963
94989214
52511987798
4131623380
18096921610
52513188
124270837
23233174764
63925462
63941834
95953512
64946239
97460761
19608433715
63155355
35470060038
188503878
2540655880
53536094
6463700658
10841734428
95792999
1180769184
106157054
106157054
29617884642
1121626674
105981825
2955166006
159303254
113623775
31473784871
170036057
170036057
170036057
94295125
29026058390
145046309
6292739001
94725741
98167168
98439691
36172097294
113262504
96643179
28446541089
146000424
1136785183
186415602
7638400428
186107893
186107893
52405665260
279742240
279742240
76980027
28827829144
2606822514
13579573344
35008380
61733348
11653716361
63925462
38968990
77765658
35307886
48580566
12371821379
53763804
2452046894
18295648752
118935369
1603011295
26706802
3341259505
7227737904
56456052
596984034
52728648
66979144
22395808084
567883415
52983868
1486781692
130863225
113623775
19858192154
84457614
100358492
92439744
46866224
17123295577
72461950
5070807784
47232262
49663487
48919502
18185659861
75507447
52539861
1852375042
92118075
820483165
93680049
4819402054
124070469
92539417
27151873726
161220243
165118559
288816380
409544209
11633411
90043639
42808059
58049170
101556739
314654599
10381177
8825883
10429551
101453421
64468595
35737554
27155068
54190056
5508009
112657308
42580492
6907387
18432893
58908512
127328019
4411912
23283577
4587849
240886025
8960967
255736249
14730401
89701092
286415884
332887064
418936292
475787822
59852440
15840829
18342991
3801822
40166968
213995558
2183758
149695596
7508599
256483273
221260501
8808998
257195298
308237156
81602483
209867005
174756275
170193685
225960196
331636110
501114618
220209351
6182802
156677520
1823139
185267558
449116763
282116546
396683541
12026981
365383380
391081485
22071732
11957710
15887889
50349759
228416367
100006404
172054914
115674484
23933854
10084460
30225169
2963614
82383938
3069500
121451891
12232169
225058765
3529097
287775828
363283133
62138801
7230710
124586964
3044060
74697087
136231526
1248092
4163758
6714048
290864975
256213101
394887262
21816376
448146461
385734652
31654266
496330221
580261721
210091813
208379440
23368748
660538574
644943792
23800247
37847182
16981417141
14212871991
13590738314
5780420735
47289468
14212871991
19682564
5887843515
47289468
14212871991
7513184107
7796116267
25249014
23940393
24015131
24015131
7903069976
28744107
24403004
24403004
9489212843
442498688
23695014
47801300
762240271
20046559
3062706511
20097620
3410080650
20760656
24001641
8618872239
4971260546
251603411
20757734
315425011
39914603
39914603
496056622
39914603
39914603
868152146
39914603
39914603
39914603
39914603
14333139272
17165213406
5304445933
42603786
42603786
42603786
42603786
42603786
15298811672
23626338
4893527075
21720422
39290476
14109018115
36342421
18584268
275638679
35337563
2985453064
35627393
35627393
35235951
36896578
36896578
36896578
11542931568
42656634
42656634
42656634
42656634
36206793
8832208109
11524561370
13827325714
706433158
36561620
36561620
319408132
70937759
70937759
70937759
70937759
70937759
70937759
70937759
70937759
70937759
25473402919
19287912
19359693
9322393085
8967524695
8574993254
4337513806
31525941
10867542188
13121555
5887843515
23444595
9475136501
3768598886
4053640531
25249014
23940393
19463097
14635886
4008396936
15063879
13266642
12149176
5987160833
246309391
20171434
30159938
443206861
947608296
8853909886
480930839
9992735
1583194796
1665033952
10926029
2273360349
11286487
14145479
5438024749
553878788
2540198265
126999411
11550709
159475449
23131186
19783955
251155162
19943075
39914603
436778412
32788744
25183875
25183875
21699490
7651917259
7875615326
384935218
7509487926
10838121637
17165213406
3511007071
42603786
21116434
25145559
23724777
23161458
9652691698
11720078
194008142
10848349
20212432
8323310187
8901998727
18143149
10103298
144099430
18445560
2405734392
22478886
17748975
19568486
18666248
18300545
18300545
5803252866
42656634
21170178
28437421
23190189
19683746
4685914278
11524561370
777668219
370219176
23068330
23068330
230535196
35208066
47291283
40882645
39281692
35648587
41871190
35208066
36771709
41502334
12803208256
13198012390
13848561908
16072287844
3030555862
9788157
95211926
82561105
163850842
126551545
104297414
28794941
204634474
153364981
34367966
20482434
28462055
49636761
37024935
4183343
104297414
4646784
133715066
3947787
3131845
32925139
40063389
31644963
17055558
12917119
17177446
33138213
2255004
27691218
2787998
37774986
86544349
76586551
2216917
20699818
5538855
29066830
68685063
64232932
994094
579976
1878495
9516224
10991310
2213289
171109927
42839221
2004463
4331448
177140642
132204877
120194209
161513870
195767765
127310904
5355322
205881837
28982913
5091309
6041955
8482446
1682194
8933787
10135037
10441451
12804033
24892474
31039095
62007324
70829306
40418514
75827544
4913889
2358124
15553490
24704347
22583592
25431712
20109010
22815242
629305
49209688
39560372
104225222
86246026
109208935
110015352
113339465
3331742
1485290
3331742
119975588
106346294
83648505
73891585
111865939
111865939
111865939
130622360
722935
112030137
118252637
3921617
170066887
156545105
118545002
207026906
310277617
16184121
74031263
15841018
21856932
78730307
922461
53350084
61800923
30486419
123760723
146327230
3556410
137940473
133683953
156423783
144260764
247920277
6891629
22507244
3688042
4923534
748434
20653245
18690935
25350188
24256016
39036878
97501126
115038122
123036291
157137530
10599009
15811196
31728452
17377882
25086227
85665076
56377684
21184519
7566526
11680965
3128761
13992279
15017710
3137104
1501993
18709737
4307486
1374478
1374478
40443883
39732533
3628689
111487069
1587330
124832739
120106247
134208520
8733417
148638336
222960127
29170507
30063126
35042742
19206570
83132270
75705762
3213679
60766030
1325173
1552547
1363079
1363079
35956933
44434245
40339902
67720547
312037
95782621
888936
1189731
1912878
195954923
153499914
277166723
68034702
126758928
195089983
5921977
269391112
215760358
251497489
192744615
239414951
290521944
67336980
195633085
143655455
125746368
14526164
6970525
14526164
14526164
271785352
265368719
306967103
1272564
14839899
8687965
24951921
8687965
8687965
5533284
5033210
45879
8687965
14839899
5554979
5533284
5554979
14773999
3218388
3205824
5520385
5533284
5554979
5033210
14839899
14773999
5520385
8687965
24951921
8687965
5033210
14839899
15137539
15251069
66522
15070035
5983215
6006675
5969267
9394481
26031641
9595886
9633517
52586
9573510
15067371
5132769
8077870
5903469
1858883
2249856
2258670
22840310
23013008
88175
22737624
40911741
154090149
266097
334214
404829008
334214
334214
222714
319584
8657571
338828192
266097
226416320
222714
265658
213557
222347
225789503
2479651
266097
222347
338828192
399316
323996817
268977
268977
268977
268977
272691192
269724
269724
269724
273448213
268533
403638
403638
403638
4564197
403638
403638
403638
224599
224599
225222
225222
225222
228332222
224228
2218874
224228
224228
224228
227324246
337042
5843775
337042
11540916
337042
341695308
240396
240396
240396
240396
243715741
242639855
359749
359749
4283678
359749
364716484
220722
223769674
331771
331771
336352365
323068
304532
4030399
399166
399166
399166
399166
399166
399166
400274
400274
400274
400274
400274
16133490
398507
398507
398507
398507
398507
398507
398507
404009339
599004
10385780
599004
599004
599004
599004
599004
599004
599004
599004
607273961
3709611
143814
270849
222241472
176133
162552
110294
242973
5462442
254249998
167892
128946674
143962
156169
142369
152427
14860745
1185657
129508
108192
225882803
194216
112290897
146229
228979
169709
163926
148912272
146977
131186
269724
140574837
4220704
172530478
141046066
136698
254672
205621
327128
384695
196698
254672
254672
109288
141709
160952
118409
109591
118031024
172655295
114855
1123423
110432
109107
120907
117778854
118063334
175247
2911758
276870
7281670
198637
169642974
227794191
240396
130691
151676
121127
125431172
153770957
153092133
175046
212331
2131036
195577
224231918
116010
132008081
161551
173550
202463792
157377
150770
2194710
201941
194272
251851
200594
251851
194521
252550
217608
212631
217608
194682
10179327
193823
201320
211863
265668
193912
265668
194198
119387049
209321082
5961814
5961814
325558346
304011
7496014
345216
291233
309990
377937
350449
319785
353563
399331
222436139
250395772
19702
7977713
7040797
13698009
4260122
12224
485942
3826642
28947
6519277
9363144
3163623
3576701
2933766
8685002
2145567
1446180
3784448
84339
92693
3175673
25384
21579
18293
5791908
14133
48617
1231793
9893150
8266366
4236864
8229491
9550938
12886503
9225488
4683451
9542
21911
6703839
8291211
9622569
5086419
27353
8310575
15251069
36164
358815
21813
8603636
3491053
9999582
14461953
5407891
32813
16424505
3358
104484
21097380
17354223
18481
3775073
3249188
21648
2857401
2988424
3045994
18532
3789875
4292603
4541997
348511
2851408
2248556
3200119
2875602
18450
2907391
2721410
2030812
3080086
5536681
2031664
5053849
5927390
7717307
4396088
6262913
8776
4235531
5222775
6078209
1687115
9633517
25981
6040348
9573510
8893047
29642
728334
8105356
8514392
9263594
11488868
8767457
3027966
2604882
3238489
3860849
4345632
48252
4862389
70639
60415
389659
1312287
725855
12325924
3876054
14410954
3214737
2144777
38083
85345
391880
8698315
14162
14162
10876184
11532288
12368093
12368093
14519917
55633
1575219
13686675
1147027
11428524
8311852
32374
14099
32374
32374
14099
8883460
3499949
18322406
84711
15158237
15158237
12830499
2619
880049
7700700
18572834
12299845
48711
23935528
22906000
7045866
25813012
866605
2679335
4985
3406600
29528353
57212
57212
24148257
23578136
27274173
76575138
143836439
109603
90799
95035
95035
95035
90799
143836439
120386236
95035
95035
120386236
95035
1982731
95035
90799
112344171
120386236
109603
120386236
90799
109603
120386236
95035
109603
95035
109603
90799
143836439
95035
143836439
109603
120386236
120386236
112344171
1059113
90799
109603
109603
143836439
120386236
109603
143836439
120386236
95035
109603
109603
120386236
1224958
109603
90799
143836439
112344171
112344171
120386236
110789
110789
110789
3911464
110789
110789
110789
110789
110789
1249975
110789
110789
110789
110789
110789
110789
110789
110789
110789
110789
110789
110789
110789
110789
110789
110789
2005607
110789
110789
95839
95839
95839
95839
95839
95839
944668
95839
95839
95839
95839
1705429
1787792
95839
95839
95839
95839
95839
922254
3700127
95839
95839
95839
95839
95839
95839
95839
95839
95839
95839
95839
95839
95839
95839
95839
1705429
95839
95839
121404927
145393235
102296
102296
102296
102296
102296
102296
102296
1227801
102296
102296
102296
102296
102296
129584390
94340
3115957
94340
94340
94340
94340
94340
119506570
857683
91866
91866
116371407
86263
85888
83913
98522673
976809
164413
164413
164413
164413
164413
1562350
1695137
164413
164413
164413
164413
164413
164413
164413
164413
164413
164413
164413
164413
164413
3010598
164413
164413
164413
164413
164413
164413
164413
164413
164413
164413
164413
164413
164413
164413
164413
164413
164413
164413
2024002
164413
164413
164413
164413
164413
164413
164413
164413
164413
164413
164413
164413
164413
164413
164413
164413
164413
164413
164413
164413
164413
164413
215765477
1757611
86580842
59236
43885
59961
77017
48196
46446
78962775
75956959
54436
50084
690266
45893
1982731
47500
69033
70882867
90335459
69153
68561333
61929
73068
92050537
61430
67105
45893
64431
60532
143836439
65150
84817185
62609
63058104
7102923
58533421
498192
57289
73068
52901
74369594
80256546
58011
55682760
62528503
45918
64350
52901
80256546
330408
52861
43976
89053323
58037444
36944363
62595593
69902
58230
60230
2126459
94314
77587
56438
110789
89789
99996
60230
60230
60371
65343
58061
53433
53549
53433
110789
59403
53463
110789
69902
67520
56398
53474
1035875
69902
69902
75556709
74744062
833650
1909224
1909224
833650
1909224
82165678
79396906
72536511
71362337
79042726
91734972
74994616
85458245
2308613
117888982
80930678
96927682
55540
49091
50115
49832
46306
49890
478288
47322
68490
53921
95839
843467
868368
52577
78729
53052
50386
46306
462983
2334573
53787
49129
60469
60469
51677
52102
95839
46378
60469
56483
52102
48344
60469
53330
46306
786725
63892
52102
9945844
56072958
62035088
64813467
66708240
62757449
62901047
696107
63607059
63052977
66001533
76599696
1927717
91801338
71604510
80935665
145393235
102296
49425
60377
55613
102296
56965
64543
603458
68213
53140
55613
55613
51543
66692130
10440652
81760479
79669984
109285640
76791853
85771769
56966
201517
48532
45618
49584
49349
46472
685222
1569295
70500317
75401940
71935731
1897574
452124
61243
44442
67898088
42879
42041
45619
57613181
510660
103735
89383
108727
79468
79295
901830
923068
83444
84059
83178
103735
79356
83059
87409
164413
79295
103735
109607
91340
83558
2172921
94754
103735
79295
89383
84970
79266
85820
164413
103735
87339
91043
85085
79340
129981
81605
91308
103735
82623
1196491
79468
103735
89383
96190
79340
87774
109607
97045
79468
89383
94754
79468
109607
89383
79340
87017
85226
96190
79295
80992
103735
79356
189530
58979777
81013203
111790146
2787982
2787982
2787982
114474038
109921163
117300447
136135908
110364930
72815395
125895865
173867891
82246040
113075832
7349884
215765477
2232400
3384988
9567
6418940
550535
4775078
4139
2460476
934224
7074773
3404266
1209137
1347971
742140
5019308
3183236
2460476
1978427
4045
1491909
4045
12079025
241653
1847705
1423542
3152108
7074773
1946248
1656004
7787166
3211953
2572645
3422373
6652236
1577886
4045
6100517
1586025
738749
12079025
2834569
6141688
22093
5644649
1451617
751330
42807
819683
46415
371098
973
1423542
7787166
1423542
1681780
3023726
12265
2708223
4347801
1291588
840318
2232400
21081
1396398
10150
8721
7378
6083936
12265
2708223
3864
1279453
4579
21081
6807622
787622
15343
421503
1403393
7787166
4738360
5429708
4738360
3226259
3352838
6697147
87140
14349
183599
1952495
4821147
2694156
3003757
5807446
6003287
6287617
10263
10263
10263
4630
4630
4630
10263
10263
10263
4630
10263
4630
10263
4305092
6104740
4002464
5879749
3787882
3687556
5710282
3224262
5340153
5152223
2398863
2217673
1700816
1598263
1893996
1590050
5080837
5080837
5080837
5080837
5080837
5080837
7381377
1641940
1178
567862
5272534
20683
6697147
2928686
3835246
6362953
8800092
10016690
10728052
12511
12511
12511
31920
12511
12511
6874190
10218099
10213346
6593381
5461362
8061981
6410745
5118043
8124574
5429708
8124574
62556
36779
173120
413365
1086324
1480118
1176961
1377271
1706482
1746106
1779126
1883919
1893072
1476593
1492649
1494354
1525956
1556527
1596266
2218311
2307243
8797
4080
8797
8797
8797
8797
2304249
1627745
2210500
1571590
2031986
1509637
1936188
1399977
1682899
1513854
1078771
1407181
1391446
536169
732535
1831578
1831578
1831578
1831578
1831578
1831578
1831578
1831578
2660926
2051
939553
644468
525123
1557888
1708082
981158
1838430
3010005
2122582
3246548
3589337
3663609
10524
5239
22289
22289
10524
3731884
2298889
3435167
2137501
2017272
1966855
2311022
1517720
2928856
2928856
2928856
4542922
90536
12602047
849277
117941
358325
2317774
2520032
3714615
4361
4361
9408
65889
3163602
235645
2939429
2939429
2939429
4270443
524
2502
5875143
935231
2425140
2397588
3302930
4702366
5709749
3807829
4050264
6148815
3747129
5559309
3587686
4645162
7290899
2075345
5156
1468300
1152715
5156
1121129
684462
1237960
1341372
4015
8655
1987539
1370435
1203109
1574458
2287376
156758
2304
1264403
15226
1468300
2075345
3146842
10354
21924
1497568
2089231
2517692
1682567
3352
18836
1019440
1014121
1392443
1149822
1149822
1014062
1413845
1861120
131167
7962
253128
332472
173577
3646
158914
194872
3252
581315
843662
849582
849805
376784
917578
858495
364994
3674
846878
9637514
6638657
11094845
1927894
12906
5110725
7899439
2253884
16704465
877
174912
877
300812
640607
640607
1207438
2895228
1720150
7478061
3528294
7878145
3613027
3910873
9022044
4928891
5037106
11068756
5209881
5735480
12800979
13962746
15631533
6913
6913
15359
15359
15359
15359
15359
6913
15359
15359
6913
6913
15359
6913
6913
15359
6913
15359
7280569
15492680
14998280
14998280
6832048
5379516
11668493
10856117
4871787
4802270
7400769
3066651
2579623
2168599
1985687
9519576
9519576
9519576
9519576
9519576
9519576
19589008
296645
5083332
1841656
4137
3588395
942411
1755
471022
1179345
2756113
5223327
27597
12906
25806658
14790797
16704465
16704465
16704465
16704465
16704465
29206376
1259254
5483416
6111810
6605201
7047766
22145525
13377819
26159624
28654004
40009
40009
18571
18571
40009
18571
18571
40009
130639
18571
40009
15542163
13842375
13842375
13089478
22783749
5097706
22569759
22569759
22569759
11094845
22569759
40235
36244344
3305784
4086765
428539
824908
4581389
11259147
27274119
7345003
11237337
13712529
20198583
208340
237702
17809289
164312
164312
9441268
134951
105589
193674
9551194
105589
19176875
208340
164312
2175430
3953308
50190577
1713780
3394927
3350306
4141805
836017
4643091
11410785
27641446
13897209
18057203
20470617
240903
181419
9568423
240903
19435149
2204729
50866543
1088491
3558292
4777914
5497021
14683924
36524503
9206653
14654649
17977128
26820832
279658
319070
23613654
12020495
220559
319070
141733
25449381
8679717
4518765
67371414
5916819
7497388
11269463
998764
1682356
8625799
8587720
22190162
22251765
22153534
33299390
52954813
53101821
52867402
79465977
14704006
14744826
2163514
14679735
19145451
19113848
608936
28730382
19364289
332920
480902
38537818
7215110
88063575
88308050
87918212
132151502
6072751
11421240
40881815
19403302
598161
6061130
89249614
89497381
89102294
133931317
3733090
7964265
15127136
11578513
11527400
17327050
29786121
29868811
44698170
71081880
71279211
106668134
44603077
55395297
1188878
38565136
546202
51729775
51644387
118208793
118536954
118013671
177388547
9057568
1214350523
255149642
1680082173
1672665428
3447102475
9647336
3456672007
3441412483
14437075
10925568
10877337
16349928
16349928
6764313037
2551446326
2558529419
7041061
135968829
9515488
9515488
9515488
13451289
9081959
224636686
18169162
18169162
18088954
7483785318
27189844
11249017058
7597117091
12191647
1627702687
18306981
18306981
2248334703
3364594848
12649380
6050640881
22404867
305722770
5510249367
24388685
24388685
577668489
24281020
36497254
36497254
36497254
15099690486
4517304
611081789
160985107
1060037576
184824507
1726462098
6278530
2030767050
1790560472
7707610
5790904
5383316
8086541
16349928
6764313037
1321931641
1882439483
3582292
90644819
8056051
9515488
6003739
6928415
4622814
181911094
9245780
8986319
15452342
3914775478
156805857
365191811
4068544144
14781701
548926611
6486762973
5064685132
12191647
1026989059
12204510
9308422
1275018396
1742578520
6278130
4033713123
11940457
162136290
3476658152
18198818
16258932
352889043
12298101
20331969
19841655
19087476
7894413730
2974911
1053770
4399906
4730431
5512682
630164
1026781
4433913
5442395
1057036
10784067
13072733
14481550
886025
344246
11526442
517443
17777750
363522
990252
1266013
27669093
28145679
988618
545515
79465977
7469248
7618303
10848514
1100735
7589389
12763484
19145451
12059766
16182265
19113848
16234782
313647
10766204
14465556
180991
240457
30196324
3672568
48816484
45958480
47875577
55563174
606214
44937505
48008485
71511979
45990103
603538
1644066
47796551
75103419
2471227
2471227
71843886
76205367
3090214
6209133
22129144
9991728
302615
3824233
24801923
75073
59499043
1673597
59400830
4933761
28390946
609944
5025004
7964265
7691588
10084639
6566112
1427582
8973961
2888768
287689
36018629
47387362
44973182
27623332
56847753
724448
1623027
630507
27834674
262574
32638585
32584710
64263962
1679581
71687100
62466573
1937073
72412453
88452185
79023706
58323678
92771356
92742204
96436910
98819994
3472878
578712211
3485192
3485192
121321600
3494889
3494889
784740738
3618467
3618467
3618467
3618467
3618467
3618467
3618467
3618467
3618467
3618467
3618467
57364671
1630150947
4185933
4185933
4185933
4185933
4185933
4185933
4185933
2171683526
3546549
3546549
1199501178
3617935
3617935
1627454930
1876419325
3848257
59000985
3434967
1960252065
3584155
56791212
3584155
3584155
3584155
3433827
3818384
1980997272
3482575
3482575
6961184
6961184
6961184
6961184
6961184
6961184
6961184
6961184
6961184
99883080
6961184
6961184
6961184
6961184
6961184
6961184
6961184
6961184
3611498300
3726275
3500563
3490237
3541958
1652105798
4242309
68217502
2007677317
7054937
258152181
222259875
7054937
3660137910
4660920
748739976
4677558
4677558
907451321
1029291464
4757619
4757619
5504287
5504287
5504287
5504287
5504287
5504287
5504287
2915076838
1594077593
4756917
58938790
84866590
4712382
84866590
5020979
40162333
2659116392
1528357766
9153601
9153601
9153601
9153601
9153601
9153601
9153601
9153601
9153601
9153601
9153601
9153601
9153601
252464171
4847757474
993375000
1730519
291217804
2198960
1733944
76547122
1842340
1899989
71916859
495127371
183482589
1967172
1797639
1787828
1866674
1967172
2354914
1967172
1787828
1931813
1835087
3618467
29989319
848164486
826804277
816452033
957700593
2064300
4185933
4185933
2218679
2064300
2278635
2065686
1136012800
1370210444
1851585267
2171683526
1804383
1797714
612917143
621474395
30170086
636393484
882533677
793948542
1199501178
1935192
2013211
1627454930
1920512
1056918037
32841897
1867412
1920152
37860362
3034435
3584155
2261400
1768677
2099297
1017402164
1772668
2017606
4034124
3441388
3784433
3876476
4640735
4640735
3432921
4010963
3581083
80885454
3441388
3542352
4640735
3608440
4072660
5946535
3784433
3432921
1815178168
1984406264
1889178321
142102564
58926347
142102564
142102564
424205209
1963383453
1963383453
2278652774
2082576044
2407637203
3611498300
3726275
1827230
1938323
2234777
1101390906
2203739
35750626
1155936784
1043904665
3913394
162879540
125896835
3835402
59719967
2440063228
4660920
472412910
3118335
2378365
493334001
583705597
533086828
2356139
2352413
3472896
5504287
3669481
2884623
2933456
2720448
2992394
136296233
1943361691
879259217
808023839
1228639420
2487791
29749961
45007946
2973249
42433916
3092987
1677753232
22714945
964307989
4943636
6830410
4636210
5099307
4976336
9153601
5068794
6102329
5775408
4515903
4787186
4709353
4682274
154226588
2588033115
74104892
74104892
2539860635
2534502492
2436823988
3706725066
480898612
7259403
1640002
346528
2085764
1975091
2086437
168410
2398353
2578519
270384
503460
2346738
348180
2426194
2419255
2415091
2658273
2490662
2890599
3587840
922437
922437
5626313
6584668
358302
358302
173660
173660
173660
173660
5839072
5630821
5629878
6121011
6121011
6121011
5392542
5872606
6614658
5774627
2049309
7327504
6010990
11259147
14131130
14209154
200549
413815
200549
413815
200549
200549
200549
15727290
14846816
11139085
17208438
12272084
23254013
503901
14456163
15200510
18182532
27274119
296481
3697729
3688363
3721428
3780060
3790403
170728
170728
3896879
3675656
3993095
4634284
5923329
933226
2562502
5404090
4861649
7345003
6010724
6253053
7491470
11237337
5157852
9602315
115969
129226
5058006
5355156
172219
4943488
4889797
5956910
5335012
941410
7993628
7993215
5554981
6294105
6294105
84633
92857
9441268
5310295
7134955
73365
58337
91618
9400841
9751646
10425468
15026049
12836230
10543192
60252
98466
78483
2290321
1997016
1241356
21165045
6950678
18216044
26941341
23966820
27491215
27578165
27822258
25639751
25754037
28919297
688207
333524
688207
688207
688207
333524
333524
688207
688207
333524
2143129
333524
29364137
29086287
26024954
27949634
24829014
24551784
27365079
22316831
25447134
24426030
27286001
27286001
27286001
27286001
27286001
27286001
27286001
27286001
31667438
138968
24800649
28942473
40644397
1823641
838032
1823641
42874893
28739463
33459991
33459991
33459991
33459991
50190577
894561
1716733
1926814
352132
2251683
2153840
464287
461899
2929530
5780880
6027833
7607100
14253483
14198942
419388
10568574
13897209
10264560
10027903
11080653
126250
4897698
85754
121875
11189947
10565878
10058278
1391060
23235614
28215819
338016
697476
28812833
11742567
27653489
27653489
32093934
28168
1324421
40989220
29054691
1848201
33910629
33910629
9327482
9126908
224240
2245082
1232285
3558292
1870595
2418418
2597503
3185239
3117330
2846996
569091
11832583
107635
9953827
1241985
544509
8745061
19503346
19465381
21006184
19856469
23044911
17150744
21985543
19081873
1434600
1434600
628898
24349382
24349382
36524503
5078193
4602769
5808881
7096051
8821213
7646218
181120
439760
7255952
3317826
12295178
11721794
139831
169215
5898450
6014646
436160
7584258
6885415
8675882
1231639
110281
154298
12881816
16057131
1349910
15677144
80161
2140864
5476414
34367526
35967032
36074765
36385653
844806
844806
347918
347918
34566522
34332771
33890739
37306833
32159488
25825190
24529195
36626327
36626327
42507581
735110
28583696
37531412
51513985
2385921
41156189
50272498
40857039
35521977
31076835
44913747
67371414
1760486
1771593
8044
1753882
2919629
1797520
1808925
1790739
3039031
2388137
2403331
2379103
4073078
19027
396337
19027
50166263
19079
357211
19079
19079
19079
50305530
13309
18995
18995
18995
18995
18995
50083456
28552
28552
28552
28552
28552
75281375
50841902
25540
67338777
25611
25611
25611
976200
67525716
25498
67227623
38326
38326
38326
38326
38326
38326
101051093
9684
264221
8845
24360810
25991677
15888600
10112
289270
12417
9709
8860
31739966
29554095
37012322
6771
8831
16082
18995
11985
16226
26198705
264009
615754
615754
26058328
27227765
31599850
13259
15522
14706
28552
15243
925551
43411120
75281375
33894202
11921
44891989
19111
25611
17073
596346
38293467
42604938
12914
42416858
25550
21351
20836
20425
20044
19487
53591197
52831489
52336008
284025
467268
607691
724176
975894
976453
2419
2419
862
2419
2419
1009266
758315
806475
957084
957084
1110768
729748
500334
119860
1379430
2947
1173643
325693
1760486
984974
670435
636876
790860
908340
16579
864
697745
497346
963123
963123
963123
1117776
3678
608032
1040796
1434638
1081244
1323419
1303450
1217082
1152961
913605
4093
906054
698647
831719
860
2415
2415
2415
2415
860
1029280
1027785
770607
815360
953494
1106601
143
959281
1498239
1484880
1169241
1753882
136157
3633
3633
1294
1294
1294
1710875
991390
1578730
513553
771273
742559
1697134
1757440
1649805
1683608
1472921
2919629
306868
664157
1061816
406911
380685
95658
72
502500
1198333
2459
322223
982047
1051749
963518
972184
30830
277005
424214
1193812
1515880
925572
1643294
1917458
104122
7409
913279
382857
1292519
1506780
2861
10079
3956
1448273
1209446
1326736
1592072
3257
3257
1362916
1516367
676
1468159
1793364
1602202
2403331
1189934
1501080
577
562930
3950
1486389
173778
1685253
1887406
1957232
1737
4877
1737
1737
1677935
1459612
1219134
977112
2179542
44929
536542
3282163
2269039
2939774
2715353
8939
8939
8939
8939
8939
8939
8939
8939
8939
8939
8939
535593
8939
8939
8939
8939
8939
8939
8939
8939
8939
8939
8939
8939
8939
8939
8939
8939
8939
8939
8939
8939
8939
8939
8939
8939
8939
8939
8939
8939
8939
8939
8939
8939
8939
173236
8939
8939
8939
8939
8939
8939
8939
8939
8939
8939
8939
8939
8939
8939
150007
8939
8939
8939
8939
8939
8939
8939
8939
8939
8939
8939
8939
8939
8939
8939
8939
8939
8939
8939
8939
8939
8939
8939
8939
8939
8939
8939
8939
8939
8939
8939
8939
8939
8939
8939
8939
8939
8939
8939
8939
312578
8939
8939
8939
8939
173236
25972827
9060
9060
542807
429813
9060
9060
9060
9060
9060
9060
9060
9060
9060
9060
9060
9060
9060
9060
9060
9060
269704
9060
26322629
12000
12000
12000
12000
12000
12000
12000
12000
12000
12000
12000
12000
12000
12000
12000
12000
12000
12000
12000
12000
12000
12000
12000
12000
12000
12000
12000
182623
12000
12000
12000
12000
12000
12000
12000
12000
12000
12000
12000
12000
12000
12000
12000
374512
12000
12000
12000
433039
12000
34863638
5180
5207
5640
4860
5912
4148
4860
4653
4548
4118
4533
291174
4550
4860
4653
4892
5959
4217
4142
4712
8939
4604
4978
4915
4860
4860
4648
8939
4148
4535
5959
8939
4118
4118
5912
4611
5959
4789
8939
5959
4717
4706
4118
5640
4118
115489
5640
7067
4738
5151
4123
4494
5179
4531
5017
4860
4599
4118
4582
4123
121476
4860
5640
4860
8939
4148
4673
4148
4123
5818
4860
4118
5187
4772
5593
4533
4118
4866
4118
4123
4723
4549
5152
4123
4781
4498
5106
4860
4974
8939
4536
7568
5959
8939
4213
5640
4634
4801
5640
5230
4473
146868
7636
5959
4860
4118
90565
10852
11402304
11974393
13339145
13271509
14271262
13456799
13586411
13586447
13749995
101809
308531
101809
308531
308531
101809
308531
731577
308531
308531
101809
308531
1040816
101809
13779843
13513613
14003887
13173286
14120073
14120073
16387396
349875
7702445
15258827
14977270
22144527
399488
898733
1997099
21059509
19109522
14457334
17191386
17315014
25972827
5025
4925
342480
243463
4706
6345
4173
9060
4925
4925
4172
4682
5716
4729
5015
4712
5031
6041
5716
4586
139299
4925
5403961
3408236
15155471
312686
312686
103180
16608102
13464133
13794853
22199320
15525061
13686619
17548213
17548213
7392
6481
8000
8954
6275
12000
7571
7571
6078
12000
8000
6555
6024
5567
6685
6751
6523
12000
5538
6288
6395
6275
5567
6371
6645
8000
6159
92181
5535
6026
7571
6024
5567
6233
7571
5535
6395
5535
6523
7347
6275
5538
5535
374512
6101
6173
6138
264537
5538
18058831
3037774
18489499
18612368
136660
136660
351435
136660
2989065
18265926
18227392
19770979
19718118
18056446
19230039
17672069
15390073
18953543
21996999
20491911
26657670
1095260
443537
20660230
26871238
23242151
23242151
831
517993
211494
588113
340617
35
46842
1620
22418
227164
126232
253765
144836
144918
165212
319437
324234
393935
399407
242224
492757
285657
521951
524601
527886
310821
310849
538623
328583
562249
567683
355985
367889
582937
583933
387984
394121
623320
421266
421281
635968
429025
651495
661385
664250
671282
678590
482751
486255
1057
1057
1057
352
1057
352
352
352
1057
1057
3340
1057
1057
1057
352
352
352
1057
352
1057
1057
1057
2917
1057
1057
1057
1057
352
352
352
352
1057
1057
1057
5003
352
352
9344
1057
352
352
352
352
352
352
352
1057
352
352
1057
352
352
494217
691683
487481
684958
682283
682236
477420
679294
477384
474326
470004
464604
664176
457683
661930
659016
652900
447417
642394
435470
426996
616796
391286
384606
590897
372048
577180
358072
353950
554367
335413
551644
535394
255218
240659
413241
234627
408189
232370
230960
225741
384585
351733
309190
132771
130585
230236
230228
549425
549425
549425
549425
549425
549425
549425
549425
549425
549425
549425
549425
549425
549425
549425
549425
549425
549425
549425
549425
549425
806589
1198
15056
1790
34477
155
370618
257223
310153
183
171803
341434
70
183300
262617
60032
253988
667473
528777
559774
2494
12135
517993
732261
732261
417873
417873
560615
616628
460872
686945
799913
343970
845401
845401
652943
664269
1001147
1001679
1010045
1010664
1030945
1035238
758557
1089956
1367
4045
1367
12492
4045
4045
4045
4045
4045
4045
15733
1367
4045
12492
1092050
1082369
1082313
1036551
689706
954982
940573
651894
640256
634047
634042
878249
604559
590154
589590
855700
846162
831979
568680
517275
490641
592320
371470
852247
852247
852247
852247
852247
852247
852247
852247
164442
852247
586766
852247
1278386
610797
762250
395482
526164
377907
295030
35978
20099
155885
168400
388230
285731
339106
355851
608021
374833
610153
415578
652896
676768
478605
725590
357
1071
1071
1071
1071
357
357
1071
1071
484859
646343
604258
600826
359299
564246
532556
207086
190518
314431
162659
295073
109705
213599
49210
571926
571926
571926
571926
571926
571926
571926
571926
839624
35
16826
242
33933
297639
129160
141105
107721
219539
356032
2529
2529
309553
555998
1072337
258871
374517
438271
887371
931932
661867
4100
471
4100
1122288
695261
125412
722611
674670
394295
393553
887151
887151
887151
887151
1330743
399
515874
152848
647648
1296638
507745
725450
57991
725450
16734
7932
17807
184972
319216
583986
688322
714737
714854
724249
405472
740550
787591
575123
1091090
1165458
475
1425
1425
475
475
1425
1425
475
1425
1425
1425
475
1425
475
1425
475
16404
1425
647566
598337
581480
1029525
1017902
995214
549604
549595
926976
506702
904854
850782
436059
424037
417724
694136
341742
308467
454311
408632
205834
173414
145978
278664
824007
824007
824007
824007
1518978
16433
144346
14344
1197
4711
321566
180464
247
295545
295545
582943
525395
1857749
1296638
2102485
243645
296273
530408
285
547388
600526
1188042
952772
1763256
1073309
1883158
1995009
1375730
1404520
4537
4537
4537
4537
1780
1780
4537
1780
4537
1780
1780
4537
1780
1365212
1225052
2010992
1946930
1331174
667237
403877
1705646
1705646
1705646
941049
1705646
1705646
2609129
1244187
1235708
102494
154061
84398
197232
197780
195050
195591
292699
253260
253963
252842
380052
25845
50132
299102
299932
298608
448844
937248
939850
69965
935701
1406470
4274332
4291074
4264377
6672865
555234
556775
68733
554317
833205
934338
936931
1402102
1897840
1824318
1820082
2251912
2237930
3500799
1818687
21433
749515
751596
748278
14736
1124751
759703
761812
758449
8056
9847
16068
11637
14283
2063447
2071510
2058653
16077
3220173
18754
2994141
240892
241560
132490
198269
518851
517995
12213615
12295652
134061
12164836
20885030
281377
23915773
17472494
265756
264980
42676187
265716
42794660
266052
266790
266790
56447261
265612
399247
399247
399247
399247
3538807
7277149
266850
65554396
266410
65265006
98101045
276970
276970
155140891
277739
277739
155571579
205085
4228822
276513
154884806
4745084
415632
415632
232810236
322527
278967051
323422
323422
323422
10272226
321994
321994
321994
321994
483996
483996
483996
483996
483996
483996
483996
418628414
271044
106219439
271796
106514315
201632
406739
276927
277695
284311208
235105253
234717174
257175000
296019
444952
384858038
6323681
3922953
273700
273700
273700
273700
411404
411404
411404
393207
4549002
201944280
27374488
262133
248594682
294863
248184337
393230
2736473
360798267
265824
264682
270448
536361
536361
536361
536361
536361
536361
463920742
537850
537850
21518133
537850
537850
537850
8323422
537850
537850
17007025
537850
465208636
27701497
535475
6356020
535475
535475
535475
535475
535475
535475
535475
463154967
804883
804883
804883
804883
804883
804883
19244261
804883
804883
37269562
804883
804883
11388064
804883
804883
804883
696176855
152970
146673941
19271781
11024163
265756
132052
21475381
265716
27001029
162143
132691
132770
29179097
132105
266162
323570
251902
203002
2232788
4591472
146494
37175542
41361145
132459
5248469
41178556
50808130
65399927
140121
136769
76591358
180754
136814
91397053
102452
2118508
146252
80586274
2527494
221896
205240
117046234
157919
185975846
158357
171424
184827
141933
175051
164834
214660
157368
236402
392234
483996
322660
257941
236779
285245
418628414
147352
55033427
147761
78367968
102584
201785
198949
185128
5055148
5629917
162262994
159068
224032
177355131
3353686
2615271
231721
273700
172689
148796
209666
274266
259573
151535008
202531
2299926
1250464
223152
135147975
150038
156590390
248184337
199022
196147219
1975070
135307
132324
170637
262183
264711
262272
262272
269539
338413
10389093
252209535
309276855
10901670
537850
401343
292401
271357
358562
6740318
320231
273696
10389337
262707
250440512
10417934
252909696
239957130
351771352
17478090
271213
3218074
265389
356979
274926
262241
261547
457425
316041
239964994
242276819
4763592
10371944
273228259
235744539
251793223
292224795
393441
398248
475057
437573
448386
437573
9682033
463868
661189
20460049
475084
393576
6535868
420941
437573
507836
15590263
15590263
363974885
382184492
357530675
401451453
613213
671790
877106
853655
82592
97204
17022
95197
197780
82656
25682
123407
195591
38540
159125
154348
94974
131280
11467
25822
11416
148382
159529
146338
172981
206614
239791
308014
253365
16307
30596
164199
148764
170090
189240
25762
25762
188405
31911
222071
299226
394636
353447
72510
11825
7147
552154
32986
611659
19925
355565
471242
26512
11773
445998
17696
77259
1133360
563176
723357
49364
108811
727385
937636
13623
30686
1965950
83813
38012
2849521
2124335
2096379
2452236
2707427
84046
2247227
1763
30635
13601
1976485
2318319
2842884
919562
3428619
3932684
20444
3736058
89295
3770756
125781
5407743
4448524
6672865
241069
263946
301851
302689
409647
34435
34969
261002
39176
106964
671246
453700
624613
17694
39846
24681
27639
1420830
1211381
1197952
1414282
1350945
731402
1818687
11367
345779
11694
499671
749515
401245
11727
360772
406800
472121
633511
748278
494312
709655
635567
811797
843991
749825
7450
7590
506463
423554
569091
11680
478539
4379
3653
13679
4404
7225
1121788
1301919
1616815
932024
1298894
2058653
2031748
3892
8179
8137
1615558
2283032
13535
116217
131324
50120
125097
327366
26020
6770401
7123909
49529
49529
4236221
5371171
1105771
6590218
6590218
6590218
7706105
2938
42877
2871187
2266133
6607964
61724
601399
61724
61724
7406882
6081743
8142314
3351144
6489845
62449
62449
21342
62449
6063593
3737900
2866494
6636380
6636380
6636380
7757866
1771493
4732603
7320724
9957036
7511230
9297459
9175006
8197005
12295652
72882
84585
7322496
917628
793948
4854742
3252413
4412755
4954480
5493765
7179776
49447
21247
49447
21247
7176382
6945028
3075089
3733332
6564031
7675328
3295237
137757
10391712
8071864
8109795
8109795
11602738
7561602
1320180
8298523
12326739
74344
74344
74344
74344
8271407
11465383
11465354
6700087
3700503
11055470
11055470
11055470
11055470
13177282
1170493
1306934
146357
11634677
12043384
92649
92649
17156475
12327441
12152658
12036400
11986391
133721
133721
124492
124997
4988460
11589689
125700
125681
125681
125681
125681
19952009
126179
126179
126179
126179
126179
126179
126179
126179
2619205
126179
126179
126179
26033529
1588458
3279936
124420
124607
124607
126571
126571
126571
126571
126571
126571
30822825
131414
131414
131414
3565409
131414
131414
131414
1304430
131414
131414
131414
1776130
1933277
131414
131414
131414
131414
131414
131414
131414
131414
131414
131414
131414
131414
1658335
74967560
153238
153238
4206607
153238
153238
153238
153238
153238
153238
153238
153238
153238
153238
153238
153238
153238
153238
153238
153238
153238
153238
153238
153238
153238
153238
153238
153238
153238
141564137
128564
128564
128564
1616014
128564
128564
128564
128564
128564
50346252
131394
131394
131394
1343544
131394
131394
131394
1618696
74823995
91117281
13155681
137962
114421447
140750
140750
140750
140750
125512621
137953
137953
1604509
124320
1827914
114370971
130051
130051
130051
130051
1638376
130051
130051
130051
130051
130051
130051
130051
124284
1269514
64227793
12166296
124334
1827914
139557
139557
139557
139557
139557
822703
124291
120873339
2051767
1046108
777934
2163135
117136607
126073
126073
125202
3391752
128286
47746716
236459
236459
236459
236459
236459
2450649
236459
236459
236459
236459
236459
7837663
6556467
236459
236459
2604826
236459
236459
236459
236459
236459
3066846
236459
236459
7891120
236459
236459
236459
236459
5274917
236459
236459
236459
236459
236459
236459
236459
236459
236459
236459
236459
236459
10453513
236459
236459
236459
2759002
236459
236459
236459
236459
236459
236459
236459
236459
236459
236459
3143934
236459
236459
236459
236459
236459
236459
236459
236459
236459
236459
236459
5862235
236459
236459
236459
236459
236459
236459
235420417
133721
72697
47006697
48237421
65086
65246
3147438
9339190
125700
68326
125681
83786
62632
9908742
10040189
12588598
79612
84118
62763
102262
62763
62763
79612
1334655
79612
76899
62798
64157
13457426
14153073
16425696
20995324
1002228
2069456
62211
62823
69201
66722
62894
79859
69484
62929
68810
2327211
17479456
15963643
19447473
6205204
20548308
71443
68371
2249573
66483
65072
67786
64861
694811
64765
64714
67793
889679
1219789
71443
69507
85525
71443
64714
70159
64861
66646
65970
131414
64714
64750
866951
39005481
38023165
36946533
37679858
44042839
49977785
74887
74714
53335
96684
79602
124185
153238
102157
153238
153238
96684
80307
102157
81666
81221
74714
83307
74828
74887
78514
78445
102157
87571
74887
83416
90311
74757
83307
74052535
89319027
120698098
3176548
94374981
141564137
65410
81117
69893
543870
69893
63770
65168
66491
69893
25725761
26084932
1086512
26711125
28634153
27769919
25520070
38804504
37042284
33324130
50346252
108836
87594
68716
678168
94395
70281
73114
1214065
74823995
6678330
67483
2295145
2035059
68687
70867
75633
69787
73862508
79191420
57625344
87040
67494
61665917
20060691
893122
67586
969411
957952
66278
82054
70702
69672
1092238
86699
82054
64325
110104
130051
82054
70702
33660495
6332850
48195270
64015
641852
557102
105845
913970
85969
71012
76726
68154
68312
62078226
69593822
65712536
76264294
62848866
465303
62906
120873339
1294550
63681070
542347
561479
1089737
64172
73039
62580
1061954
2140005
80941
30125498
3997856
137032
127705
236459
115156
115378
442449
176445
131164
116690
115156
139562
4945126
3713844
128550
119764
1318832
116925
128550
116386
131677
131727
619595
157637
128550
157637
128550
236459
115197
2653878
136275
128550
115197
157637
115062
133576
194244
130939
119298
157637
136245
128550
5738715
121643
118828
126264
2234244
115378
149192
139570
120160
115156
140785
121404
120327
115197
115378
1804375
115062
123664
149192
128550
122046
149192
157637
122572
138341
121653
120954
3581151
201993
128550
124090
115062
139560
128550
114814994
125681995
126736275
129356214
121973557
123148652
4228413
4228413
4228413
1672162
4228413
1672162
4228413
14148611
1672162
1672162
4228413
4228413
138881185
123843792
123342608
123082401
129240195
120903216
119828311
115279980
127985814
127985814
127985814
127985814
148537072
121431123
135755545
180008749
11991020
178015092
156945097
156945097
235420417
287433
305632
322940
300148
278556
360397
10361
29741
35949
45913
5082
46938
112965
30541
35285
11212
11212
60605
60605
70336
28350
64113
74318
111479
38543
39356
40737
64562
73066
78115
11242
5123
5123
11242
5123
88683
61642
82153
82153
95345
121870
92096
122471
78583
100742
9065
3760
13988
15408
15329
16934
78889
11265
11265
5134
96557
96280
96115
105793
103397
87388
100094
99122
115039
142787
30372
30372
13963
121551
204000
170000
192574
227391
360750
249984
11594
11594
11594
5283
5283
5283
5283
5283
248508
227453
215745
193199
189833
193068
288494
288494
288494
389196
176296
168446
21861
497067
179871
233951
3324
362393
259757
215889
418144
31263
14371
73648
31263
14371
14371
401447
262949
411227
411227
616848
298159
1167892
883
995159
1061055
1072763
1160240
1050394
1058114
1087817
1421822
1443093
1525968
6106
13404
6106
13404
6106
6106
13404
6106
6106
1451900
1354342
1244273
990936
698830
610993
1239064
1239064
1766017
931374
877942
25282
1599268
983941
1384629
1094929
2563312
36162
36162
36162
16616
16616
36162
36162
2436453
1138832
1339405
1937438
1937438
1937438
1937438
1937438
3006453
9412
98426
116713
134294
115046
121320
133901
136226
11397
5194
5194
5194
162213
202888
196765
112784
189583
189583
189583
189583
225077
287683
30729
30729
91784
274951
262465
236119
356731
370112
233722
264743
5283
11593
233040
186235
441731
461166
509304
320936
409905
409905
614866
839805
600887
12089
12089
10773
400097
469640
818052
5610
636967
980971
90853
222581
463418
442258
621852
358465
457267
509397
794629
115796
393390
14984
1740
3860
4203
4309
4154
1269369
143135
162359
155823
231736
237109
177580
277375
203730
5239
5239
11498
5239
204730
192067
191104
259776
259776
308543
276331
280113
352953
31001
31001
31001
31001
414037
414015
287725
366950
326008
326008
326008
1558
2755
2807
3079
489019
275742
5242
312920
370490
330633
2424
1916
1367
7591
1619
2062
4010
431193
482194
460665
706730
5567
475991
593526
593526
593526
901286
34031
1255
1128162
848647
32950
963749
615168
510002
1961
1978
3025
3009
1439808
551266
837103
1019650
2311
1740
5006
4742
1440
36802
82668
77574
59587
46265
18734
41842
3752
9378
11379
209446
4848539
2697263
3601248
1650448
6850376
416168
282429
443183
375794
1158016
2593362
1657094
1693000
2965499
2086651
3594433
3686888
3763198
3853354
3953687
2299778
2378707
4396625
4496786
2665408
4777969
4799396
2972268
3014207
5752221
6054434
6350034
6350523
21375
21375
21375
21375
21375
21375
9189
21375
21375
21375
21375
9189
9189
9189
21375
21375
9189
21375
70836
9189
9189
9189
21375
21375
9189
21375
6338134
6130204
3259076
5894113
3142988
3113625
3069673
3019901
5527061
2955997
5336412
2835152
4924701
2695843
4744228
2593871
4468293
4468213
4251323
2206264
1941993
1863821
2901583
2547616
1571266
2382226
1459535
2310582
1302109
1954244
1167477
1237795
539322
4160229
4160229
4160229
4160229
4160229
4160229
4160229
4160229
4160229
4160229
4160229
4160229
4160229
4160229
4160229
4160229
4160229
4160229
4160229
4160229
8065764
1471
4465
18450
368669
4465
410231
2685410
1470217
5815
861072
1143823
41383
11954903
1677821
2485587
6571112
4197732
4936958
5270796
5539189
5771914
11343788
12013986
26737
59584
59584
26737
26737
26737
288664
59584
26737
26737
59584
59584
12673293
7231876
12187134
6351957
11218152
11070403
5995050
5757652
5655535
5599415
9126267
7042509
3281109
2511670
2151350
9227711
9227711
9227711
9227711
9227711
9227711
9227711
9227711
14835720
518
518
9820
518
518
518
518
518
518
518
518
518
518
518
518
518
518
518
518
518
518
11721
518
142869
518
518
518
518
518
518
518
518
518
6946798
520
520
520
520
520
520
520
520
520
520
520
36846
520
520
520
520
520
520
520
520
520
520
520
520
520
520
520
22868
520
520
10481
10165
520
520
520
520
520
520
520
520
11435
520
24775
520
520
11753
6966083
248
248
248
62017
517
517
517
517
30990
517
517
517
517
9487
517
517
517
12649
517
142633
517
517
517
517
517
517
517
517
517
517
517
517
517
517
517
517
517
517
517
517
517
517
18024
517
517
517
517
517
517
6935331
778
778
778
778
778
778
13308
778
778
778
778
778
778
778
778
778
778
778
16161
778
13308
778
778
31846
778
778
778
109802
19013
778
778
778
778
778
778
778
77956
778
778
778
778
778
778
778
778
778
778
778
778
778
778
778
778
778
778
778
17589
778
778
778
778
778
778
778
778
778
778
778
778
778
10424626
220
327
5347
262
270
165
282
165
264
441
183
166
198
327
335
280
165
266
165
327
165
7813
284
74388
260
165
327
327
372
166
166
316
327
1984765
3599210
18081
124386
3625246
3793534
3776612
3776612
14375
15765
929949
3802334
5575
4181552
4822237
23176
4631144
4631144
18667
17456
167
520
346
284
277
388
520
268
282
264
371
283
170
328
328
282
282
346
276
262
346
275
165
273
165
266
13426
316
520
6987
8231
282
297
338
309
264
282
165
167
3738
165
15134
165
262
6834
4193161
3750122
3581138
3585176
3600954
18131
3950428
3787096
4395207
3593143
4092518
5267461
5125299
3967263
126
126
123
39129
273
270
265
164
290
164
261
275
262
4803
199
304
345
5722
164
3529
266
274
164
164
279
281
272
278
265
345
273
281
270
164
355
164
265
269
281
263
166
164
11372
438
517
326
281
442
305
1079356
3593261
3627878
6490
6490
18051
18051
18051
18051
4091348
3608440
3601940
3308358
3161782
3770378
4375805
133384
5588620
4267586
6935331
248
491
423
247
519
396
4409
395
247
288
404
459
423
630
401
396
392
631
870
433
7088
423
778
16022
22985
519
448
250
59693
7641
247
247
414
639
402
415
436
42795
49185
519
248
491
247
249
455
415
398
491
401
407
415
250
459
591
403
458
248
10094
279
407
247
519
423
491
369
395
395
249
394
410
247
247
491
5791430
3897055
5528571
5377983
27133
27133
5450198
5399083
5722871
5353702
5667325
2270079
2060099
6274994
2748753
6011376
6409180
7822433
6949668
6949668
10424626
191491
2377
17824
20022
44051
70540
184465
82515
99943
208347
208894
258167
270965
52
17
52
52
447
52
17
52
52
52
240975
120608
119784
108561
199126
194150
67499
120717
114080
32665
32657
28574
3431
189957
189957
189957
189957
189957
189957
289748
1
41
44
101350
25551
49769
45
71837
3899
4742
14054
196330
14
276428
48968
61695
191074
296845
318782
329919
359829
390939
68
203
203
68
1373
68
68
68
68
68
279875
278497
156911
306149
210448
306149
306149
22717
306149
204
459230
279502
213536
86183
1141
77708
36753
116593
49006
175031
182832
78001
81208
87781
198966
93739
105584
126319
240497
142517
159950
17
52
52
497
17
52
17
449
52
17
52
155347
257873
125805
232875
93079
170431
49174
25107
21770
192069
192069
192069
192069
192069
192069
192069
192069
192069
192069
292969
470
89
13861
70424
7783
175243
64133
21462
9
87535
268374
276461
331832
267711
376019
283395
204
68
204
283655
282433
351111
346869
346487
257811
341635
237081
318998
302191
166250
194279
309553
309553
309553
464335
70
80
37
80
125
174
8977
149519
274601
1
2503
5854
2009
5653
83922
94651
34769
165943
168175
181119
73952
93613
99730
127195
159196
268311
52
52
17
17
52
17
52
52
52
52
52
52
17
52
52
52
17
17
17
17
267834
264293
262585
261127
152903
140907
235316
123519
111773
110177
106616
184679
67359
65659
57338
124355
123067
30512
28623
49901
49591
188701
188701
188701
188701
188701
188701
287832
477
885
8
16582
35666
106826
2
194343
367609
35798
164749
312739
203
68
389700
386225
302703
280714
177944
304125
304125
304125
304125
456194
498159
166140
539094
111063
498159
166140
277
4879
5255
2
3744
78767
86513
50236
206180
84589
272105
295439
303699
142603
157102
207242
801192
808939
84
84
27
27
84
84
27
84
27
84
84
27
84
27
27
27
27
771033
762625
204706
537025
160749
439199
439187
135272
112330
312877
76000
67614
121721
113814
28035
5546
391432
391432
391432
391432
391432
391432
391432
391432
391432
870724
55012
982
3177
175
3674
3507
164778
9223
25456
4
31491
16979
14456
39926
4
84254
68608
78905
728839
65
200
200
200
65
110533
304757
830697
830697
1112058
24817
143016
583513
583642
292882
511869
996050
996050
687308
848461
109
109
109
109
2519
325
325
325
1133660
1118451
1118391
809241
1052276
1049211
1035551
734214
684310
662844
22842
303828
179038
242258
920012
920012
920012
920012
920012
920012
920012
1380035
8862
8790
62
62
87
152
143
143
155
133
155
62
134
247
134
164
62
163
130
61
62
164
129
125
135
155
126
134
61
2437
675
2225
1111
131
128
2545
184
129
137
125
126
128
130
125
61
135
9324
124
128
155
74
134
128
62
134
62
129
134
125
247
145
155
127
62
155
124
9427
10941
7773
125
210
128
131
134
125
128
135
200
134
164
2290
65
78
125
62
176
134
130
70
172
247
127
247
61
137
164
125
247
134
124
200
135
134
127
134
134
145
270
124
62
77
137
134
134
128
138
61
946
61
155
247
159
164
61
134
127
2248
133
137
62
134
125
164
134
164
134
145
64
247
247
62
204
61
155
1528
1622
155
125
62
129
5082
7291
164
142
155
61
4576
134
129
61
126
62
18937
1977
134
163
127
62
61
127
124
135
128
61
164
164
132
247
164
155
130
155
130
62
61
164
62
155
139
131
2278
61
131
4186
129
61
3719
164
135
62
155
202
131
136
127
145
62
124
195
164
130
61
61
131
247
142
126
62
138
124
1646
38237
35125
136
101
129
61
127
130
143
126
62
6374
134
2207
62
128
13576
15603
150
164
125
155
149
138
62
137
134
155
62
124
813
61
132
127
62
124
164
3565
61
155
126
155
155
133
124
131
134
62
62
127
62
247
129
62
3317
155
3908
125
134
128
144
62
155
4186
132
126
131
134
247
126
134
134
164
155
62
129
126
141
62
177
62
130
62
160
134
61
5225
155
127
129
143
131
155
62
134
62
145
154
187
125
125
62
128
61
134
62
129
147
131
145
61
62
169
62
126
128
130
134
62
134
125
150
142
62
125
62
62
62
3202
71
151
61
132
129
61
134
123
124
164
141
62
134
124
134
155
137
134
62
4439
5422
247
125
125
209
127
155
99
62
164
125
247
62
130
9953
1538
4071
125
64
155
62
128
132
155
62
134
144
127
125
76
126
2659
61
7185
130
210
62
164
89
141
134
61
61
129
61
145
124
155
62
134
155
168
62
3244
2917
2513282
2094126
2723132
2148666
95411
270851
270
152945
442894
528496
899453
989548
1910816
1322662
2063668
2399210
1774471
2415153
2435413
1934631
1962167
2020620
2485759
2059915
2098161
2098200
2192233
2259562
2259607
2287458
2604690
2645462
2394965
2662272
2935
8395
8395
2935
8395
2935
2935
61155
8395
8395
8395
8395
2935
2935
8395
22809
8395
8395
8395
2935
8395
38610
8395
8395
2935
93508
2935
2935
8395
8395
2935
2400164
2668794
2667662
2331321
2284012
2572960
2250463
2565496
2558636
2219391
2556596
2168931
2138627
2091914
2495303
2483529
2470445
2439187
1735747
1670890
1549043
1484206
1453648
2049479
1909970
1072764
1640390
942810
908301
2459425
2459425
2459425
2459425
2459425
2459425
2459425
2459425
2854345
9487
65254
6648
1810194
746353
126447
2139861
683891
7303
461074
2476175
2498
2639644
2723132
2723132
2723132
3645468
920706
2016496
2287198
2657772
2659044
3140362
2608731
3459117
3648424
2781364
3857119
10797
31545
31545
10797
31545
10797
10797
78430
3815278
3668131
2680885
3486830
3420807
2639533
3394667
3328484
2576429
2518168
2994384
2800896
2783755
2668209
2281200
2157881
2108943
3015917
3015917
3015917
3015917
3015917
3015917
3015917
4523930
