1031594
13107935
4558502
5382646
4558502
4558502
26752713
13107935
9303701
26752713
26752713
13107935
9303701
13107935
1073843
2637316
13107935
4558502
4745198
5382646
4745198
13675509
14235597
4929895
5131801
10061697
674167
27911106
7911949
8235987
16147936
4237795
4411357
8649152
3094783
3221532
6316316
853327
317211
330203
3772133
1156119
1203469
39331694
40942546
80274241
7096545
387814532
328435771
944414238
670322809
109110337
22708829
22095361
328435771
33180168
40967670
460651
230325
985307391
58059561
407522017
19341908
4365289
14768468
71979979
8540792
14721015
11708008
355194249
74927958
369741424
7384114
30141787
146907937
30044938
724935674
2010968588
7005817
13707048
570048395
112912293
12695148
7341764
32252820
10064341
305329140
317834062
20540873
60478046
2740347
5361555
950269
4631515
3463383
28864885
117825806
68140154
117447219
93408843
662432
275021624
2833811050
11329262
30047062
5516896
252592968
1576170
1172061030
139071026
2703988
190643297
5783682388
2467798
38278510075
6009636
78124737531
2646667123
38278510075
3867080064
4774697336
53687943
114835539338
369453
2593204
27777
93976
8389117754
995411658
93674
2260224
41397155401
2352793
860603272
17121816428
3384850
4613017
4613017
84489754015
234374231192
1597528168
3627416
855667528
205235
1942915
35585480010
6046
497878
183677
749766
7941594100
13688230623
18032524
18032524
18032524
330274818939
72092
35105
183699459
7458231
7458231
7458231
1213129
36803581
674076224290
56871
10024673770
2003117
41347791544
2646667123
12758902807
154345976
68707120
6081023
114835539338
369453
124828
1112398
2424
8203
2197007368
21852652
10576
359452
4095749589
205388
75127044
325057
32225
4613017
1208092
5721970670
401009
4042810361
517276192
412583
4061
160
56095
9319402123
527
22687
48102
3
485206700
13688230623
1019
662363
3067433
1724584687
28831602097
3169
3886
8842642
7458231
421
651072
317703
3956289
38125397
1858498
8937346
86013312
314789929
354770699
4523463
22708829
1249
109473437
1324313
6950438
599
589518
52176
24182
36455382
18706
985307391
58059561
61230847
19616830
4743
9544
526648085
244994
381071
1289225
18850676
187499
5234538
1662099
460631
2069329
26128702
35142190
5198
56487882
31006963
702
51578995
2732636
309988
32276870
52647138
759
644602
10722786
8309
2789
286045
49095428
3440
34687962
189851789
724935674
3967167
4438312
256580
27164369
64837483
29570349
176610
34
25194
3354622
8815411
79961968
194399303
120118
1476218
439732
468041
82954
1543765
157817
737516
7559360
559
4163151
17845073
18164
117447219
443
2276915
93155233
93571
35385762
14797213
41470
482047095
97442825
247379781
104090475
160278
498072
439
610783
34578387
75871
102315996
238958759
66291
1172061030
36421001
39
49927148
27760059
621730896
327122
9615
11354
176115213
176115213
2273948
27649
359443321
56431
506417782
27649
5563
176115213
11354
183328108
2025356
28846
528345681
30028
30028
1044913
549984369
58875
58875
10399
10399
10399
10399
10399
10399
10399
10399
10399
425350
10399
190463757
10824
10824
10824
198264304
21223
21223
21223
375759
21223
21223
388728062
1078330050
16689
16689
305673753
17372
318192789
34062
623866542
8939
8939
163724878
669
55092
82965
82965
82965
82965
82965
82965
82965
82965
82965
82965
82965
82965
1519558103
86363
86363
86363
1581792439
169329
169329
169329
169329
169329
169329
169329
3101350543
137
261
46122421
835
2273948
9216
190236639
12669
506417782
3939
1456
58702308
1
7317137
176805
2518
2507
7731
7602808
10030
328449822
59843646
528345681
12029
30028
34460
8048
2834
1
5118
189296928
359426432
1653
427
1273
262
907
10399
1
907
1174
6
3466
4181323
18844093
49880129
1159
2834
944
35607890
972
2658
21223
3577
5558
5558
86868
26326157
1845
18600525
33934324
7380
16689
1898
98976505
5796
218506153
1326
136207
115541469
258
6
777
2395
42877543
58
2510
21727
7242
26765
4
1
82965
21727
48216
7242
12663
3047
14112
601
7934624
92840274
132651029
397953688
1519558103
1
3796
9561
23148
414252099
36394254
76141895
44345
169329
18202
9
14781
2
3
175410
210320
3432808
65134
124045
1193816
21
26752713
4369106
4924016
1109105
6006364
13107935
526
1867603
83264
690681
206201
1519429
107521
304
189394
308
2320141
200
64
200
200
775426
2149456
646488
505980
1435843
196788
1193814
1193814
3581448
259
259
8501476
1548971
13675509
967445
527220
469480
208
495
5703057
14235597
6844
4193689
132
7309577
416959
1343553
4899693
529
9303264
108227
362651
487753
202748
791310
72
72
877547
276681
784019
193958
124458
430359
430359
430359
1291079
9
335033
2860271
3021467
278
871333
715887
603673
556617
1643221
1643221
4929895
187157
549619
21231
447984
447984
1343956
27141
20628
730712
32
921661
2248
1034
681416
47
481449
1260099
236587
878343
2635035
461137
95793
3579397
569
191
10061697
7970
3561
377026
899907
2072042
18
4480280
2561872
7911949
299889
2747926
5655734
76
3525
4228947
628823
2990633
58954
122352
20
62
1109826
3310
1412532
470843
899383
145630
2698152
587792
50578
211118
496607
270161
270161
178969
343012
26687
27691
105732
1
14
639958
52681
736087
2672965
491134
15
205376
325628
1004950
3162590
186
575
186
2403044
6690541
1352451
3433491
3433491
3433491
10300490
1444716
1368
2108481
12688724
22857902
10485
2224
6003363
5555771
13322418
1450986
39331694
4548952
4532807
1799970
5604776
599
599
194
10722352
942015
1970829
2315
13646873
1862558
1174
1174
8629273
7007603
21022842
3073222
34039317
16366240
3304744
11688938
4540
4540
1524
80274241
1153092
10814677
30875062
153454575
53366382
30875062
1759077
153454575
53366382
8686596
1759077
1279616
6256819
3689878
1759077
30875062
153454575
53366382
153454575
2218897
3261424
5179212
5129964
1219057
1630752
6656693
32444033
3849650
6635305
9062726
16911748
74849
37424
96238
3582313
1539866
221657
587871
709300
2399676
11695775
1387763
2391966
3267029
21201
1902393
5601175
57714274
160099161
1138350
18770456
2227210
7925164
3053135
8989281
8348953
92625175
372794
2062790
10053825
1192937
5240648
1635319
1658517
4814836
49611866
445269
871180
11340293
154405
752558
21637101
562753
1768425
3459972
4690154
861152
19145104
93311247
11071855
19083589
39428148
215272
246030
39397391
15177677
107636
184545
44687304
215272
460456073
26283651
372951175
15007
4275205
1438464
1046391
5060179
75037781
124105814
123285343
5392739
7926462
4148839
996870
1318864
3963329
5443434
16178219
3113390
9356069
5425943
13829385
77832
1259208
2878029
129479598
130919232
77818
128623600
2671575
538708
480724
1723862
28425045
51527
13612921
46676204
47195178
46367624
140266958
389099967
45619127
1082
6367074
2469212
20291034
75743162
74415028
225113314
906029
24434502
1332452
39858153
27561093
17498924
17693488
1420752
8409008
3835319
3768068
15483531
15655687
46529659
76304190
74966218
226780722
9053881
31676558
31651848
12411369
12193739
36887349
448514
108606619
523191
372392129
376532613
223809
369930220
1119077963
101013
26252044364
1056355
300931853
4021
476962
557943960
3831
5068
15231
11965
35957
973450884
299
9215408668
1495386
207295
1847
33838237
121342699
109242
3627057
179385
179385
3322070039
3263868
178199
22049614
539073
291095
5238076049
865153
865153
865153
93906
2805616625
105922
100006800
14481
59506
60167
3275224137
288109
34795
2229713912
141765
82244
1431174
15753986
1421713
1421713
26039399288
4300832
4300832
62710
2571448379
276646
150694811
1340
9
1783302
3831
1109
9457
1044
2
254934884
210
134860
291306568
391623
54288
1
1145539
40445662
19522
40544
2
46978
1701951354
41147
156
137269
346594
291095
1371788073
12
156106
75524
3
504609110
72
61167932
1
703
1
18038713
96032
3037
32630
37126
36476
7251
4125776
473882
80
943121699
656454
776321
16317316
36531429
3930
2140854
97406
348780
113083
19651477
2356
1804
187
25334
1382881
996870
288684
2460842
103
5392486
271785
136
529
246579
3621747
54684
109923
42
3166122
1915
4138463
6793
89893
18241439
42070396
43231243
101900524
121905
141081
16274
7
574593
5079821
575
3565057
683
12223927
4135189
886
12359840
24178869
40731
1593782
584548
512786
873231
12244715
90183908
5938523
2
6367074
11
10652786
75743162
19488386
40618946
3294
19651445
36866214
79092
850
1382
348952
7168758
18738
2914484
49224
868985
123
1462
17
182931
74
256268
883
2909854
355
24987563
27162968
790365
463
102292
58
487945
9660345
85
7868
232043
3439783
1886769
21132221
58613
75421044
13398512
20923
123304269
41445479
902499
884794
21245
201999186
170809622
32665
93258
8489431363
2952341063
1708073709
97315861
463510
2952341063
3865
204131874
463510
2952341063
180428879
286524973
27374
3682
4925
4925
368262374
97997
11627
11627
935593640
4140838
290
483580
67035
1775
32522277
2142
39240011
7248
35327
647035027
76774009
127913
7224
1172924
174326
174326
3192925
174326
174326
7130442
174326
174326
174326
174326
3192875625
8857023894
123213991
279774
279774
279774
279774
279774
5124220426
30367
65995838
15829
149852
2744633312
34253
466
38400
5341
97833037
14166
14166
2601
57827
57827
57827
1059147627
281847
281847
281847
281847
33442
612518468
1055744470
2181248509
13610911
45844
45844
26596
1390810
1390810
1390810
1390810
1390810
1390810
1390810
1390810
1390810
25473402919
20279
2149
831559409
773182027
447323620
48731947
154496
1562536870
1288
204131874
8
984067368
576687
11436012
27374
3682
3058
1078
5299235
4717
1015
1
245020535
469016
204
126643
42037
129616
279977733
17555
1
1100990
2839057
187
13079388
632
6313
169450562
12283
1685449
1217
815
13111
27723
2
40252
153
174326
44390
112082
45653
45653
15217
216233801
315896561
15154
152778177
1635762922
8857023894
39896426
279774
4
50481
31821
24423
1341970677
1
313
12
4326
493640850
718785906
23
40
1749
234
59838376
3710
1
287
683
1
1
5833390
281847
15
93944
24604
2919
37422973
1055744470
31920
655181
12006
12006
11795
78
463581
212285
149508
7046
251048
78
51086
236584
133013593
922621862
2223720898
6671172769
1440762
301980
6713926
711528
15031230
13976003
8085801
880876
51149117
28244345
360126
119117
426518
139825
3689878
99
8085801
2913
17787957
2245
77
10424
206716
1709907
1219057
356953
1012538
1129352
97
95788
126
2218793
4874768
1561753
56
336058
217
301538
9062726
4428980
8477
3929
67615
377
134423
52
17787937
111890
759
2342
22705313
5923507
3914853
13975983
41928012
5060864
3039
52365468
149076
58049
60
19901
8
51318
39808
61918
236422
209481
853672
426547
2090144
48387
3062980
661
222
30466
850541
22772
270068
74846
336238
236
1466879
50699
1983797
727594
3908632
4245561
5710131
844
273
844
9178518
2761611
638271
359300
5038213
5038213
5038213
15114662
114
5113086
8217882
1095
37107091
29567976
8380891
57714274
160099161
644611
2443466
4501
721165
7925164
14
2354183
4383198
41690
4413843
16713080
1355
10535216
8085788
24257400
15168981
92625175
32543
28696
349
568
5
4093
9562
545080
434345
117526
1432385
8923029
12992741
30344489
71450
76050
7710
13478
250841
3603707
60196
25643
77745
1081635
50
1788
119836
68
22
1228294
95339
90
90
226191
105444
363
3558417
442
11176481
8145679
19024214
5277
31102285
93311247
676455
966526
2899583
2951
19083589
5397465
577
127324
3
11843
72
72
607350
3974848
2210060
369968
35
15136468
15204
3237
95476
17053166
5749709
93877374
371342
2404347
16677270
6738
78326151
25842275
49497836
15833144
40195877
120587815
364057
16913298
4253229
2332956
26043
8741
26043
26043
83114631
70281366
153478133
357070
4537114
4741628
13634511
4741628
4741628
1577857
2743264
548
4741628
4537114
1595400
1577857
1595400
4507119
923017
912867
1567425
1577857
1595400
2743264
4537114
4507119
1567425
4741628
13634511
4741628
2743264
4537114
4733571
4786202
2844
4702277
1706409
1725381
1695127
5127940
14224886
2738602
2769051
1645
2720497
8229790
1457151
4408037
3219108
1007590
639733
646846
13614074
13765443
8182
13524070
40911741
5300185
3677
3842
202384056
3842
3842
1278
2223
8143
70382424
3677
23681351
1278
3652
748
1270
23420942
28419
3677
1270
70382424
11049
40719674
3836
3836
3836
3836
70262833
3878
3878
3878
71044058
3810
11528
11528
11528
239294
11528
11528
11528
1382
1382
1398
1398
1398
25610729
1373
25162
1373
1373
1373
25161652
4155
169986
4155
416107
4155
76116655
2244
2244
2244
2244
41102454
40381734
6669
6669
162881
6669
122159008
1180
21629251
3572
3572
65430769
2608
816
208828
11033
11033
11033
11033
11033
11033
11155
11155
11155
11155
11155
121451
10960
10960
10960
10960
10960
10960
10960
200744718
33156
1356185
33156
33156
33156
33156
33156
33156
33156
33156
607273961
100
297
2385
19823985
207
1
1
1157
2132
35244744
962
3292247
374
641
249
471
3066
4
1
1
23459703
1
130148
334
2695
1004
839
6475972
348
1
3878
2000902
1039
18605570
2245760
69
3019
217
7157
1
1
3019
3019
1
362
600
71
1
867010
13120799
33
317
1
1
107
911330
974306
165
1058
2671
108973
742
850847
25371024
2244
195
587
17
1205268
10764230
10575482
1
1203
196
582
28050537
60
3890167
1
165
13339966
1
1
18602
130
1
2889
55
2889
1
2921
973
696
973
1
31806
1
113
693
3653
1
3653
1
420892
7270778
2937
2937
122783042
499
601488
5060
1
1161
8683
5640
2245
5984
11051
2282760
3344638
6
367118
2943679
1335531
256126
22
2182
1428026
143
2374420
1188214
221797
461988
108034
791966
307657
20400
581642
206
236
718427
86
65
22
1580468
64
165
8768
1512300
436282
115748
413220
1239664
3325755
1036125
134799
22
70
217506
417815
1253447
151295
90
429968
4786202
248
3286
68
666878
85143
1538027
1580466
268028
208
3725323
11
804
8832271
4741405
24
446887
151176
32
58410
78729
88831
25
451856
740668
883941
1489
58266
21370
132943
61395
24
65638
41450
18746
57321
916410
31923
447647
1342944
3296982
204670
1709233
12
81198
241726
725180
21396
2769051
3
712464
2720497
1484965
120
9944
718426
1071322
1889750
4320637
1347771
262078
74585
381610
203672
384803
153
898706
249
155
685
106549
1799
1212720
160844
3565359
125753
68977
258
775
5248
524944
65
65
772560
859373
1201665
1201665
3605001
2142
43707
2757275
28355
855896
489828
197
64
197
197
64
541179
140278
8271831
764
4507811
4507811
1515181
16
32993
717727
2770684
1432688
598
6959315
4900259
615930
10714284
32346
153788
32
225326
18144966
776
776
7384774
6244532
13636605
5659110
71907401
3926
789
1365
1365
1365
789
71907401
25006995
1365
1365
25006995
1365
158201
1365
789
14467770
25006995
3926
25006995
789
3926
25006995
1365
3926
1365
3926
789
71907401
1365
71907401
3926
25006995
25006995
14467770
30009
789
3926
3926
71907401
25006995
3926
71907401
25006995
1365
3926
3926
25006995
22664
3926
789
71907401
14467770
14467770
25006995
4096
4096
4096
287584
4096
4096
4096
4096
4096
85021
4096
4096
4096
4096
4096
4096
4096
4096
4096
4096
4096
4096
4096
4096
4096
4096
142532
4096
4096
1476
1476
1476
1476
1476
1476
27044
1476
1476
1476
1476
60396
64007
1476
1476
1476
1476
1476
26142
147843
1476
1476
1476
1476
1476
1476
1476
1476
1476
1476
1476
1476
1476
1476
1476
60396
1476
1476
27044377
75020993
2369
2369
2369
2369
2369
2369
2369
57871
2369
2369
2369
2369
2369
43403304
1269
106938
1269
1269
1269
1269
1269
23247664
15844
926
926
16977338
290
255
95
10138946
7822
11780
11780
11780
11780
11780
201365
222970
11780
11780
11780
11780
11780
11780
11780
11780
11780
11780
11780
11780
11780
481855
11780
11780
11780
11780
11780
11780
11780
11780
11780
11780
11780
11780
11780
11780
11780
11780
11780
11780
287691
11780
11780
11780
11780
11780
11780
11780
11780
11780
11780
11780
11780
11780
11780
11780
11780
11780
11780
11780
11780
11780
11780
215765477
107
14660416
317
1
357
847
19
18
7043496
6549026
198
73
118
1
158201
1
411
3788932
12522517
1028
3476542
287
1308
13235040
399
881
1
689
263
71907401
506
12897025
559
1190247
3273
608189
4
206
1308
1
2451006
8335272
229
417426
970226
1
684
1
8335272
1
1
1
17132526
480444
46241
998099
1072
209
357
25104
2877
1640
77
4096
2543
1
357
357
367
735
197
1
1
1
4096
296
1
4096
1072
896
74
1
4700
1072
1072
2951539
2112909
356
1097
1097
356
1097
9771821
6914521
1176242
1079539
6549017
19647080
2371474
13169663
1424
46637329
8497334
25005820
234
36
67
58
1
60
340
1
633
184
1476
375
181
143
949
158
76
1
248
38718
180
37
386
386
115
128
1476
1
386
263
128
13
386
166
1
1
492
128
6043
302307
593715
1831549
2675715
915544
979521
128
1294065
1047209
2360860
7082591
513
13855281
4857118
9014368
75020993
2369
1
427
206
2369
269
620
69
790
92
206
206
18
1272737
9476
11366794
9966404
29805480
8038388
14053896
263
1
36
1
64
58
1
110
340
4181249
6088279
4739713
441
860
308
1
2833865
1
1
8
1718972
356
3085
1028
3800
1
1
31101
19861
177
265
139
3085
1
122
745
11780
1
3085
3926
1308
193
213709
1798
3085
1
1028
395
1
517
11780
3085
735
1266
412
1
6846
24
1304
3085
59
52446
1
3085
1028
2003
1
797
3926
2126
1
1028
1798
1
3926
1028
1
689
432
2003
1
17
3085
1
85
452385
1126655
7814815
3157
3157
3157
13182599
4076849
18835418
56506340
4964383
811068
36026254
131970305
1188355
10386187
12203
215765477
856431
2569295
18
2462660
193811
977367
12
1100107
178828
3163348
2607851
60021
130565
56007
1183168
447351
1100107
611667
19
226906
19
12079025
5810
1265111
636465
2103535
3163348
583990
884827
4026152
2223225
1229938
500768
2711912
284453
19
2122459
810061
54311
12079025
1558794
2166445
237
1721005
199938
552041
549
102163
623
73710
3
636465
4026152
636465
190015
411720
229
1400161
707486
495487
70119
856431
137
162978
176
61
48
2104744
229
1400161
11
95183
57
137
2877926
80705
146
7767
167660
4026152
856429
1400159
856429
466721
495800
2569294
3090
284
8807
237450
911840
354927
415606
1725041
1893478
2138021
184
184
184
59
59
59
184
184
184
59
184
59
184
714559
1980734
645037
1787226
595742
572694
1641473
466263
1323136
1161503
308153
279453
197585
181341
228184
180040
1100105
1100105
1100105
1100105
1100105
1100105
3300322
188259
9
42192
1264978
438
2569294
398360
606622
2212243
5048625
7431334
8854058
239
239
239
712
239
239
2758446
7834151
7824646
2458431
1427384
4121896
2263303
1132105
4200484
1400159
4200484
1015
467
3990
12861
50781
156152
57271
99732
307664
334185
356286
441595
449467
153793
164540
165681
186833
207295
233893
729196
811862
66
21
66
66
66
66
808664
254963
722478
217377
568943
175910
486550
111086
291879
178733
50240
114689
106820
18794
28281
396577
396577
396577
396577
396577
396577
396577
396577
1189735
8
40272
24027
18261
208206
308735
43251
402471
1616121
646862
1950175
2635753
2784296
86
28
256
256
86
2920847
802937
2327413
659693
556288
512925
815900
181320
1514236
1514236
1514236
4542922
3598
12602046
49680
3281
14735
213794
347431
1315553
34
34
106
1591
829269
8809
636464
636464
636464
1909397
2
17
4459388
56336
283917
265476
949101
2432598
4128599
1415142
1674159
5006732
1350290
3827719
1194011
2360777
7290899
796178
24
265392
70121
24
54327
22836
112748
180436
18
57
702367
199888
95321
340903
1022710
3050
9
128918
135
265392
796178
2388536
74
220
284982
811013
1301655
433884
11
137
158432
154872
457626
248955
248955
154832
476033
950574
606
11
24592
64268
54842
1
25517
97432
6
76186
283662
288753
288945
4738
347235
651620
48546
71
117134
3228588
1956422
4026955
359431
415
1342323
2463150
452582
7389464
14
13819
14
29229
75991
75991
189255
635846
300068
2293791
816744
2454591
840957
926066
2914342
1269241
1312734
4012662
1382175
1593421
4961622
5598070
6607425
172
172
530
530
530
530
530
172
530
530
172
172
530
172
172
530
172
530
2214416
6506218
6165365
6165365
2034149
1450354
4341215
3896173
1246290
1218350
2262726
684830
545662
428212
375945
3163978
3163978
3163978
3163978
3163978
3163978
9491950
28656
1331313
334788
86
833918
136243
28
52653
183636
596094
1387579
1261
415
15368973
6051700
7389464
7389464
7389464
7389464
7389464
22168408
199620
1492113
1744674
1942976
2120849
11692719
5277631
16074905
21063665
2049
2049
688
688
2049
688
688
2049
9662
688
2049
6542285
5532128
5532128
5119670
12276672
1337090
12080879
12080879
12080879
4026955
12080879
2064
36244344
248042
336233
31969
61735
405685
1372497
6689411
793732
1368087
1868581
3486916
15432
17637
2824368
12126
12126
1088075
9921
7716
14331
1103510
7716
3203598
15432
12126
163156
317494
33009740
131969
261643
258201
350004
64263
422300
1428709
6963379
1945109
2942337
3629725
18360
13771
1132638
18360
3334803
169838
34361673
141747
506244
686237
827985
2801206
13652791
1619973
2792206
3813690
7116641
31497
35997
5764410
2220714
24749
35997
15748
6538401
1507475
647992
67371414
217328
292651
885301
27825
54692
359402
353100
1202546
1215916
1194595
3613778
5861084
5926251
5822336
17613181
695447
703179
417
690849
953343
947040
31928
2864897
977617
8789
12696
2806907
278180
28922256
29243832
28731050
86914458
229244
921559
3159243
992387
16086
447183
30106783
30441529
29907745
90474088
373221
448489
1806860
733525
720662
2180081
2454343
2481631
7375561
11962212
12095215
35947721
7351863
10041426
94781
5847129
21925
5728773
5690900
59029040
59685361
58638795
177388547
1010
18499461
2368545
30593127
30056685
102363277
5651
103501414
101686546
16795
27542
27059
81858
81858
1499271515
59197977
59856177
1
100094
4401
4401
4401
148
1292
2655511
135912
135912
133528
2445648099
403938
7398343631
2562753492
2084
38176379
8397
8397
62439213
185573161
11406
1018248986
167068
8068044
484421563
277390
277390
13209172
272526
824421
824421
824421
15099690486
1
119024
620293
8011966
439
172878
1704
18111085
4128093
1137
1654
1
1
81858
1499271515
2144233
28222256
1
33363
3051
4401
1152
4
23
1645362
2411
1
94603
112993764
11607
35790
213494789
35262
108269
1134188816
854210957
2084
9997926
2799
142
8378664
6649569
1
339400353
11006
489530
126864084
136586
92459
2929399
3537
94119
71968
37896
689136975
1398
3
50838
76641
1012
7287
12067
10084
94123
5
2030
212765
366731
17
5
48496
17
244841
27
85
111
249582
355957
85
83
17613181
11090
25190
331550
7
23485
317766
953343
248018
656536
947040
372858
962
109458
482986
767
1
1591799
5013
3142825
1265547
2524791
7574385
138
518909
2552863
18119558
1327431
136
420
2508099
20355482
1271
1271
7587266
13324253
4064
80448
260925
29672
190
117111
36533
11
10035122
445
9968779
3149
251346
1
117453
448489
30582
602258
98431
13
78117
138
6
4511171
3987216
3167589
38090
2368261
34
107
5750
2593288
1
1500295
1490377
5152986
723
12566661
3357889
873
13236428
29388981
19894184
761166
8154165
8095861
15485273
20251441
974
17848091
1320
1320
2300355
1593
1593
29191368
5392
5392
5392
5392
5392
5392
5392
5392
5392
5392
5392
121813
98759042
26280
26280
26280
26280
26280
26280
26280
481341303
3118
3118
57113603
5374
5374
98441719
134455064
13698
1110472
69
203229429
4274
96570
4274
4274
4274
47
12585
230517177
1247
1247
129684
129684
129684
129684
129684
129684
129684
129684
129684
2533837
129684
129684
129684
129684
129684
129684
129684
129684
2375239126
7641
518
252
1659
102803773
27356
1321112
239958134
134995
9478133
7500197
134995
2472518347
1988
36427160
2696
2696
49378720
59578286
11005
11005
53637
53637
53637
53637
53637
53637
53637
982396203
116566325
10969
194212
2590246
8724
2590246
25687
1133212
470475311
108471437
264680
264680
264680
264680
264680
264680
264680
264680
264680
264680
264680
264680
264680
12603935
4847757474
7905758
1
114833
345
1
602435
86
139
427
7644862
1651
470
1
1
171
470
1626
470
1
365
77
5392
5550
4009247
1421126
166791
17281246
1
26280
26280
1578
1
2331
1
22240250
126057402
339445385
481341303
54
42
1253836
2068734
271
3489463
26929129
18493262
57113603
375
606
98441719
10
15922845
125778
6
305
32188
2963
4274
1119
1
1253
6261215
22
197
20624
7
11320
14750
43226
43226
1
19761
3744
1569972
7
2301
43226
4763
22060
91879
11320
1
12402704
235001284
109740731
34759
11273
34759
34759
166283
207348382
207348382
622046085
364131458
791709110
2375239126
7641
22
27
434
34266311
1065
63593
36357618
9577399
14769
2482207
996623
11784
11735
824133991
1988
9539827
898
45
4310554
7994758
2134845
1
1
14046
53637
17878
2581
3533
3
4682
18650
327449988
12024674
1606554
63121267
504
1849
157163
2284
37
5960
123211731
148628
28407343
21214
130328
3435
30217
23105
264680
28452
88222
69316
3
12166
7665
6099
2795176
328308756
23008
23008
231963796
221247510
25890502
2565692658
274186
109869
1595
3
64959
384
8590
1
58409
88055
8372
13621
11382
5
23997
22768
22030
65098
35414
106244
229726
22
22
19093
232853
20
20
6
6
6
6
55718
19750
19612
119813
119813
119813
2317
62541
240165
43575
243
413957
92989
1372497
281722
309082
31
97
31
97
31
31
31
1025324
593424
37557
1751875
66383
4717421
126
401796
766922
2229698
6689411
9
13924
12657
17425
26983
28750
3
3
48494
10939
69289
207868
486468
44
211
374245
257008
793732
95461
154466
456007
1368087
2723
221286
1748
1539
77762
146253
5
53161
42808
284953
141610
61
754404
754308
192311
362674
362674
365
1579
1088075
123554
545183
866
810
1
26522
87014
279660
1816763
1085121
318993
1089
1
3
50381
5721
23045
412192
14857
172365
2428253
953051
3151545
3265916
3586990
1525115
1573004
5030008
483
156
483
483
483
156
156
483
483
156
2310
156
5615141
5249663
1686526
3754538
1221327
1135065
2985628
585733
1444402
1095936
2881611
2881611
2881611
2881611
2881611
2881611
2881611
2881611
8644847
65
1212501
5060494
20452925
1867
626
1867
23386865
4793459
11002729
11002729
11002729
11002729
33009740
5801
4639
38789
5
30553
14017
7114
6747
110595
32364
81013
476213
271111
253955
101
28808
1945109
402787
30316
299782
883
33865
1
216
505277
291114
133101
44478
734906
3759366
163
502
4565964
41696
2999629
2999629
8998902
13
1195
21016895
4892726
1943
11453351
11453351
158106
95460
1
132579
28
506244
70
11615
59905
228735
111106
29668
15
1713323
7
996514
158
53
14466
927837
899455
2051354
1191831
3575499
176567
2783518
657202
772
772
259
4550716
4550716
13652791
167112
22326
424251
877223
569272
128351
13
40
26583
1556
258276
74549
1
2184
12986
32661
32
581578
323363
984920
125
1
1
159596
1712327
385
1517076
2065
158
394789
3096917
4562650
4778116
5399893
985
985
319
319
3223702
3074773
2793143
7242252
1951211
473939
359811
5881240
5881240
17643749
826
874521
7691411
35656557
3810
14940965
33173582
14342664
3832448
1552602
22456081
67371414
664093
671477
399
659703
1995672
691291
698978
686721
2077405
1355385
1370455
1346425
4073078
899
20321
899
16475842
909
17771
909
909
909
16659030
1
893
893
893
893
893
16366919
2703
2703
2703
2703
2703
49511657
17150619
1835
33626461
1856
1856
1856
88399
34000340
1823
33404154
5517
5517
5517
5517
5517
5517
101051093
16
6773
1
106004
596778
27825
54
11011
274
16
1
4362796
2915062
7854751
1
1
619
893
234
633
756183
77
239
239
664435
1428763
4286296
1
235
81
2703
183
724
7590289
49511657
5716603
1
11208292
914
1856
618
19604
4562476
8904273
23
8748139
1838
629
481
363
253
93
6131301
4611885
3620923
4272
10590
16971
24054
72163
72585
9
9
3
9
9
97340
26130
29058
57972
57972
173918
24393
11967
1121
376608
12
221354
5451
664093
75181
20897
18840
28279
38802
87
3
22571
11914
58617
58617
58617
175851
16
17072
117497
416049
148159
331739
316602
251130
202523
40332
7
40027
22426
30479
3
9
9
9
9
3
114601
113476
26781
29489
57589
172768
1
61942
467389
457339
219890
659703
2281
29
29
9
9
9
343217
60167
174213
17718
37453
35072
324432
406875
259731
305942
135211
1995672
4998
20669
125416
8169
7143
838
1
12257
230419
10
5478
61017
113824
56717
59947
199
4117
8881
228896
144942
52687
181348
544047
1565
72
51166
10526
118319
354958
16
76
25
288547
77101
150591
451773
20
20
183900
358905
3
303926
674810
456797
1370455
73133
352612
3
17477
25
150847
4315
187230
247135
268337
19
59
19
19
185891
145948
101952
68940
355562
774
23012
2491248
465000
1806470
1357628
932
932
932
932
932
932
932
932
932
932
932
65482
932
932
932
932
932
932
932
932
932
932
932
932
932
932
932
932
932
932
932
932
932
932
932
932
932
932
932
932
932
932
932
932
932
21069
932
932
932
932
932
932
932
932
932
932
932
932
932
932
18222
932
932
932
932
932
932
932
932
932
932
932
932
932
932
932
932
932
932
932
932
932
932
932
932
932
932
932
932
932
932
932
932
932
932
932
932
932
932
932
932
38148
932
932
932
932
21069
17082017
970
970
68163
53939
970
970
970
970
970
970
970
970
970
970
970
970
970
970
970
970
33783
970
17781620
1903
1903
1903
1903
1903
1903
1903
1903
1903
1903
1903
1903
1903
1903
1903
1903
1903
1903
1903
1903
1903
1903
1903
1903
1903
1903
1903
33700
1903
1903
1903
1903
1903
1903
1903
1903
1903
1903
1903
1903
1903
1903
1903
76702
1903
1903
1903
90643
1903
34863638
148
153
244
81
300
1
81
38
16
1
13
5716
16
81
38
88
310
1
1
50
932
28
106
92
81
81
37
932
1
13
310
932
1
1
300
29
310
66
932
310
51
49
1
244
1
7022
244
542
56
142
1
5
147
12
114
81
26
1
23
1
11290
81
244
81
932
1
42
1
1
281
81
1
149
63
234
13
1
82
1
1
52
16
142
1
65
5
132
81
105
932
13
646
310
932
1
244
34
69
244
158
1
1
660
310
81
1
960
6
89196
109904
463974
375008
1690059
618734
789222
789270
1004397
81
249
81
249
249
81
249
695
249
249
81
249
1195
81
1043658
693465
1338360
245807
1491188
1491188
4473571
283
28849
2989078
2618725
12046362
324
966
3033
10619156
8054190
1934813
5531120
5693737
17082017
106
84
17851
7167
37
388
1
970
84
84
1
32
254
42
103
39
107
323
254
12
1114
84
14382
6737
2694209
260
260
84
4656789
409123
855944
12210815
3193545
709714
5926927
5926927
441
152
634
937
87
1903
498
498
24
1903
634
176
7
1
217
238
166
1903
1
91
125
87
1
117
204
634
50
320
1
8
498
7
1
74
498
1
125
1
166
427
87
1
1
76702
32
55
43
20102
1
1254025
7790
2115360
2361099
165
165
510
165
7611
1668215
1591146
4678321
4572598
1249254
3596440
480501
186196
3043448
9130360
6120185
18451702
1971
661
6456823
18878839
11620665
11620665
14
86878
15963
143134
39785
1
1461
28
575
17784
6675
22427
8215
8225
10583
34723
35869
52530
53838
20386
77566
28064
89202
91362
94040
32663
32670
102792
36909
122051
126480
43459
46304
138915
139726
51108
52575
171833
59063
59067
182142
60918
194799
202862
205197
210929
216886
73874
75167
18
18
18
6
18
6
6
6
18
18
59
18
18
18
6
6
6
18
6
18
18
18
52
18
18
18
18
6
6
6
6
18
18
18
89
6
6
167
18
6
6
6
6
6
6
6
18
6
6
18
6
6
78105
227559
75619
222077
219897
219858
72486
217460
72478
71747
70714
69423
205137
67768
203306
200931
195945
65315
187381
62459
60433
166515
51897
50300
145404
47298
134222
43958
42972
115626
38542
113406
100160
22684
20110
57145
19043
55938
18645
18395
17619
50295
42442
32273
7177
7009
18267
18266
111597
111597
111597
111597
111597
111597
111597
111597
111597
111597
111597
111597
111597
111597
111597
111597
111597
111597
111597
111597
111597
334793
21
317
31
998
2
46957
23038
32503
3
11349
39981
1
12686
23992
2159
22466
207824
94766
120034
44
217
86878
260636
260636
58252
58252
120719
166378
68531
223697
321440
40587
412417
412417
195980
205212
723908
724973
741705
742943
783505
792091
282071
901527
24
72
24
227
72
72
72
72
72
72
340
24
72
227
905715
886353
886241
794717
225948
631579
602760
195125
185638
180577
180573
478112
156540
144797
144338
433014
413938
385572
127293
86613
76785
146563
47160
426108
426108
426108
426108
426108
426108
426108
426108
10494
426108
142036
426108
1278386
147853
271310
53585
90436
49284
30145
1076
504
9623
11114
51810
28461
39788
43886
145591
48532
147328
58503
182170
201629
73928
241427
6
19
19
19
19
6
6
19
19
75458
176828
142523
139725
44730
109907
92847
15725
13751
33750
10430
30153
5505
16502
1614
116168
116168
116168
116168
116168
116168
116168
116168
348505
1
386
4
1002
30618
7038
7979
5349
17210
43931
46
46
32776
103184
813932
23595
48455
64057
444000
533121
189483
75
8
75
913834
216704
6742
238998
199919
53295
53113
443560
443560
443560
443560
1330743
10
96630
11580
141718
531946
93848
177315
2764
177315
583
268
639
15257
38373
119935
158309
171831
171891
176700
60538
185044
209124
116903
392025
442649
12
38
38
12
12
38
38
12
38
38
38
12
38
12
38
12
569
38
141690
124846
119078
350116
342204
326760
108171
108168
280474
93491
269150
241471
69320
65308
63686
161285
44161
35959
75565
61350
18354
13934
10794
30847
227765
227765
227765
227765
683298
570
10607
496
31
153
38977
14741
6
33743
33743
119578
99888
1106369
531946
1595841
24840
33868
101603
7
107413
125595
458023
297869
928184
379921
1157187
1380890
585786
605384
147
147
147
147
49
49
147
49
147
49
49
147
49
578626
483216
1412856
1284731
555456
148421
60128
869668
869668
869668
289889
869668
869668
2609129
397783
390808
26515
80210
43941
52918
53507
52222
52803
156934
70790
71577
70322
212732
6686
13142
85412
86362
84848
256674
288964
292177
173
287054
868369
1408383
1424043
1399072
4232343
167111
168969
100
166007
502189
288036
291238
865579
1182238
595104
591170
742295
729279
2206147
590709
11159
229082
231629
227568
7672
688417
232332
234915
230796
2112
2581
4177
3050
3713
674483
681982
670024
8370
2026894
9764
1882513
66845
67588
34732
103227
155506
154478
6949847
7027119
4176
6903901
20885030
711
883848
14616
97
95
1740781
96
1760136
128
130
130
2385946
127
387
387
387
387
423
222877
155
2878783
154
2828304
8555919
525
525
9632283
531
531
9739381
1
12758
522
9568604
27014
1580
1580
28946037
2563
46946748
2591
2591
2591
152343
2546
2546
2546
2546
7702
7702
7702
7702
7702
7702
7702
141079974
304
5570471
307
5632407
1
913
524
530
39408454
19837087
19705943
24743508
1327
4015
73539221
371980
9418
414
414
414
414
1252
1252
1252
13
255745
22947569
124887
7
22483073
1241
22334436
15
726
62751279
121
63
283
12648
12648
12648
12648
12648
12648
231664629
12789
12789
905753
12789
12789
12789
249881
12789
12789
609013
12789
234240418
139231
12564
230136
12564
12564
12564
12564
12564
12564
12564
230133079
38010
38010
38010
38010
38010
38010
1554726
38010
38010
3805794
38010
38010
858692
38010
38010
38010
696176855
62
1252575
540594
3827
97
1
11200
96
460958
28
1
1
80772
1
129
240
101
6
110
58368
15
386301
753918
1
41
740698
306580
2851839
6
1
16267
160
1
1704235
1
25
30
388449
1764
107
1
159423
1
15648179
1
155
370
1
222
60
848
1
1
4781
7702
2567
507
1
1376
141079974
26
201770
26
2655686
1
1
228
176
251
288
6480022
99
28
235046
22569
3139
287
414
108
36
24
417
328
11491238
1
2858
1
5
1962677
21
5849115
22334436
1
5477922
322
2
1
74
1
5
1
1
64
3312
3390
20223347
77217908
12005
12789
6297
1116
115
4262
154826
2439
226
135061
1
17961651
3427
20448203
7404530
120005235
36463
163
2901
11
4188
337
1
1
8902
2266
8335196
10632602
1092
3367
41390989
4141065
20089649
60269039
1
25
6858
3318
4339
3318
9678
5801
24438
372775
6861
1
126953
1747
3318
9954
10188
10188
31772916
68192130
18884495
106726051
18151
34115
37576
29592
16217
21006
1
938
53507
335
1
13828
52803
2
13699
15495
27
2423
1
1
1
12216
18416
243
3600
18570
55712
132086
70907
1751
2899
8366
2423
11588
22617
1
1
22220
1
9197
85554
3414
488
16
1
1
51126
5
88123
1
580
16601
4
1
11653
4
30
531127
4782
56713
16
49
58834
289442
6
20
31474
79
26
469439
59973
54305
203563
372939
80
85534
1
20
6
33346
122133
466335
4484
278829
756359
20
506934
147
550950
239
2627507
1410714
4232343
2665
6053
14588
14750
79669
1
1
5643
7
28
125825
13235
97075
4
12
7
8
194398
60231
54486
15435
7051
1909
590709
677
6849
1
76357
229082
15685
1
9106
19865
59597
157761
227568
13266
180288
89595
305323
344732
229461
85
231
77440
26302
116058
1
60442
184
1
2935
1
43
58879
176638
382500
12059
175471
670024
530818
1
146
102
164335
988319
4330
1204
5900
1
27034
40725
2
755202
1157512
101
101
169942
304103
8433
606692
606692
606692
1820079
2
85
64195
35212
615708
131
3243
131
131
1479549
395344
2316506
93139
538842
102
102
33
102
394384
124690
63555
613437
613437
613437
1840316
19550
222132
1340652
4354022
1558405
3600109
3460143
2342263
7027119
364
1093
1407561
6064
4825
237305
87036
185363
250052
318973
1245566
101
32
101
32
1241713
979113
76351
124230
602681
1808047
89616
390
4891301
2258138
2301192
2301192
2320446
773485
16843
960039
3768448
305
305
305
305
953174
2045736
2045679
566527
130019
1823175
1823175
1823175
1823175
5469534
14199
16512
726
2384325
3201739
396
396
13427920
3769852
3420286
3187770
3087753
727
727
17
49
4942
904154
97
96
96
96
96
1769002
130
130
130
130
130
130
130
130
5435
130
130
130
2397966
433
227998
12
24
24
157
157
157
157
157
157
2893285
534
534
534
31975
534
534
534
9135
534
534
534
13051
14356
534
534
534
534
534
534
534
534
534
534
534
534
12073
9788443
2604
2604
155843
2604
2604
2604
2604
2604
2604
2604
2604
2604
2604
2604
2604
2604
2604
2604
2604
2604
2604
2604
2604
2604
2604
2604
2604
2604
47707857
309
309
309
6982
309
309
309
309
309
5660780
532
532
532
9431
532
532
532
11709
9756992
13326433
327240
1100
20158690
1357
1357
1357
1357
24868155
1099
1099
110063
6
125789
20142964
423
423
423
423
9571
423
423
423
423
423
423
423
4
86483
7759991
127756
7
125789
1247
1247
1247
1247
1247
55031
5
22847573
31122
70757
245
149385
21220085
123
123
63
235869
287
5267670
12853
12853
12853
12853
12853
219708
12853
12853
12853
12853
12853
902458
714130
12853
12853
235424
12853
12853
12853
12853
12853
282519
12853
12853
910316
12853
12853
12853
12853
525749
12853
12853
12853
12853
12853
12853
12853
12853
12853
12853
12853
12853
1286974
12853
12853
12853
251139
12853
12853
12853
12853
12853
12853
12853
12853
12853
12853
290377
12853
12853
12853
12853
12853
12853
12853
12853
12853
12853
12853
612081
12853
12853
12853
12853
12853
12853
235420417
727
63
423573
783574
1
2
1294
553015
97
8
96
32
1
2793
11381
463280
34
43
1
81
1
1
34
103
34
28
1
2
81179
209332
627998
1469821
113
59709
1
1
2
8
1
41
15
1
13
42
388247
103673
757716
163
964383
46
21
8373
6
1
16
1
596
1
1
16
26
3759
46
30
161
46
1
36
1
7
2
534
1
1
550
397374
140854
16531
53911
1712820
3262661
1
1
1
682
101
1617
2604
868
2604
2604
682
125
868
171
156
1
227
1
1
64
62
868
372
1
231
465
1
227
2204329
12494104
33643928
905
15901870
47707857
5
80
26
1
26
1
4
10
26
124273
205041
26
345856
778294
583951
78018
3065342
2669064
1832948
5660780
349
177
24
89
232
37
60
5855
9756992
4999
1
295
255
1
9
101
1
4401002
6512665
79483
288
1
1578183
6190
12466
1
7632
6055
8
110
36
30
3190
141
110
1
293
423
110
36
373719
438
3885897
1
966
1
5
1
289
22
124
1
1
620576
3461784
1994497
5983500
911910
7217
1
22847573
8150
1852424
2609
109
1128
2
19
1
1
61771
75
1379538
12065
2044
1030
12853
1
1
1
6329
1406
8
1
2319
236342
94893
1122
166
2967
11
1122
5
1461
1467
1
4284
1122
4284
1122
12853
1
3273
1961
1122
1
4284
1
1668
8264
1381
116
4284
1958
1122
126058
371
65
873
155606
1
3366
2320
209
1
2452
345
228
1
1
42930
1
590
3366
1122
414
3366
4284
472
2186
372
296
135741
9106
1122
637
1
2318
1122
1229286
15943574
18052134
23292012
8526698
10876887
3445
3445
3445
1117
3445
1117
3445
16481
1117
1117
3445
3445
42341953
12267167
11264799
10744386
23059973
6386015
4236206
1257313
20551211
20551211
20551211
20551211
61653728
7441830
36090673
124597081
13315
120609768
78469778
78469778
235420417
26692
38320
49379
34816
21021
73311
904
2504
14921
34849
1
2003
112965
176
717
1
1
9731
9731
29194
6
16747
37157
111479
15
57
172
2890
3861
5115
2
1
1
2
1
26251
2557
13191
13191
39575
92625
33077
93827
6052
50369
3762
1
231
3071
2913
6122
5115
2
2
1
10785
10232
9901
29257
24466
6533
17859
15916
47749
103246
10
10
3
60773
13973
1248
8581
25012
104652
35674
9
9
9
2
2
2
2
2
34977
25041
19516
8876
7287
8814
53848
53848
53848
161544
2467
1041
21
377287
3397
28108
1
107938
40286
19584
219440
34
11
109
34
11
11
186046
41792
205606
205606
616848
3185
204317
1
74355
117052
126615
198067
109645
114650
138912
429765
451724
537281
14
43
14
43
14
14
43
14
14
460816
360101
266705
71657
16879
12438
262450
262450
787353
38881
29834
104
612952
67187
391368
144721
2120172
170
170
170
57
57
170
170
1866454
180581
344681
1002103
1002103
1002103
1002103
1002103
3006453
4
720
6258
12261
5688
7831
12127
12921
5
1
1
1
21795
49046
36799
4916
31141
31141
31141
31141
93423
218635
20
20
95
193171
168199
115508
356731
125358
28264
42903
2
8
27942
5853
268596
307466
403743
69422
204945
204945
614866
839805
173904
18
18
16
19407
13089
277342
7
129431
410415
342
1224
10964
5008
117085
4102
56874
99453
332432
390
16416
24
1
785
480
691
381
1269369
2859
9424
7192
33114
34948
14621
65731
23551
2
2
7
2
23892
19568
19239
42689
42689
128068
63644
71207
216887
27
27
27
27
339055
339012
86431
244881
162998
162998
162998
1
60
164
709
489018
55529
2
129884
245024
165310
389
364
1
6265
1
1
93
11920
39107
25460
218154
6
35144
125689
125689
125689
377068
84
1
816516
334072
81
487691
143366
57466
454
489
104
72
1439808
116736
350208
702054
164
1
3076
71
1
34
22643
12456
2571
19203
4
10357
1
3892
4
86935
1648333
549446
1008229
185253
3024693
11964
6677
13032
10368
77467
509944
187031
196637
681965
317297
1004731
1052179
1091341
1137609
1189099
398326
428334
1416413
1467815
537335
1612117
1623113
685439
706962
2260660
2470922
2676584
2676924
217
217
217
217
217
217
70
217
217
217
217
70
70
70
217
217
70
217
1038
70
70
70
217
217
70
217
2668304
2523638
832628
2359380
773052
757983
735427
709884
2104006
677089
1971364
615072
1687419
548906
1594801
510137
1453193
1453151
1341844
362773
263248
242335
649164
492552
164070
429672
134179
402433
104365
266957
79233
92359
18002
1295095
1295095
1295095
1295095
1295095
1295095
1295095
1295095
1295095
1295095
1295095
1295095
1295095
1295095
1295095
1295095
1295095
1295095
1295095
1295095
3885293
5
29
181
10086
29
11729
544940
137037
41
41274
75166
516
9074086
192576
468969
2830397
1314342
1693709
1925712
2112444
2274361
7851856
9192252
281
839
839
281
281
281
6924
839
281
281
839
839
10510866
3290119
9538548
2677921
7600584
7305086
2429606
2264438
2193391
2154346
4852489
3158368
843935
478885
341895
4945007
4945007
4945007
4945007
4945007
4945007
4945007
4945007
14835720
189
189
3584
189
189
189
189
189
189
189
189
189
189
189
189
189
189
189
189
189
189
4278
189
56312
189
189
189
189
189
189
189
189
189
3468970
191
191
191
191
191
191
191
191
191
191
191
13562
191
191
191
191
191
191
191
191
191
191
191
191
191
191
191
8417
191
191
3858
3741
191
191
191
191
191
191
191
191
4209
191
9119
191
191
4326
3507540
1
1
1
2084
188
188
188
188
11256
188
188
188
188
3446
188
188
188
4594
188
55940
188
188
188
188
188
188
188
188
188
188
188
188
188
188
188
188
188
188
188
188
188
188
6547
188
188
188
188
188
188
3446037
569
569
569
569
569
569
9728
569
569
569
569
569
569
569
569
569
569
569
11814
569
9728
569
569
23280
569
569
569
80269
13899
569
569
569
569
569
569
569
56988
569
569
569
569
569
569
569
569
569
569
569
569
569
569
569
569
569
569
569
12858
569
569
569
569
569
569
569
569
569
569
569
569
569
10424626
1
49
319
2
8
1
16
1
3
133
1
1
1
49
55
15
1
4
1
49
1
1426
18
2328
1
1
49
49
82
1
1
41
49
22319
125650
50
454
151654
319727
302826
302826
39
43
5858
328515
13
707250
1347118
65
1156269
1156269
179
67
1
191
63
18
13
94
191
6
16
3
82
17
1
50
50
16
16
63
11
1
63
11
1
9
1
4
1466
41
191
1285
2318
16
27
57
36
3
16
1
1
1
1
2022
1
1
704
715114
268959
98787
102853
118742
51
470673
306193
918582
110876
613763
1796971
1653809
487628
1
1
1
546
10
8
4
1
1
1
1
11
2
43
1
33
62
9
1
1
5
11
1
1
14
16
9
14
4
62
10
16
8
1
69
1
5
7
16
3
1
1
1714
130
188
49
16
133
33
7225
124812
159213
16
16
50
50
50
50
619793
139896
133437
71711
62008
300824
902474
489
2107726
794931
3446037
1
149
49
1
189
10
1
8
1
1
22
102
49
353
17
10
3
353
1
64
635
49
569
144
10325
189
86
1
7007
16
1
1
37
365
19
38
68
5581
14924
189
1
149
1
1
96
38
14
149
18
26
38
1
102
296
20
101
1
1901
1
26
1
189
49
149
1
8
9
1
6
30
1
1
149
1158235
116528
632516
331340
152
152
475771
373541
1021116
282778
910025
39186
33319
2125363
57414
1598127
2393735
5220241
3474711
3474711
10424626
40907
381
2954
3320
7323
11735
37158
13730
16633
49902
50193
76485
83314
6
2
6
6
60
6
2
6
6
6
67312
20076
19938
18069
44981
42326
11229
20094
18988
5426
5425
4745
557
40088
40088
40088
40088
40088
40088
120266
1
5
5
16868
4241
8276
5
11952
635
775
2326
43489
1
93627
8142
10262
40684
134460
178334
200608
260429
322649
8
25
25
8
214
8
8
8
8
8
100520
97765
26123
153069
51023
153069
153069
3769
153069
26
459230
94668
51989
14451
177
13028
6154
19555
8211
31442
35605
13077
13615
14719
44215
15719
17707
21187
66375
23906
26832
2
6
6
68
2
6
2
60
6
2
6
26060
75648
21101
62308
15608
28988
8239
4199
3639
40534
40534
40534
40534
40534
40534
40534
40534
40534
40534
121603
64
11
2312
11806
1291
31556
10750
3587
1
14678
81251
88587
199329
80897
287703
102454
26
8
26
102975
100531
237887
229402
228638
75614
218934
64553
173660
140047
27890
41713
154771
154771
154771
464336
1
4
1
4
24
72
1474
24778
93008
1
400
956
318
923
13901
15680
5751
27679
28871
35777
12248
15508
16522
21077
26383
82304
6
6
2
2
6
2
6
6
6
6
6
6
2
6
6
6
2
2
2
2
82049
80159
79248
78470
25339
23350
64697
20467
18519
18255
17664
37677
11155
10873
9493
20606
20392
5045
4731
8260
8208
39823
39823
39823
39823
39823
39823
119471
64
132
1
2735
5899
17699
1
42834
279025
5921
27304
169285
25
8
323206
316256
149212
105234
34083
152057
152057
152057
152057
456194
153329
51110
165932
34153
153329
51110
66
1462
1578
1
1112
24210
26595
15426
63437
26002
83733
90917
93460
43863
48327
63764
246625
249010
20
20
6
6
20
20
6
20
6
20
20
6
20
6
6
6
6
237340
234751
62983
165295
49450
135177
135173
41606
34543
96286
23358
20776
37434
35000
8591
1667
120471
120471
120471
120471
120471
120471
120471
120471
120471
361414
16896
262
938
42
1091
1039
50690
2799
7797
1
9655
5187
4410
12252
1
25899
21082
24252
224349
15
48
48
48
15
33990
93786
281360
281360
844081
7600
43990
179607
179647
90130
157550
612066
612066
211563
316888
26
26
26
26
735
78
78
78
887286
856867
856748
249103
724517
718387
691067
226004
210640
204031
6992
93500
55081
74544
459990
459990
459990
459990
459990
459990
459990
1380035
231
87
1
1
1
57
39
40
64
19
64
1
21
247
21
82
1
79
13
1
1
82
11
4
23
64
6
21
1
652
1
229
1
16
10
416
121
11
27
3
5
10
14
4
1
1
3870
2
10
64
1
21
9
1
21
1
12
21
3
247
44
64
7
1
64
2
1513
4541
1823
4
173
9
15
21
3
10
23
153
21
82
57
1
1
4
1
106
21
13
1
98
247
7
247
1
28
82
4
247
22
1
153
24
21
7
21
21
43
1
1
1
1
28
21
21
9
30
1
1
1
64
247
72
82
1
21
8
275
19
27
1
21
3
82
22
82
21
44
1
247
247
1
162
1
64
1
1
64
4
1
11
62
4480
82
37
64
1
30
21
11
1
6
1
3040
7
21
79
8
1
1
7
2
24
10
1
82
82
17
247
82
64
13
64
13
1
1
82
1
64
32
15
12
1
16
1737
11
1
1859
82
24
1
64
158
15
26
8
43
1
2
143
82
14
1
1
16
247
37
6
1
29
1
1
3036
1121
26
1
12
1
7
14
39
5
1
1891
21
41
1
9
2422
6476
53
82
3
64
51
30
1
27
21
64
1
1
1
1
17
7
1
1
82
1099
1
64
6
64
64
19
1
16
21
1
1
8
1
247
12
1
1658
64
2990
3
21
9
42
1
64
1737
18
6
16
21
247
5
21
21
82
64
1
11
6
35
1
107
1
14
1
74
21
1
196
64
7
11
39
16
64
1
21
1
44
62
128
3
4
1
9
1
21
1
11
47
16
44
1
1
91
1
6
9
14
21
1
21
4
54
37
1
4
1
1
1
824
1
55
1
17
11
1
21
1
1
82
35
1
21
2
21
64
27
21
1
283
2250
247
4
3
171
7
64
1
1
82
3
247
1
14
9953
1
2714
4
1
64
1
9
18
64
1
21
42
7
3
1
5
1
1
2608
13
174
1
82
1
35
21
1
1
12
1
44
1
64
1
21
64
89
1
909
254
502634
162723
922334
177984
1010
3659
1
1714
7142
9485
23622
29106
122877
50569
154200
274490
99315
306377
346896
127413
132657
143790
447588
153150
163852
163863
190174
209014
209027
217871
685450
766994
266000
800615
21
66
66
21
66
21
21
592
66
66
66
66
21
21
66
184
66
66
66
21
66
316
66
66
21
987
21
21
66
66
21
276398
813659
811394
235730
216468
621990
206468
607062
593343
197774
589262
183654
175175
162104
466676
443129
416960
354445
94142
85478
70929
65098
62350
150230
122716
34172
81404
26261
24161
394920
394920
394920
394920
394920
394920
394920
394920
1184761
75
642
51
104087
17005
1390
175520
14459
57
7640
428421
17
755358
922334
922334
922334
2767006
24916
143005
217765
791615
794159
1756794
693532
2394305
2772919
1038799
3190308
85
255
255
85
255
85
85
803
3106627
2812333
837841
2449731
2317684
755136
2265405
2133038
628929
512407
1464838
1077863
1043580
812489
215323
180562
166869
1507905
1507905
1507905
1507905
1507905
1507905
1507905
4523930
