14069851
50762684
34450404
26452689
34450404
34450404
53165954
50762684
34450404
53165954
53165954
50762684
34450404
50762684
14069851
26452689
50762684
34450404
34450404
26452689
34450404
50762684
52406849
34751056
34751056
34751056
5597483
54330993
43560334
43560334
43560334
33699698
33699698
33699698
27446869
27446869
27446869
13344626
5673939
5673939
21008647
15470001
15470001
50762684
52406849
80274241
1338094820
4953031320
5224548192
5499394986
5224548192
2852563200
1678352540
2093687020
5224548192
3795068080
2426524200
194709396
153868932
5499394986
2852563200
4872017319
1600216460
1843869980
2426524200
4872017319
1678352540
2486951520
2093687020
5232501804
4872017319
5232501804
1485764980
2426524200
4872017319
2486951520
5232501804
5590110497
1843869980
1678352540
5438726167
3795068080
2426524200
1678352540
3918486516
2093687020
5204688606
5204688606
2093687020
3795068080
1843869980
1678352540
2161120126
2161120126
2426524200
1485764980
2426524200
1678352540
2486951520
2093687020
116803512
3795068080
5499394986
988387512
1485764980
521400012
3628222905
170201808
4872017319
1678352540
194709396
2093687020
5783682388
5829831000
671306546066
5829831000
671306546066
340333367734
671306546066
590422583446
443618802934
56167712776
673799282890
5829831000
5829831000
5829831000
5829831000
661584642862
340333367734
5829831000
5829831000
671397424966
5829831000
303776875062
661584642862
70506398955
5829831000
5829831000
671397424966
674027656633
340333367734
5829831000
340333367734
5829831000
5829831000
671055086121
5829831000
5829831000
5829831000
5829831000
340333367734
451467268278
5829831000
5829831000
5829831000
673799282890
5829831000
5829831000
49501648840
5829831000
5829831000
5829831000
5829831000
5829831000
674076224290
5829831000
671306546066
5829831000
671306546066
340333367734
671306546066
590422583446
443618802934
56167712776
673799282890
5829831000
5829831000
674027656633
5829831000
5829831000
661584642862
340333367734
5829831000
5829831000
671397424966
5829831000
303776875062
70364247008
70506398955
5829831000
5829831000
671397424966
671397424966
671397424966
340333367734
5829831000
340333367734
5829831000
5829831000
671055086121
5829831000
5829831000
5829831000
5829831000
340333367734
451467268278
5829831000
5829831000
5829831000
673799282890
673799282890
5829831000
5829831000
49501648840
5829831000
5829831000
5829831000
5829831000
5829831000
135948244538
1338094820
4953031320
5224548192
5499394986
5224548192
2852563200
1678352540
584868042
5224548192
3795068080
2426524200
2426524200
2426524200
194709396
153868932
5499394986
278973642
5499394986
2852563200
4872017319
4872017319
1600216460
5590110497
5590110497
1843869980
1843869980
2426524200
4872017319
1678352540
1678352540
2486951520
2093687020
2093687020
5232501804
5232501804
5232501804
5232501804
5232501804
5232501804
5232501804
4872017319
4872017319
5232501804
5232501804
1485764980
1485764980
2426524200
584868042
278973642
2486951520
5232501804
5232501804
5232501804
5232501804
5232501804
1843869980
1678352540
5438726167
5438726167
5438726167
3795068080
2426524200
1678352540
3918486516
2093687020
5204688606
5204688606
5204688606
2093687020
3795068080
1843869980
1678352540
2161120126
2161120126
2426524200
1485764980
1485764980
2426524200
1678352540
1678352540
1052010498
2486951520
2093687020
3795068080
3795068080
116803512
5059818378
5499394986
5499394986
5499394986
5499394986
5499394986
5499394986
584868042
988387512
1485764980
521400012
3628222905
170201808
4872017319
4872017319
584868042
4872017319
1678352540
194709396
2093687020
2093687020
5783682388
584868042
7024479
7024479
2948175605
2948175605
167133351
7024479
2948175605
7024479
3072235222
7024479
7024479
2948175605
7024479
2948175605
298471383
7024479
3072235222
7024479
7024479
134682723
3077831152
7024479
7024479
7024479
7024479
7024479
7024479
7024479
7024479
7024479
7024479
7024479
142178967
7024479
2951701433
7024479
7024479
7024479
2951701433
7024479
7024479
7024479
102248643
7024479
7024479
2951701433
3091723655
7024479
7024479
3051413640
7024479
3051413640
7024479
3051413640
7024479
7024479
2939371871
7024479
7024479
7024479
7024479
7024479
7024479
7024479
7024479
7024479
7024479
7024479
7024479
7024479
7024479
3072235222
7024479
7024479
7024479
3077831152
7024479
7024479
7024479
7024479
7024479
7024479
7024479
3101350543
7024479
7024479
2948175605
2948175605
167133351
7024479
2948175605
7024479
3072235222
7024479
7024479
2948175605
7024479
2948175605
298471383
7024479
3072235222
3072235222
3072235222
113293802
3072235222
3072235222
3072235222
7024479
7024479
134682723
3077831152
7024479
7024479
3091723655
3091723655
3091723655
7024479
7024479
7024479
7024479
7024479
7024479
7024479
7024479
7024479
142178967
7024479
2951701433
2951701433
2951701433
7024479
7024479
7024479
2951701433
7024479
7024479
7024479
102248643
7024479
7024479
2951701433
2951701433
2951701433
2951701433
2951701433
113293802
7024479
7024479
3051413640
7024479
3051413640
7024479
3051413640
3051413640
7024479
7024479
2939371871
2939371871
2939371871
7024479
7024479
7024479
7024479
7024479
7024479
7024479
7024479
7024479
7024479
7024479
7024479
7024479
7024479
3072235222
3072235222
3072235222
3072235222
3072235222
3072235222
7024479
7024479
7024479
3077831152
3077831152
3077831152
3047387886
7024479
7024479
7024479
7024479
7024479
7024479
7024479
258977732
14069851
50762684
34450404
26452689
34450404
34450404
53165954
50762684
34450404
53165954
53165954
50762684
1081479
50762684
14069851
26452689
50762684
34450404
34450404
1081479
34450404
50762684
50762684
50762684
50762684
50762684
50762684
50762684
50762684
50762684
50762684
50762684
50762684
50762684
50762684
50762684
419559
419559
50762684
50762684
50762684
50687176
42175038
52406849
52406849
700875
52406849
52406849
54330993
54330993
54330993
54330993
54330993
44775996
54330993
419559
54330993
34751056
34751056
34751056
34751056
34751056
34751056
34751056
34751056
34751056
34751056
34751056
34751056
34751056
34751056
34751056
34751056
34751056
34751056
34751056
34751056
1081479
34751056
34751056
34751056
34751056
34751056
34751056
34751056
34751056
34751056
34751056
34751056
34751056
34751056
34751056
34751056
34751056
171255
34751056
34751056
34751056
34751056
34751056
34751056
34751056
34751056
34751056
34751056
34751056
24904433
34751056
1081479
419559
34751056
5597483
43560334
43560334
43560334
43560334
43560334
43560334
43560334
43560334
41641581
43560334
43560334
43560334
43560334
43560334
42513180
43560334
33699698
33699698
33699698
33699698
33699698
33699698
33699698
33699698
33699698
33699698
33699698
33699698
33699698
33699698
27446869
27446869
27446869
27446869
27446869
13344626
5673939
5673939
5673939
101703
21008647
15470001
15470001
50687176
28940296
50762684
50762684
50762684
50762684
50762684
50762684
50762684
50762684
50762684
50762684
50762684
50762684
50762684
50762684
50762684
50762684
700875
46603767
50762684
50762684
2191560
1081479
50762684
50762684
50762684
42090357
50762684
52406849
52406849
52406849
52406849
52406849
52406849
52406849
52406849
52406849
44769885
1081479
52406849
79116497
79116497
79116497
79116497
79116497
70142021
42075516
75806108
66899633
42894390
62030209
1081479
1081479
419559
80274241
38379106
203255176
201747488
312830138
235519836
201747488
64139008
312830138
235519836
91627062
64139008
77384358
201747488
51616405
64139008
201747488
312830138
235519836
312830138
75030362
137020900
131211127
62582934
45704158
44124028
75030362
203255176
51616405
77384358
91627062
137020900
6286194
4988492
6286194
48624343
48576619
29043535
44124028
57659796
75030362
203255176
51616405
77384358
91627062
4397279
64139008
131211127
236558452
317251379
57659796
203255176
51616405
121528129
64139008
131211127
125109556
275036614
38379106
75030362
203255176
51616405
137020900
64139008
62582934
131211127
232926488
57659796
51616405
127698821
63092314
63092314
175559335
75030362
29043535
38379106
44124028
14913448
75030362
203255176
51616405
77384358
124738036
6286194
5579705
121528129
64139008
3806066
3806066
131211127
3806066
460456073
623245740
951226530
65193362
198026389
198026389
242814789
618551619
618551619
889363132
890231902
234854885
423820161
192764613
148273381
143285157
143285157
234854885
234854885
161601333
161601333
242814789
423820161
21535317
154748757
154856341
889363132
893705012
65193362
890231902
290975685
92291325
143285157
176117301
623245740
15437517
404229066
725848536
725848536
725848536
725848536
966050691
623245740
65193362
371577096
198026389
383654001
841500873
841500873
841500873
123859029
623245740
192764613
713518974
399879249
539264280
539264280
92291325
123859029
143285157
143285157
234854885
234854885
234854885
623245740
623245740
623245740
161601333
382401201
371577096
198026389
198026389
198026389
13281909
404229066
13281909
889363132
893705012
65193362
890231902
1119077963
561633528
78699833465
14350323287
36752546798
561633528
561633528
61707587318
561633528
561633528
561633528
561633528
561633528
61707587318
561633528
78594317547
6746061557
18766682597
561633528
27440825798
33559250798
561633528
3990815606
561633528
561633528
76903447007
6317303852
561633528
9218888021
561633528
561633528
78247616807
561633528
561633528
561633528
561633528
76691837315
561633528
19964837774
561633528
561633528
561633528
41535759998
561633528
561633528
58103852150
561633528
3612968318
561633528
14350323287
561633528
561633528
78576743963
561633528
561633528
561633528
78699833465
14350323287
36752546798
561633528
561633528
61707587318
561633528
561633528
561633528
561633528
561633528
61707587318
561633528
78594317547
78206940844
6746061557
18766682597
561633528
27440825798
33559250798
561633528
3990815606
561633528
561633528
76903447007
6317303852
561633528
9218888021
561633528
561633528
78247616807
561633528
561633528
561633528
561633528
76691837315
561633528
19964837774
561633528
561633528
561633528
41535759998
561633528
561633528
58103852150
561633528
3612968318
561633528
14350323287
561633528
561633528
78576743963
561633528
561633528
623245740
951226530
65193362
198026389
198026389
242814789
618551619
618551619
24959786
890231902
38519303
423820161
192764613
148273381
143285157
143285157
24959786
234854885
161601333
161601333
53012615
242814789
423820161
21535317
154748757
154856341
889363132
893705012
773412653
65193362
890231902
890231902
890231902
966050691
966050691
290975685
92291325
143285157
143285157
176117301
623245740
15437517
404229066
725848536
725848536
725848536
24959786
725848536
725848536
725848536
725848536
725848536
725848536
725848536
725848536
725848536
623245740
65193362
371577096
198026389
383654001
841500873
841500873
841500873
841500873
841500873
841500873
123859029
38519303
53012615
192764613
713518974
399879249
539264280
539264280
92291325
123859029
143285157
143285157
234854885
234854885
234854885
24959786
623245740
623245740
623245740
623245740
161601333
382401201
371577096
198026389
198026389
198026389
404229066
13281909
13281909
889363132
654310985
893705012
65193362
890231902
890231902
53012615
890231902
814815284
1119077963
951589562
24959786
1067474906
1045294406
142191000
142191000
25393496408
24707097179
23785202093
11680353452
142191000
24707097179
142191000
9590005942
142191000
24707097179
19634696702
19129381562
142191000
142191000
142191000
142191000
13096790882
142191000
142191000
142191000
19634696702
1561943610
142191000
1964893518
5608791919
142191000
8615739462
142191000
10427329462
142191000
142191000
23547744200
9590005942
1839829278
142191000
1121057970
142191000
142191000
1839829278
142191000
142191000
2676439535
142191000
142191000
142191000
142191000
24725026971
25405811011
9590005942
142191000
142191000
142191000
142191000
142191000
25201143059
142191000
9590005942
142191000
142191000
24662327803
142191000
142191000
142191000
142191000
6158741094
142191000
142191000
142191000
142191000
142191000
142191000
13096790882
142191000
142191000
142191000
142191000
142191000
9590005942
13402931702
18566373182
1372956162
142191000
142191000
995108874
142191000
142191000
142191000
142191000
142191000
142191000
142191000
142191000
142191000
25473402919
142191000
142191000
25393496408
24707097179
23785202093
11680353452
142191000
24707097179
142191000
9590005942
142191000
24707097179
19634696702
19129381562
142191000
142191000
142191000
142191000
13096790882
142191000
142191000
142191000
19634696702
1561943610
142191000
1964893518
25405811011
25405811011
25035157649
5608791919
142191000
8615739462
8615739462
142191000
10427329462
142191000
142191000
23547744200
1852059968
9590005942
1839829278
142191000
1121057970
142191000
142191000
1839829278
142191000
142191000
2676439535
142191000
142191000
142191000
142191000
24725026971
24725026971
24725026971
24725026971
24725026971
25405811011
9590005942
142191000
142191000
142191000
142191000
142191000
25201143059
142191000
9590005942
142191000
142191000
24662327803
24662327803
142191000
142191000
142191000
142191000
6158741094
142191000
142191000
142191000
142191000
142191000
142191000
13096790882
142191000
142191000
142191000
142191000
142191000
9590005942
13402931702
18566373182
1372956162
142191000
142191000
995108874
142191000
142191000
142191000
142191000
142191000
142191000
142191000
142191000
142191000
25473402919
25473402919
25473402919
25473402919
3574811147
38379106
203255176
201747488
312830138
235519836
201747488
64139008
312830138
235519836
91627062
64139008
77384358
201747488
51616405
15634542
201747488
7331086
235519836
312830138
11253893
137020900
131211127
62582934
45704158
44124028
44124028
75030362
75030362
75030362
7331086
75030362
203255176
203255176
51616405
51616405
15634542
77384358
91627062
137020900
6286194
4988492
6286194
48576619
48576619
48624343
317251379
317251379
317251379
317251379
317251379
317251379
317251379
317251379
317251379
254184232
7331086
317251379
91627062
29043535
44124028
44124028
44124028
44124028
57659796
57659796
57659796
75030362
75030362
203255176
203255176
203255176
203255176
15634542
7331086
51616405
51616405
77384358
77384358
64139008
64139008
4397279
131211127
236558452
236558452
236558452
236558452
236558452
236558452
236558452
236558452
236558452
236558452
236558452
236558452
236558452
236558452
236558452
236558452
236558452
236558452
236558452
236558452
7331086
236558452
236558452
236558452
236558452
317251379
57659796
203255176
51616405
51616405
121528129
64139008
131211127
125109556
275036614
275036614
275036614
275036614
275036614
275036614
275036614
275036614
275036614
38379106
75030362
11253893
15634542
51616405
137020900
64139008
64139008
62582934
131211127
232926488
232926488
232926488
232926488
57659796
51616405
127698821
63092314
63092314
175559335
175559335
75030362
29043535
29043535
38379106
44124028
44124028
44124028
44124028
44124028
14913448
75030362
75030362
75030362
75030362
7331086
203255176
203255176
203255176
203255176
203255176
15634542
203255176
203255176
51616405
51616405
51616405
28561378
77384358
124738036
124738036
121528129
6286194
5579705
64139008
64139008
64139008
64139008
64139008
131211127
131211127
131211127
3806066
3806066
3806066
266736136
214086763
367288147
432755847
432755847
432755847
432755847
432755847
432755847
432755847
432755847
432755847
382374460
314049872
314049872
320296960
213551438
15634542
7331086
15634542
15634542
359911006
350804783
397681060
1159074
15123567
5322765
15123567
5322765
5322765
5322765
3141570
163056
5322765
15123567
5322765
5322765
5322765
15123567
3141570
3141570
5322765
5322765
5322765
3141570
15123567
15123567
5322765
5322765
15123567
5322765
3141570
15123567
15903786
15903786
163056
15903786
5404761
5404761
5404761
5404761
15903786
9360195
9360195
163056
9360195
9360195
5118027
5118027
3412710
1135431
2123910
2123910
16956008
17207264
163056
17006282
40911741
246581682
1179000
1179000
598461447
1179000
1179000
1179000
1179000
30922060
497144799
1179000
497144799
1179000
1179000
1179000
1179000
497144799
14509557
1179000
1179000
497144799
1179000
411879933
1179000
1179000
1179000
1179000
572857096
1179000
1179000
1179000
574139824
1179000
1179000
1179000
1179000
13405701
1179000
11861181
1179000
1179000
1179000
14067429
1179000
1179000
499440687
1179000
11197989
1179000
1179000
1179000
499440687
1179000
17159397
1179000
39815589
1179000
499440687
1179000
1179000
1179000
1179000
566910639
566910639
1179000
1179000
12522909
1179000
566910639
1179000
491412135
1179000
1179000
491412135
1179000
1179000
12743973
1179000
1179000
1179000
1179000
1179000
1179000
1179000
1179000
1179000
1179000
1179000
30922060
1179000
1179000
1179000
1179000
1179000
1179000
1179000
573113758
1179000
17159397
1179000
1179000
1179000
1179000
1179000
1179000
1179000
1179000
607273961
11243632
1179000
1179000
598461447
1179000
1179000
1179000
1179000
30922060
497144799
1179000
497144799
1179000
1179000
1179000
1179000
497144799
14509557
1179000
1179000
497144799
1179000
411879933
1179000
1179000
1179000
1179000
572857096
1179000
1179000
1179000
574139824
574139824
574139824
513123895
1179000
1179000
1179000
1179000
13405701
1179000
11861181
1179000
1179000
1179000
14067429
1179000
1179000
499440687
499440687
1179000
11197989
1179000
1179000
1179000
499440687
499440687
1179000
17159397
1179000
39815589
1179000
499440687
499440687
1179000
1179000
1179000
1179000
566910639
566910639
566910639
1179000
1179000
12522909
1179000
566910639
1179000
491412135
1179000
1179000
491412135
1179000
1179000
12743973
1179000
1179000
1179000
1179000
1179000
1179000
1179000
1179000
1179000
1179000
1179000
30922060
1179000
1179000
1179000
1179000
1179000
1179000
1179000
573113758
573113758
573113758
573113758
573113758
1179000
17159397
1179000
1179000
1179000
1179000
1179000
1179000
1179000
1179000
595389769
321781336
59697
15123567
5322765
15123567
5322765
5322765
5322765
3141570
163056
5322765
15123567
5322765
5322765
5322765
15123567
3141570
3141570
5322765
5322765
5322765
3141570
59697
15123567
5322765
5322765
15123567
93945
3141570
15123567
15903786
15903786
15903786
15903786
15903786
15903786
15903786
15903786
15903786
15903786
15903786
15903786
10741538
59697
15903786
15903786
163056
15903786
15903786
15903786
15903786
15903786
15903786
15903786
15903786
15903786
15903786
127617
15903786
15903786
5404761
5404761
5404761
59697
5404761
5404761
5404761
5404761
5404761
5404761
5404761
5404761
5404761
5404761
5404761
5404761
5404761
5404761
5404761
5404761
5404761
5404761
5404761
5404761
5404761
5404761
5404761
5404761
9360195
9360195
9360195
9360195
4278626
9360195
163056
9360195
9360195
9360195
9360195
9360195
9360195
9360195
9360195
9360195
9360195
5118027
5118027
5118027
5118027
5118027
93945
5118027
127617
114441
1135431
2123910
2123910
16956008
16956008
16956008
16956008
5840981
59697
130545
17207264
17207264
17207264
17207264
17207264
17207264
17207264
17207264
17207264
163056
2204546
17006282
17006282
17006282
17006282
17006282
17006282
17006282
17006282
17006282
17006282
17006282
17006282
127617
17006282
17006282
12374306
5223
40911741
40911741
40911741
40911741
40911741
40911741
40911741
40911741
38093831
21409889
22638356
25584458
3261596
40911741
59697
59697
32600999
30312419
40650632
80089806
205382749
317797
317797
317797
317797
317797
317797
205382749
165550411
317797
317797
165550411
317797
4954361
317797
317797
134444549
165550411
317797
165550411
317797
317797
165550411
317797
317797
317797
317797
317797
205382749
317797
205382749
317797
165550411
165550411
134444549
4229378
317797
317797
317797
205382749
165550411
317797
205382749
165550411
317797
317797
317797
165550411
4097404
317797
317797
205382749
134444549
134444549
165550411
317797
317797
317797
9039874
317797
317797
317797
317797
317797
3899880
317797
317797
317797
317797
317797
317797
317797
317797
317797
317797
317797
317797
317797
317797
317797
317797
4097404
3438845
317797
317797
317797
317797
317797
317797
317797
3240884
317797
4097404
317797
317797
5020348
6997336
317797
317797
317797
317797
317797
3240884
12629070
317797
317797
317797
317797
317797
317797
317797
317797
317797
317797
317797
317797
317797
317797
317797
4295365
317797
317797
166233711
206683114
317797
317797
317797
317797
317797
317797
317797
3636369
317797
317797
317797
317797
317797
190640589
2845399
9435359
317797
317797
317797
317797
317797
163455782
3306871
317797
317797
139596209
317797
317797
317797
112940215
317797
317797
317797
317797
317797
317797
3306871
3702356
317797
317797
317797
317797
317797
317797
317797
317797
317797
317797
317797
317797
317797
5020348
317797
317797
317797
317797
317797
317797
317797
317797
317797
317797
317797
317797
317797
317797
317797
317797
317797
317797
4690850
317797
317797
317797
317797
317797
317797
317797
317797
317797
317797
317797
317797
317797
317797
317797
317797
317797
317797
317797
317797
317797
317797
215765477
3403472
205382749
317797
317797
317797
317797
317797
317797
205382749
165550411
317797
317797
165550411
317797
4954361
317797
317797
134444549
165550411
317797
165550411
317797
317797
165550411
317797
317797
317797
317797
317797
205382749
317797
205382749
317797
165550411
165550411
134444549
4229378
317797
317797
317797
205382749
165550411
317797
205382749
165550411
317797
317797
317797
165550411
4097404
317797
317797
205382749
134444549
134444549
165550411
317797
317797
317797
9039874
317797
317797
317797
317797
317797
3899880
317797
317797
317797
317797
317797
317797
317797
317797
317797
317797
317797
317797
317797
317797
317797
317797
4097404
3438845
317797
180235042
206683114
206683114
206683114
206683114
206683114
206683114
206683114
206683114
206683114
206683114
206683114
206683114
170565602
206683114
3403472
206683114
206184806
206683114
317797
317797
317797
317797
317797
317797
3240884
317797
4097404
317797
317797
5020348
6997336
317797
317797
317797
317797
317797
3240884
12629070
317797
317797
317797
317797
317797
317797
317797
317797
317797
317797
317797
317797
317797
317797
317797
4295365
317797
317797
166233711
166233711
166233711
166233711
166233711
166233711
166233711
166233711
166233711
166233711
166233711
166233711
3403472
166233711
166233711
166233711
206683114
317797
317797
317797
317797
317797
317797
317797
3636369
317797
317797
317797
317797
317797
190640589
190640589
190640589
190640589
190640589
190640589
190640589
2845399
9435359
317797
317797
317797
317797
317797
163455782
163455782
163455782
163455782
163455782
3403472
3306871
317797
317797
139596209
317797
317797
317797
112940215
317797
317797
317797
317797
317797
317797
3306871
3702356
317797
317797
317797
317797
317797
317797
317797
317797
317797
317797
317797
317797
317797
5020348
317797
317797
317797
317797
317797
317797
317797
317797
317797
317797
317797
317797
317797
317797
317797
317797
317797
317797
4690850
317797
317797
317797
317797
317797
317797
317797
317797
317797
317797
317797
317797
317797
317797
317797
317797
317797
317797
317797
317797
317797
317797
215765477
215765477
215765477
215765477
215765477
215765477
215765477
215765477
215765477
215765477
214880798
202715098
202715098
211262584
215765477
104861092
184977922
7455488
215765477
1763503
1763503
19382
5030437
375606
5030437
1036438
1763503
1036438
5030437
1763503
1763503
1763503
1036438
5030437
4417419
1763503
1763503
1763503
1763503
1763503
5030437
1763503
1036438
1036438
1763503
5030437
1763503
1036438
5030437
1763503
1763503
5030437
5030437
1763503
1763503
5030437
1036438
1036438
5030437
1763503
5030437
40102
5030437
1763503
375606
1763503
1036438
1763503
375606
1763503
1036438
5030437
1036438
5030437
5030437
19382
1763503
5030437
1036438
5030437
1763503
40102
1763503
5030437
1763503
13654
5030437
19382
1763503
1036438
1763503
5030437
40102
5030437
1036438
29565
1036438
1763503
5030437
5290510
5290510
5290510
4417419
4562501
5290510
5290510
5290510
5290510
5290510
5290510
5290510
5290510
5290510
5290510
5290510
5290510
5290510
5290510
5290510
5290510
5290510
5290510
5290510
5290510
5290510
5290510
5290510
5290510
5290510
5290510
5290510
5290510
5290510
5290510
5290510
5290510
5290510
5290510
5290510
5290510
5290510
5290510
5290510
5290510
5290510
5290510
5290510
5290510
5290510
5290510
5290510
5290510
5290510
5290510
5290510
29565
5290510
3686075
5186087
5290510
5290510
5290510
5290510
19382
19382
19382
40102
19382
19382
5290510
5290510
5290510
5290510
5290510
5290510
5290510
5290510
5290510
5290510
5290510
1790835
1790835
1790835
1790835
1790835
1790835
1790835
1790835
1790835
1790835
1790835
1790835
1790835
1790835
1790835
1790835
1790835
1790835
1790835
1790835
1790835
1790835
1790835
1790835
1790835
1790835
1790835
1790835
1790835
1790835
1790835
1790835
1790835
1790835
1790835
1790835
1790835
1790835
1790835
1790835
1790835
1790835
1790835
1790835
1790835
1790835
1790835
1790835
1790835
1790835
1790835
1790835
1790835
1790835
1790835
1790835
1790835
1580752
1790835
1790835
1790835
1790835
1790835
1790835
19382
9099
40102
40102
19382
1790835
1790835
1790835
1790835
1790835
1790835
1790835
1790835
1790835
1790835
1790835
1790835
116706
5290510
1334104
3109313
3109313
3109313
3109313
3109313
3109313
3109313
3109313
3109313
3109313
3109313
3109313
3109313
3109313
3109313
3109313
3109313
3109313
1431241
3109313
3109313
3109313
3109313
3109313
3109313
3109313
3109313
3109313
3109313
3109313
3109313
3109313
1695257
9099
1695257
1695257
9099
1695257
1695257
1695257
1695257
1695257
1695257
1695257
1695257
1695257
1695257
1695257
1695257
1695257
1695257
29565
1695257
1695257
1695257
19382
40102
1695257
1695257
1695257
1695257
6250
36169
1126818
1126818
1126818
1126818
1126818
1126818
1126818
1126818
367725
346597
346597
346597
118718
118718
118718
118718
6250
697218
697218
697218
697218
697218
697218
431612
431612
3482
746099
8143415
5921903
9474593
1728070
13654
4417419
6894716
2131195
14166472
26295124
26295124
1741
26295124
26295124
26295124
26295124
26295124
26295124
26295124
26295124
26295124
26295124
26295124
26295124
26295124
26295124
26295124
26295124
26295124
26295124
26295124
26295124
26295124
26295124
26295124
26295124
26295124
26295124
26295124
26295124
26295124
26295124
26295124
26295124
26295124
26295124
26295124
26295124
26295124
26295124
26295124
26295124
26295124
26295124
26295124
26295124
26295124
26295124
26295124
26295124
26295124
26295124
26295124
26295124
26295124
26295124
26295124
26295124
26295124
26295124
26295124
16328064
7918778
7918778
8461589
8461589
8461589
8461589
9763355
2110426
2110426
2539609
4388007
29565
13654
21716347
12747210
14166472
14166472
14166472
14166472
14166472
26170837
1129639
4630011
5184281
5726253
6241268
18665026
11509493
22082772
25541463
40102
40102
19382
19382
40102
19382
19382
40102
80306
19382
40102
13203134
12080063
12080063
11364257
19621972
4392393
19326264
19326264
19326264
9474593
19326264
40976
36244344
6042616
7167910
1316347
1878994
9026547
12429029
37613422
8185683
12890121
15679929
24949445
710950
599875
21946970
451825
451825
10295671
488800
525850
303700
9990873
377800
23823520
377800
488800
3820129
7788735
50804309
4213999
7413637
6042616
7167910
1878994
9026547
12429029
37613422
15679929
22569045
24949445
599875
562825
10295671
303700
23823520
3820129
51380794
2638576
6042616
7167910
9026547
12429029
37613422
8185683
12890121
15679929
24949445
710950
599875
21946970
10295671
229675
303700
377800
23823520
7794967
7788735
67371414
20392134
22938852
22938852
4583328
6478560
29114727
29114727
40665258
40665258
40665258
40665258
116927148
116927148
116927148
116927148
26260215
26260215
10307891
26260215
33423069
33423069
1705824
33423069
32388360
1847808
1137024
74163228
24912681
155085791
155085791
155085791
155085791
23639322
22938852
77946336
33423069
1137024
13017120
156266585
156645673
156342437
156729956
9037152
20392134
22938852
29114727
29114727
29114727
40665258
40665258
40665258
116927148
116927148
116927148
42230544
51701208
2274336
33423069
852768
74163228
74163228
156266585
156645673
156342437
177388547
72847464
4158399708
1225664244
5862348108
5862348108
7520426568
72847464
7520426568
7520426568
72847464
72847464
72847464
72847464
72847464
14292557205
5304722508
5304722508
72847464
741671732
72847464
72847464
72847464
72847464
72847464
741671732
72847464
72847464
72847464
15072536078
72847464
15072536078
15072241306
72847464
4158399708
72847464
72847464
5862348108
5862348108
72847464
14292557205
72847464
581597172
11547302760
72847464
72847464
1406953076
72847464
72847464
72847464
72847464
15099690486
72847464
4158399708
1225664244
5862348108
5862348108
7520426568
72847464
7520426568
7520426568
72847464
72847464
72847464
72847464
72847464
14292557205
5304722508
5304722508
72847464
741671732
72847464
72847464
72847464
72847464
72847464
741671732
72847464
72847464
72847464
15072536078
15072536078
15072536078
15072536078
72847464
15072536078
15072536078
15072241306
72847464
4158399708
72847464
72847464
5862348108
5862348108
72847464
14292557205
72847464
581597172
11547302760
72847464
72847464
1406953076
72847464
72847464
72847464
72847464
15099690486
20392134
20392134
22938852
22938852
22938852
4583328
6478560
29114727
29114727
29114727
40665258
40665258
40665258
40665258
40665258
40665258
40665258
40665258
116927148
116927148
3610348
116927148
116927148
116927148
116927148
116927148
26260215
26260215
26260215
10307891
26260215
33423069
33423069
33423069
33423069
33423069
33423069
1705824
32388360
32388360
1847808
1137024
74163228
24912681
155085791
155085791
155085791
155085791
155085791
155085791
155085791
155085791
155085791
155085791
155085791
155085791
155085791
155085791
155085791
155085791
155085791
23639322
22938852
77946336
33423069
1137024
13017120
156266585
156266585
156266585
156645673
156342437
5753164
51701208
9037152
20392134
20392134
22938852
22938852
29114727
3610348
29114727
8652268
749940
40665258
116927148
116927148
52460350
116927148
42230544
42230544
2274336
33423069
852768
74163228
74163228
156266585
156266585
156266585
155465557
156645673
156645673
156645673
156645673
127093843
177388547
177388547
177388547
166645558
18211866
1274051297
18211866
18211866
352083913
18211866
18211866
1779826457
18211866
18211866
18211866
18211866
18211866
18211866
18211866
18211866
18211866
18211866
18211866
18211866
2332939040
18211866
18211866
18211866
18211866
18211866
18211866
18211866
4558734335
18211866
18211866
1614309017
18211866
18211866
2393354226
2758892490
18211866
186922341
18211866
3426215097
18211866
211407696
18211866
18211866
18211866
18211866
18211866
3656557060
18211866
18211866
18211866
18211866
18211866
18211866
18211866
18211866
18211866
18211866
18211866
211407696
18211866
18211866
18211866
18211866
18211866
18211866
18211866
18211866
4829116884
18211866
18211866
18211866
18211866
2332939040
18211866
162142249
3656557060
18211866
637971724
573384124
18211866
4832341110
18211866
1274051297
18211866
18211866
1421721457
1779826457
18211866
18211866
18211866
18211866
18211866
18211866
18211866
18211866
18211866
4558734335
1614309017
18211866
238958102
162142249
18211866
89840255
18211866
111759035
3656557060
1537399657
18211866
18211866
18211866
18211866
18211866
18211866
18211866
18211866
18211866
18211866
18211866
18211866
18211866
404260538
4847757474
2758892490
18211866
1274051297
18211866
18211866
352083913
18211866
18211866
1779826457
1779826457
520732756
18211866
18211866
18211866
18211866
18211866
18211866
18211866
18211866
18211866
18211866
18211866
18211866
2332939040
2332939040
2332939040
2332939040
18211866
18211866
18211866
18211866
18211866
18211866
18211866
4558734335
4558734335
4558734335
4558734335
18211866
18211866
1614309017
1614309017
1614309017
1614309017
1614309017
1614309017
1614309017
18211866
18211866
2393354226
18211866
3426215097
186922341
18211866
18211866
211407696
18211866
18211866
18211866
18211866
18211866
3656557060
18211866
18211866
18211866
18211866
18211866
18211866
18211866
18211866
18211866
18211866
18211866
211407696
18211866
18211866
18211866
18211866
18211866
18211866
18211866
18211866
4829116884
4829116884
4829116884
4829116884
4829116884
4829116884
4829116884
4829116884
4829116884
4829116884
4829116884
4829116884
4829116884
4829116884
18211866
18211866
18211866
18211866
2332939040
18211866
162142249
3656557060
3656557060
18211866
637971724
573384124
18211866
4832341110
4832341110
18211866
1274051297
18211866
18211866
1421721457
1779826457
1779826457
18211866
18211866
18211866
18211866
18211866
18211866
18211866
18211866
18211866
234439320
4558734335
1614309017
1614309017
1614309017
18211866
238958102
162142249
18211866
89840255
18211866
3656557060
111759035
1537399657
18211866
18211866
18211866
18211866
18211866
18211866
18211866
18211866
18211866
18211866
18211866
18211866
18211866
404260538
4847757474
4847757474
4847757474
4847757474
4847757474
4847757474
4847757474
520732756
15679929
6042616
6042616
6042616
7167910
7167910
7167910
7167910
7167910
1316347
1878994
9026547
9026547
9026547
9026547
9026547
9026547
9026547
9026547
9026547
2489207
2489207
12429029
12429029
12429029
12429029
12429029
12429029
12429029
12429029
12429029
12429029
12429029
12429029
12429029
12429029
12429029
12429029
12429029
12429029
1027647
12429029
12429029
12429029
37613422
37613422
37613422
37613422
37613422
37613422
37613422
37613422
37613422
37613422
37613422
37613422
37613422
37613422
37613422
1027647
37613422
37613422
37613422
37613422
695517
8185683
8185683
8185683
8185683
8185683
8185683
8185683
8185683
8185683
8185683
8185683
8185683
2489207
4830285
8185683
8185683
8185683
12890121
12890121
12890121
12890121
24949445
21946970
710950
599875
10295671
10295671
10295671
10295671
10295671
10295671
10295671
2489207
10295671
10295671
10295671
10295671
10295671
451825
451825
10295671
9990873
9990873
488800
525850
303700
23823520
23823520
23823520
23823520
23823520
23823520
377800
377800
488800
7788735
7788735
3820129
41311097
50804309
50804309
50804309
50804309
50804309
50804309
50804309
50804309
50804309
50804309
50804309
50804309
50804309
50804309
50804309
50804309
50804309
50804309
50804309
50804309
50804309
50804309
50804309
50804309
50804309
50804309
50804309
50804309
50804309
50804309
50804309
50804309
50804309
50804309
50804309
50804309
50804309
50804309
50804309
50804309
50804309
50804309
50804309
50804309
50804309
2489207
1027647
2489207
50804309
50804309
50804309
50804309
50804309
50804309
50804309
4213999
7413637
6042616
7167910
7167910
7167910
1878994
1878994
9026547
12429029
12429029
12429029
37613422
37613422
37613422
37613422
15679929
22569045
24949445
24949445
599875
10295671
562825
303700
23823520
23823520
23823520
3820129
51380794
51380794
51380794
51380794
51380794
51380794
51380794
51380794
51380794
51380794
1648810
51380794
51380794
2489207
51380794
51380794
15679929
15679929
2638576
6042616
2489207
6042616
7167910
7167910
7167910
7167910
9026547
9026547
1027647
12429029
187485
12429029
2489207
1027647
16496376
37613422
37613422
37613422
37613422
37613422
37613422
37613422
37613422
2489207
2489207
1027647
37613422
37613422
37613422
8185683
8185683
8185683
8185683
12890121
12890121
12890121
12890121
12890121
24949445
21946970
21946970
710950
599875
10295671
10295671
10295671
10295671
10295671
10295671
2489207
229675
303700
23823520
23823520
23823520
23823520
377800
7788735
7794967
66428215
66428215
66428215
66428215
66428215
66428215
66428215
66428215
66428215
66428215
66428215
66428215
66428215
66428215
66428215
66428215
66428215
60331780
53312170
41348242
54893122
65507530
2489207
59354705
65120660
59138505
50936342
45297101
62304280
67371414
1595867
1595867
17808
1595867
1595867
1682402
1682402
1682402
1682402
2060496
2082536
2064906
4073078
72000
1155168
72000
97733644
72000
1155168
72000
72000
72000
97901148
72000
72000
72000
72000
72000
72000
97767160
72000
72000
72000
72000
72000
98801903
97733644
72000
97733644
72000
72000
72000
2168544
97901148
72000
97767160
72000
72000
72000
72000
72000
72000
101051093
72000
1155168
72000
97733644
97733644
78954735
72000
1155168
72000
72000
72000
97901148
97901148
97901148
72000
72000
72000
72000
72000
72000
97767160
97767160
97767160
97767160
97767160
97767160
97767160
72000
72000
72000
72000
72000
98801903
98801903
98801903
97733644
72000
97733644
72000
72000
72000
2168544
97901148
97901148
72000
97767160
72000
72000
72000
72000
72000
72000
101051093
101051093
101051093
1595867
1595867
1595867
1595867
1595867
1595867
1595867
1595867
1595867
1595867
1595867
1595867
1595867
1595867
1595867
1595867
1595867
1595867
1595867
905331
1595867
5760
1595867
676683
1595867
1595867
1499151
1595867
1595867
1595867
1595867
1595867
1595867
1595867
1595867
1595867
1595867
1595867
1595867
1595867
1595867
1595867
1595867
1595867
1595867
1595867
1595867
1595867
17808
1595867
1595867
1595867
1595867
1595867
1595867
1595867
1595867
1595867
1595867
1595867
1595867
1595867
1595867
1595867
1595867
1595867
1595867
1595867
1595867
1595867
1595867
1595867
1595867
1595867
1595867
1595867
1595867
1595867
1595867
1595867
1595867
1076259
1595867
1595867
1595867
1595867
1595867
1595867
1682402
1682402
1682402
1682402
1682402
1682402
1682402
1090263
1682402
1682402
1682402
1682402
1682402
1682402
1682402
1682402
1682402
1682402
1682402
1682402
1682402
1682402
1682402
1682402
9216
1328007
514632
2060496
2060496
2060496
13632
5760
2060496
2044031
2060496
2060496
2082536
2082536
2082536
2082536
864
2082536
2082536
2082536
2082536
2022495
2064906
2064906
914187
5760
1635471
161868
4073078
4073078
4073078
4073078
4073078
4073078
4073078
4073078
4073078
4073078
4073078
4073078
2524223
2662941
4073078
2826858
4073078
4073078
22322
22322
22322
22322
22322
22322
22322
22322
22322
22322
22322
1137575
22322
22322
22322
22322
22322
22322
22322
22322
22322
22322
22322
22322
22322
22322
22322
22322
22322
22322
22322
22322
22322
22322
22322
22322
22322
22322
22322
22322
331547
22322
22322
22322
22322
331547
22322
22322
22322
22322
22322
22322
22322
22322
22322
22322
22322
22322
22322
22322
331547
22322
22322
22322
22322
22322
22322
22322
22322
22322
22322
22322
22322
22322
22322
22322
22322
22322
22322
22322
22322
22322
22322
22322
22322
22322
22322
22322
22322
22322
22322
22322
22322
22322
22322
22322
22322
22322
22322
22322
22322
518726
22322
22322
22322
22322
22322
33144566
22322
22322
1137575
991484
22322
22322
22322
22322
22322
22322
22322
22322
22322
22322
22322
22322
22322
22322
22322
22322
492905
22322
33346481
22322
22322
22322
22322
22322
22322
22322
22322
22322
22322
22322
22322
22322
22322
22322
22322
22322
22322
22322
22322
22322
22322
22322
22322
22322
22322
22322
381185
22322
22322
22322
22322
22322
22322
22322
22322
22322
22322
22322
22322
22322
22322
22322
604682
22322
22322
22322
639053
22322
34863638
22322
22322
22322
22322
22322
22322
22322
22322
22322
22322
22322
1137575
22322
22322
22322
22322
22322
22322
22322
22322
22322
22322
22322
22322
22322
22322
22322
22322
22322
22322
22322
22322
22322
22322
22322
22322
22322
22322
22322
331547
22322
22322
22322
22322
22322
331547
22322
22322
22322
22322
22322
22322
22322
22322
22322
22322
22322
22322
22322
22322
331547
22322
22322
22322
22322
22322
22322
22322
22322
22322
22322
22322
22322
22322
22322
22322
22322
22322
22322
22322
22322
22322
22322
22322
22322
22322
22322
22322
22322
22322
22322
22322
22322
22322
22322
22322
22322
22322
22322
22322
22322
518726
22322
22322
22322
22322
22322
33144566
33144566
33144566
33144566
33144566
33144566
33144566
33144566
33144566
33144566
33144566
33144566
33144566
33144566
33144566
33144566
33144566
33144566
33144566
33144566
33144566
33144566
33144566
33144566
33144566
33144566
33144566
33144566
33144566
33144566
33144566
33144566
25887818
33144566
33144566
33144566
412464
1081744
412464
33144566
33144566
33144566
33144566
33144566
33144566
22322
22322
1137575
991484
22322
22322
22322
22322
22322
22322
22322
22322
22322
22322
22322
22322
22322
22322
22322
22322
492905
22322
7448509
33346481
33346481
33346481
33346481
33346481
33346481
33346481
31836499
33346481
33346481
31338962
33346481
33346481
22322
22322
22322
22322
22322
22322
22322
22322
22322
22322
22322
22322
22322
22322
22322
22322
22322
22322
22322
22322
22322
22322
22322
22322
22322
22322
22322
381185
22322
22322
22322
22322
22322
22322
22322
22322
22322
22322
22322
22322
22322
22322
22322
604682
22322
22322
22322
639053
22322
31004852
34863638
34863638
34863638
34863638
34863638
34863638
34863638
34863638
34863638
34863638
34863638
34863638
34863638
34863638
34863638
34863638
34863638
34817038
34507822
34863638
1081744
412464
34583537
34863638
34863638
34863638
938
529146
307184
529146
511536
529146
529146
529146
529146
529146
529146
529146
529146
529146
529146
529146
529146
529146
529146
529146
529146
529146
529146
529146
529146
529146
529146
529146
529146
529146
529146
529146
529146
529146
529146
529146
529146
529146
529146
529146
529146
529146
529146
529146
529146
529146
529146
529146
529146
529146
529146
529146
529146
529146
529146
529146
529146
529146
529146
529146
529146
529146
529146
529146
529146
529146
529146
529146
529146
529146
529146
529146
529146
529146
529146
529146
529146
529146
529146
529146
529146
529146
529146
529146
529146
529146
529146
529146
529146
529146
529146
529146
529146
529146
529146
529146
529146
529146
529146
529146
529146
529146
529146
529146
529146
529146
529146
529146
529146
529146
529146
529146
529146
529146
529146
529146
529146
529146
529146
529146
529146
529146
529146
529146
529146
529146
529146
529146
529146
529146
529146
529146
529146
529146
529146
529146
529146
529146
529146
529146
529146
529146
529146
529146
529146
529146
529146
529146
529146
529146
529146
529146
529146
529146
529146
529146
529146
529146
529146
529146
529146
529146
529146
529146
529146
529146
529146
529146
529146
529146
529146
529146
529146
529146
529146
529146
529146
529146
529146
529146
529146
529146
529146
529146
529146
305413
357641
529146
529146
529146
2777
14177
529146
529146
529146
529146
529146
529146
529146
529146
529146
529146
506412
529146
529146
529146
529146
529146
529146
529146
529146
529146
529146
529146
529146
1538
4088
1538
1538
4088
4088
4088
4088
4088
4088
9332
1538
4088
1538
529146
529146
529146
529146
529146
529146
529146
529146
529146
529146
529146
529146
529146
529146
529146
529146
529146
529146
529146
529146
529146
529146
529146
529146
529146
529146
529146
529146
529146
529146
529146
222264
529146
529146
529146
529146
557991
557991
557991
557991
551296
424015
40359
557991
557991
557991
557991
557991
557991
557991
557991
557991
557991
557991
557991
557991
557991
557991
557991
557991
557991
557991
557991
557991
557991
557991
557991
557991
557991
557991
557991
557991
557991
557991
557991
557991
557991
557991
557991
557991
557991
557991
557991
557991
557991
557991
557991
557991
557991
557991
557991
557991
557991
557991
557991
557991
557991
557991
557991
557991
520755
2777
2777
449051
557991
557991
361920
541909
557991
557991
557991
557991
4088
563
4088
557991
557991
171357
557991
557991
557991
557991
557991
557991
557991
557991
557991
338
551296
151882
680065
1286112
542357
747025
50391
747025
2194970
2194970
2194970
2194970
2194970
2194970
2194970
2194970
2194970
2194970
2194970
2194970
2194970
2194970
2194970
2194970
2194970
2194970
2194970
2194970
2194970
2194970
2194970
2194970
2194970
2194970
2194970
2194970
2194970
2194970
2194970
2194970
2194970
2194970
2194970
2194970
2194970
2194970
2194970
2194970
2194970
2194970
2194970
2194970
2194970
2194970
2194970
2194970
2194970
2194970
2194970
2194970
2194970
2194970
2194970
2194970
2194970
2194970
2194970
2194970
2194970
2194970
1437187
836855
836855
836855
836855
836855
884470
884470
884470
884470
884470
998660
548902
1784643
1286112
2184823
237309
308119
559430
263
568600
613862
1182753
975535
1625427
1098294
1813957
2000287
1347714
1369563
4088
4088
4088
4088
1538
1538
4088
1538
4088
1538
1538
4088
1538
1339515
1228182
2032695
1929947
1313571
686795
428602
1594987
1594987
1594987
973330
1594987
1594987
2609129
1128644
1128644
280340
280340
169784
476042
476042
400526
400526
400526
459752
459752
459752
459752
76996
116480
603377
603377
603377
603377
871994
871994
251241
871994
871994
3880223
3880223
3880223
3880223
536993
536993
251241
536993
536993
908396
908396
908396
1128644
1728932
1728932
2014580
2014580
2014580
1654283
31588
703571
703571
703571
23692
703571
679508
679508
679508
25664
11844
37512
15792
15792
1879469
1879469
1879469
19744
1879469
19744
1737572
505655
505655
252700
252700
506147
506147
10870274
10980474
251241
10892324
20885030
1587885
79889382
78317397
1587885
1587885
111457086
1587885
111457086
1587885
1587885
1587885
130883214
1587885
1587885
1587885
1587885
1587885
26387311
27902184
1587885
165917222
1587885
165917222
165917222
1587885
1587885
224654806
1587885
1587885
224654806
1587885
19378791
1587885
224654806
22383391
1587885
1587885
224654806
1587885
566708319
1587885
1587885
1587885
42455625
1587885
1587885
1587885
1587885
1587885
1587885
1587885
1587885
1587885
1587885
1587885
566708319
1587885
151401254
1587885
151401254
1587885
1587885
1587885
1587885
280775606
371915422
371915422
413429598
1587885
1587885
413429598
12168312
17376831
1587885
1587885
1587885
1587885
1587885
1587885
1587885
1587885
9432348
187826310
142340235
1587885
393793466
1587885
393793466
1587885
8064366
373171102
1587885
1587885
1587885
1587885
1587885
1587885
1587885
1587885
1587885
678061804
1587885
1587885
40130313
1587885
1587885
1587885
17376831
1587885
1587885
34154085
1587885
678908140
51594322
1587885
19880111
1587885
1587885
1587885
1587885
1587885
1587885
1587885
678231148
1587885
1587885
1587885
1587885
1587885
1587885
33158781
1587885
1587885
78317397
1587885
1587885
22383391
1587885
1587885
21384071
696176855
1587885
280775606
79889382
78317397
1587885
1587885
111457086
1587885
111457086
1587885
1587885
1587885
130883214
1587885
1587885
1587885
1587885
1587885
26387311
27902184
1587885
165917222
165917222
1587885
165917222
165917222
165917222
165917222
1587885
1587885
224654806
1587885
1587885
224654806
1587885
19378791
1587885
224654806
22383391
1587885
1587885
224654806
1587885
566708319
1587885
1587885
1587885
42455625
1587885
1587885
1587885
1587885
1587885
1587885
1587885
1587885
1587885
1587885
1587885
566708319
1587885
151401254
1587885
151401254
1587885
1587885
1587885
1587885
371915422
371915422
413429598
1587885
1587885
413429598
12168312
17376831
1587885
1587885
1587885
1587885
1587885
1587885
1587885
187826310
1587885
9432348
142340235
1587885
393793466
1587885
393793466
393793466
1587885
373171102
8064366
1587885
1587885
1587885
1587885
1587885
1587885
1587885
1587885
1587885
678061804
678061804
678061804
40130313
1587885
1587885
1587885
1587885
1587885
17376831
1587885
1587885
34154085
1587885
678908140
678908140
678908140
648026734
678908140
51594322
1587885
19880111
1587885
1587885
1587885
1587885
1587885
1587885
1587885
678231148
678231148
678231148
678231148
678231148
678231148
678231148
678231148
1587885
1587885
1587885
1587885
1587885
1587885
33158781
1587885
1587885
78317397
1587885
1587885
22383391
1587885
1587885
21384071
696176855
696176855
696176855
696176855
696176855
696176855
1128644
1128644
1128644
1128644
280340
280340
169784
476042
476042
400526
400526
400526
400526
400526
400526
459752
459752
459752
459752
459752
459752
459752
459752
459752
459752
459752
459752
459752
459752
76996
116480
603377
603377
603377
603377
603377
603377
603377
90349
603377
603377
871994
871994
215323
871994
19563
871994
90349
871994
251241
871994
871994
871994
871994
871994
871994
146789
871994
871994
871994
90349
215323
871994
871994
3880223
3880223
3880223
215323
90349
3880223
3880223
3880223
3880223
3880223
215323
3880223
3880223
3880223
3880223
3880223
3880223
3880223
1581733
3880223
3880223
3880223
3880223
146789
3880223
215323
3880223
3880223
3880223
536993
536993
536993
536993
536993
251241
251241
536993
536993
215323
908396
908396
908396
908396
908396
1728932
1728932
2014580
2014580
2014580
2014580
2014580
1654283
1654283
31588
703571
703571
703571
703571
703571
703571
703571
703571
703571
703571
703571
703571
703571
703571
703571
703571
703571
23692
23692
679508
679508
679508
679508
679508
25664
11844
37512
15792
15792
1879469
1879469
1879469
1879469
1879469
1879469
1879469
1879469
19744
19744
1737572
1737572
19744
505655
505655
215323
252700
506147
506147
10870274
10870274
10870274
10870274
10870274
10870274
10870274
10870274
10870274
10870274
10870274
10870274
10870274
10870274
5958532
10870274
90349
1098589
90349
90349
10870274
10711870
10870274
10980474
10980474
10980474
10980474
10980474
10980474
10980474
10980474
10980474
10980474
10980474
10980474
10980474
5958532
8284018
10980474
10980474
10980474
10980474
10980474
10980474
10980474
251241
251241
10892324
10892324
10892324
10892324
10892324
10892324
10892324
10892324
10892324
10892324
10892324
10892324
10892324
10892324
10892324
10892324
10892324
10892324
10892324
6005764
215323
10892324
10892324
10892324
10892324
13978369
8998354
20885030
20885030
20885030
20885030
20885030
20885030
20885030
20885030
20885030
20885030
20885030
20885030
20885030
20885030
20885030
20885030
19173439
12422554
12422554
146789
14003506
15763087
90349
90349
20885030
16854859
16224751
15874039
15648823
464097
464097
464097
464097
22258257
24827046
464097
464097
464097
464097
464097
34162617
464097
464097
464097
464097
464097
464097
464097
464097
8507841
464097
464097
464097
39907539
7412025
8445450
464097
464097
464097
464097
464097
464097
464097
464097
464097
53337771
464097
464097
464097
11574641
464097
464097
464097
6243411
464097
464097
464097
5366466
8408785
464097
464097
464097
464097
464097
464097
464097
464097
464097
464097
464097
464097
464097
70708337
464097
464097
11574641
464097
464097
464097
464097
464097
464097
464097
464097
464097
464097
464097
464097
464097
464097
464097
464097
464097
464097
464097
464097
464097
464097
464097
464097
464097
182685238
464097
464097
464097
6536049
464097
464097
464097
464097
464097
47399916
464097
464097
464097
5512785
464097
464097
464097
7617649
73062333
87305037
42054052
464097
118748826
464097
464097
464097
464097
131031690
464097
464097
4151565
464097
3507330
115538919
464097
464097
464097
464097
4782159
464097
464097
464097
464097
464097
464097
464097
464097
2648640
59816983
42054052
464097
1789515
464097
464097
464097
464097
464097
2219295
464097
125221917
8310385
2863095
2219295
2863095
119120346
464097
464097
464097
6083835
464097
44407854
464097
464097
464097
464097
464097
5659104
464097
464097
464097
464097
464097
14838897
13157569
464097
464097
5512785
464097
464097
464097
464097
464097
8507841
464097
464097
10881905
464097
464097
464097
464097
8805009
464097
464097
464097
464097
464097
464097
464097
464097
464097
464097
464097
464097
22258257
464097
464097
464097
4782159
464097
464097
464097
464097
464097
464097
464097
464097
464097
464097
6243411
464097
464097
464097
464097
464097
5951742
464097
464097
464097
464097
464097
9101521
464097
464097
464097
464097
464097
464097
235420417
464097
464097
87305037
87305037
464097
464097
22258257
24827046
464097
464097
464097
464097
464097
34162617
34162617
34162617
464097
464097
464097
464097
464097
464097
464097
8507841
464097
464097
464097
464097
39907539
39907539
39907539
39907539
7412025
8445450
464097
464097
464097
464097
464097
464097
464097
464097
464097
53337771
53337771
53337771
53337771
12375422
53337771
464097
464097
11574641
464097
464097
464097
464097
6243411
464097
464097
464097
5366466
8408785
464097
464097
464097
464097
464097
464097
464097
464097
464097
464097
464097
464097
464097
70708337
70708337
70708337
70708337
70708337
70708337
464097
464097
11574641
464097
464097
464097
464097
464097
464097
464097
464097
464097
464097
464097
464097
464097
464097
464097
464097
464097
464097
464097
464097
464097
464097
464097
464097
464097
182685238
182685238
182685238
5036212
182685238
182685238
464097
464097
464097
6536049
464097
464097
464097
464097
464097
47399916
47399916
47399916
47399916
47399916
47399916
47399916
47399916
47399916
47399916
47399916
464097
464097
464097
5512785
464097
464097
464097
7617649
73062333
42054052
464097
118748826
118748826
464097
464097
464097
464097
131031690
131031690
131031690
464097
464097
115538919
115538919
4151565
464097
3507330
3507330
464097
464097
464097
464097
4782159
464097
464097
464097
464097
464097
464097
464097
59816983
12375422
59816983
464097
2648640
42054052
464097
1789515
464097
464097
464097
464097
464097
125221917
125221917
125221917
125221917
125221917
2219295
464097
125221917
8310385
119120346
2863095
2219295
2863095
464097
464097
464097
6083835
6083835
464097
44407854
10881905
464097
464097
464097
464097
464097
5659104
464097
464097
464097
464097
464097
14838897
13157569
464097
464097
5512785
464097
464097
464097
464097
464097
8507841
464097
464097
464097
464097
464097
464097
8805009
464097
464097
464097
464097
464097
464097
464097
464097
464097
464097
464097
464097
22258257
464097
464097
464097
4782159
464097
464097
464097
464097
464097
464097
464097
464097
464097
464097
6243411
464097
464097
464097
464097
464097
5951742
464097
464097
464097
464097
464097
9101521
464097
464097
464097
464097
464097
464097
235420417
235420417
235420417
235420417
235420417
235420417
235420417
235420417
235420417
235420417
235420417
235420417
235420417
235420417
235420417
235420417
235420417
235420417
235420417
235420417
235420417
235420417
235420417
235420417
235420417
235420417
235420417
235420417
235420417
235420417
234788660
210798144
231882882
235420417
12375422
235420417
235420417
235420417
235420417
344872
344872
344872
344872
344872
344872
17768
70085
70085
70085
42446
127338
127338
102166
102166
102166
102166
102166
102166
102166
60377
102166
102166
102166
121908
121908
121908
121908
121908
121908
121908
121908
121908
121908
121908
121908
121908
121908
121908
121908
121908
121908
121908
121908
121908
19249
16287
29120
29120
29120
29120
169783
169783
169783
169783
169783
169783
169783
169783
169783
169783
169783
169783
169783
169783
60377
60377
25686
169783
259322
259322
259322
259322
259322
259322
259322
259322
259322
259322
259322
259322
259322
259322
259322
259322
259322
259322
259322
259322
259322
259322
259322
259322
259322
259322
42159
259322
259322
259322
6213
259322
259322
259322
259322
60377
25686
25686
60377
25686
25686
259322
259322
259322
259322
259322
499320
1262065
1262065
1262065
1262065
1262065
1262065
1262065
1262065
1262065
1262065
1262065
1262065
1262065
1262065
1262065
1262065
1262065
1262065
1262065
1262065
1262065
1262065
1262065
1262065
1262065
1262065
1262065
1262065
1262065
1262065
1262065
1262065
42159
1262065
1262065
1262065
1262065
1262065
60377
60377
60377
25686
25686
60377
60377
1262065
1262065
1262065
1262065
1262065
1262065
1262065
1262065
1262065
17934
147655
147655
147655
147655
147655
147655
147655
147655
147655
147655
147655
147655
147655
147655
147655
147655
147655
147655
147655
147655
147655
60377
60377
120729
147655
147655
147655
147655
271456
271456
271456
271456
271456
271456
271456
271456
271456
271456
271456
271456
271456
271456
344872
544968
544968
544968
544968
544968
640184
640184
640184
640184
640184
640184
640184
640184
640184
640184
520085
520085
520085
520085
520085
520085
25686
9378
9378
7897
7897
7897
520085
203181
203181
203181
203181
203181
203181
203181
203181
203181
203181
203181
203181
203181
203181
203181
203181
203181
203181
203181
203181
203181
60377
60377
60377
60377
203181
203181
203181
203181
203181
203181
203181
7403
5923
5923
5923
203181
195160
195160
195160
195160
195160
6416
6910
2961
9378
3948
3948
3948
595147
595147
595147
595147
595147
595147
595147
595147
595147
595147
595147
595147
595147
595147
60377
595147
595147
595147
4936
4936
4936
4936
595147
547848
547848
547848
6416
4936
4936
6416
6416
137209
137209
137209
137209
63175
60377
63175
13820
13820
137373
137373
4646828
3002966
3822191
1961517
6318030
10768241
10768241
10768241
10768241
10768241
10768241
10768241
10768241
10768241
10768241
10768241
10768241
10768241
10768241
10768241
10768241
10768241
10768241
10768241
10768241
10768241
10768241
10768241
10768241
10768241
10768241
10768241
10768241
10768241
10768241
10768241
10768241
10768241
10768241
10768241
10768241
10768241
10768241
10768241
10768241
10768241
10768241
10768241
10768241
10768241
10768241
10768241
10768241
10768241
10768241
10768241
10768241
10768241
10768241
10768241
10768241
10768241
10768241
10768241
10768241
10768241
10768241
10768241
10768241
10768241
10768241
10768241
10768241
10768241
10768241
10768241
10768241
10768241
10768241
10768241
10768241
10768241
10768241
10768241
10768241
10768241
10768241
10768241
10768241
10768241
10768241
10768241
10768241
10768241
10768241
10768241
10768241
10768241
10768241
10768241
10768241
10768241
10768241
10768241
10768241
10768241
10768241
10768241
10768241
10768241
10768241
10768241
7045862
4182813
4182813
4182813
4182813
4182813
4182813
4182813
4344704
4732950
1952340
1952340
42159
10717064
1966362
2711352
5912614
4189749
4654325
4934502
5159599
5371504
10071188
10745540
25686
60377
60377
25686
25686
25686
330305
60377
25686
25686
60377
60377
11391269
6615949
10918489
5887063
9981007
9756042
5589512
5423898
5317546
5255768
7889804
6473631
3521041
2827290
2477044
7913762
7913762
7913762
7913762
7913762
7913762
7913762
7913762
14835720
1000
1000
24732
1000
1000
1000
1000
1000
1000
1000
1000
1000
1000
1000
1000
1000
1000
1000
1000
1000
1000
17492
1000
257302
1000
1000
1000
1000
1000
1000
1000
1000
1000
8793636
1000
1000
1000
1000
1000
1000
1000
1000
1000
1000
28348
49460
1000
1000
1000
1000
1000
1000
1000
1000
1000
1000
1000
1000
1000
1000
1000
49460
1000
1000
22320
17492
1000
1000
1000
1000
1000
1000
1000
1000
29556
1000
38604
1000
1000
1000
8842124
1000
1000
1000
121740
1000
1000
1000
1000
53684
1000
1000
1000
1000
20508
1000
1000
1000
19904
1000
257302
1000
1000
1000
1000
1000
1000
1000
1000
1000
1000
1000
1000
1000
1000
1000
1000
1000
1000
1000
1000
1000
1000
28348
1000
1000
1000
1000
1000
1000
8803338
1000
1000
1000
1000
1000
1000
21112
1000
1000
1000
1000
1000
1000
1000
1000
1000
1000
1000
26540
1000
23524
1000
1000
36796
1000
1000
1000
133908
24128
1000
1000
1000
1000
1000
1000
1000
118828
1000
1000
1000
1000
1000
1000
1000
1000
1000
1000
1000
1000
1000
1000
1000
1000
1000
1000
1000
23524
1000
1000
1000
22320
1000
1000
1000
1000
1000
1000
1000
1000
1000
10424626
1000
1000
24732
1000
1000
1000
1000
1000
1000
1000
1000
1000
1000
1000
1000
1000
1000
1000
1000
1000
1000
17492
1000
257302
1000
1000
1000
1000
1000
1000
1000
1000
1000
8793636
8793636
8793636
8793636
8793636
8793636
8793636
8793636
8793636
8793636
4742558
8793636
6960
8793636
8793636
30552
8793636
8793636
49460
49460
1000
1000
1000
1000
1000
1000
1000
1000
1000
1000
28348
1000
1000
1000
1000
1000
1000
1000
1000
1000
1000
1000
1000
1000
1000
1000
49460
1000
1000
22320
17492
1000
1000
1000
1000
1000
1000
1000
1000
29556
1000
38604
1000
1000
1000
8842124
8842124
8842124
8842124
8842124
8842124
8842124
8842124
8842124
6993650
8842124
8842124
8842124
8842124
1000
1000
1000
121740
1000
1000
1000
1000
53684
1000
1000
1000
1000
20508
1000
1000
1000
19904
1000
257302
1000
1000
1000
1000
1000
1000
1000
1000
1000
1000
1000
1000
1000
1000
1000
1000
1000
1000
1000
1000
1000
1000
28348
1000
1000
1000
1000
1000
1000
8803338
8803338
8803338
8803338
8803338
8803338
8803338
8803338
8803338
8803338
8803338
8803338
8803338
8803338
8803338
8803338
8803338
8803338
8803338
8803338
1000
1000
1000
1000
1000
1000
19464
1000
1000
1000
1000
1000
1000
1000
1000
1000
1000
1000
26540
1000
23524
1000
1000
36796
36796
1000
1000
1000
133908
24128
1000
1000
1000
1000
1000
1000
1000
118828
118828
1000
1000
1000
1000
1000
1000
1000
1000
1000
1000
1000
1000
1000
1000
1000
1000
1000
1000
23524
1000
1000
1000
1000
1000
22320
1000
1000
1000
1000
1000
1000
1000
1000
1000
9928922
10424626
10424626
10424626
10424626
10424626
10424626
10424626
10424626
10424626
10424626
9669326
9974516
10424626
3000236
10242719
10424626
10424626
10424626
10424626
10424626
189870
189870
189870
189870
189870
189870
189870
189870
189870
189870
189870
189870
189870
189870
189870
189870
189870
189870
189870
189870
189870
189870
189870
189870
189870
189870
189870
189870
189870
189870
189870
189870
189870
189870
189870
189870
189870
189870
189870
189870
189870
189870
189870
189870
189870
189870
189870
189870
189870
189870
189870
39698
39698
39698
189870
16
189870
55109
69458
189870
189870
189870
189870
189870
189870
80
240
240
80
2051
80
80
80
80
80
189870
189870
179474
189870
189870
189870
189870
24725
189870
248
189870
194278
194278
100265
194278
194278
194278
194278
194278
194278
194278
194278
194278
194278
194278
194278
194278
194278
194278
194278
194278
194278
194278
194278
194278
194278
194278
194278
194278
194278
194278
194278
194278
194278
194278
194278
194278
194278
194278
194278
194278
194278
194278
194278
194278
194278
194278
194278
194278
194278
194278
194278
194278
194278
194278
194278
39698
194278
71096
23903
12
91793
194278
194278
194278
194278
194278
194278
240
80
240
194278
194278
194278
194278
194278
194278
194278
194278
194278
194278
192713
194278
194278
194278
194278
194278
276
276
276
276
276
276
9599
175436
190752
190752
190752
190752
190752
190752
190752
190752
190752
190752
190752
190752
190752
190752
190752
190752
190752
190752
190752
190752
190752
190752
190752
190752
190752
190752
190752
190752
190752
190752
190752
190752
190752
190752
190752
190752
190752
190752
190752
190752
190752
190752
190752
190752
190752
190752
190752
190752
190752
190752
190752
190752
190752
190752
190752
190752
190752
190752
190752
190752
190752
190752
190752
190752
190752
190752
190752
190752
190752
190752
190752
190752
190752
190752
190752
40436
186965
190752
240
80
190752
190752
190752
190752
190752
190752
190752
190752
190752
190752
351395
117305
379346
76889
351395
117305
204
3524
1380035
4
1380035
1380035
1380035
1380035
1380035
1380035
1380035
1380035
1380035
1380035
1380035
1380035
1380035
1380035
1380035
1380035
1380035
1380035
1380035
1380035
1380035
1380035
1380035
1380035
1380035
1380035
1380035
1380035
1380035
1380035
1380035
1380035
1380035
1380035
1380035
1380035
1380035
1380035
1380035
1380035
1380035
1380035
1380035
1380035
1380035
1380035
1380035
1380035
1380035
1380035
1380035
1380035
1380035
1380035
1380035
1380035
816965
269510
269510
269510
269510
269510
269510
269510
298079
298079
298079
298079
298079
366593
366593
366593
366593
366593
53942
497906
48
148
148
148
48
78872
215612
646313
646313
1380035
16889
99056
404681
406247
199838
352718
1380035
1380035
479279
721691
80
80
80
80
1631
240
240
240
1380035
1380035
1380035
570260
1380035
1380035
1380035
517751
488525
469757
16196
214481
125129
171461
1053665
1053665
1053665
1053665
1053665
1053665
1053665
1380035
12365
12365
250
250
250
250
250
250
250
250
250
250
250
250
250
250
250
250
250
250
250
250
250
250
250
250
250
250
250
5278
5278
5278
5278
250
250
6183
250
250
250
250
250
250
250
250
250
13421
13421
250
250
250
250
250
250
250
250
250
250
250
250
250
250
250
250
250
250
250
18397
18397
15834
250
250
250
250
250
250
250
250
250
250
250
5127
250
250
250
250
7087
250
250
250
250
250
250
250
250
250
250
250
250
250
250
250
250
250
250
250
250
250
6635
250
250
250
250
250
250
250
250
250
8746
250
250
250
250
250
250
250
250
5881
250
250
250
250
250
250
250
250
250
250
250
250
250
250
250
250
250
6183
7087
250
250
250
250
9199
9199
250
250
250
250
13723
250
250
250
250
250
33477
6032
250
250
250
250
250
250
250
250
250
250
250
250
250
250
4373
250
250
250
250
250
250
250
250
250
250
250
4976
250
250
8595
250
250
4373
250
250
250
250
250
250
250
250
250
250
250
250
250
250
250
250
250
250
250
250
250
250
250
72684
72684
72684
250
250
250
250
250
250
250
250
250
12365
250
5127
250
250
29707
29707
250
250
250
250
4222
250
250
250
250
250
250
250
19302
250
250
250
250
250
250
8445
250
250
250
250
250
250
250
250
250
250
250
250
250
250
250
250
5580
250
4373
250
250
250
250
250
250
8445
250
250
250
250
250
250
250
250
250
250
250
250
250
250
250
250
250
250
250
250
250
250
8746
250
250
250
250
250
250
250
250
250
250
250
250
250
250
250
250
250
250
250
250
250
250
250
250
250
250
250
250
250
250
250
250
250
250
250
250
250
250
250
250
250
5881
250
250
250
250
250
250
250
250
250
250
250
250
250
250
250
250
250
250
250
7087
7087
250
250
250
250
250
5580
250
250
250
250
250
250
250
9048
7389
7389
250
250
250
250
250
250
250
250
250
250
250
250
250
250
7540
250
9651
250
250
250
250
250
250
250
250
250
250
250
250
250
250
250
250
250
250
250
250
250
3687502
2614437
4158160
2688537
4523930
259710
4523930
4523930
425968
4523930
4523930
4523930
4523930
4523930
4523930
4523930
4523930
4523930
4523930
4523930
4523930
4523930
4523930
4523930
4523930
4523930
4523930
4523930
4523930
4523930
4523930
4523930
4523930
4523930
4523930
4523930
4523930
4523930
4523930
4523930
4523930
4523930
4523930
4523930
4523930
4523930
4523930
4523930
4523930
4523930
4523930
4523930
4523930
4523930
4523930
4523930
4523930
4523930
4523930
4523930
4523930
4523930
4523930
4523930
4523930
4523930
4523930
4523930
4523930
4523930
4523930
4523930
4523930
4523930
4523930
4523930
4523930
4523930
4523930
4523930
4523930
4523930
4523930
4523930
4523930
4523930
4523930
4523930
4523930
4523930
4523930
4523930
4523930
4523930
4523930
4523930
4523930
4523930
4523930
4523930
4523930
4523930
4298171
3455229
3455229
3455229
3559982
3559982
3559982
3559982
3722964
3722964
1572150
3557078
2160
4022687
4158160
4158160
4158160
4523930
1004944
2387326
2869287
4037017
4037167
4478719
3931042
4523930
4523930
4233538
4523930
9330
26730
26730
9330
26730
9330
9330
9330
4523930
4523930
4100230
4523930
4523930
4021747
4523930
4523930
3872092
3715922
4423641
4268177
4238251
4075422
2901832
2711562
2638962
4429261
4429261
4429261
4429261
4429261
4429261
4429261
4523930
