168712
2259548
792122
2295510
792122
792122
11141449
2259548
3905819
11141449
11141449
2259548
3905819
2259548
177909
465542
2259548
792122
835302
2295510
835302
2376366
2505908
804398
848248
3966354
258481
11717460
1396626
1472760
6886529
761467
802977
3754667
506138
533729
2495684
155682
53325
56232
1544203
193869
204437
16280066
17167531
80274241
1121108
165389342
57071641
162798302
281410562
18660325
1620277
3854027
57071641
2414280
2992763
108228
79746
171214955
4197035
71818251
7807926
663262
1013049
4930294
576818
1060450
793732
57956177
5199056
61115505
2348244
4995172
24310442
5228902
285772060
844231847
1151580
1001493
100625627
19904178
958981
546033
2367423
751370
54863019
57853732
3704880
10852139
417333
362942
67157
326838
244156
9638467
20502892
11674114
21462248
16064191
390257
47054376
1172963238
5843223
10163882
2427833
45435828
658399
492014079
57563072
3655998
79209797
5783682388
1065212
6651581761
1048524
32797819261
188839992
6651581761
281379355
348800424
12613856
19954749057
27031
462555
4271
6524
574615582
67227015
6829
373274
6754672617
393622
273683060
2833331786
690657
1840553
1840553
33306142749
98393476382
116721995
648092
63639067
15247
353352
6394171454
432
1572
62077
132051
1360593853
2501380684
7554628
7554628
7554628
136706440263
37634
15636
76735117
3168883
3168883
3168883
510161
37250588
674076224290
10256
716206449
145620
7183820802
188839992
923779645
4632281
90136676
604197
19954749057
27031
8773
25426749271
1103
1686
61871506
17372741
326
96461
1745536120
101719
70724918
22412
2469
1840553
198180
8606941964
8606941964
8606941964
15951037
167479
16445547
541
91313
688489896
111
29
6684
34124
351603378
2501380684
179
268174
1952259
35327549225
35327549225
9725
4040
1454752
3168883
75
818899
54931
9626261
15996670
120714
1592526
6145166
22609623
61638337
4822183
1620277
91
7926177
39745
773387
773387
773387
5184
20607
44245207
1354
171214955
4197035
18559204
1362134
2017716
218165597
90902332
171399
171399
261791
530867
149060
146478
50637
205115
58823
14976980
14976980
14976980
14976980
14976980
2057327
3504105
1343535
1343535
15793411
3558378
606831
606831
723805
576
192
18695
73848945
73848945
73848945
30770394
285772060
270634
136862
26003579
26003579
26003579
2143174
247819
141105
84038
104351
14177649
5907354
14783213
957411
2804399
107846
93791
17354
45391
4549
2490763
1037818
5298338
3016813
1257005
701
21462248
4151293
12159747
6740675
23183
6173534
303116052
303116052
303116052
303116052
303116052
41637840
27835
1510000
2626541
627398
11741483
12482
127145813
41907693
11676
492014079
6198081
944779
8528883
4785366
1494613742
137254
1691
4900
30603195
30603195
860900
4824
150899157
23787
87296391
4824
993
30603195
4900
32271448
373352
5073
91809604
5350
5350
151665
96814363
25016
25016
1717
1717
1717
1717
1717
1717
1717
1717
1717
51796
1717
31077505
1811
1811
1811
32771613
8468
8468
8468
173665
8468
8468
153237898
452697559
2981
2981
53957897
3144
56899270
14702
266057224
1625
1625
29418879
113
413
34758
34758
34758
34758
34758
34758
34758
34758
34758
34758
34758
34758
628971290
36652
36652
36652
663258003
171385
171385
171385
171385
171385
171385
171385
3101350543
437
47
3295187
7908448
860900
669
33051969
2219
87296391
1246
107
4250208
0
531277
96481
1311
23725351
23725351
23725351
726
23941810
4397638
91809604
876
5350
39193
25018676
474
0
116985675
32390022
62871179
443
443
87
443
443
1717
0
443
82
13385
238
8031019
8031019
3346258
468
195
468
2443944
408
2188
8468
620
911
911
39599593
39599593
39599593
39599593
39599593
1212
2981
770
7373798
429
16209834
233
68754256
20629623
420
57
7602399
7602399
3167666
29
7
3742
8982
4588
0
8982
34758
3742
8372
8982
2237
1233
8982
162538167
162538167
162538167
162538167
67724236
628971290
9471
9471
9471
171398507
71416044
26042518
12574113
18453
171385
44289
4
44289
44289
1
73598
14370
243295
204699
22103
85291
204699
11141449
313808
855505
2879162
1039468
2259548
92
583910
5728
50127
583910
110010
215858
54
13751
93306
614098
614098
614098
614098
614098
614098
614098
614098
614098
614098
614098
614098
614098
255874
18
18
619701
113826
2376366
71147
38669
647574
647574
36
410535
2505908
3028015
3028015
3028015
1261672
460080
222238
838371
92
1627334
207872
207872
207872
207872
207872
207872
207872
207872
207872
207872
207872
207872
207872
207872
207872
86613
28554
22838
193040
204270
19
59614
48634
40780
38410
111715
111715
804398
219203
219203
219203
219203
219203
91334
33306
33306
49388
2
63258
1024981
1024981
1024981
1024981
1024981
1024981
1024981
1024981
427075
191564
14181
574728
94
31
3966354
66796
360914
360914
360914
150381
54837
328223
190860
1396626
21945
200964
419569
1779610
1779610
741504
109432
533969
196777
196777
196777
196777
81990
27030
105753
35251
68394
11005
205182
106602
970277
970277
130795
130795
130795
137925
644932
7519
13780
7405
14531
2
399051
3612
52239
462224
85685
4207079
4207079
4207079
4207079
4207079
4207079
4207079
4207079
4207079
4207079
4207079
4207079
4207079
4207079
1752949
577909
238
349218
2148948
3921614
978
386
1047996
967134
2332166
249347
16280066
794749
4436417
4436417
4436417
4436417
4436417
4436417
1848507
674075
325463
407
2384247
20744393
20744393
20744393
20744393
20744393
8643497
1227872
14159384
6837422
1317217
4849673
1905
1905
635
80274241
440100
1905887
13167135
63907771
22403927
13167135
306830
63907771
22403927
1485603
306830
240925
1120119
636052
306830
13167135
63907771
22403927
63907771
391611
568182
898751
840689
576892
552292
1174833
5717663
668936
1229805
1562409
2900291
42486
31305
42486
622355
621612
107478
186950
260368
397680
1935426
226434
416288
528874
9083
311586
912681
22751159
67211796
452061
3360357
393144
1384771
540987
1584630
1458692
39501392
148313
376456
1832131
214349
929350
294956
283312
863970
21536915
163827
142475
4671658
26363
128303
8857609
95845
2175227
3170924
3783657
903797
8048573
39170697
4582766
8425176
16914165
291064
245099
16141872
6306126
153198
153198
18471570
153198
460456073
4632009
155319439
6400
745711
104979
82430
374543
32000990
21369386
21468653
951759
1380891
281108
197378
184674
1342274
401959
2855277
223678
1625762
420767
992309
14206
212679
209068
22474181
22995939
32669
22578580
180949
261211
63963
632792
4703799
22075
2218151
7607499
7784114
7642838
55293702
163349436
8166907
191
465188
180894
3545161
13515062
13269774
96002942
360456
4452754
95173
7234935
11353852
2961794
3030555
730728
7706516
1294545
1271050
2691270
2753750
19561001
13401918
13158683
95199230
1567954
5682006
5422568
2157587
2118428
15326211
372329
44892724
372329
153966626
157541097
223809
154681844
1119077963
18017
10932939976
450498
52490645
320
83124
97201007
767
718
5221
870
6324
69848727
55
1618684887
14182314
120738
248
4502398
44542275
18297
1553888
29592
29592
547924028
609695
29729
7914282
215085
52571
934059821
373439
373439
373439
17320
509267304
44165
51435970
4944
10468
10711
1376899452
51185
6099
399956598
59616
53292
598910
15753986
601692
601692
10888059669
4353069
4353069
4643
2825280026
48507
11074865
44
0
4694559
767
65
1346
224
0
7520934
16
418299020
19533860
1527075
13000
64
1163505
6186084
4728
401554
7647
3186
117221767
157557
7682
2045201
57408
52571
100574523
96503
96503
96503
0
131604376
1567
13143300
1277
2705
2768
3018675
7108
1576
103356406
6419
9709
3114
1696304
83563
14
2813682100
280220
327128
1193784
40137502
689
157335
27128
11448
3416
3445694
169
5547909
13
66693
39040
197378
16767
346193
3
396544
57802
420128
38
108734
106846
4137
54960
54027
5807756
5942589
277508
8442
5834735
5834735
3116290
7562055
17588586
46760
28125
16529
16529
87882
1215551
5704
238838
1965922
819134
271278
60
838151
1665317
1975055
1975055
1975055
1975055
14288946
14288946
14758360
437137
49
465188
46746
782765
13515062
1428817
24808989
24808989
24808989
6549911
93148
65
105
10247
1869645
403038
765384
15757
186721
1991510
334535
328463
695475
711621
42884
154
3463311
3400454
1827493
24601295
405189
1468338
6676
557561
547442
1650243
2168203
96216
67832
6045428
800552
40711621
24098
13175150
39972736
3670
21482399
17268765
289191070
39725020
8852
84097537
72038393
5826
40254
3535512977
1239432626
728433732
16974515
195378
1239432626
736
35187787
195378
1239432626
31433029
49720850
4776
1763
1688
1688
64994258
17480
2045
2045
160450268
2350422
129
4586301
39044
571
10342508
795
14404157
1215
5916
107071870
12526848
26100
1272
502499
69554
69554
1426427
69554
69554
2559334
69554
69554
69554
69554
1258642217
3718298581
21749570
120763
120763
120763
120763
120763
2185300494
5601
11858282
2841
65842
1191467684
14282
80
293
6650
120338173
11567
11567
2763
24606
24606
24606
445264118
119752
119752
119752
119752
14010
253528329
466098582
935727382
13559400
19279
19279
17233
1407703
1407703
1407703
1407703
1407703
1407703
1407703
1407703
1407703
25473402919
1501
387
913643925
133455420
78433815
3581409
27134
271477253
102
35187787
1
172133888
1518134
818542
4776
1763
435
153
16795754
331
528
0
17276419
112584
37
493828
960879208
960879208
44871443
4204
147
2672701
2672701
205
2000466
314
1529
11528921
846
3237176
93
60
129855
17974
17974
368616
17974
69554
661380
18564
7489
7489
17974
325257133
325257133
325257133
325257133
269271392
3718298581
2972260
120763
31207
31207
31207
31207
235301371
0
3064406
100
17014
307897954
128290814
506
20
5
1718
30749700
1245
2989
714
6358
6358
6358
976184
119752
2
16631
30946
3620
65516551
466098582
241809786
257060
2075
2075
3139
33
195503
90618
363777
7319
105787
33
49970
363777
6582812732
6582812732
6582812732
2742838638
604515
47387
491194
126785
16514986
2412334
1417766
64737
8875587
4907210
383908
79290
33459
10218
636052
7
1417766
505
3111484
16514986
5
27441
14795
116756
576892
50143
142445
303599
303599
303599
9
163162
1477553
108443
172865
172865
15
317805
1562409
312287
2035
8089
12373
160636
160636
160828
3111484
17368808
17368808
17368808
17368808
17368808
17368808
17368808
7237003
811094
531
9276555
136671
11572
48311
48311
48311
48311
67284
67284
36160
102768
57624
500151
500151
500151
208396
45
15
58515
57501
1488
19878
80519
23091
2347
98272
5879333
5879333
5879333
5879333
5879333
5879333
5879333
5879333
5879333
5879333
5879333
5879333
5879333
5879333
5879333
5879333
2449722
807620
811291
1324659
179
6072478
4867337
1375564
22751159
67211796
106239
179864
101595
53726
1384771
139801
170624
322076
10207912
10207912
10207912
10207912
10207912
10207912
4253296
2695028
39501392
38327
97283
26
43
55392
32990
76222
40963
30505
223266
5565549
5565549
2318978
5503272
42336
36818
165834
6812
17818
2288975
46055
1785
562120
555830
819427
977769
977769
977769
977769
407403
233558
2079904
2079904
2079904
17645
63
10122454
10122454
10122454
10122454
3336395
929
5440073
39170697
1184274
1184274
493447
275
8425176
4370942
4370942
19874
75216
4646
1629623
1629623
1629623
679009
380977
4773405
892129
2646105
9100
39589
27910
7105410
2423470
39219714
118990623
118990623
118990623
118990623
118990623
118990623
118990623
118990623
118990623
49579426
16345266
16345266
18079594
2394148
10927
3642
10927
10927
34602791
29640933
63948691
58331
781231
1990599
5678235
1990599
1990599
273873
1169906
233
1990599
781231
280231
273873
280231
784860
164696
160959
275145
273873
280231
1169906
781231
784860
275145
1990599
5678235
1990599
1169906
781231
821620
840695
1194
825437
278118
284575
279410
2021451
5971800
482879
494089
701
485122
3509717
264497
1913565
1271924
415079
108278
110792
5628779
5759456
8182
5654926
40911741
865851
640
1632
84284968
1632
1632
224
959
3473
29547491
640
4159624
224
643
135
225
4065246
6793
640
225
29547491
4657
17365518
673
673
673
673
12195741
689
689
689
12478876
677
4898
4898
4898
130007
4898
109335
4898
228
228
6617
233
233
4224093
229
4700
229
229
229
4147429
1658
61013
1658
197034
1658
30005439
405
405
405
405
7334024
7200917
2878
2878
69463
2878
52096537
216
3926078
1569
1569
28404029
1043
340
114191
4617
4617
4617
4617
4617
4617
4724
4724
4724
4724
4724
121451
4638
4638
4638
4638
4638
4638
4638
83938974
33558
1234836
33558
33558
33558
33558
33558
33558
33558
33558
607273961
6
165
420
21780842
36
421
1
207
373
6234148
69
243299
26
166
18
34
1050537
1755
0
58
4103591
1203
838710
174
196
72
61
3151611
25
178
689
3224779
3224779
1343658
150591
174
527
1265
1263
5104
0
11772
527
58
24
1161
60
60
1091586
903694
59
1214
59
59
59
1071774
1071774
27
15767
442
21215
428
7753977
4167191
405
104
43
1
1895251
789688
775355
743
743
17950
743
4955092
56
1014573
0
405
2419336
0
12
4231
1193
0
497
24
497
0
508
1220
1220
1220
1220
13077
1198
1198
1198
644
1198
644
0
21691430
21691430
21691430
21691430
21448708
8672
224968
2160
0
8672
3613
8672
8672
2521
4660
23844330
1331370
0
201885
513027
1467364
44930
514408
1424
253495
25
419991
84118
16390
32526
72417
202822
22873
1468
41535
70774
72417
125969
6
202822
71102
276456
1467364
29
56503
108498
212322
212322
212322
88467
239288
74596
217251
217251
217251
217251
217251
90521
10145
6
31214
840695
308
213308
213308
213308
213308
113926
276456
1543226
1543226
643011
234479
141
1540222
829370
71871
29946
9917
2
73539
73539
73539
73539
30641
49956
60881
72204
72204
72204
72204
72204
72204
72204
72204
72204
522381
522381
522381
522381
217658
539542
33278
280741
124785
127682
127682
53200
1540
494089
181
52235
485122
906977
906977
906977
906977
187859
333822
774939
239454
68351
68351
28479
494501
494501
28
162989
45
25
14734
27981
576
208584
1454583
606076
221011
29266
44
138
1488353
1488353
1488353
1488353
1488353
1488353
1488353
1488353
620147
881
6962
481662
1461340
1461340
1461340
1461340
1461340
1461340
1461340
1461340
1461340
1461340
1444988
134
785362
785362
631319
16
10572373
10572373
10572373
10572373
10572373
10572373
10572373
10572373
4405155
1452284
1606380
1975932
89693
7453497
323
323
3074474
2633611
5681871
2236012
29946593
1654
340
580
580
580
340
29946593
10498274
580
580
10498274
580
59894
580
340
6169998
10498274
1654
10498274
340
1654
10498274
580
1654
580
1654
340
29946593
580
29946593
1654
10498274
10498274
6169998
17146
340
1654
1654
29946593
10498274
1654
29946593
10498274
580
1654
1654
10498274
9665
1654
340
29946593
6169998
6169998
10498274
1740
1740
1740
128076
1740
1740
1740
1740
1740
46191
1740
1740
1740
1740
1740
1740
1740
1740
1740
1740
1740
1740
1740
1740
1740
1740
49338
38847
1740
589
589
589
589
589
589
12082
589
16701
589
589
21678
32339
589
589
589
589
589
12082
70006
589
589
589
589
589
589
589
589
589
589
589
589
589
589
589
17768
589
589
10660983
31494828
1022
1022
1022
1022
1022
1022
1022
24680
1022
1022
1022
1022
1022
18509988
9418
43058
557
557
557
557
557
10092000
7826
370
370
6708037
120
114
39
4150594
141
11923
11923
11923
11923
11923
251730
294893
11923
11923
11923
11923
11923
11923
11923
11923
11923
11923
11923
11923
11923
438739
11923
11923
11923
11923
11923
11923
11923
11923
11923
11923
11923
11923
11923
11923
11923
11923
11923
11923
402777
11923
11923
11923
11923
11923
11923
11923
11923
11923
11923
11923
11923
11923
11923
11923
11923
11923
11923
11923
11923
11923
11923
215765477
17
2550725
427
13
62
149
149
3
7738770
1130397
34
13
2712954
149
59894
3
73
664352
2215003
178
614052
50
229
2299473
68
154
149
427
47
29946593
87
7738770
427
205940
2712954
1594445
4431
36
229
0
7738770
1458012
427
7738770
412209
149
427
0
1458012
2497
427
0
3046855
1594445
297995
172830
187
449
449
33097
506
285
449
1740
448
1813
449
449
64
129
33
449
0
449
1740
449
449
1740
187
158
449
0
12750
4182
187
507019
8138863
8138863
8138863
8138863
8138863
8138863
8138863
8138863
8138863
8138863
8138863
3391193
380071
2253421
249
8213119
1508588
4374039
152
152
28
9
152
152
3122
152
2931
152
589
5602
8357
152
157
152
152
152
43
7537
29
152
63
63
152
152
589
0
63
152
152
23
63
28
152
4591
81
152
2755001
2755001
2755001
2755001
2755001
2755001
2755001
2755001
2755001
2755001
2755001
1147917
84
2280789
795043
1480610
31494828
1022
264
264
264
1022
264
110
6377
139
16
264
264
3
4783333
4783333
1993055
1760552
5273246
1435232
2529544
815
1690
144
0
144
144
19
2607965
2607965
2607965
1086652
859594
79
175
51
0
471770
4
29
10
1072592
2
1283
3081
1573
0
3081
65051
10927
3081
3081
3081
1283
0
3081
3081
11923
3081
1283
1655
551
81
79931
767
1283
3081
3081
3081
0
3081
11923
1283
3081
3081
3081
3081
2872
3081
3081
1283
61
104085
0
1283
3081
3081
3081
3081
1655
896
0
3081
767
0
1655
3081
3081
284
423
3081
3081
61
1283
0
55757910
55757910
55757910
55757910
55757910
55757910
55757910
55757910
55757910
55757910
23232462
8471931
8471931
15190643
55133992
473038
4090504
5120
215765477
150207
450623
2
428471
31992
1299960
40695
189884
31183
541650
454498
455722
23162
9979
1299960
77625
189884
105438
455722
39804
455722
5030437
9169
224575
111598
372076
541650
103148
153630
698633
386266
209443
1299960
469326
455722
455722
1299960
143941
9455
5030437
266217
1299960
41
1299960
34594
90220
455722
267835
455722
12094
69243
111598
698633
111598
1299960
1299960
39
244917
1299960
88279
1299960
150207
24
69243
1299960
455722
8
1299960
39
244917
267835
455722
1299960
24
511811
267835
25
50057
29032
698633
150208
244917
150208
81639
85169
450623
1367168
207729
1367168
1367168
1367168
1367168
1367168
1367168
1367168
1367168
1367168
1367168
1367168
1367168
1367168
1367168
1367168
1367168
1367168
1367168
1367168
1367168
1367168
1367168
1367168
1367168
1367168
1367168
1367168
1367168
1367168
1367168
1367168
1367168
1367168
1367168
1367168
1367168
1367168
1367168
1367168
1367168
1367168
1367168
1367168
569653
207729
207729
255518
220512
77
450623
63844
100341
378530
866728
1293334
1540804
41
41
41
125
41
41
480337
1379642
1364506
428281
253413
730194
394540
196431
734752
244917
734752
462785
462785
462785
462785
462785
462785
462785
462785
462785
462785
462785
462785
462785
462785
462785
462785
462785
462785
462785
462785
462785
462785
462785
462785
462785
462785
462785
462785
462785
462785
462785
462785
462785
462785
462785
462785
462785
462785
462785
462785
462785
462785
462785
462785
462785
462785
462785
462785
462785
462785
192827
63571
70316
70316
70316
86492
50845
6403
63860
259493
104269
314378
429766
454767
14
4
42
42
14
477989
132719
383127
108276
90790
85513
133551
29482
248713
248713
248713
1790835
30159
5290510
8766
803505
803505
803505
803505
803505
803505
803505
803505
803505
803505
803505
803505
803505
803505
334794
110374
122085
794514
9692
49409
46331
166427
424279
730723
250107
295738
885801
241090
686531
212136
424913
3109312
144394
4
48131
12835
4
438086
438086
438086
438086
438086
438086
438086
438086
438086
438086
182536
60178
66563
23234
24
48131
144394
433184
13
40
51346
146736
235439
78479
1
22
291191
291191
291191
291191
291191
25305
79248
156493
13053
89567
16739
11914
30678
30678
30678
16487
1
12936
180174
180174
180174
3625
59386
110288
8041
28
44626
1343097
810078
1677885
145962
172
559295
1029051
190761
3087141
9366229
9366229
14
9366229
9366229
9366229
9366229
9366229
9366229
9366229
9366229
9366229
9366229
9366229
9366229
9366229
9366229
9366229
9366229
9366229
9366229
9366229
9366229
9366229
9366229
9366229
9366229
9366229
9366229
9366229
9366229
9366229
9366229
9366229
9366229
9366229
9366229
9366229
9366229
9366229
9366229
9366229
9366229
9366229
9366229
9366229
9366229
9366229
9366229
9366229
9366229
9366229
9366229
9366229
9366229
9366229
9366229
9366229
9366229
9366229
9366229
9366229
3902595
1286601
1286601
1423117
1423117
1423117
1423117
1750509
188453
188453
246282
554392
530
172
6393054
2551728
3087141
3087141
3087141
3087141
3087141
9261423
79461
594732
687124
777465
864710
4784207
2189659
6603168
8730698
860
860
286
286
860
286
286
860
2178
286
860
2723724
2333156
2333156
2153132
5192107
555123
5033657
5033657
5033657
1677885
5033657
888
36244344
94092
112274
17727
26818
156365
238828
1162328
135986
250003
317617
589592
8636
7272
478984
5454
5454
187124
5908
6363
3636
179737
4545
548114
4545
5908
58182
126365
13663300
68064
123667
99221
118394
28280
164889
251847
1225689
334931
529260
621732
7669
7189
197324
3834
577993
61354
14408119
192754
463952
553604
771012
1177623
5731242
670525
1232725
1566119
2907179
42587
35861
2361790
922677
13446
17928
22415
2702659
623833
623088
67371414
34085
40860
295616
6451
9940
57959
56907
86517
88525
86919
628834
421060
430836
423016
3060403
49261
50405
71
49490
67786
68101
14362
492697
66622
2190
1347
198558
45776
4949619
5064529
4972611
35975392
44799
311731
226272
71482
1388
161545
5219434
5340608
5243680
37936496
507520
171971
1457636
285788
280601
2030070
426601
436505
3100675
2076179
2124379
15090327
3245759
4123584
94423
2429405
4984
979055
983603
24405731
24972331
24519102
177388547
160
2901429
549194
4933636
4844094
7364529
416
7535503
7398739
2958
2026
1989
14396
14396
260508024
4193279
4290629
0
5577
320
320
320
67
215
416720
23823
23823
23391
423279280
169227
3062301949
444289384
808
14638592
6856
6856
24326920
172803931
2006
176728824
70984
8037510
83726447
117469
117469
4534798
115337
834434
834434
834434
15099690486
41
749784
59134
531227
1251806
38291
53
539067
1911975
83
51
514
3720
14396
260508024
1083623
847698
0
774
92
320
34
17
8
107154
6156
6156
6868
109383431
109383431
109383431
109383431
43731
791357178
193396597
61703442
808
1576204
952
1771
6286539
44655828
0
24544310
18343
2077045
9015212
24095
16314
418183
610
38774
215633
215633
3902047759
8808
8808
10559
4399
76393
694
909
14977
6240
14706
449
6332
11285
22461
22461
22461
162502
17760
108810
108810
3
111336
10931
109315
790866
3060403
12730
12730
9958
18
12789
9414
67786
7332
19586
68101
26270
3711
3060
13666
566
47
46740
1797
1279075
1279075
1279075
532948
1308770
1308770
1308770
1302274
1285017
1285017
1285017
1285017
1460068
9296726
9296726
9296726
2271989
323
80557
58473
18472
358
17394
1348801
185279
724881
1380115
728248
555
1065612
131153
18516
171971
376680
202438
73853
2
524608
10
0
792307
288342
228741
6493
3899628
838766
838766
24400
442600
1287
105419
105909
6306906
866354
2167131
576649
6453326
2302860
5122400
3468187
129873
45840580
45840580
45840580
8242918
374
6770466
446
446
1275617
621
621
11251396
949
949
949
949
949
949
949
949
949
949
949
949
17185081
4621
4621
4621
4621
4621
4621
4621
83636133
540
540
9784989
994
994
17989192
22854417
2344
621473
28
34465656
744
13015
744
744
744
21
2179
39439960
502
502
54330
54330
54330
54330
54330
54330
54330
54330
54330
950351
54330
54330
54330
54330
54330
54330
54330
54330
983152414
1331
270
112
655
18121880
4873
551856
41589925
57292
4216029
3628668
57292
1036746378
1844
33384021
2201
2201
39834967
55478723
4682
4682
22789
22789
22789
22789
22789
22789
22789
412395558
48248122
4901
100526
2580443
3668
1290058
10746
1612899
194471742
44888349
267895
267895
267895
267895
267895
267895
267895
267895
267895
267895
267895
267895
267895
10341828
4847757474
5906017
96
1749617
48
115
137351
160
160
2907575
1211489
267
245
0
245
12
245
121
245
245
26
245
949
17
4440952
4440952
89354
1229370
1194
4621
4621
117
1194
1194
1194
21613170
9005487
24447847
83636133
139
139
2528627
2528627
2528627
2528627
1933218
1337200
9784989
256
47
17989192
83
8906582
29768
7
192
1807
214
744
80
5
91
10192037
19
129
14040
1
14040
14040
7545
7545
14040
14040
14040
244370
1
14040
7545
1928
14040
15952
14040
14040
254065318
254065318
254065318
254065318
254065318
254065318
254065318
254065318
254065318
254065318
105860549
62090001
136541385
983152414
1331
69
29
70
2516788
1259
10462
10747629
684685
14805
453959
937717
14805
267915020
143984579
1844
3594611
305
568
10294114
14336759
14336759
0
0
2453
22789
3165
432
5889
0
5889
3262
57273989
12468234
12468234
10877177
1266
359
666835
395
333375
1033
20939668
416804
4833335
69229
54951
1418
12448
69229
267895
69229
37205
28845
69229
69229
69229
2579
953686
1252752909
1252752909
1252752909
1252752909
1252752909
1252752909
1061821235
115043
82078
24315
24315
10131
29013
29013
29013
29013
12089
1908
2453
40407
40407
40407
40407
40407
40407
40407
16836
36747
3
3
61717
61717
61717
61717
61717
61717
61717
61717
61717
61717
61717
61717
61717
61717
1241
4449
17085
3079
1
30447
6745
238828
300367
300367
300367
300367
300367
300367
300367
300367
300367
300367
300367
300367
125153
56137
339762
9
29491
55287
161425
1162328
0
35141
35141
35141
35141
35141
35141
35141
35141
35141
35141
14642
34532
3
8
26866
18583
135986
64605
11937
34720
250003
20929
123778
413
1879
48356
48356
48356
48356
48356
20148
9977
4
53824
53817
13867
25988
25988
1409
1409
187124
8257
36870
1526
1644
129
141643
141643
141643
129026
78518
23056
270
1174
209
32655
4961
3456
71912
3530857
3530857
3530857
3530857
3530857
3530857
3530857
3530857
3530857
3530857
3530857
3530857
3530857
3530857
3530857
3530857
3530857
3530857
3530857
3530857
3530857
3530857
3530857
3530857
3530857
3530857
3530857
3530857
3530857
3530857
3530857
3530857
3530857
3530857
3530857
3530857
3530857
3530857
3530857
3530857
1471190
485019
485019
862892
3513331
324
108
324
4011845
826100
1897575
1897575
1897575
1897575
13663300
17589
894
6177
30595
30595
1956
7308
7308
17754
2383
65082
34976
316741
316741
316741
316741
334931
136771
160667
160667
145
50992
1857
990
149364
149364
9515
6606
3723332
3723332
3723332
3723332
3723332
3723332
3723332
3723332
1551388
511459
210
3681669
838895
341
2001016
2001016
404715
404715
49811
49955
11
463952
143061
143061
143061
76885
199244
199244
6
300915
1
170638
27
9
2466
162721
1481062
1481062
1481062
617109
225034
488163
108701
136
136
45
795961
795961
5731242
173276
173276
72198
151164
104998
318559
318559
318559
4407
103199
610331
92734
11005
9267
238437
238437
238437
99348
55742
168097
21
3474
4633
698418
291007
95938
259936
5792
161017
67170
17410057
17410057
17410057
17410057
17410057
17410057
17410057
17410057
17410057
17410057
17410057
17410057
17410057
17410057
17410057
17410057
17410057
7254190
2391549
356853
3130625
14756595
1598
6212753
13819428
5982312
1591826
648716
9356622
67371414
113649
116288
165
114177
826043
119845
122627
120401
871072
560388
573398
562991
4073078
155
2725
155
2819598
159
2788
159
159
159
2885057
0
156
156
156
156
156
2832696
1132
1132
1132
1132
1132
20493728
2973301
768
13902959
786
786
786
30348
14225729
771
13967542
5584
5584
5584
5584
5584
5584
101051093
6
378
40
728637
728637
14660
4
717
20
41
41
310647
206388
570000
0
40
45
156
16
45
732022
732022
732022
732022
732022
732022
305009
292
292
292
1132
31
5295970
1294260
20493728
412935
0
1930859
161
786
109
2798
3676199
1531749
4
1503949
775
259
1443
1443
1443
1443
26113528
26113528
26113528
29369
29369
29369
29369
29369
29369
29369
29369
29369
29369
29369
29369
29369
29369
29369
29369
12237
4034
4462
590
26753
0
15783
366
113649
5342
1533
30051
30051
30051
30051
30051
30051
30051
30051
30051
30051
12521
4128
4566
8318
29901
10636
23854
22975
18348
14825
2950
42
29505
29505
29505
29505
29505
29505
29505
29505
29505
29505
29505
29505
29505
29505
12294
5514
4428
33525
32838
15857
114177
213465
213465
213465
213465
213465
213465
213465
213465
213465
39895
39895
5846
54196
70358
44043
52167
23329
826043
30970
30970
30970
30970
30970
30970
4254
866
16644
31689
31689
31689
8366
31114
31114
4274
4727
4727
16721
225101
225101
225101
93792
30921
12
9027
1830
144814
60339
19892
13
4
49760
13240
25942
77827
148176
148176
148176
61740
0
52876
117617
79634
573398
13002
60619
22105
2982
4
62852
1752
1052560
1052560
1052560
1052560
1052560
1052560
1052560
1052560
1052560
1052560
1052560
1052560
144586
159927
1040783
189268
742052
565673
390
390
390
390
390
390
390
390
390
390
390
28753
390
390
390
390
390
390
390
390
390
390
390
390
390
390
390
390
390
390
390
390
390
390
390
390
390
390
390
390
6834
390
390
390
390
6834
390
390
390
390
390
390
390
390
390
390
390
390
390
390
6834
390
390
390
390
390
390
390
390
390
390
390
390
390
390
390
390
390
390
390
390
390
390
390
390
390
390
390
390
390
390
390
390
390
390
390
390
390
390
390
390
11784
390
390
390
390
390
7070541
412
412
30320
26096
412
412
412
412
412
412
412
412
412
412
412
412
412
412
412
412
11680
412
7455973
1926
1926
1926
1926
1926
1926
1926
1926
1926
1926
1926
1926
1926
1926
1926
1926
1926
1926
1926
1926
1926
1926
1926
1926
1926
1926
1926
39511
1926
1926
1926
1926
1926
1926
1926
1926
1926
1926
1926
1926
1926
1926
1926
69728
1926
1926
1926
74375
1926
34863638
100
100
42
100
51
0
100
100
100
100
100
7430
15
100
100
14
54
0
100
100
390
100
100
16
100
100
100
390
0
100
54
390
100
100
51
5
54
100
390
949
100
100
100
42
100
949
42
94
9
100
100
100
100
100
19
100
100
100
100
100
1757
100
42
100
390
0
7
0
100
49
100
100
25
11
39
100
100
100
100
100
100
100
25
100
100
100
100
100
18
390
100
112
54
390
0
42
13
11
42
100
13
3045
114
54
100
100
7
1827162
1827162
1827162
1827162
1827162
1827162
1827162
1827162
1827162
1827162
1827162
1827162
1827162
1827162
1827162
1827162
1827162
1827162
1827162
1827162
1827162
1827162
1827162
1827162
1827162
1827162
1827162
1827162
1827162
1827162
761317
250990
36763
505805
446532
2066804
55
167
55
1843832
1396925
338675
966248
981965
7070541
106
106
3264
6743
106
67
106
412
106
106
14
106
44
106
106
6
106
56
44
106
3018
106
2429
1926765
1926765
1926765
1926765
1926765
802818
292755
141351
2124106
556029
122745
1035494
1035494
185
497
267
395
93
1926
207
207
10
1926
267
497
68
0
89
497
497
1926
0
36
497
497
0
497
497
267
497
141
497
3
207
497
0
30
207
497
497
497
497
179
497
0
497
69728
497
497
18
6858
0
520380
9009428
9009428
9009428
9009428
9009428
9009428
9009428
9009428
9009428
9009428
9009428
9009428
9009428
9009428
9009428
9009428
9009428
3753928
2494455
7636304
827
275
2703267
7859746
4841903
4841903
2
15023
2784
24309
6976
136741
136741
20776
136741
136741
136741
136741
136741
136741
136741
136741
136741
136741
136741
136741
136741
136741
136741
136741
136741
136741
136741
136741
136741
136741
136741
136741
136741
136741
136741
136741
136741
136741
136741
136741
136741
136741
136741
136741
136741
136741
136741
136741
136741
136741
136741
136741
136741
136741
136741
136741
136741
136741
136741
136741
136741
136741
136741
136741
136741
136741
136741
136741
136741
136741
136741
136741
136741
136741
136741
136741
136741
136741
136741
136741
136741
136741
136741
136741
136741
136741
136741
136741
136741
136741
136741
136741
136741
136741
136741
136741
136741
136741
136741
136741
136741
136741
136741
136741
136741
136741
136741
136741
136741
136741
136741
136741
136741
136741
136741
136741
136741
136741
136741
136741
136741
136741
136741
136741
136741
136741
136741
136741
136741
136741
136741
136741
136741
136741
136741
136741
136741
136741
136741
136741
136741
136741
136741
136741
136741
136741
136741
136741
136741
136741
136741
136741
136741
136741
136741
136741
136741
136741
136741
136741
136741
136741
136741
136741
136741
136741
136741
136741
136741
136741
56975
18783
18783
18783
18783
18783
18783
20776
20776
20776
25556
25556
25556
25556
25556
2751
3745
34717
16012
20523
7
49
15023
45070
45070
9859
9859
19042
28213
11350
37853
53418
6823
69845
69846
33417
34921
124355
124561
126985
127463
134372
136062
48399
154675
4
12
4
4
12
12
12
12
12
12
31
4
12
4
155368
152203
152184
137988
39215
108546
104543
34062
31992
31434
31433
83490
26826
25345
25267
75801
72312
67458
22259
14944
13426
25169
8104
73488
73488
73488
73488
73488
73488
73488
73488
1706
73488
24496
73488
529146
25831
47527
9429
15842
8610
5280
181
144195
144195
144195
144195
144195
144195
144195
144195
144195
144195
144195
144195
144195
144195
144195
144195
144195
144195
144195
144195
144195
144195
144195
144195
144195
144195
144195
144195
144195
144195
144195
144195
144195
144195
144195
144195
144195
144195
144195
144195
144195
144195
144195
144195
144195
144195
144195
60081
19807
19807
19807
19807
21909
21909
21909
21909
21909
7647
8
8
5783
17967
142581
4035
8314
10578
76140
91414
32488
13
1
13
158964
38068
1172
41612
34739
9220
9186
77494
77494
77494
77494
557991
4
40262
4677
60258
222234
38944
74078
1122
74078
674248
674248
674248
674248
674248
674248
674248
674248
674248
674248
674248
674248
674248
674248
674248
674248
674248
674248
674248
674248
674248
674248
674248
674248
674248
674248
674248
674248
674248
674248
674248
674248
674248
674248
674248
674248
674248
674248
674248
674248
674248
674248
674248
674248
674248
674248
674248
674248
674248
674248
674248
674248
674248
674248
674248
674248
674248
674248
674248
674248
674248
674248
280936
92618
92618
92618
92618
92618
102446
102446
102446
102446
102446
126014
39909
460218
222234
666703
9328
13820
41461
3
42813
49485
186680
121241
378065
157627
475343
571486
243425
250940
61
61
61
61
20
20
61
20
61
20
20
61
20
240604
202307
588208
535192
231680
61647
25123
362358
362358
362358
120786
362358
362358
2609129
68346
67106
13637
98662
59753
24663
25235
19787
20247
143824
23611
24159
23721
171616
3745
5771
32884
33647
33036
239012
50226
51392
73
50459
365061
244441
250116
245576
1776675
28598
29262
41
28731
207861
52576
53797
382143
485494
105551
106041
126871
124569
901220
101199
11117
39352
40266
39535
8338
286028
37799
38676
37974
1271
586
1816
782
764
115270
117946
115805
6948
837820
6948
771234
26575
27192
12520
88934
26606
26730
2873434
2940144
4176
2886782
20885030
123
454584
21596
46
36
659604
37
674917
43
44
44
805335
43
316
316
316
316
195
124852
60
1121601
60
1101245
7967189
92
92
1674235
94
94
1713104
0
1850
92
1682012
15819
672
672
12168871
450
8148148
460
460
460
24285
452
452
452
452
3272
3272
3272
3272
3272
3272
3272
59223309
52
953290
53
975422
0
382
96
99
16183367
3518424
3534768
4229113
229
1660
30041095
370572
1268
72
72
72
72
526
526
526
15
277941
9534414
20337
3
3842390
217
3860239
12
470
25708162
48
23
49
5293
5293
5293
5293
5293
5293
95782425
5415
5415
267874
5415
5415
5415
94736
5415
5415
209078
5415
98006099
139231
5317
109055
5317
5317
5317
5317
5317
5317
5317
96227361
38471
38471
38471
38471
38471
38471
1415612
38471
38471
4571539
38471
38471
905013
38471
38471
858692
696176855
31
4182090
116158
2325
46
9
170454
37
72671
3
11
11
208113
11
43
81
34
81
21
13443
15
289843
120768
15
284582
118576
2058873
1106492
23
0
8705
12
24
122550
0
478
24
434664
416
18
0
26678
0
1131624
0
11
119
6275
116
116
62
116
845
843
3272
454
845
0
845
59223309
13
246348
13
192713
0
0
17
13
169930
913451
455368
7
65
1450908
95762
176
20
72
7
18
136
73
56
2011641
3
71825
5255
0
992946
56
415649
3860239
0
6643479
85
1
0
5
1367
1
0
0
27
569
24752003
24752003
13302378
69223
5415
1110
1399
1399
752
24360
410
1399
19280
1399
25326643
25326643
25326643
1182711
20967228
14991
28
28181
1374
738
1374
0
1374
1561
1374
24866984
24866984
24866984
24866984
24866984
24866984
24866984
10361243
9941
1365
9941
9941
1787
9941
365821
2476
10268
1181372
2891
0
56019
9941
9941
92459
179905365
179905365
179905365
179905365
179905365
43966348
17662
17341
125461
125461
3484
10623
15441
178
25235
5113
5113
2180
20247
37166
37166
2143
6243
6243
6243
6243
6130
6130
2554
44348
44348
44348
18478
44262
23834
403
527
8497
8695
8695
3622
8537
8537
3557
0
61765
33194
12979
261
1
13280
0
3676
0
6551
18
13039
13039
13039
13039
13039
94338
5
93283
800
9605
2
8
10310
50700
63168
63168
2230
5
1
33948
64634
64634
64634
26931
5
6346
63461
63461
63461
63461
63461
34105
764
459126
459126
459126
459126
26
95097
42
457893
246746
1776675
7390
7390
7390
7561
5781
10
10
7424
53715
4
9529
13902
7471
98753
98753
5097
27403
13660
32191
3865
35386
43526
124
101199
2872
10169
10169
5465
39352
10405
10405
10216
10216
4256
11370
39535
73915
30798
15250
52110
60348
39724
2154
2154
5249
1776
7933
9813
4088
328
151
528
27
197
29788
12411
27134
30479
12469
115805
90211
40464
1795
246
199301
170287
1265
1043
7026
0
9576
2864
6907
742550
742550
742550
742550
742550
742550
742550
742550
742550
742550
309395
102001
102001
112824
14940
102464
22
678
22
22
255149
67892
399066
759789
759789
759789
759789
759789
759789
759789
759789
759789
759789
759789
759789
316578
15287
35480
222696
756018
271129
629008
603091
408330
2940144
1079
449
245884
745999
745999
745999
745999
745999
745999
745999
745999
745999
745999
745999
745999
745999
745999
745999
745999
745999
310833
15290
68
847622
398433
400919
400919
966845
322281
5397089
5397089
5397089
5397089
5397089
5397089
5397089
5397089
5397089
5397089
5397089
5397089
5397089
5397089
5397089
5397089
2248787
741376
741376
305
970488
1318973
165
165
5574392
1569488
1424905
1344431
1292754
302
302
15
61
7303
1112142
111
89
89
89
89
1621219
106
106
106
106
106
106
106
106
3739
106
106
106
1934495
478
305452
14
25
25
148
148
148
148
148
148
2694199
227
227
227
12207
227
227
227
5349
227
227
227
4526
7818
227
227
227
227
227
227
227
227
227
227
227
227
227
4115047
1106
1106
59413
1106
1106
1106
1106
1106
1106
1106
1106
1106
1106
1106
1106
1106
1106
1106
1106
1106
1106
1106
1106
1106
1106
1106
1106
1106
20027060
129
129
129
3202
129
129
129
129
129
2343061
238
238
238
4881
238
238
238
7035
4307595
5472596
138940
477
8647817
561
561
561
561
10158750
456
456
148814
6
125313
8252961
178
178
178
178
3116
178
178
178
178
178
178
178
5
93989
3224174
49756
8
62648
521
521
521
521
521
78326
4
9444081
16228
101812
159
101812
8693518
120
120
55
219302
120
2179901
13009
13009
13009
13009
13009
274661
13009
13009
13009
13009
13009
957359
823984
13009
13009
266803
13009
13009
13009
13009
13009
455132
13009
13009
643461
13009
13009
13009
13009
478705
13009
13009
13009
13009
13009
13009
13009
13009
13009
13009
13009
13009
1545920
13009
13009
13009
227566
13009
13009
13009
13009
13009
13009
13009
13009
13009
13009
306040
13009
13009
13009
13009
13009
290377
13009
13009
13009
13009
13009
502227
13009
13009
13009
13009
13009
13009
235420417
302
78
1414223
1414223
4
15
786
284182
111
23
89
12
23
1038
418954
174564
11
14
27
27
27
27
11
966
11
9
27
27
499910
499910
208296
491295
51
32889
3
6
6
38
38
16
38
38
38
696232
696232
696232
290096
63
374173
58
58
1314
58
0
58
0
140
0
58
2
1169
841
58
58
28
58
58
6
0
58
10
227
58
58
4
1063406
1063406
21396
9021
294378
571502
0
285
15353
119
285
285
1106
153
1106
1106
119
20
153
285
28
285
285
0
0
285
285
153
285
0
285
285
285
285
5175374
2156405
5854150
158
2781382
20027060
33
13
33
827
33
0
33
33
33
605491
605491
605491
605491
605491
605491
605491
528225
462918
320198
2343061
64
33
61
17
43
61
11
1455
4307595
6710
123
2234760
417667
145
22
17
19
2625214
1093839
490641
49
0
2132722
324048
7128
1
32383
2375
46
19
46
46
432
24
19
0
51
178
19
46
833188
76
680260
1
24288
12858
2
16189
50
134
21
134
0
2440530
2440530
2440530
1016887
155475
20241
0
9444081
1747
2246570
1559
29
26310
4
31
0
56671
23613
12
234720
166282
3361
3361
13009
3361
0
9749
2668
3361
461
3361
3361
103083
212933
3361
68
68947
3361
3361
3
3361
604
21981
1806
3361
1806
3361
13009
0
123706
837
3361
0
1806
3361
689
3472
3361
3361
1806
3361
3361
399495
3361
67
369
58515
0
1400
977
3361
3361
985
3361
3361
0
0
18943
3361
3361
1400
3361
172
31266
1806
461
3361
3361
125
46313
3819
3361
3361
3361
3361
3361
60837121
60837121
60837121
60837121
60837121
60837121
60837121
60837121
60837121
60837121
60837121
60837121
60837121
60837121
60837121
60837121
60837121
60837121
60837121
60837121
60837121
60837121
60837121
60837121
60837121
60837121
60837121
60837121
60837121
60837121
25348800
2840991
14867739
51564955
5586
50365371
32695469
32695469
235420417
89121
89121
89121
89121
89121
89121
4591
18111
7546
17908
10968
920
127338
65
26401
26401
26401
26401
26401
11000
2
6360
14188
102166
31503
31503
31503
31503
31503
31503
31503
31503
31503
31503
31503
31503
31503
31503
31503
13126
30960
11068
31442
2014
16930
2072
4208
7525
7525
7525
2663
43875
43875
43875
43875
43875
43875
43875
43875
43875
43875
43875
43875
18281
39900
4
4
1
23579
2454
67013
67013
67013
67013
67013
67013
67013
67013
67013
67013
67013
67013
67013
67013
67013
67013
67013
67013
67013
67013
67013
67013
27922
12524
1348
3
66263
568
4831
0
18551
6823
3343
37576
6
2
2
6
2
2
33059
7324
36014
36014
259322
543
35832
326141
326141
326141
326141
326141
326141
326141
326141
326141
326141
326141
326141
326141
326141
326141
326141
326141
326141
326141
326141
326141
326141
326141
326141
326141
326141
326141
326141
135892
49554
60954
18
107497
11513
67552
23936
368916
29
29
29
9
9
29
29
325265
32022
60031
175277
175277
175277
175277
175277
1262065
0
38156
38156
38156
38156
38156
38156
38156
38156
38156
38156
38156
38156
38156
38156
38156
38156
38156
38156
38156
15898
37495
3
3
8
33287
29172
20178
147655
23121
70149
70149
70149
70149
70149
970
49199
56161
73934
12962
37700
37700
271456
344872
140830
140830
140830
26320
26320
165435
165435
165435
165435
68931
22725
22725
25136
30919
19863
640
134399
134399
55999
20420
20420
4
2423
449
2040
2040
149
520085
52505
52505
52505
52505
52505
52505
52505
52505
52505
52505
52505
52505
52505
52505
52505
52505
52505
21877
10833
12274
37016
4
4
4
4
58443
58435
15057
42868
28218
28218
28218
1913
1530
1530
1530
203181
8965
50433
21013
40034
27104
1658
1785
765
2731
140
1020
1020
153797
153797
153797
153797
153797
153797
153797
153797
153797
64082
21126
28744
140097
57240
14
85256
25035
9797
1275
293
1275
175
595147
141574
58989
120963
98
1275
899
1658
227
35457
35457
35457
5387
6802
1
3752
3571
1488
35499
14791
686800
228933
421216
78083
1263644
3833832
3833832
3833832
3833832
3833832
3833832
3833832
3833832
3833832
3833832
3833832
3833832
3833832
3833832
3833832
3833832
3833832
3833832
3833832
3833832
3833832
3833832
3833832
3833832
3833832
3833832
3833832
3833832
3833832
3833832
3833832
3833832
3833832
3833832
3833832
3833832
3833832
3833832
3833832
3833832
3833832
3833832
3833832
3833832
3833832
3833832
3833832
3833832
3833832
3833832
3833832
3833832
3833832
3833832
3833832
3833832
3833832
3833832
3833832
3833832
3833832
3833832
3833832
3833832
3833832
3833832
3833832
3833832
3833832
3833832
3833832
3833832
3833832
3833832
3833832
3833832
3833832
3833832
3833832
3833832
3833832
3833832
3833832
3833832
3833832
3833832
3833832
3833832
3833832
3833832
3833832
3833832
3833832
3833832
3833832
3833832
3833832
3833832
3833832
3833832
3833832
3833832
3833832
3833832
3833832
3833832
3833832
1597430
526638
526638
526638
526638
526638
526638
526638
582517
716527
77138
77138
217
3790933
78582
179033
1123708
529032
689388
786096
863792
936934
3249519
3814803
117
352
352
117
117
117
3503
352
117
117
352
352
4356093
1368097
3959779
1114888
3173924
3043147
1012184
955019
918310
896986
2047622
1317352
350532
196936
142852
2060402
2060402
2060402
2060402
2060402
2060402
2060402
2060402
14835720
79
79
1960
79
79
79
79
79
79
79
79
79
79
79
79
79
79
79
79
79
79
1386
79
23043
79
79
79
79
79
79
79
79
79
1434256
81
81
81
81
81
81
81
81
81
81
2299
4011
81
81
81
81
81
81
81
81
81
81
81
81
81
81
81
4011
81
81
1810
1418
81
81
81
81
81
81
81
81
2396
81
3130
81
81
81
1467553
0
0
0
2084
79
79
79
79
4274
79
79
79
79
1633
79
79
79
1584
79
23150
79
79
79
79
79
79
79
79
79
79
79
79
79
79
79
79
79
79
79
79
79
79
2257
79
79
79
79
79
79
1440918
576
576
576
576
576
576
12162
576
576
576
576
576
576
576
576
576
576
576
15289
576
13551
576
576
21197
576
576
576
77142
13899
576
576
576
576
576
576
576
68454
576
576
576
576
576
576
576
576
576
576
576
576
576
576
576
576
576
576
576
13551
576
576
576
12858
576
576
576
576
576
576
576
576
576
10424626
0
8
72
20
20
20
20
0
3
23
0
0
20
8
9
20
0
3
0
8
20
192
20
5954
0
20
8
8
14
0
0
7
8
370639
370639
370639
370639
370639
370639
370639
370639
50913
69270
7457
56165
2
122163
227247
11
199191
199191
1036
157
0
81
11
20
2
16
81
20
20
20
403
3
2
8
8
20
20
11
20
20
11
2
20
20
20
0
288
7
81
251
364
20
20
10
6
20
20
20
0
619
20
288
20
0
20
125000
379243
379243
379243
379243
379243
379243
379243
158018
17710
104984
313965
289944
85838
0
0
0
224
20
20
20
20
1104
20
20
20
0
421
20
20
11
409
20
5982
20
1
20
20
20
20
20
2
20
11
20
20
20
20
12
20
20
3
20
20
0
20
243
22
79
8
20
23
20
372360
372360
372360
372360
372360
372360
372360
372360
372360
372360
372360
372360
372360
372360
372360
155150
51149
368194
138075
1440918
20
62
148
148
80
148
0
148
148
20
9
148
148
148
148
148
22
148
600
26
356
148
576
5477
3861
80
37
0
19934
3591
0
148
148
153
148
16
28
17690
7370
80
0
62
148
0
148
148
5
62
7
148
16
0
43
124
20
148
0
838
0
148
148
80
148
1384
22
27
148
0
20
13
0
148
62
482594
2693922
2693922
2693922
2693922
2693922
2693922
2693922
2693922
2693922
2693922
409318
503482
887925
22854
658356
991524
2199464
1447784
1447784
10424626
7035
49066
49066
49066
49066
49066
49066
49066
49066
49066
49066
49066
49066
49066
49066
49066
49066
49066
49066
49066
49066
49066
49066
49066
49066
49066
49066
49066
49066
49066
49066
49066
49066
49066
49066
49066
49066
49066
49066
49066
49066
49066
20444
6740
6740
6740
6740
7455
7455
9170
9170
987
987
987
7435
0
16172
1373
1732
6770
22550
30083
34412
44695
55297
1
4
4
1
44
1
1
1
1
1
17238
16859
4486
26369
8789
26369
26369
612
26369
4
189870
16547
8925
2561
50205
50205
50205
50205
50205
50205
50205
50205
50205
50205
50205
50205
50205
50205
50205
50205
50205
50205
50205
50205
50205
50205
50205
50205
50205
50205
50205
50205
50205
50205
50205
50205
50205
50205
50205
50205
50205
50205
50205
50205
50205
50205
50205
50205
50205
50205
50205
20918
6896
6896
7628
7628
1010
5515
1814
605
0
2344
13898
14715
34105
13994
49955
17770
4
1
4
17915
17461
41563
39853
39850
13254
38383
11363
30653
24767
4929
7213
26981
26981
26981
194278
71
71
71
71
71
29
234
4405
16247
49293
49293
49293
49293
49293
49293
49293
49293
49293
49293
49293
49293
49293
49293
49293
49293
49293
49293
49293
49293
49293
49293
49293
49293
49293
49293
49293
49293
49293
49293
49293
49293
49293
49293
49293
49293
49293
49293
49293
49293
49293
49293
49293
49293
49293
49293
49293
49293
49293
49293
49293
49293
49293
49293
49293
49293
49293
49293
49293
49293
49293
49293
49293
49293
20539
6771
6771
7489
7489
7489
7489
9212
7398
48742
1010
4695
28795
4
1
56008
54861
26327
18278
5918
26491
26491
26491
26491
190752
63886
21295
68972
13942
63886
21295
27
593
356627
0
356627
356627
356627
356627
356627
356627
356627
356627
356627
356627
356627
356627
356627
356627
356627
356627
356627
356627
356627
356627
356627
356627
356627
356627
356627
356627
356627
356627
356627
356627
356627
356627
356627
356627
356627
356627
356627
356627
356627
356627
356627
356627
356627
356627
356627
356627
356627
356627
356627
356627
356627
356627
356627
356627
356627
356627
148594
48988
48988
48988
48988
48988
48988
48988
54186
54186
54186
54186
54186
66652
66652
66652
66652
66652
9767
90543
6
20
20
20
6
14302
39182
117545
117545
352636
3025
17975
73582
73866
36312
64127
251421
251421
87154
131260
10
10
10
10
249
32
32
32
368343
355933
355669
103708
304709
299026
291170
94154
88836
85422
2899
38976
22719
31149
191660
191660
191660
191660
191660
191660
191660
1380035
3195
485
8
64
1
24
64
64
26
64
26
0
64
250
64
34
64
32
64
64
0
34
64
64
64
26
64
64
64
1363
187
118
0
7
64
229
51
12
64
64
64
64
64
64
64
3468
1445
64
64
26
8
64
4
64
64
64
64
64
64
250
64
26
64
0
26
64
4754
1980
4091
9
72
64
64
64
1
64
8
64
64
34
1324
0
64
64
64
1244
64
64
0
40
250
64
250
64
64
34
64
250
64
9
64
10
64
64
64
64
64
260
8
0
64
11
64
64
64
64
64
422
9
26
250
29
34
8
64
64
154
64
11
0
64
64
34
9
34
64
18
8
250
250
0
68
64
26
1597
1831
26
1
0
4
2377
1675
34
16
26
64
3546
64
64
64
12
0
8651
1558
64
32
64
0
0
3
64
64
64
64
34
34
64
250
607
26
64
26
64
64
64
34
64
26
13
64
1285
64
64
925
64
64
607
34
64
0
26
66
64
64
64
64
64
64
60
34
6
64
64
7
250
64
64
64
12
64
18782
18782
3510
64
64
64
64
64
6
64
2
64
890
64
18
0
4
7676
3198
22
34
64
26
365
12
0
64
64
26
64
0
757
64
64
64
64
1
34
2182
64
26
64
26
26
64
64
7
64
64
0
64
64
250
64
0
774
26
1124
64
64
3
64
64
26
909
7
64
64
64
250
64
64
64
34
26
0
4
2
64
0
45
0
64
64
31
64
64
2260
26
3
64
16
7
26
0
64
0
18
25
54
64
64
0
8
64
64
64
64
18
64
64
64
64
37
64
64
9
64
64
64
64
64
22
16
64
64
0
0
0
364
0
23
64
64
64
64
64
12
64
34
64
0
64
9
64
26
11
64
64
1831
763
250
64
64
71
3
600
9
64
34
12
250
0
5
9048
1909
1528
64
0
26
0
8
7
26
64
64
64
64
8
8
2
1948
64
889
5
73
0
34
1
14
64
0
64
64
64
64
0
26
0
64
26
37
64
64
4
209429
67524
385329
72828
1169069
1474
1169069
1169069
2898
1169069
1169069
1169069
1169069
1169069
1169069
1169069
1169069
1169069
1169069
1169069
1169069
1169069
1169069
1169069
1169069
1169069
1169069
1169069
1169069
1169069
1169069
1169069
1169069
1169069
1169069
1169069
1169069
1169069
1169069
1169069
1169069
1169069
1169069
1169069
1169069
1169069
1169069
1169069
1169069
1169069
1169069
1169069
1169069
1169069
1169069
1169069
1169069
1169069
1169069
1169069
1169069
1169069
1169069
1169069
1169069
1169069
1169069
1169069
1169069
1169069
1169069
1169069
1169069
1169069
1169069
1169069
1169069
1169069
1169069
1169069
1169069
1169069
1169069
1169069
1169069
1169069
1169069
1169069
1169069
1169069
1169069
1169069
1169069
1169069
1169069
1169069
1169069
1169069
1169069
1169069
1169069
1169069
487112
160590
160590
160590
177630
177630
177630
177630
218494
218494
23522
177157
7
318500
385329
385329
385329
1155988
9918
54593
85765
323628
323682
716784
285704
990892
1148922
430287
1322399
35
107
107
35
107
35
35
35
1288806
1179735
350777
1019886
967840
318164
954492
893791
264608
216694
618232
460278
433504
337372
88744
74476
69280
628288
628288
628288
628288
628288
628288
628288
4523930
