4465291
17712854
11174919
14374099
11174919
11174919
32153701
17712854
19178111
32153701
32153701
17712854
19178111
17712854
4516118
8433770
17712854
11174919
11300930
14374099
11300930
17892192
18545780
11277965
11405284
19358705
2927982
33024226
14536650
14711340
25223431
10917621
11040365
18727182
8774515
8870051
14971276
4229115
1785227
1801635
11276425
4921262
4977739
33521375
34787190
80274241
237520277
2559210331
1652191452
1889041622
2752979377
849185212
298674671
567740903
1652191452
641107256
435985160
38393865
31198988
1901762683
519672607
1532635161
473326260
308881966
402975963
840255413
281531829
413187306
350161789
1655841027
847989814
1671326465
401130359
660718986
1395544977
677700581
2759136932
3217171172
313007473
284660557
1778533881
1089680183
397424196
274076080
652676987
342517484
1643078730
1658432668
569568756
1049356164
296481016
269660942
331857354
355208492
381229644
460478630
758816717
521284904
778351613
652419763
35677970
1208099066
3336179112
307919306
464755292
161541626
1163075334
52549280
2682015699
867957806
99182697
1086448408
5783682388
1508588821
211725170267
1004549021
352052182663
59567578405
211725170267
98464097060
78562960451
10441301032
232200918562
521102282
911832298
466809715
469952633
113428696610
55531021547
470365403
925683163
211905351265
934191445
81144298336
188555561907
9486937506
1539206593
1539206593
352351783857
386210566507
56794519288
957789762
55390956176
481297557
923354128
211267891712
449112746
453157091
886291684
895624086
104355394699
139464389926
1764235837
1764235837
1764235837
405252861576
890646122
887400136
15130889963
1591375019
1591375019
1591375019
1482991978
2933540794
674076224290
761557477
117261297343
572030996
214581700365
59567578405
120564907802
50042544052
49432563258
5470717312
232200918562
521102282
464563241
243007368237
293721120
295698674
62821043448
34940647854
246412871
582448666
133332866037
587802158
51056765650
10791269996
4760429064
1539206593
852470028
221703099589
221703099589
221703099589
32277982895
602650444
34852517387
249191327
580983215
117008039421
282586019
230800201
490861396
563535208
65661408636
139464389926
877689912
913431333
1110073998
254988961728
254988961728
560403026
558360620
7708871469
1591375019
791800047
1001308324
821336278
1845811818
67982120604
131547589
1288248922
915045258
1075658947
1677987028
534315426
298674671
77722372
940824890
325823644
274326017
274326017
274326017
20116456
19630700
1196607200
48073864
1901762683
519672607
964348646
779468327
297821393
2024274754
1780550987
194351476
194351476
253556315
465364792
177142509
176512203
216458671
220325133
188056194
1041870951
1041870951
1041870951
1041870951
1041870951
857310029
877977654
533563271
533563271
1051614536
884318743
252395044
252395044
378228922
83263947
39713326
339184628
1736075246
1736075246
1736075246
1527694287
2759136932
193283889
161780902
1119070463
1119070463
1119070463
603505534
250063091
172451280
337922854
195043361
1033840792
909998293
1041103830
358378088
660264897
186548680
169673234
208807809
202270136
194166394
289737541
255030242
477454708
327997428
288707026
176220180
778351613
410508731
760147443
690581374
18898728
1530273964
2099155684
2099155684
2099155684
2099155684
2099155684
1717671320
175910226
193745761
292428458
101643530
731818082
26772757
1687549831
1453979318
158687419
2682015699
480622969
62406698
601599461
575686322
3639148065
292502648
1133262
2106310
931546380
931546380
49342613
1405308
1549537381
2048487
1053138059
1405308
1266735
931546380
2106310
940179837
54821169
1414166
1059883302
1427210
1427210
26106462
1071282752
2061424
2061424
1134107
1134107
1134107
1134107
1134107
1134107
1134107
1134107
1134107
28552618
1134107
933304378
1144533
1144533
1144533
941955099
1885785
1885785
1885785
27704900
1885785
1885785
1552469665
1772210607
1339700
1339700
996948296
1352017
1006237314
1952605
1658735432
1290623
1290623
927156786
1221892
1241503
2163404
2163404
2163404
2163404
2163404
2163404
2163404
2163404
2163404
2163404
2163404
2163404
1850603256
2183370
2183370
2183370
1870544577
3597932
3597932
3597932
3597932
3597932
3597932
3597932
3101350543
713059
1063296
515925135
586137858
49342613
800239
944468980
1119802
1053138059
884233
701565
530460328
1035387
477828897
34494002
889806
666888672
666888672
666888672
21512815
668138115
555325616
1059883302
830512
1427210
16426434
674061315
1050261
1007133
1115091799
949505183
1009168669
713590
713590
595801
713590
713590
1134107
555502
713590
594130
17965579
645806
587244007
587244007
516898780
720151
633885
720151
506100725
988432
1186554
1885785
13861049
1044418
1044418
976828705
976828705
976828705
976828705
976828705
29729054
1339700
842952
566594813
768253
646450379
991816
1043692138
893675474
812072
668219
583375884
583375884
513494014
768826
632317
1198174
1361234
1224485
1058312
1361234
2163404
1198174
1342267
1361234
1151334
1120100
1361234
1164417201
1164417201
1164417201
1164417201
1024933116
1850603256
1373797
1373797
1373797
1176964470
1035977364
971639058
942507333
1992669
3597932
2263853
1760215
2263853
2263853
1757699
129525665
2422813
9802466
7031365
6939000
6189087
7031365
32153701
10086418
11689380
20191243
17153318
17712854
283752
11145096
2293621
4670936
11145096
6363453
7110653
291599
5637399
9206816
11257938
11257938
11257938
11257938
11257938
11257938
11257938
11257938
11257938
11257938
11257938
11257938
11257938
9901382
81289
81289
11279030
9294487
17892192
9077280
7477049
11669182
11669182
131016
10792041
18545780
20736909
20736909
20736909
17920304
16263809
13141138
17116129
120330
18545944
7096203
7096203
7096203
7096203
7096203
7096203
7096203
7096203
7096203
7096203
7096203
7096203
7096203
7096203
7096203
6246158
5806586
5761653
6992231
7070953
215350
6048043
5962691
5901632
5883208
6422131
6422131
11277965
7176313
7176313
7176313
7176313
7176313
6316672
5894644
5894644
6015046
27284
6118884
12180681
12180681
12180681
12180681
12180681
12180681
12180681
12180681
10596436
9879740
6568349
11001263
283958
110148
19358705
1842314
9146599
9146599
9146599
8050939
7501323
8976464
8261602
14536650
6970606
8359383
9451201
15855246
15855246
13752372
11740481
13278185
6869471
6869471
6869471
6869471
6046586
5621696
6216936
5686907
5988261
5475514
6930740
9284052
11783321
11783321
5521008
5521008
5521008
5581120
9420070
2204239
1123281
1016580
1133606
32778
7095234
2451834
3124844
15717575
8790602
21033269
21033269
21033269
21033269
21033269
21033269
21033269
21033269
21033269
21033269
21033269
21033269
21033269
21033269
18051670
16032267
210999
14373346
18579156
20714651
660012
325600
16958271
16820265
18822605
12913338
33521375
17007688
21826532
21826532
21826532
21826532
21826532
21826532
18724721
16762851
13915854
328604
19429197
49930445
49930445
49930445
49930445
49930445
39392759
21651694
44982746
36868527
22105803
33439941
541692
541692
210097
80274241
11586850
58774927
107457311
188368954
128961881
107457311
17705353
188368954
128961881
28283420
17705353
20889589
56460932
15644270
17705353
107457311
188368954
128961881
188368954
20804682
37558116
36990493
19064167
13930722
13442848
23183662
66411186
15756160
23936675
28492734
43408346
1879381
1498062
1879381
14832345
14817610
7936760
12119615
15876419
20824888
58842721
14197765
21495487
25552900
1201617
17722195
37029132
129654805
192231587
16559064
61865878
14804978
35750195
18494847
38776469
36869515
157269003
10492482
20754228
58605649
14151651
38607512
17663300
17221692
36894014
127231701
15503209
13866378
66185239
16117081
17367962
92208472
19624183
15609381
20775015
23953842
7908622
41539467
121212936
28099585
42904767
70826100
3288629
2912402
68835000
35222567
1979632
1979632
74841348
1979632
460456073
179918060
553272984
16796932
54587226
31126573
37319106
98299565
325276304
291260586
291684725
64977193
116011074
33138446
25506684
24569029
43390178
40973205
72232823
27804922
49121048
42393294
75766034
3627644
26663239
26617813
293642091
295787865
18733843
294071441
46122668
25153724
22363730
48452001
180128494
4168394
113892789
219316068
219993467
219451609
390571119
564700063
189122110
8940952
61997363
32373878
112805155
262537318
261863999
468751907
33749870
179392620
30140068
215254291
205616550
158382062
158850751
27615479
65782772
43143279
43038747
71352643
71574775
127207943
200103397
199570626
359222485
48823120
118410256
114892054
60075323
59927152
106676300
6827119
224560895
6827119
521664879
525623054
32708585
522456873
1119077963
81476707
44816386720
3748293630
9921489204
42653103
92805452
16696674355
47000331
46848521
82364983
46944375
82533506
10638897133
46394700
25691874119
1971593503
2492576519
43021759
4209571952
9050546149
81535334
1099736239
85508105
85508105
23042444569
962025302
85556145
2466498513
150332889
88731733
24188728541
155563599
155563599
155563599
81330318
22871512131
144485032
5786997345
81808302
82627973
82859977
21456329725
88436890
82159701
17357160583
144661017
906065588
162989368
7183038636
163081001
163081001
44732401816
282993298
282993298
51237642
28198897532
2075944836
6007399256
24288408
46082929
8751540501
47000331
25551000
51804113
29537848
41197259
5892218098
29953332
16165571986
12975128125
1091942029
1380481857
27069701
2648702781
5153748421
51302809
691964520
53802514
47357578
13986049480
605315486
53832741
1551944365
95229009
88731733
13396620185
97882098
97882098
97882098
40416977
14390973351
74806980
3632866874
51474563
51990308
52136287
10745724507
50359555
51695666
10921290817
80118667
535568480
81896993
3978234748
92864942
81025111
28146053430
150605211
152129974
113143713
348124633
9302767
33052222
19585136
21251014
49563898
180132657
4083502
183530808
5171289
60793668
18870377
25506684
13399852
27290598
2095970
41132302
17495122
30907431
7706201
26674265
41962056
2342078
16776764
16748182
184762401
186112543
128210390
11787512
185032552
185032552
167329554
290909480
312404366
29020822
13931070
14071472
14071472
27590536
113338565
2622793
63078075
137995759
121465419
113504055
3762799
121840588
133529214
138081043
138081043
138081043
138081043
245751069
245751069
247408938
99533647
5625732
61997363
20369952
68856171
262537318
145017717
294943166
294943166
294943166
249057602
21235740
5505714
7564257
16692694
135440051
106096122
99655502
79141743
17335995
41391147
27146162
27080390
44895762
45035530
61250572
6413162
125906964
125571739
113643616
226026210
30719972
74504861
55193896
37799965
37706735
59081314
116583751
4295688
4035458
265922800
187510695
330727034
18115235
282339711
328734842
15162431
297508154
416042024
704134516
495657291
12484319
575786221
558666399
20410087
36902934
14464504692
12973264902
12256817912
3152275578
40881171
12973264902
18715014
2804291221
40881171
12973264902
5314061088
5275831557
20967247
20614727
20605572
20605572
3880783112
22304531
20648982
20648982
5940004281
458989407
20393847
571906930
744631098
18869333
2315632556
18943235
2811870129
19076224
20424775
6730604393
2582507309
247818453
19093846
303026797
37663141
37663141
490045701
37663141
37663141
715379496
37663141
37663141
37663141
37663141
12991834594
14562054796
2673278350
38975659
38975659
38975659
38975659
38975659
13693221776
20373412
2575857082
19557753
37567606
12926897743
36179588
18225817
18393992
35802428
3139539633
35961774
35961774
35666258
36356198
36356198
36356198
6771027500
38927033
38927033
38927033
38927033
36037537
4921767135
6934515142
9751050282
693257781
36200779
36200779
249636282
71799351
71799351
71799351
71799351
71799351
71799351
71799351
71799351
71799351
25473402919
12835138
18629135
9101204169
7185078048
6788282979
1908683019
23279398
7907422192
10657089
2804291221
20255483
7387503738
2785358320
2681343159
20967247
20614727
12960039
11238198
2441825710
11363784
12992536
10300647
3289795953
240487396
13166669
316743392
9162583624
9162583624
7260237135
412404479
11872764
1457018067
1457018067
11919264
1601193010
12002942
12851463
3727659786
271154580
1624938204
124352265
10002796
190667348
23698007
23698007
308341424
23698007
37663141
450123595
23857877
20859252
20859252
23698007
8174586112
8174586112
8174586112
8174586112
7885640819
14562054796
1519302107
38975659
24523856
24523856
24523856
24523856
7583817022
10105001
1620753818
10126007
23637895
8133727226
7159398186
18731945
11467857
9368356
22527228
1970889021
19916972
22627491
22441549
22875666
22875666
22875666
3392936055
38927033
19313538
22166633
24493260
22675161
3096822776
6934515142
6135453744
353200316
20049341
20049341
147558108
35600090
40885465
38210645
45176836
36068503
38597498
35600090
37174042
45176836
16028107825
16028107825
16028107825
14108120778
1787707831
6417229
36961345
52689014
117562396
70474117
58955776
10720480
105086757
78163311
17796197
11140377
11895380
28420927
15644270
2077684
58955776
2087891
72672536
117562396
1501120
19685832
18753404
10855910
13930722
7331677
8454986
14587381
14587381
14587381
1068596
13201718
41786551
33181875
9913926
9913926
2262062
15061184
28492734
24041161
984701
942595
1213365
9323381
9323381
9332652
95835024
119943110
119943110
119943110
119943110
119943110
119943110
119943110
103615672
73981641
2101057
107075469
16078128
4395673
7625777
7625777
7625777
7625777
9989594
9989594
9040677
13103218
11921218
37024401
37024401
37024401
32575330
2226045
1043705
8933369
8901582
10664577
11260458
11150974
9517796
756069
20508114
81237871
81237871
81237871
81237871
81237871
81237871
81237871
81237871
81237871
81237871
81237871
81237871
81237871
81237871
81237871
81237871
70843163
65320160
65333928
67163509
1923841
81811022
78234809
67339095
129654805
192231587
10225316
32477744
9315433
8414101
35750195
11637134
21475855
22505121
98361071
98361071
98361071
98361071
98361071
98361071
85426833
81733815
157269003
6601969
13058758
1598230
2220451
8904354
19959019
11113916
10058200
9538015
23214065
79731493
79731493
69552634
79540186
9754767
8724857
33960619
10141021
9890023
57885234
45156554
9994912
9821571
9799002
13071837
15071985
15071985
15071985
15071985
13170631
4976180
26015982
26015982
26015982
19562904
1864971
75679224
75679224
75679224
75679224
63787239
4242578
67688509
121212936
17680527
17680527
15432932
7308841
42904767
44310660
44310660
31679827
2069236
1483807
22087258
22087258
22087258
19241081
18285691
46813085
37950180
42173231
1048617
1245603
1170145
136920773
108255116
203253930
275873235
275873235
275873235
275873235
275873235
275873235
275873235
275873235
275873235
215976943
165197569
165197569
169188277
107972793
7822734
3667364
7822734
7822734
197256898
190222858
230814875
410618
5084882
3656682
10400901
3656682
3656682
1788630
2155738
42614
3656682
5084882
1797526
1788630
1797526
5089950
1060280
1055041
1790410
1788630
1797526
2155738
5084882
5089950
1790410
3656682
10400901
3656682
2155738
5084882
5347288
5373925
48331
5352618
1816207
1825241
1818015
3713106
10937793
3146519
3162185
45400
3149654
6434956
1721486
3515796
2342317
775255
722169
726316
11292393
11483360
85619
11330604
40911741
71842092
196075
316367
341373207
316367
316367
179936
309108
8009506
263346145
196075
149821871
179936
196188
176306
180037
149385688
2292045
196075
180037
263346145
345091
214622725
197312
197312
197312
197312
187826816
197877
197877
197877
188744318
197425
347289
347289
347289
4093174
347289
3610525
347289
180084
180084
2638726
180590
180590
150601014
180185
1757086
180185
180185
180185
150250155
316628
4770956
316628
11314889
316628
264723063
187403
187403
187403
187403
175842520
175425122
328587
328587
3605643
328587
309503588
179667
147532377
315717
315717
259908082
310058
301184
3848616
344371
344371
344371
344371
344371
344371
345357
345357
345357
345357
345357
15521755
344568
344568
344568
344568
344568
344568
344568
328526366
606279
9197116
606279
606279
606279
606279
606279
606279
606279
606279
607273961
1702439
123372
198951
214795274
161754
199061
90435
188043
4435963
159454433
108594
79292536
100653
123443
100395
103607
93994898
1442176
95513
113281
149959986
217134
112494226
124151
127389
109279
107613
118182422
102612
124506
197877
118759723
118759723
104533644
85075999
124222
192342
218518
218430
2126945
169079
1999643
192342
113310
99737
1550975
113629
113629
94759593
91410146
113374
1105575
113374
113374
113374
94538829
94538829
160920
3001931
200569
6266608
199225
166566273
150744059
187403
117916
103791
93993
110641789
97388147
97156976
206750
206750
2268705
206750
169470803
113048
92828777
154399
198652
141022980
152115
155938
1995616
216681
167741
190725
173080
190725
167847
191271
217302
217302
217302
217302
8596527
216805
216805
216805
196211
216805
196211
167937
206711919
206711919
206711919
206711919
206236927
381476
5436345
322653
294771
381476
335780
381476
381476
325920
345240
309617049
161556353
8796
3199456
2299550
6544346
1565038
2300819
804867
1311421
23601
2214098
2816197
944980
1000529
1131020
3202645
603766
487249
1030345
1125423
1131020
1174174
9933
3202645
1126543
2082263
6544346
25054
1020744
2895538
3364564
3364564
3364564
2961527
3452314
2916390
3381325
3381325
3381325
3381325
3381325
2976280
1787968
10024
2740511
5373925
30410
3367918
3367918
3367918
3367918
3045692
5139337
6882163
6882163
5955362
5017234
37126
6879412
6219330
1142775
1005883
924764
9142
1148459
1148459
1148459
1148459
1010886
1072829
1107865
1143912
1143912
1143912
1143912
1143912
1143912
1143912
1143912
1143912
2336321
2336321
2336321
2336321
2022050
2352082
1541195
2114393
1979820
1989677
1989677
1751336
668360
3162185
28566
1744395
3149654
4048935
4048935
4048935
4048935
3097955
3424658
3927891
3227635
1083175
1083175
953423
2212172
2212172
25008
1835747
33836
29915
354096
454395
320995
5215436
7105281
6163348
5252669
1690940
17454
37697
7225439
7225439
7225439
7225439
7225439
7225439
7225439
7225439
6261172
47419
634724
5934690
7129324
7129324
7129324
7129324
7129324
7129324
7129324
7129324
7129324
7129324
7112942
36881
6443522
6443522
6502812
2619
25742057
25742057
25742057
25742057
25742057
25742057
25742057
25742057
21249493
11431086
12122368
13780195
1675644
24182619
30010
30010
17837736
16473015
23166251
41162909
117664671
97294
86885
89031
89031
89031
86885
117664671
88024342
89031
89031
88024342
89031
1539012
89031
86885
70307273
88024342
97294
88024342
86885
97294
88024342
89031
97294
89031
97294
86885
117664671
89031
117664671
97294
88024342
88024342
70307273
1190666
86885
97294
97294
117664671
88024342
97294
117664671
88024342
89031
97294
97294
88024342
1118512
97294
86885
117664671
70307273
70307273
88024342
97925
97925
97925
2842911
97925
97925
97925
97925
97925
1215531
97925
97925
97925
97925
97925
97925
97925
97925
97925
97925
97925
97925
97925
97925
97925
97925
1278070
1069563
97925
89105
89105
89105
89105
89105
89105
910370
89105
1154240
89105
89105
1417022
1979915
89105
89105
89105
89105
89105
910370
3610333
89105
89105
89105
89105
89105
89105
89105
89105
89105
89105
89105
89105
89105
89105
89105
1210604
89105
89105
88447347
119088971
92555
92555
92555
92555
92555
92555
92555
1067142
92555
92555
92555
92555
92555
104575288
795085
2664258
88841
88841
88841
88841
88841
86773891
904915
87169
87169
73152123
84541
84454
83366
58545404
84806
164860
164860
164860
164860
164860
1779300
1998624
164860
164860
164860
164860
164860
164860
164860
164860
164860
164860
164860
164860
164860
2729543
164860
164860
164860
164860
164860
164860
164860
164860
164860
164860
164860
164860
164860
164860
164860
164860
164860
164860
2546813
164860
164860
164860
164860
164860
164860
164860
164860
164860
164860
164860
164860
164860
164860
164860
164860
164860
164860
164860
164860
164860
164860
215765477
882749
63777526
61218
45148
49308
55988
56019
43860
74035732
48751164
47177
45520
55385755
56019
1539012
44747
52855
38938790
53298185
53885
46528735
49882
55403
53652310
49802
53185
56019
61218
49476
117664671
51235
74035732
61218
44538097
55385755
44238006
749178
48120
55403
47049
74035732
50124634
61218
74035732
45605313
56019
61218
47049
50124634
703778
61218
42526
64800218
44238006
36807217
44335659
54235
61615
61615
1788787
63222
56984
61615
97925
61591
631629
61615
61615
50780
52614
49891
61615
47378
61615
97925
61615
61615
97925
54235
53408
61615
47345
804174
592363
54235
52620442
74931915
74931915
74931915
74931915
74931915
74931915
74931915
74931915
74931915
74931915
74931915
65949610
49610216
63672513
1001512
75072303
61948419
67814095
56066
56066
46704
45286
56066
56066
572813
56066
678432
56066
89105
891604
1245781
56066
56444
56066
56066
56066
450260
1999537
46811
56066
49349
49349
56066
56066
89105
43386
49349
56066
56066
46302
49349
46680
56066
761723
50740
56066
55651913
55651913
55651913
55651913
55651913
55651913
55651913
55651913
55651913
55651913
55651913
48985440
917045
53684797
47497246
50365510
119088971
92555
58236
58236
58236
92555
58236
51260
671456
52592
47012
58236
58236
46421
65799768
65799768
57917696
57249313
67183689
56292028
59433188
431952
1384434
55899
43263
55899
55899
45997
54598959
54598959
54598959
48058617
47075282
914735
462618
49638
42623
39136713
43771
53139
52454
36837326
43193
91305
103731
93310
79555
103731
1119552
1036343
103731
103731
103731
91305
79498
103731
103731
164860
103731
91305
93878
86246
82990
1613412
87736
91305
103731
103731
103731
79454
103731
164860
91305
103731
103731
103731
103731
102286
103731
103731
91305
82858
1602479
79555
91305
103731
103731
103731
103731
93878
88624
79557
103731
87736
79555
93878
103731
103731
84396
85356
103731
103731
82858
91305
79498
135761693
135761693
135761693
135761693
135761693
135761693
135761693
135761693
135761693
135761693
119056630
105593514
105593514
113226613
135449734
52667065
94534213
3730304
215765477
688335
1037627
5082
1963433
182978
2820018
339983
734467
325771
2095026
1042133
1043556
500151
286694
2820018
1296506
734467
632537
1043556
533431
1043556
5030437
471168
614708
445915
946302
2095026
629115
508714
2277549
962799
757209
2820018
2010935
1043556
1043556
2820018
494238
285646
5030437
823220
2820018
10683
2820018
523011
232913
1043556
652136
1043556
128266
578459
445915
2277549
445915
2820018
2820018
5746
798454
2820018
411076
2820018
688335
10471
578459
2820018
1043556
3796
2820018
5746
798454
652136
1043556
2820018
10471
2060332
652136
7955
353970
511889
2277549
1649373
1790872
1649373
1306437
1349767
2064941
2965811
1735312
2965811
2965811
2965811
2965811
2965811
2965811
2965811
2965811
2965811
2965811
2965811
2965811
2965811
2965811
2965811
2965811
2965811
2965811
2965811
2965811
2965811
2965811
2965811
2965811
2965811
2965811
2965811
2965811
2965811
2965811
2965811
2965811
2965811
2965811
2965811
2965811
2965811
2965811
2965811
2965811
2965811
2965811
2965811
2203336
1735312
1735312
1806710
1754410
8718
2064941
1088015
1536006
1981118
2519531
2907004
3104107
5783
5783
5783
11714
5783
5783
2099489
2975746
2963691
2038964
1803565
2389997
1999733
1718433
2395296
1790872
2395296
1059729
1059729
1059729
1059729
1059729
1059729
1059729
1059729
1059729
1059729
1059729
1059729
1059729
1059729
1059729
1059729
1059729
1059729
1059729
1059729
1059729
1059729
1059729
1059729
1059729
1059729
1059729
1059729
1059729
1059729
1059729
1059729
1059729
1059729
1059729
1059729
1059729
1059729
1059729
1059729
1059729
1059729
1059729
1059729
1059729
1059729
1059729
1059729
1059729
1059729
745850
577346
587424
587424
587424
611592
558334
417984
577778
823363
638151
887176
1021338
1050406
5284
2450
10691
10691
5284
1077406
675963
967111
644138
618013
610130
676930
519822
810828
810828
810828
1790835
73432
5290510
366592
1743066
1743066
1743066
1743066
1743066
1743066
1743066
1743066
1743066
1743066
1743066
1743066
1743066
1743066
1294948
1002385
1019883
1735904
393423
898954
892798
1086131
1398992
1685097
1196483
1249538
1808611
1185999
1646581
1152334
1399729
3109313
661699
2444
528537
461938
2444
1003173
1003173
1003173
1003173
1003173
1003173
1003173
1003173
1003173
1003173
706045
546535
556074
482733
7940
528537
661699
997473
5270
10663
533339
664422
767556
573878
1611
9481
709004
709004
709004
709004
709004
340599
421925
537333
143015
218082
152027
133290
74698
74698
74698
67602
1593
205317
438696
438696
438696
186300
298206
270950
131287
1755
395362
4743256
3365990
5576239
937016
6913
2488357
3961883
1160978
8626806
17830676
17830676
877
17830676
17830676
17830676
17830676
17830676
17830676
17830676
17830676
17830676
17830676
17830676
17830676
17830676
17830676
17830676
17830676
17830676
17830676
17830676
17830676
17830676
17830676
17830676
17830676
17830676
17830676
17830676
17830676
17830676
17830676
17830676
17830676
17830676
17830676
17830676
17830676
17830676
17830676
17830676
17830676
17830676
17830676
17830676
17830676
17830676
17830676
17830676
17830676
17830676
17830676
17830676
17830676
17830676
17830676
17830676
17830676
17830676
17830676
17830676
10115329
4602689
4602689
4942353
4942353
4942353
4942353
5756932
1149439
1149439
1392945
2471199
15047
6913
14054700
7649469
8626806
8626806
8626806
8626806
8626806
17716130
604550
2612371
2935702
3251859
3552989
11724616
6849576
14342970
17136080
20481
20481
9834
9834
20481
9834
9834
20481
41242
9834
20481
7963429
7206609
7206609
6758694
12407039
2473758
12179960
12179960
12179960
5576239
12179960
20932
36244344
1967352
2325914
456079
635991
2924974
4045377
12693211
2648086
4197209
5115865
8215068
275265
231795
7181749
173853
173853
3342884
188324
202824
115882
3242517
144882
7827575
144882
188324
1256689
2517375
32233804
1396202
2417426
1986689
2348789
642194
2953944
4085744
12825377
5167122
7470510
8298438
234022
219383
3376104
116996
7906829
1269015
32894456
1415665
3253284
3860757
4898779
6803326
21672332
4428104
7061423
8623024
13928312
376768
317868
12154380
5609174
121560
160814
200107
13263089
4209400
4205911
67371414
3674894
4148958
7290241
819626
1164658
5305457
5293574
7430136
7450998
7434310
13063016
22272999
22336459
22285697
39223519
4761853
4775224
1751734
4764528
6088647
6092067
532013
10704528
5913543
328712
202268
13761205
4512246
53266101
53437889
53300474
95530591
4317941
7361047
14638834
6148211
203626
4157480
54117200
54387687
54171322
97333226
4772336
6152797
12198244
8839837
8818641
15572398
12354549
12391154
21882966
37096518
37210000
66008737
22738151
27912396
1184379
17926237
253301
22903669
22917417
90336158
90809002
90430769
177388547
6442870
731946821
219742256
1038043765
1035718851
1333313604
6545384
1337057299
1334062682
11475303
7014604
6998894
12297936
12297936
4683779236
935916700
938544580
5674139
73242355
6501835
6501835
6501835
11223260
6462279
133692492
12936165
12936165
12907192
5160370537
22679557
9067419013
5207056141
10492968
1215607903
18427553
18427553
1721191548
3017576019
10600995
4430056600
19976341
294817341
3458215898
21509988
21509988
417052351
21461790
36840949
36840949
36840949
15099690486
4053915
460547913
121701458
574907359
651684169
670123095
3689914
716353222
839404950
5899699
3596293
4403770
7737978
12297936
4683779236
588887705
561986304
3570222
41707170
4185894
6501835
3600958
7061782
3358009
84034848
8139558
8139558
8348513
3246954310
3246954310
3246954310
3246954310
14270193
5705306437
4820031368
2965109168
10492968
673249003
10493397
11594792
1082990121
1898687583
5278563
2522654084
12569304
185501880
1915288967
12961091
12248660
227755723
10784686
19276440
23180676
23180676
9500869122
2312278
2312278
2610564
2297848
4587089
453939
635593
3338244
2938360
3330767
3689579
3992010
4200447
4677738
4677738
4677738
8219374
6713347
14014383
14014383
372192
14054313
11448077
14022373
24679812
39223519
2996203
2996203
2859331
1102208
2997887
3467122
6088647
3374014
3922085
6092067
5637641
334747
3092610
3563308
206829
104724
8500300
2344708
33515538
33515538
33515538
29500753
33623629
33623629
33623629
33589357
33537166
33537166
33537166
33537166
34475332
60108758
60108758
60108758
50487235
2157841
4631641
9210894
3868513
128123
2302567
34051058
27965407
30816531
34221251
30847350
1804411
17562745
3002799
3407648
6152797
7675251
6946175
5562109
543667
9798301
1306907
108815
13737332
21124263
20608286
14293265
41533326
14307061
14307061
745222
10596062
159379
12684906
12692520
56840371
46272092
49132483
45299392
57137889
49554710
54718009
51710332
36423531
111614563
111614563
111614563
87444238
2833796
393115541
2838807
2838807
107757447
2850959
2850959
551825510
2872718
2872718
2872718
2872718
2872718
2872718
2872718
2872718
2872718
2872718
2872718
2872718
726917033
3083422
3083422
3083422
3083422
3083422
3083422
3083422
1494429296
2845342
2845342
499886882
2875546
2875546
746272414
863380928
2957549
57126327
2806488
1081206805
2859437
35455502
2859437
2859437
2859437
2805835
2948088
1157822816
2842691
2842691
5556632
5556632
5556632
5556632
5556632
5556632
5556632
5556632
5556632
64975179
5556632
5556632
5556632
5556632
5556632
5556632
5556632
5556632
2906134649
2919244
2850984
2839210
2877164
733613223
3111765
49985562
1168498831
5607752
199569055
179137691
5607752
2934543744
4711978
653717659
4720311
4720311
730778212
917652590
4665951
4665951
5008962
5008962
5008962
5008962
5008962
5008962
5008962
2485564946
831278569
4670564
61535839
82361346
4754615
45565156
4788816
56685967
1925514401
791144003
9239880
9239880
9239880
9239880
9239880
9239880
9239880
9239880
9239880
9239880
9239880
9239880
9239880
207301183
4847757474
543247506
1783051
247352044
1572237
1786204
59680094
1793851
1793851
347213868
305621552
80062093
1807541
1427353
1807541
1454881
1807541
1619474
1807541
1807541
1476926
1807541
2872718
1463121
457383123
457383123
364920482
389459269
1940118
3083422
3083422
1580829
1940118
1940118
1940118
940309151
827670691
965634474
1494429296
1790316
1790316
314533589
314533589
314533589
314533589
299324707
284100305
499886882
1809321
1506428
746272414
1531268
680305623
29931326
1765869
1799185
20189802
1840911
2859437
1583663
1765458
1536051
728513148
1477154
1788648
3496286
2742606
3496286
3496286
3164172
3164172
3496286
3496286
3496286
40841331
2742606
3496286
3164172
2876940
3496286
3594091
3496286
3496286
1828567610
1828567610
1828567610
1828567610
1828567610
1828567610
1828567610
1828567610
1828567610
1828567610
1609525777
1544834329
1654871055
2906134649
2919244
1793866
1786458
1593480
417749153
1957952
25466597
735230598
593774046
3528451
110528787
112715141
3528451
1846442883
1671048347
4711978
362053225
2687937
2970064
459812613
577395753
577395753
2320101
2318068
2774150
5008962
2852306
2551982
3151687
2474222
3151687
68523285
1415381592
523048396
523048396
509342047
2938763
30877930
51822543
2633283
28670030
2624697
1066421703
35667350
438165061
5813820
5567596
4642313
4834620
5813820
9239880
5813820
5261563
5117390
5813820
5813820
5813820
4664425
113208882
3050255191
3050255191
3050255191
3050255191
3050255191
3050255191
2954789354
260423899
3218951
1237876
1237876
1089593
1463487
1463487
1463487
1463487
1288178
252593
347081
1840421
1840421
1840421
1840421
1840421
1840421
1840421
1619960
1806188
397076
397076
2545389
2545389
2545389
2545389
2545389
2545389
2545389
2545389
2545389
2545389
2545389
2545389
2545389
2545389
2006805
2055554
2167385
2037944
175839
2280552
2079815
4045377
7986689
7986689
7986689
7986689
7986689
7986689
7986689
7986689
7986689
7986689
7986689
7986689
7029973
6631224
8201794
187552
6474982
6626240
7228029
12693211
130141
1666201
1666201
1666201
1666201
1666201
1666201
1666201
1666201
1666201
1666201
1466609
1660272
396487
861754
1585634
1504984
2648086
2640924
2198815
2390061
4197209
4240081
4518825
144225
145847
2103374
2103374
2103374
2103374
2103374
1851413
1760561
397964
2152216
2152155
1795313
1903573
1903573
109390
109390
3342884
1695742
1953835
118495
127618
59998
4925184
4925184
4925184
4835095
4474448
4067675
76744
91161
97504
1583956
1308109
665671
12507131
20234001
20234001
20234001
20234001
20234001
20234001
20234001
20234001
20234001
20234001
20234001
20234001
20234001
20234001
20234001
20234001
20234001
20234001
20234001
20234001
20234001
20234001
20234001
20234001
20234001
20234001
20234001
20234001
20234001
20234001
20234001
20234001
20234001
20234001
20234001
20234001
20234001
20234001
20234001
20234001
17495370
15976202
15976202
16596289
20212177
748890
309142
748890
20832952
16539775
18098332
18098332
18098332
18098332
32233804
878503
1209600
1055188
1477880
1477880
1193801
404074
404074
1636004
2040141
2570789
2326588
8069849
8069849
8069849
8069849
5167122
4700516
5221456
5221456
119229
2124277
138037
73615
4975052
4975052
3987180
702828
20648269
20648269
20648269
20648269
20648269
20648269
20648269
20648269
17846047
16289065
500597
20597973
16818156
755778
18464769
18464769
5425689
5425689
890749
1801790
654401
3253284
2429225
2429225
2429225
2198471
3082358
3082358
290640
4270881
47694
3894567
633260
261429
4479591
10816328
13636437
13636437
13636437
11853231
10974184
11578275
10662806
675497
675497
278852
12233341
12233341
21672332
2786205
2786205
2452449
2713193
3817480
4443114
4443114
4443114
3410285
7059736
7647651
6197349
237066
200005
3529346
3529346
3529346
3106570
2962369
3315540
658854
76487
101185
8345262
7281980
6725951
7194662
125909
2646399
2331322
41919136
41919136
41919136
41919136
41919136
41919136
41919136
41919136
41919136
41919136
41919136
41919136
41919136
41919136
41919136
41919136
41919136
33792985
27851859
20852547
29011873
40132062
1245402
32783729
39470044
32560408
26264084
22972908
35830451
67371414
590712
594211
5841
591412
1210955
622782
626470
623520
1276737
1310442
1327967
1313948
4073078
13240
213763
13240
33491920
13278
214388
13278
13278
13278
33637550
10866
13247
13247
13247
13247
13247
33521059
23298
23298
23298
23298
23298
59647815
33815349
22018
55818301
22083
22083
22083
678257
56063438
22031
55867351
38792
38792
38792
38792
38792
38792
101051093
6879
121725
8330
21073435
21073435
13596296
6807
134757
7485
8355
8355
18629730
18021940
20141656
6836
8335
8528
13247
7337
8568
21091770
21091770
21091770
21091770
21091770
21091770
18565213
14659
14659
14659
23298
11978
37530974
31707406
59647815
19255833
10268
31785207
13306
22083
12575
370401
35275649
31050023
11074
30941423
22089
20297
24408
24408
24408
24408
63582310
63582310
63582310
371682
371682
371682
371682
371682
371682
371682
371682
371682
371682
371682
371682
371682
371682
371682
371682
327158
305840
306953
156380
364883
987
336375
116690
590712
310755
261046
373883
373883
373883
373883
373883
373883
373883
373883
373883
373883
329096
307652
308771
318359
373502
324281
358052
355804
343983
334982
296259
3675
372122
372122
372122
372122
372122
372122
372122
372122
372122
372122
372122
372122
372122
372122
327546
309988
307175
382532
380752
336774
591412
761944
761944
761944
761944
761944
761944
761944
761944
761944
573646
573646
327917
604102
638522
582480
599782
529169
1210955
391860
391860
391860
391860
391860
391860
322444
190440
354637
394181
394181
394181
334605
392324
392324
322826
324001
324001
355057
803335
803335
803335
707104
578219
2806
409620
157514
824542
725771
625205
3892
1643
703666
596795
642552
746218
835569
835569
835569
735477
247
717990
800181
756198
1327967
590685
727713
634041
263616
1644
849161
81810
2562819
2562819
2562819
2562819
2562819
2562819
2562819
2562819
2562819
2562819
2562819
2562819
1334404
1411434
2556930
1508063
2407565
2319375
7622
7622
7622
7622
7622
7622
7622
7622
7622
7622
7622
398743
7622
7622
7622
7622
7622
7622
7622
7622
7622
7622
7622
7622
7622
7622
7622
7622
7622
7622
7622
7622
7622
7622
7622
7622
7622
7622
7622
7622
127206
7622
7622
7622
7622
127206
7622
7622
7622
7622
7622
7622
7622
7622
7622
7622
7622
7622
7622
7622
127206
7622
7622
7622
7622
7622
7622
7622
7622
7622
7622
7622
7622
7622
7622
7622
7622
7622
7622
7622
7622
7622
7622
7622
7622
7622
7622
7622
7622
7622
7622
7622
7622
7622
7622
7622
7622
7622
7622
7622
7622
188526
7622
7622
7622
7622
7622
20107553
7695
7695
402629
352517
7695
7695
7695
7695
7695
7695
7695
7695
7695
7695
7695
7695
7695
7695
7695
7695
181492
7695
20401227
12124
12124
12124
12124
12124
12124
12124
12124
12124
12124
12124
12124
12124
12124
12124
12124
12124
12124
12124
12124
12124
12124
12124
12124
12124
12124
12124
210348
12124
12124
12124
12124
12124
12124
12124
12124
12124
12124
12124
12124
12124
12124
12124
337205
12124
12124
12124
356714
12124
34863638
4795
4795
4221
4795
4314
3544
4795
4795
4795
4795
4795
250893
3960
4795
4795
3948
4340
3537
4795
4795
7622
4795
4795
3971
4795
4795
4795
7622
3544
4795
4340
7622
4795
4795
4314
3860
4340
4795
7622
72436
4795
4795
4795
4221
4795
72436
4221
4729
3907
4795
4795
4795
4795
4795
4004
4795
4795
4795
4795
4795
79957
4795
4221
4795
7622
3544
3882
3544
4795
4296
4795
4795
4062
3918
4195
4795
4795
4795
4795
4795
4795
4795
4056
4795
4795
4795
4795
4795
3993
7622
4795
4907
4340
7622
3577
4221
3946
3926
4221
4795
3946
118622
4930
4340
4795
4795
3882
12651864
12651864
12651864
12651864
12651864
12651864
12651864
12651864
12651864
12651864
12651864
12651864
12651864
12651864
12651864
12651864
12651864
12651864
12651864
12651864
12651864
12651864
12651864
12651864
12651864
12651864
12651864
12651864
12651864
12651864
11136313
10339063
7836777
10755559
10663755
12992616
124108
325520
124108
12675568
12040099
10491318
11427709
11450057
20107553
4841
4841
222991
221807
4841
4477
4841
7695
4841
4841
3984
4841
4261
4841
4841
3912
4841
4372
4261
4841
114197
4841
2263688
12836646
12836646
12836646
12836646
12836646
11298960
10536048
9854655
13106630
10945815
9678216
11617287
11617287
6645
7628
6904
7305
6354
12124
6714
6714
6094
12124
6904
7628
6277
5599
6343
7628
7628
12124
5586
6177
7628
7628
5599
7628
7628
6904
7628
104140
7628
6073
6714
7628
5599
6158
6714
7628
7628
7628
7628
6627
7628
5586
7628
337205
7628
7628
6120
194804
5586
15762616
21936533
21936533
21936533
21936533
21936533
21936533
21936533
21936533
21936533
21936533
21936533
21936533
21936533
21936533
21936533
21936533
21936533
19285483
18501138
21249971
541285
206369
18643402
21361692
19852770
19852770
340
179400
93801
199791
157339
332943
332943
192033
332943
332943
332943
332943
332943
332943
332943
332943
332943
332943
332943
332943
332943
332943
332943
332943
332943
332943
332943
332943
332943
332943
332943
332943
332943
332943
332943
332943
332943
332943
332943
332943
332943
332943
332943
332943
332943
332943
332943
332943
332943
332943
332943
332943
332943
332943
332943
332943
332943
332943
332943
332943
332943
332943
332943
332943
332943
332943
332943
332943
332943
332943
332943
332943
332943
332943
332943
332943
332943
332943
332943
332943
332943
332943
332943
332943
332943
332943
332943
332943
332943
332943
332943
332943
332943
332943
332943
332943
332943
332943
332943
332943
332943
332943
332943
332943
332943
332943
332943
332943
332943
332943
332943
332943
332943
332943
332943
332943
332943
332943
332943
332943
332943
332943
332943
332943
332943
332943
332943
332943
332943
332943
332943
332943
332943
332943
332943
332943
332943
332943
332943
332943
332943
332943
332943
332943
332943
332943
332943
332943
332943
332943
332943
332943
332943
332943
332943
332943
332943
332943
332943
332943
332943
332943
332943
332943
332943
332943
332943
332943
332943
332943
271518
187657
187657
187657
187657
187657
187657
192033
192033
192033
202528
202528
202528
202528
202528
93252
109454
222643
181571
191478
960
4409
179400
245377
245377
168060
168060
188226
208363
171335
229530
263708
155722
299495
299496
219790
223093
326750
326853
328065
328304
331759
332604
252687
341910
567
1357
567
567
1357
1357
1357
1357
1357
1357
2943
567
1357
567
342257
340674
340665
333567
232520
318846
316844
221206
216661
215435
215434
306318
205316
202066
201893
302473
300729
294537
195288
179227
175893
201679
164208
301317
301317
301317
301317
301317
301317
301317
301317
67738
301317
200200
301317
529146
211113
258752
175097
189179
171636
131353
12426
351093
351093
351093
351093
351093
351093
351093
351093
351093
351093
351093
351093
351093
351093
351093
351093
351093
351093
351093
351093
351093
351093
351093
351093
351093
351093
351093
351093
351093
351093
351093
351093
351093
351093
351093
351093
351093
351093
351093
351093
351093
351093
351093
351093
351093
351093
351093
286319
197885
197885
197885
197885
202500
202500
202500
202500
202500
161886
969
969
139202
193846
350286
111886
168639
177620
317065
324702
225730
1370
200
1370
358477
237982
52651
245764
230673
174638
174563
317742
317742
317742
317742
557991
171
295779
78279
370161
754173
290650
410551
25756
410551
1434609
1434609
1434609
1434609
1434609
1434609
1434609
1434609
1434609
1434609
1434609
1434609
1434609
1434609
1434609
1434609
1434609
1434609
1434609
1434609
1434609
1434609
1434609
1434609
1434609
1434609
1434609
1434609
1434609
1434609
1434609
1434609
1434609
1434609
1434609
1434609
1434609
1434609
1434609
1434609
1434609
1434609
1434609
1434609
1434609
1434609
1434609
1434609
1434609
1434609
1434609
1434609
1434609
1434609
1434609
1434609
1434609
1434609
1434609
1434609
1434609
1434609
859061
464736
464736
464736
464736
464736
493458
493458
493458
493458
493458
562337
294405
1122430
754173
1425763
123318
160969
300445
133
305706
331673
684716
548388
1001746
627960
1144650
1285886
795569
810251
2074
2074
2074
2074
779
779
2074
779
2074
779
779
2074
779
790059
715244
1310451
1232569
772625
374221
226862
978672
978672
978672
547058
978672
978672
2609129
452164
449370
107847
189501
114768
186365
186888
154811
155245
272175
179558
180062
179659
315684
29620
44910
239572
240244
239706
421194
344009
346653
64815
344538
618527
1395830
1402690
1397202
2828449
211833
212428
64311
211952
372427
358854
361618
645269
807069
627773
628480
736921
733614
1457900
623622
21352
281438
282228
281596
16015
494799
271383
272145
271535
9895
4566
14422
6088
6071
683113
686963
683884
13346
1358644
13346
1254403
198739
199297
97432
170817
198944
199056
6871854
6960309
127708
6889553
20885030
233506
23668818
19859432
229492
228262
33061388
228903
33154219
228722
229365
229365
38958648
228851
402120
402120
402120
402120
3809062
8196755
229744
49590859
229873
49479790
86942205
231601
231601
67351523
232252
232252
67540786
202369
2886571
231731
67389514
5848193
407181
407181
118411838
249910
177627222
250612
250612
250612
6849358
250050
250050
250050
250050
439388
439388
439388
439388
439388
439388
439388
312965814
229285
45028417
229929
45154849
200872
403109
231853
232504
148479486
112958688
113023754
126370079
239153
420227
221735346
6269442
2575872
230566
230566
230566
230566
405134
405134
405134
397263
4855144
98680362
20976295
226051
119834860
238831
119903940
397217
2023815
199439632
229068
227991
229072
462278
462278
462278
462278
462278
462278
386922114
463589
463589
12033764
463589
463589
463589
5230488
463589
463589
10212856
463589
388457119
25866776
462541
5963193
462541
462541
462541
462541
462541
462541
462541
387229254
813178
813178
813178
813178
813178
813178
17287196
813178
813178
41444468
813178
813178
11644202
813178
813178
11121381
696176855
146924
93424707
14858424
10998894
229492
143624
20802540
228903
18362043
124744
144318
144318
24513152
143995
228983
252916
222709
253018
2109600
4539668
144557
31203041
27465268
144638
31133155
27403754
54704864
49508421
145726
115066
33590408
130930
146135
36186227
127332
1816258
145807
42402124
3001036
209340
202267
58478867
122710
101148151
123055
128485
157687
4309681
157334
157334
142388
157334
276467
276315
439388
250205
276467
215599
276467
312965814
144268
28332309
144673
27038041
126390
200770
136937
132397
59207152
71115622
69988464
123286
218363
116203669
3944792
1466806
148439
230566
127696
145074
254914
230700
224378
59750338
249962
3054903
13198484
145943
75401235
150275
66407275
119903940
205659
125489316
1196262
119031
113890
126868
290870
227313
225946
225946
232341
256027
243455081
243455081
220329160
7571759
463589
279341
291694
291694
263986
3287718
249351
291694
5577324
291694
244420920
244420920
244420920
187157492
235781428
14325985
232495
3752098
291035
263389
291035
226270
291035
299176
291035
243648336
243648336
243648336
243648336
243648336
243648336
243648336
214462006
511659
421022
511659
511659
425482
511659
10877268
432762
515111
26077254
437143
397262
6182480
511659
511659
6159436
438041110
438041110
438041110
438041110
438041110
370071601
284506
282748
507815
507815
67702
104952
72213
78556
186888
97408
97408
85980
155245
171255
171255
97930
113297
113297
113297
113297
113043
113043
99502
198631
198631
198631
174837
198552
179763
16404
24509
150741
151164
151164
133056
150825
150825
132758
13601
265019
239845
216453
140301
31759
218117
2838
185726
13713
195423
40782
216786
216786
216786
216786
216786
389183
38400
388289
237885
276613
24042
55836
279002
352214
878269
878269
647987
33881
14587
794842
882586
882586
882586
776862
33976
704527
879133
879133
879133
879133
879133
795624
430809
1779687
1779687
1779687
1779687
40967
1363496
59571
1778705
1606971
2828449
133287
133287
133287
133661
127198
40465
40465
133362
234334
55420
211946
227533
205920
406009
406009
329046
395445
408134
461596
371082
673248
693876
251724
623622
13435
177083
177083
160262
281438
177580
177580
177182
177182
155958
181292
281596
311332
274038
260591
292472
299598
281759
10076
10076
154536
142324
163985
170852
150386
6226
2873
9311
3152
3820
429821
378333
421959
432243
378760
683884
742821
646842
8397
6910
789282
765686
7888
103271
125399
31431
94605
110182
125248
4323836
4323836
4323836
4323836
4323836
4323836
4323836
4323836
4323836
4323836
3754403
3274812
3274812
3308804
1713629
3276268
26904
314428
26904
26904
3650135
3128776
3908517
4379492
4379492
4379492
4379492
4379492
4379492
4379492
4379492
4379492
4379492
4379492
4379492
3795826
1718620
2405738
3605004
4375028
3709017
4224691
4194014
3956375
6960309
80355
70729
3631645
4334972
4334972
4334972
4334972
4334972
4334972
4334972
4334972
4334972
4334972
4334972
4334972
4334972
4334972
4334972
4334972
4334972
3757731
1728403
62536
4456238
3912470
3916234
3916234
7472607
4660317
13141059
13141059
13141059
13141059
13141059
13141059
13141059
13141059
13141059
13141059
13141059
13141059
13141059
13141059
13141059
13141059
10711113
6581965
6581965
73547
7486997
8541030
45257
45257
13229711
9212173
8824828
8609235
8470788
129629
129629
125694
126383
5662811
12969594
127109
126790
126790
126790
126790
17891918
127041
127041
127041
127041
127041
127041
127041
127041
2194139
127041
127041
127041
20921017
1889994
4375451
125672
125860
125860
127641
127641
127641
127641
127641
127641
28015985
128658
128658
128658
3029483
128658
128658
128658
1656294
128658
128658
128658
1429483
2204229
128658
128658
128658
128658
128658
128658
128658
128658
128658
128658
128658
128658
128658
37411692
138903
138903
3321892
138903
138903
138903
138903
138903
138903
138903
138903
138903
138903
138903
138903
138903
138903
138903
138903
138903
138903
138903
138903
138903
138903
138903
138903
138903
101356149
127367
127367
127367
1710788
127367
127367
127367
127367
127367
24871488
128796
128796
128796
1469211
128796
128796
128796
2000623
38684964
46388816
11431682
131799
63698321
132795
132795
132795
132795
70595220
131539
131539
2150189
125549
1816321
61895940
128021
128021
128021
128021
1270825
128021
128021
128021
128021
128021
128021
128021
125520
1371314
31520578
10918072
125570
926081
132324
132324
132324
132324
132324
1148810
125505
67332999
2244283
1482453
557002
1482453
63906932
127235
127235
126295
3151568
127237
23293877
238553
238553
238553
238553
238553
2966882
238553
238553
238553
238553
238553
7898128
6990776
238553
238553
2889794
238553
238553
238553
238553
238553
4481486
238553
238553
5762683
238553
238553
238553
238553
4641857
238553
238553
238553
238553
238553
238553
238553
238553
238553
238553
238553
238553
11902088
238553
238553
238553
2504862
238553
238553
238553
238553
238553
238553
238553
238553
238553
238553
3274725
238553
238553
238553
238553
238553
3121059
238553
238553
238553
238553
238553
4801874
238553
238553
238553
238553
238553
238553
235420417
129629
81564
29188285
29188285
79087
79521
3136276
8141840
127109
79777
126790
72199
79777
8722447
11257765
9909211
70360
72342
79935
79903
79935
79935
70360
1380573
70360
69287
79935
79935
13163703
13163703
11586839
13117116
1046749
2423288
79074
79192
79192
80313
80313
70692
80313
80313
80313
17627924
17627924
17627924
15516297
3226595
15953439
80953
80953
1677840
80953
63852
80953
63903
849937
63852
80953
65158
899444
1220784
80953
80953
72530
80953
80953
66146
63903
80953
67436
128658
80953
80953
65527
23539793
23539793
18608386
18422701
20043111
21303736
68145
87399
2090166
76929
87399
87351
138903
79097
138903
138903
76929
70768
79097
87399
71213
87399
87399
68114
68145
87399
87399
79097
87399
68145
87399
87399
87399
87399
63774254
56121380
65491885
1366560
57716306
101356149
80141
70541
80141
1076444
80141
63430
80141
80141
80141
15649377
15649377
15649377
15649377
15649377
15649377
15649377
15239289
14892671
14135192
24871488
81937
73341
81039
737232
76069
81039
67473
1207266
38684964
5991902
82929
40079590
33337441
83556
69004
68457
68754
44419185
39098266
36943578
72851
64955
38945515
32103932
1126591
78996
1142846
925377
80552
70902
80552
80552
723659
72900
70902
63665
82420
128021
70902
80552
19833048
3233817
19085512
78978
862844
6869755
81071
582699
72525
83259
68945
83259
65325
42366564
42366564
42366564
37291526
34032342
722842
64980
67332999
1242967
40210850
752578
329240
932773
66115
80057
63073
1982997
1745456
70468
12901018
3625935
150100
150100
238553
150100
116219
1536100
143743
150100
123510
150100
150100
4374278
4398663
150100
119908
1818286
150100
150100
116860
150100
124819
2348965
135841
150100
135841
150100
238553
116101
2920700
126954
150100
116101
135841
150100
125596
151112
150100
150100
135841
150100
150100
7488907
150100
119896
122663
1574476
116219
132119
128240
150100
150100
128311
150100
150100
116101
116219
1738713
150100
150100
132119
150100
120860
1728559
135841
123510
150100
150100
120425
2622343
154298
150100
150100
150100
150100
150100
148128769
148128769
148128769
148128769
148128769
148128769
148128769
148128769
148128769
148128769
148128769
148128769
148128769
148128769
148128769
148128769
148128769
148128769
148128769
148128769
148128769
148128769
148128769
148128769
148128769
148128769
148128769
148128769
148128769
148128769
130068730
106819567
123375310
143492686
6190504
142892894
134057943
134057943
235420417
216996
216996
216996
216996
216996
216996
11179
44098
38815
43996
26707
40890
127338
26880
64283
64283
64283
64283
64283
56583
15544
54263
58177
102166
76705
76705
76705
76705
76705
76705
76705
76705
76705
76705
76705
76705
76705
76705
76705
67517
76434
66488
76675
49085
69419
10660
10247
18322
18322
18322
15891
106829
106829
106829
106829
106829
106829
106829
106829
106829
106829
106829
106829
94032
104841
15615
15615
6921
96681
79158
163167
163167
163167
163167
163167
163167
163167
163167
163167
163167
163167
163167
163167
163167
163167
163167
163167
163167
163167
163167
163167
163167
143622
121092
74553
11153
162792
71150
89058
1580
138936
97352
82863
148449
15709
6962
6962
15709
6962
6962
146190
99436
147668
147668
259322
135993
414919
771514
771514
771514
771514
771514
771514
771514
771514
771514
771514
771514
771514
771514
771514
771514
771514
771514
771514
771514
771514
771514
771514
771514
771514
771514
771514
771514
771514
538595
432892
446849
11902
503831
373118
454927
396300
815490
16764
16764
16764
7429
7429
16764
16764
770442
408955
445719
586813
586813
586813
586813
586813
1262065
4953
92905
92905
92905
92905
92905
92905
92905
92905
92905
92905
92905
92905
92905
92905
92905
92905
92905
92905
92905
81776
92575
15592
15592
30832
90471
88413
83916
147655
147288
170802
170802
170802
170802
170802
76198
160327
163808
172695
126132
154578
154578
271456
344872
342899
342899
342899
206462
206462
402809
402809
402809
402809
323040
225129
225129
230238
242492
219065
139106
327242
327242
288042
200552
200552
7084
5900
4913
4968
4968
4023
520085
127843
127843
127843
127843
127843
127843
127843
127843
127843
127843
127843
127843
127843
127843
127843
127843
127843
112529
107007
107727
120098
15650
15650
15650
15650
130812
130808
109119
123024
115699
115699
115699
4658
3726
3726
3726
203181
102062
122796
108086
117597
111132
4037
4347
1863
6054
2044
2484
2484
374472
374472
374472
374472
374472
374472
374472
374472
374472
300327
209304
225445
367622
285828
16063
340201
217587
185298
3105
2614
3105
2555
595147
344711
276472
334405
3257
3105
2917
4037
3321
86333
86333
86333
71298
34988
15503
33463
8695
7654
86436
76082
2666814
1615949
2121703
1019800
3790837
7301036
7301036
7301036
7301036
7301036
7301036
7301036
7301036
7301036
7301036
7301036
7301036
7301036
7301036
7301036
7301036
7301036
7301036
7301036
7301036
7301036
7301036
7301036
7301036
7301036
7301036
7301036
7301036
7301036
7301036
7301036
7301036
7301036
7301036
7301036
7301036
7301036
7301036
7301036
7301036
7301036
7301036
7301036
7301036
7301036
7301036
7301036
7301036
7301036
7301036
7301036
7301036
7301036
7301036
7301036
7301036
7301036
7301036
7301036
7301036
7301036
7301036
7301036
7301036
7301036
7301036
7301036
7301036
7301036
7301036
7301036
7301036
7301036
7301036
7301036
7301036
7301036
7301036
7301036
7301036
7301036
7301036
7301036
7301036
7301036
7301036
7301036
7301036
7301036
7301036
7301036
7301036
7301036
7301036
7301036
7301036
7301036
7301036
7301036
7301036
7301036
7301036
7301036
7301036
7301036
7301036
7301036
4321646
2354725
2354725
2354725
2354725
2354725
2354725
2354725
2463610
2724738
1014739
1014739
21188
7253998
1022472
1445192
3518161
2359390
2671856
2860299
3011695
3154219
6660353
7280171
12901
30364
30364
12901
12901
12901
166904
30364
12901
12901
30364
30364
7873681
3992023
7439134
3500975
6577465
6399594
3300848
3189458
3117928
3076377
4968713
3895491
1935786
1512113
1309948
4987082
4987082
4987082
4987082
4987082
4987082
4987082
4987082
14835720
425
425
10528
425
425
425
425
425
425
425
425
425
425
425
425
425
425
425
425
425
425
7446
425
114257
425
425
425
425
425
425
425
425
425
5113946
427
427
427
427
427
427
427
427
427
427
12122
21150
427
427
427
427
427
427
427
427
427
427
427
427
427
427
427
21150
427
427
9544
7480
427
427
427
427
427
427
427
427
12638
427
16508
427
427
427
5154838
251
251
251
61912
426
426
426
426
22873
426
426
426
426
8738
426
426
426
8480
426
114364
426
426
426
426
426
426
426
426
426
426
426
426
426
426
426
426
426
426
426
426
426
426
12078
426
426
426
426
426
426
5122128
788
788
788
788
788
788
16637
788
788
788
788
788
788
788
788
788
788
788
20914
788
18537
788
788
28996
788
788
788
105525
19013
788
788
788
788
788
788
788
93641
788
788
788
788
788
788
788
788
788
788
788
788
788
788
788
788
788
788
788
18537
788
788
788
17589
788
788
788
788
788
788
788
788
788
10424626
213
235
5459
267
267
267
267
142
221
274
150
143
267
235
238
267
142
223
142
235
267
4240
267
71891
213
267
235
235
251
143
143
232
235
3217743
3217743
3217743
3217743
3217743
3217743
3217743
3217743
2616847
2664986
1362058
2630989
1983
2774765
2962107
8709
2912088
2912088
13308
10990
143
427
243
269
219
257
427
269
269
269
7125
221
221
236
236
269
269
243
269
269
243
219
269
269
269
215
11336
233
427
5435
4701
269
269
241
230
269
269
269
143
7952
269
9015
269
214
269
2796953
3243473
3243473
3243473
3243473
3243473
3243473
3243473
2854942
2025653
2761800
3128827
3086639
2720496
158
158
158
34289
268
268
268
268
14392
268
268
268
214
5498
268
268
242
5336
268
71959
268
218
268
268
268
268
268
219
268
242
268
268
268
268
245
268
268
221
268
268
143
268
6689
274
426
235
268
275
268
3222891
3222891
3222891
3222891
3222891
3222891
3222891
3222891
3222891
3222891
3222891
3222891
3222891
3222891
3222891
2836825
2620942
3215486
2806477
5122128
408
436
495
495
448
495
5226
495
495
408
400
495
495
495
495
495
409
495
10867
412
9512
495
788
18245
17139
448
419
251
66397
11963
250
495
495
499
495
405
413
58920
51862
448
250
436
495
250
495
495
398
436
399
495
405
251
423
479
408
495
250
9842
261
495
495
448
495
9741
409
413
495
251
408
402
250
495
436
5205758
6559274
6559274
6559274
6559274
6559274
6559274
6559274
6559274
6559274
6559274
5039322
5238999
5656275
1511545
5450537
5708075
6312045
5936205
5936205
10424626
68283
119468
119468
119468
119468
119468
119468
119468
119468
119468
119468
119468
119468
119468
119468
119468
119468
119468
119468
119468
119468
119468
119468
119468
119468
119468
119468
119468
119468
119468
119468
119468
119468
119468
119468
119468
119468
119468
119468
119468
119468
119468
105157
66744
66744
66744
66744
70465
70465
79388
79388
11783
11783
11783
70361
4
103021
16359
20619
66903
106210
109976
112141
117282
122583
23
70
70
23
605
23
23
23
23
23
103554
103364
53284
108119
77409
108119
108119
7337
108119
72
189870
79589
65305
29875
122241
122241
122241
122241
122241
122241
122241
122241
122241
122241
122241
122241
122241
122241
122241
122241
122241
122241
122241
122241
122241
122241
122241
122241
122241
122241
122241
122241
122241
122241
122241
122241
122241
122241
122241
122241
122241
122241
122241
122241
122241
122241
122241
122241
122241
122241
122241
87781
61502
61502
62874
62874
11826
58915
21183
7119
3
27351
74624
76155
112493
74805
122116
81880
70
23
70
82153
81302
117920
117065
117064
73417
116330
69874
106025
94994
57425
62096
99143
99143
99143
194278
173
173
173
173
173
138
2848
52124
103499
120022
120022
120022
120022
120022
120022
120022
120022
120022
120022
120022
120022
120022
120022
120022
120022
120022
120022
120022
120022
120022
120022
120022
120022
120022
120022
120022
120022
120022
120022
120022
120022
120022
120022
120022
120022
120022
120022
120022
120022
120022
120022
120022
120022
120022
120022
120022
120022
120022
120022
120022
120022
120022
120022
120022
120022
120022
120022
120022
120022
120022
120022
120022
120022
105645
66949
66949
70676
70676
70676
70676
79615
70204
119747
12011
55549
109773
70
23
123380
122806
108539
104515
62526
108621
108621
108621
108621
190752
207640
69300
224159
45415
207640
69300
115
2058
868331
2
868331
868331
868331
868331
868331
868331
868331
868331
868331
868331
868331
868331
868331
868331
868331
868331
868331
868331
868331
868331
868331
868331
868331
868331
868331
868331
868331
868331
868331
868331
868331
868331
868331
868331
868331
868331
868331
868331
868331
868331
868331
868331
868331
868331
868331
868331
868331
868331
868331
868331
868331
868331
868331
868331
868331
868331
482779
159249
159249
159249
159249
159249
159249
159249
176132
176132
176132
176132
176132
216622
216622
216622
216622
216622
31854
294224
27
84
84
84
27
46587
127397
381929
381929
866335
9957
58515
239131
240056
118075
208422
815728
815728
283216
426475
45
45
45
45
940
136
136
136
874189
867984
867852
336984
842372
839530
835602
305952
288680
277589
9547
126728
73924
101305
622662
622662
622662
622662
622662
622662
622662
1380035
7780
6425
129
157
125
137
157
157
138
157
138
62
157
250
157
142
157
141
157
157
62
142
157
157
157
138
157
157
157
3320
2732
2698
1426
128
157
3206
150
131
157
157
157
157
157
157
157
8444
7433
157
157
138
129
157
127
157
157
157
157
157
157
250
157
138
157
62
138
157
11575
10188
9962
129
161
157
157
157
125
157
129
157
157
142
3225
62
157
157
157
4165
157
157
66
145
250
157
250
157
157
142
157
250
157
129
157
130
157
157
157
157
157
3447
129
62
157
130
157
157
157
157
157
4584
129
138
250
139
142
129
157
157
3017
157
130
62
157
157
142
129
142
157
134
129
250
250
62
159
157
138
3890
4459
138
125
62
127
5788
5437
142
133
138
157
8634
157
157
157
131
62
21064
3795
157
141
157
62
62
126
157
157
157
157
142
142
157
250
2490
138
157
138
157
157
157
142
157
138
131
157
3130
157
157
4760
157
157
2490
142
157
62
138
158
157
157
157
157
157
157
155
142
128
157
157
128
250
157
157
157
131
157
45733
45733
38097
157
157
157
157
157
128
157
126
157
6627
157
2510
62
127
18691
16452
136
142
157
138
2293
131
62
157
157
138
157
96
10029
157
157
157
157
125
142
5313
157
138
157
138
138
157
157
128
157
157
62
157
157
250
157
62
3177
138
2748
157
157
126
157
157
138
4677
128
157
157
157
250
157
157
157
142
138
62
127
126
157
62
147
62
157
157
140
157
157
5503
138
126
157
133
128
138
62
157
62
134
137
152
157
157
62
129
157
157
157
157
134
157
157
157
157
143
157
157
129
157
157
157
157
157
136
133
157
157
62
62
62
3122
65
136
157
157
157
157
157
131
157
142
157
62
157
129
157
138
130
157
157
4459
3925
250
157
157
160
126
3090
129
157
142
131
250
62
127
9048
4649
4458
157
64
138
62
129
128
138
157
157
157
157
129
129
126
4744
157
5270
127
161
62
142
125
132
157
62
157
157
157
157
121
138
62
157
138
143
157
157
127
1948465
1340980
2271744
1380682
2846499
130592
2846499
2846499
214433
2846499
2846499
2846499
2846499
2846499
2846499
2846499
2846499
2846499
2846499
2846499
2846499
2846499
2846499
2846499
2846499
2846499
2846499
2846499
2846499
2846499
2846499
2846499
2846499
2846499
2846499
2846499
2846499
2846499
2846499
2846499
2846499
2846499
2846499
2846499
2846499
2846499
2846499
2846499
2846499
2846499
2846499
2846499
2846499
2846499
2846499
2846499
2846499
2846499
2846499
2846499
2846499
2846499
2846499
2846499
2846499
2846499
2846499
2846499
2846499
2846499
2846499
2846499
2846499
2846499
2846499
2846499
2846499
2846499
2846499
2846499
2846499
2846499
2846499
2846499
2846499
2846499
2846499
2846499
2846499
2846499
2846499
2846499
2846499
2846499
2846499
2846499
2846499
2846499
2846499
2846499
2846499
2846499
2392641
1807909
1807909
1807909
1868806
1868806
1868806
1868806
1970729
1970729
797836
1867117
1083
2170593
2271744
2271744
2271744
2839959
507431
1220959
1477526
2180322
2180424
2597751
2108373
2757411
2836426
2331912
2923164
4682
13418
13418
4682
13418
4682
4682
4682
2906368
2851832
2225503
2771908
2745885
2169955
2739211
2708860
2068350
1966308
2520936
2364227
2335877
2206397
1495288
1393019
1354121
2528774
2528774
2528774
2528774
2528774
2528774
2528774
4523930
