587377
3942392
1837455
4711228
1837455
1837455
15343899
3942392
6960277
15343899
15343899
3942392
6960277
3942392
611140
1255095
3942392
1837455
1913909
4711228
1913909
4091063
4288091
1859114
1936520
7044824
792381
15978813
2753902
2871606
10553909
1782795
1856869
6749170
1327452
1381710
4990803
552224
227160
235160
3490647
655245
681857
19728328
20691463
80274241
10788205
644153539
217922551
357318162
775724325
91104292
13936367
39827035
217922551
24130691
21698908
1643163
1321106
367957734
27335584
213731006
48259896
9829579
13383432
36677103
8859701
13791454
11293425
219237004
37978620
227086478
27397596
47440845
130159924
48888320
780445034
1318819712
12090977
10889621
277624555
103010428
13261785
8876287
24130800
11266678
214640458
222321188
39930466
81847398
8585730
7737188
7343495
11548753
9679137
53850804
93814165
61799724
96703278
78942371
3780773
165189368
1605606413
35987070
55768702
18191024
161163084
5775643
930014403
219642019
22761338
280657519
5783682388
77472448
27305676479
39174818
96648691941
2583073367
27305676479
3508231616
3596699285
418414349
44056311243
4986006
25170870
2713275
2866154
4801952679
1658555166
2886267
25159729
27437496742
26045796
5125480391
16993730486
141320909
89053092
89053092
97115270971
155956894407
2006037260
30865129
1627739631
3421627
24745861
26975837574
2031048
2194791
18185713
19834182
11320900247
15890793004
174177753
174177753
174177753
190415724526
18140972
17556196
1542237764
108790122
108790122
108790122
67857948
616508629
674076224290
8418625
5376682823
8814062
28717239423
2583073367
6143588208
402802827
1196179998
59879107
44056311243
4986006
2946748
51867699509
902373
953217
945538797
551597550
412666
8367551
9125084477
8662236
1704617662
200893990
14586855
89053092
17535190
32298320069
32298320069
32298320069
447331332
10265036
541349008
451477
8229908
5311735186
675480
256283
3580896
6596395
3765072742
15890793004
16673134
22982439
57927541
63327919032
63327919032
6033272
5838789
180537888
108790122
10423386
36181109
13361714
205036683
13609221457
2124274
68673725
42892207
80390616
230491077
30299206
13936367
997257
49031065
2758717
7216561
7216561
7216561
235152
439369
122374334
2107724
367957734
27335584
71082048
24610406
16050138
438609301
259239192
3269093
3269093
4451023
7221983
2946534
2910830
1971843
3755935
1882605
72913218
72913218
72913218
72913218
72913218
28783555
33778432
12630821
12630821
75523774
34525558
9111814
9111814
10930889
1576402
822376
4925858
259558185
259558185
259558185
153572379
780445034
3766462
2428304
92331583
92331583
92331583
20274029
4410566
2952050
3179207
2534924
71384511
42246793
73360359
13279960
27220574
2855417
2573212
2442278
2598389
1130222
17909547
10600730
31200447
20553176
12163259
3241768
96703278
26254428
54938209
37810694
580218
150558102
533988005
533988005
533988005
533988005
533988005
208389354
16558279
11968477
18547396
6049919
53599159
672827
309301539
163844558
10346434
930014403
43218684
7569901
55221640
43197578
1923520606
58610332
38697
106039
121540006
121540006
5251638
60832
430626802
215413
196202762
60832
29955
121540006
106039
125849038
2736980
62581
201880563
64793
64793
1278212
209140117
221610
221610
38886
38886
38886
38886
38886
38886
38886
38886
38886
807058
38886
122227928
40256
40256
40256
126561945
137660
137660
137660
2072504
137660
137660
433084251
716600168
42809
42809
153636330
44320
159098165
151565
544592865
34158
34158
119807058
25090
25537
241893
241893
241893
241893
241893
241893
241893
241893
241893
241893
241893
241893
873297683
250444
250444
250444
904715318
856695
856695
856695
856695
856695
856695
856695
3101350543
12869
11522
23932095
40421429
5251638
13687
127952202
39629
196202762
20231
5898
27345660
8996
14379419
910257
20813
67140862
67140862
67140862
817457
67569238
28891045
201880563
16032
64793
425104
69555224
25943
18728
238324842
117804789
161230077
12932
12932
5662
12932
12932
38886
3343
12932
5559
268409
8749
40650216
40650216
24067552
13388
7926
13388
21150721
19749
45782
137660
209392
27106
27106
144033926
144033926
144033926
144033926
144033926
1806555
42809
14237
34259754
9874
56702246
17324
181119143
92463408
11360
4507
39845090
39845090
23590865
8344
2982
47630
80448
52925
20214
80448
241893
47630
76630
80448
38203
31917
80448
290438855
290438855
290438855
290438855
171958554
873297683
83292
83292
83292
300887642
178144911
122314189
104564971
168689
856695
284917
71551
284917
284917
70814
25964012
103765
753288
611095
397535
355826
611095
15343899
870877
2057546
5088618
2670386
3942392
16444
1311149
73732
247137
1311149
412856
636522
13698
184114
495102
1360594
1360594
1360594
1360594
1360594
1360594
1360594
1360594
1360594
1360594
1360594
1360594
1360594
781420
3110
3110
1369275
533648
4091063
452593
344973
1426121
1426121
5150
1049247
4288091
5299029
5299029
5299029
3013287
1839805
1308812
2419008
11020
3501793
618298
618298
618298
618298
618298
618298
618298
618298
618298
618298
618298
618298
618298
618298
618298
359651
224200
209377
587448
610806
4665
297568
272321
253887
248177
417374
417374
1859114
644042
644042
644042
644042
644042
374563
241153
241153
279174
955
310715
2339749
2339749
2339749
2339749
2339749
2339749
2339749
2339749
1342151
914574
382536
1594199
16523
6860
7044824
263527
915885
915885
915885
528306
338810
857868
606029
2753902
254335
630925
1023434
3501050
3501050
1999910
904310
1679778
592916
592916
592916
592916
349378
215283
401116
235509
317724
171123
612720
722854
2241574
2241574
441480
441480
441480
459525
1659827
77840
75548
51109
78209
1198
1160909
68178
224995
1936154
911086
6540060
6540060
6540060
6540060
6540060
6540060
6540060
6540060
6540060
6540060
6540060
6540060
6540060
6540060
3699711
2126698
20061
1697540
4174726
6219823
62984
30975
2798522
2690619
4394284
1461103
19728328
2502440
6859225
6859225
6859225
6859225
6859225
6859225
3879278
2327414
1662450
32072
4518622
26581603
26581603
26581603
26581603
26581603
14793349
5312637
20324056
12843643
5474934
10567727
109862
109862
42527
80274241
1414496
6281802
32025170
88800008
43715518
32025170
1488642
88800008
43715518
3919266
1488642
1500734
4992545
1957269
1488642
32025170
88800008
43715518
88800008
1794134
2966828
3483332
2459527
1770776
1703840
3187334
11763296
2021226
3309679
4049919
6752030
199334
156024
199334
1894478
1892457
607821
964430
1287958
1778625
6315438
1141602
1845119
2247434
80601
1470976
3489215
44131888
92215754
1671729
8429725
1480230
4143343
1914300
4602060
4313007
63054914
850096
1764342
6167432
1155959
3622227
1464236
1421360
3423076
42675872
1083735
961322
16974375
773668
1297382
25527782
1129050
4862058
6691743
7817694
2304762
14746752
55579144
9286130
15321094
27696552
890577
778559
26680497
12089414
518485
518485
29745526
518485
460456073
18244183
234910148
836034
4342452
974003
1025941
3251789
90656053
49090719
49245379
5284915
8850104
1551834
1176139
1117696
5118502
2044900
9267476
1291690
5922270
2124606
4224971
143081
1240970
1228467
50743513
51544307
1552236
50903744
1513198
1854520
670980
3805197
18371628
269208
10257636
26370164
26741190
26444403
122349186
243619561
24102768
128560
2629489
1234299
12467540
36924200
36505197
170552735
2519254
17933086
923221
25625930
50206392
16008892
16227128
3041421
19321767
4957797
4903249
8835748
8960702
41090389
31826961
31460034
148003881
5734069
16136277
15539221
7338468
7256932
33596229
1663287
80826358
1663287
227506276
231157488
6720765
228236850
1119077963
1538960
17709629325
182135054
672497710
196608
3060370
1142565225
330313
324909
1451621
330674
1477377
484175964
297747
4130589349
177205793
30359315
205571
110959161
610355074
1546251
64136758
1963748
1963748
2537509584
23167339
1968794
154044787
8773581
2441636
3119148984
10770651
10770651
10770651
1520757
2465069841
6545290
523165921
1407824
1533323
1553018
5392785507
2402715
1447487
1888189268
6619770
37119058
13606268
1449210916
13641258
13641258
17656928099
60081115
60081115
510861
5889818053
35863693
194949466
44235
288268
163921201
330313
59040
482118
109974
145070
95337707
107818
1373739634
455833232
34893086
5977966
68368
36902481
137325667
514247
21330420
653097
386676
742333700
7704927
654776
51231776
2984927
2441636
614182724
3582072
3582072
3582072
144003
819825903
863639
172631498
468210
509948
516498
539456626
540594
481401
627968606
1303480
9798181
1421056
285359985
3069188
1291337
5872290830
9488952
10071641
6056200
78125747
164621
1258827
323931
230829
339510
17824413
127259
16377888
64586
1258874
349151
1176139
203099
1699979
18660
2085117
429586
1969611
134399
706595
831927
51812
412718
408560
16876133
17142458
4617820
516238
16929422
16929422
11413524
32868022
47825283
503255
365168
223152
223152
856143
6109983
89532
2018422
8770114
5186651
3392464
81706
5259574
7822980
8794804
8794804
8794804
8794804
40690543
40690543
41625354
3512150
42756
2629489
410499
3724284
36924200
7180856
56721942
56721942
56721942
27036587
837846
97504
134012
181788
8522598
6474543
5324191
1557337
1003592
6425978
1648850
1630708
2938568
2980124
3272677
292051
10584920
10462888
7078290
49222709
1907020
5366557
1166673
2440606
2413489
6604110
11189346
553171
439051
28915850
15715353
76877698
1323366
39889836
75906361
1200093
51351711
97023417
372179759
130911475
2503945
182435274
169363994
391490
1938759
5721311320
3586199081
3034110568
212224866
3482614
3586199081
219094
267102200
3482614
3586199081
364713210
404570841
421504
366823
365407
365407
395746799
630385
372124
372124
682972992
40045519
332852
51997150
9127041
228135
151237797
235924
187880511
249972
393346
616231526
170944115
3505049
251836
17839326
2233530
2233530
31555606
2233530
2233530
46160652
2233530
2233530
2233530
2233530
3605280693
5887049824
210134156
2742906
2742906
2742906
2742906
2742906
4486884750
386856
168068666
301227
2196464
3538553696
1659654
176354
191220
1518382
724178465
1579287
1579287
1466562
1730667
1730667
1730667
1710416795
2724673
2724673
2724673
2724673
1608321
1187176090
1759781894
2698791962
149499076
1670881
1670881
10227302
15486032
15486032
15486032
15486032
15486032
15486032
15486032
15486032
15486032
25473402919
129956
210677
1902777414
706148225
597438052
61521584
783564
1065567837
49294
267102200
321961
806869971
52324564
46451402
421504
366823
121360
66399
131616342
73799
123760
36308
134482262
5730898
120530
10238610
1957898254
1957898254
644401685
1797179
75872
50298235
50298235
78463
42271814
83135
130818
121340391
5153494
56852106
361784
36006
5932952
742821
742821
10494673
742821
2233530
15351978
759886
439798
439798
742821
1199033978
1199033978
1199033978
1199033978
1054703939
5887049824
46858348
2742906
912228
912228
912228
912228
883499670
36046
55895798
39746
730494
1176842104
696766509
218988
58651
22328
504979
238960545
310972
525234
487745
575580
575580
575580
169605007
2724673
254386
613032
906164
534890
394827641
1759781894
897556540
17500704
329008
329008
2699663
1440020
3484250
2445797
5150300
1614631
2595986
1440020
2043354
5150300
8471871750
8471871750
8471871750
5015895066
358025178
278524
2085259
2919496
29186841
8269656
6105036
431540
19195245
12834076
1303458
495088
337654
496771
1957269
26004
6105036
165517
9564475
29186841
19494
415338
370058
553376
1770776
306560
565886
1060034
1060034
1060034
21077
712260
3885396
1165687
672213
672213
39457
1100723
4049919
1289686
28526
51890
72182
629388
629388
630060
11360767
30304951
30304951
30304951
30304951
30304951
30304951
30304951
17132174
6882640
170276
19846178
747445
119684
320747
320747
320747
320747
428345
428345
289781
591530
409814
2100370
2100370
2100370
1217756
41153
20101
379670
375070
164570
255800
489213
245210
26806
677265
14557774
14557774
14557774
14557774
14557774
14557774
14557774
14557774
14557774
14557774
14557774
14557774
14557774
14557774
14557774
14557774
8346360
5175768
5183368
6211641
113911
14903173
12748035
6311503
44131888
92215754
520760
1177162
492290
330080
4143343
636652
884837
1288375
20756759
20756759
20756759
20756759
20756759
20756759
11813110
9361670
63054914
282722
586779
29435
40476
384445
454376
486971
329443
279875
1138437
14080816
14080816
8079843
13967106
360425
319714
2106052
257304
291901
8441999
2244772
130913
1615248
1601991
2211769
2583739
2583739
2583739
2583739
1481776
766511
4860986
4860986
4860986
1053051
84948
18272274
18272274
18272274
18272274
9105196
277234
12024302
55579144
3063658
3063658
1758680
311699
15321094
9123536
9123536
1696854
296185
82490
3986554
3986554
3986554
2284283
1725760
9796634
3811491
6594637
79569
172436
136862
33068482
23589799
72026558
150367145
150367145
150367145
150367145
150367145
150367145
150367145
150367145
150367145
82858929
46115726
46115726
48301331
23509877
1573288
736386
1573288
1573288
67133613
61757318
97321928
90833
1183117
2323816
6622769
2323816
2323816
415306
1367072
2319
2323816
1183117
423086
415306
423086
1187554
248915
244338
416863
415306
423086
1367072
1183117
1187554
416863
2323816
6622769
2323816
1367072
1183117
1244246
1267569
5068
1248913
421657
429558
423238
2359782
6964998
731562
745273
3658
734306
4094765
400720
2234011
1486003
487114
164606
167687
6761502
6904237
23669
6790062
40911741
6755386
7411
20748
135702616
20748
20748
4636
17650
399029
76307222
7411
17155918
4636
7431
3997
4648
16930940
72516
7411
4648
76307222
33266
56816959
7625
7625
7625
7625
30565352
7725
7725
7725
30996891
7645
34231
34231
34231
494691
34231
429615
34231
4661
4661
70460
4721
4721
17297812
4673
53760
4673
4673
4673
17116305
20859
388722
20859
1029978
20859
76948964
5891
5891
5891
5891
23225278
22979178
26044
26044
346212
26044
103577947
4586
16620816
20468
20468
74704840
18052
14351
448202
32978
32978
32978
32978
32978
32978
33410
33410
33410
33410
33410
3201512
33064
33064
33064
33064
33064
33064
33064
132856452
148103
2827292
148103
148103
148103
148103
148103
148103
148103
148103
607273961
29039
2465
6887
45131589
2496
6900
485
5207
78571
22120599
1459
2618708
959
2471
899
1096
5630843
24117
596
1545
17168596
11063
8136389
2536
2761
1501
1385
10165337
1030
2569
7725
10308857
10308857
6103509
3029259
2542
6740
11384
11369
66950
2756
84594
6740
1550
917
18178
1570
1570
5752857
5060374
1554
17879
1554
1554
1554
5692492
5692492
2395
129280
7096
202810
6937
25591467
17312984
5891
1959
1160
605
7724196
4573223
4524764
8661
8661
115142
8661
19224304
1525
5527703
1688
6807
13197224
1523
1893
59768
10967
2652
6493
3452
6493
2667
6578
11111
11111
11111
11111
630400
10996
10996
10996
7439
10996
7439
2673
44185020
44185020
44185020
44185020
43839263
49255
746309
23390
11797
49255
29162
49255
49255
24827
33322
80998874
33376366
150
393477
771396
2202581
169820
772848
19587
403302
456
673647
228724
57924
85922
140708
394953
56004
14179
98322
138121
140708
261953
316
394953
138639
521721
2202581
1403
156703
266193
413808
413808
413808
240421
450560
217558
421564
421564
421564
421564
421564
244907
70116
330
137544
1267569
1685
415360
415360
415360
415360
280028
776786
2316399
2316399
1334474
702605
3136
2313245
1563682
140233
83027
44991
200
142861
142861
142861
142861
84583
110823
125664
140759
140759
140759
140759
140759
140759
140759
140759
140759
784809
784809
784809
784809
452149
802839
146287
529795
243300
247861
247861
145389
19304
745273
1216
143254
734306
1361825
1361825
1361825
1361825
501585
724291
1223182
585418
133270
133270
78904
742981
742981
1541
368690
2038
1491
46483
54744
7902
667117
2248721
1296802
689469
162410
1418
3105
2296191
2296191
2296191
2296191
2296191
2296191
2296191
2296191
1323825
4660
57028
1122659
2258219
2258219
2258219
2258219
2258219
2258219
2258219
2258219
2258219
2258219
2240548
3042
1524503
1524503
1805617
536
13606310
13606310
13606310
13606310
13606310
13606310
13606310
13606310
7774023
3448045
3709578
4336784
406883
10799321
6260
6260
6027126
5401491
9178747
10021391
47490209
9791
5098
6043
6043
6043
5098
47490209
26003487
6043
6043
26003487
6043
197770
6043
5098
18997453
26003487
9791
26003487
5098
9791
26003487
6043
9791
6043
9791
5098
47490209
6043
47490209
9791
26003487
26003487
18997453
108007
5098
9791
9791
47490209
26003487
9791
47490209
26003487
6043
9791
9791
26003487
78782
9791
5098
47490209
18997453
18997453
26003487
10080
10080
10080
389425
10080
10080
10080
10080
10080
155810
10080
10080
10080
10080
10080
10080
10080
10080
10080
10080
10080
10080
10080
10080
10080
10080
164788
134856
10080
6076
6076
6076
6076
6076
6076
74113
6076
96710
6076
6076
121060
173218
6076
6076
6076
6076
6076
74113
337767
6076
6076
6076
6076
6076
6076
6076
6076
6076
6076
6076
6076
6076
6076
6076
101933
6076
6076
26218256
49013657
7630
7630
7630
7630
7630
7630
7630
107983
7630
7630
7630
7630
7630
35723048
62621
252612
5780
5780
5780
5780
5780
25428378
63318
5061
5061
19996854
4096
4059
3613
15029556
4206
42510
42510
42510
42510
42510
557244
635639
42510
42510
42510
42510
42510
42510
42510
42510
42510
42510
42510
42510
42510
896900
42510
42510
42510
42510
42510
42510
42510
42510
42510
42510
42510
42510
42510
42510
42510
42510
42510
42510
831585
42510
42510
42510
42510
42510
42510
42510
42510
42510
42510
42510
42510
42510
42510
42510
42510
42510
42510
42510
42510
42510
42510
215765477
38271
8358558
3256
689
1189
2006
2009
554
15794158
5117702
929
727
8648165
2009
197770
632
1504
3739494
7538116
1927
3941176
1189
2202
7726420
1250
1801
2009
3256
1147
47490209
1425
15794158
3256
2930706
8648165
6318118
35920
1003
2202
746
15794158
5850604
3256
15794158
3463417
2009
3256
746
5850604
26201
3256
420
9083941
6318118
2701197
2833989
1984
3352
3352
129513
3650
2494
3352
10080
3347
21087
3352
3352
1344
1684
1180
3352
773
3352
10080
3352
3352
10080
1984
1831
3352
768
54804
26554
1984
4882356
16300822
16300822
16300822
16300822
16300822
16300822
16300822
16300822
16300822
16300822
16300822
9641615
4480828
8002664
81193
16404826
6885576
11027733
2020
2020
871
697
2020
2020
24648
2020
24950
2020
6076
40261
57608
2020
2067
2020
2020
2020
6810
66508
884
2020
1196
1196
2020
2020
6076
483
1196
2020
2020
822
1196
868
2020
33900
1367
2020
8719593
8719593
8719593
8719593
8719593
8719593
8719593
8719593
8719593
8719593
8719593
5159987
50666
7669998
4365597
5898926
49013657
7630
2537
2537
2537
7630
2537
1502
35912
1700
872
2537
2537
784
11880669
11880669
7027293
6617244
12731618
6038391
7965973
11140
34188
1922
455
1922
1922
762
8456897
8456897
8456897
5004636
4482359
49831
7611
1138
411
3252781
540
1350
1201
4998487
491
8370
14138
9301
3216
14138
185326
84763
14138
14138
14138
8370
3195
14138
14138
42510
14138
8370
9564
6022
4511
236751
6713
8370
14138
14138
14138
3179
14138
42510
8370
14138
14138
14138
14138
13467
14138
14138
8370
4450
276566
3216
8370
14138
14138
14138
14138
9564
7126
3217
14138
6713
3216
9564
14138
14138
5163
5609
14138
14138
4450
8370
3195
71758667
71758667
71758667
71758667
71758667
71758667
71758667
71758667
71758667
71758667
42397296
27896248
27896248
34797837
71197140
10911843
22179245
750157
215765477
214871
537808
222
612889
50815
1548732
68768
260045
56804
741752
541709
542941
55662
27469
1548732
169221
260045
162553
542941
79625
542941
5030437
35162
281459
152826
457188
741752
159673
200684
920487
472186
282315
1548732
659406
542941
542941
1548732
189652
26714
5030437
345300
1548732
671
1548732
72122
118759
542941
330713
542941
22163
117025
152826
920487
152826
1548732
1548732
488
322704
1548732
126276
1548732
214871
533
117025
1548732
542941
215
1548732
488
322704
330713
542941
1548732
533
707778
330713
458
80545
64114
920487
278673
397803
278673
175686
182220
644576
1628802
351026
1628802
1628802
1628802
1628802
1628802
1628802
1628802
1628802
1628802
1628802
1628802
1628802
1628802
1628802
1628802
1628802
1628802
1628802
1628802
1628802
1628802
1628802
1628802
1628802
1628802
1628802
1628802
1628802
1628802
1628802
1628802
1628802
1628802
1628802
1628802
1628802
1628802
1628802
1628802
1628802
1628802
1628802
1628802
780100
351026
351026
411137
367105
770
644576
142750
210303
562493
1107824
1554471
1803606
503
503
503
1054
503
503
678407
1641359
1626122
619138
408489
962888
580721
336815
968077
397803
968077
551349
551349
551349
551349
551349
551349
551349
551349
551349
551349
551349
551349
551349
551349
551349
551349
551349
551349
551349
551349
551349
551349
551349
551349
551349
551349
551349
551349
551349
551349
551349
551349
551349
551349
551349
551349
551349
551349
551349
551349
551349
551349
551349
551349
551349
551349
551349
551349
551349
551349
264064
110338
118823
118823
118823
139170
94331
28603
110702
339175
161531
397185
518107
543276
303
139
625
625
303
566655
195627
469850
166571
144576
137939
196574
65085
327694
327694
327694
1790835
38813
5290510
31535
957272
957272
957272
957272
957272
957272
957272
957272
957272
957272
957272
957272
957272
957272
458477
191572
206303
948220
34090
110442
106010
262079
560362
884000
362056
414009
1040121
351789
838316
318823
561084
3109313
206553
133
89310
39926
133
521928
521928
521928
521928
521928
521928
521928
521928
521928
521928
249980
104462
112494
54900
442
89310
206553
516993
287
652
93353
209220
310214
127483
81
483
348611
348611
348611
348611
348611
50677
118238
206188
23444
115270
28485
21537
39482
39482
39482
26710
74
27440
231878
231878
231878
13890
86525
142421
17035
374
114773
2023129
1321261
2457556
304173
1520
945107
1615618
384804
4195074
11059118
11059118
187
11059118
11059118
11059118
11059118
11059118
11059118
11059118
11059118
11059118
11059118
11059118
11059118
11059118
11059118
11059118
11059118
11059118
11059118
11059118
11059118
11059118
11059118
11059118
11059118
11059118
11059118
11059118
11059118
11059118
11059118
11059118
11059118
11059118
11059118
11059118
11059118
11059118
11059118
11059118
11059118
11059118
11059118
11059118
11059118
11059118
11059118
11059118
11059118
11059118
11059118
11059118
11059118
11059118
11059118
11059118
11059118
11059118
11059118
11059118
5145142
1949819
1949819
2126964
2126964
2126964
2126964
2551793
380650
380650
475614
937754
3433
1520
7925383
3571276
4195074
4195074
4195074
4195074
4195074
10952364
184478
998260
1136839
1272344
1402366
6172289
3121642
8151128
10411774
4784
4784
2196
2196
4784
2196
2196
4784
9991
2196
4784
3771665
3307847
3307847
3074245
6635093
938850
6462918
6462918
6462918
2457556
6462918
4897
36244344
278421
331025
57482
83784
434006
624525
2393129
386922
650344
806557
1379759
29972
25272
1168325
19009
19009
505069
20573
22141
12742
488002
15877
1300471
15877
20573
174526
364695
17377401
200226
356692
288945
343541
86939
450485
648344
2486290
837389
1258654
1432856
26218
24592
524286
13218
1350459
181117
18105387
437336
1021818
1215034
1596565
2302763
8919460
1422041
2398465
2977500
5111406
109423
92262
4320308
1859977
35069
46505
57953
4814745
1340946
1339653
67371414
195381
224899
1002222
41605
60671
298287
295262
422520
428369
423691
1902226
1530501
1551067
1534616
6969785
262066
265432
31941
262740
340923
341865
65400
1534526
335967
16060
9882
842459
246753
10332657
10477236
10361586
47886432
240883
1039315
930043
353300
10113
571635
10738858
10893151
10769731
49815842
1360483
699488
3605757
1052860
1041652
4738536
1501570
1521879
6857133
5495271
5570829
25274009
7144238
8881346
312414
5528772
26555
3018341
3026565
37591816
38139666
37701436
177388547
51697
32318280
9133827
47611021
47127778
62637969
58443
63443100
62799105
257803
92582
91642
408393
408393
730239908
42199955
42742315
23335
589780
55780
55780
55780
212280
53079
6210535
525792
525792
520457
956513702
2319364
4263325361
987427302
185317
115486655
811059
811059
168156491
741758349
204228
578647930
1445543
65393476
381429721
1821573
1821573
39796867
1803087
8035737
8035737
8035737
15099690486
17193
10748321
1798515
9374950
15673622
6516007
12550
10428989
20885547
32333
11372
30478
135822
408393
730239908
14034740
11874361
7760
132696
20016
55780
10983
70599
7183
2058312
174866
174866
189581
318114601
318114601
318114601
318114601
771367
1417884599
668653956
222164308
185317
22740147
182482
269739
55925006
246691878
19566
130191779
480754
21748376
75106237
518439
409841
7282620
188588
1139639
2672502
2672502
5021812032
64979
64979
74796
44284
333316
8192
11061
99203
58735
98197
40306
70416
91986
140910
140910
140910
632636
233283
509009
509009
4254
515849
186919
510378
2317991
6969785
87157
87157
73740
10623
87381
76705
340923
67315
122676
341865
227090
21750
47488
95623
5341
1303
262729
33395
3436405
3436405
3436405
2034574
3484489
3484489
3484489
3472394
3446027
3446027
3446027
3446027
3774309
15925933
15925933
15925933
7399216
23959
345652
309311
117499
3363
112559
3571498
1381360
2416168
3622813
2423114
168921
2953732
452465
137734
699488
1199192
811270
350157
10938
1575928
22938
2349
2262680
1236398
1096936
937625
8405558
2376010
2376010
103901
1459409
8831
594333
595952
12502179
4774619
6740898
4279963
12684381
6962373
10854957
8581160
3032908
58995377
58995377
58995377
24083182
56853
44472227
57759
57759
11544412
59954
59954
64372072
63895
63895
63895
63895
63895
63895
63895
63895
63895
63895
63895
63895
87428267
102460
102460
102460
102460
102460
102460
102460
233513815
58939
58939
57859749
64409
64409
90141949
106560915
79355
6059151
53195
139952514
61485
735452
61485
61485
61485
53078
77623
152688420
58460
58460
582556
582556
582556
582556
582556
582556
582556
582556
582556
7162702
582556
582556
582556
582556
582556
582556
582556
582556
1367748861
69895
57222
55055
62065
90513391
106070
5420759
158079761
603092
23842663
21231480
603092
1416305851
201236
157450748
204441
204441
178023616
227913496
226164
226164
362685
362685
362685
362685
362685
362685
362685
827029436
204854211
227983
3108632
18536624
217632
10145078
280687
12627513
540680274
194139480
2062292
2062292
2062292
2062292
2062292
2062292
2062292
2062292
2062292
2062292
2062292
2062292
2062292
49733699
4847757474
35439725
18908
14790446
11373
19209
2273177
19939
19939
21408680
12675321
1641872
21250
5994
21250
7131
21250
13720
21250
21250
8013
21250
63895
7461
29076643
29076643
9075640
14371751
34076
102460
102460
12585
34076
34076
34076
77661359
45980538
84784388
233513815
19601
19601
19242830
19242830
19242830
19242830
16074178
12902292
57859749
21421
9208
90141949
10470
46545008
867122
17691
20448
165471
22063
61485
12106
17652
10701
50780679
7911
19442
193744
52205
193744
193744
131071
131071
193744
193744
193744
2373882
52205
193744
131071
76867
193744
212201
193744
193744
454882018
454882018
454882018
454882018
454882018
454882018
454882018
454882018
454882018
454882018
269319524
214515808
307734026
1367748861
69895
19030
18310
12221
20364886
35276
634566
52573716
18140582
200574
4694790
7061105
200574
471030963
318659013
201236
31003177
45997
67992
59206586
75798821
75798821
21390
21223
71415
362685
81601
42459
120621
32625
120621
4287578
186075898
68129829
68129829
62049983
75822
320551
6164857
42853
3374021
52365
106463809
4199622
38227451
685871
586950
215244
292477
685871
2062292
685871
464001
406080
685871
685871
685871
224101
9101009
1612253365
1612253365
1612253365
1612253365
1612253365
1612253365
1440414859
52176814
268242
92596
92596
54823
110091
110091
110091
110091
65181
11318
15275
144340
144340
144340
144340
144340
144340
144340
85458
135197
7766
7766
207702
207702
207702
207702
207702
207702
207702
207702
207702
207702
207702
207702
207702
207702
56356
67798
102661
63323
3364
134108
75295
624525
795900
795900
795900
795900
795900
795900
795900
795900
795900
795900
795900
795900
466112
326267
868899
5143
271524
324544
538437
2393129
2142
128681
128681
128681
128681
128681
128681
128681
128681
128681
128681
76187
127122
7670
14890
107491
86280
386922
216289
92983
146322
650344
173460
388558
4289
8405
167974
167974
167974
167974
167974
99451
74743
7910
181257
181241
84194
113637
113637
6322
6322
505069
68978
138896
6842
7363
1681
432507
432507
432507
405565
297713
172588
2436
5280
2714
121289
49357
26783
1249456
5762111
5762111
5762111
5762111
5762111
5762111
5762111
5762111
5762111
5762111
5762111
5762111
5762111
5762111
5762111
5762111
5762111
5762111
5762111
5762111
5762111
5762111
5762111
5762111
5762111
5762111
5762111
5762111
5762111
5762111
5762111
5762111
5762111
5762111
5762111
5762111
5762111
5762111
5762111
5762111
3293243
2036300
2036300
2531600
5741636
70697
29157
70697
6322753
2484765
3817307
3817307
3817307
3817307
17377401
66590
33829
45084
114253
114253
37705
28914
28914
88703
62659
215624
145873
826883
826883
826883
826883
837389
418599
476535
476535
3069
174365
8178
4396
449131
449131
141316
35663
6003340
6003340
6003340
6003340
6003340
6003340
6003340
6003340
3429786
2118827
48462
5955236
2546062
73189
3976259
3976259
990248
990248
145448
201203
26456
1021818
404092
404092
404092
273374
530981
530981
11346
759853
2172
530581
28857
11909
294718
1001964
2960524
2960524
2960524
1702408
1103657
1510583
907801
44140
44140
18207
1968021
1968021
8919460
472938
472938
280010
430733
412345
797674
797674
797674
199666
620009
1436835
542057
36391
30684
618585
618585
618585
361734
274225
490971
27999
11663
15466
1601274
923185
585085
870743
19274
445537
264041
22311872
22311872
22311872
22311872
22311872
22311872
22311872
22311872
22311872
22311872
22311872
22311872
22311872
22311872
22311872
22311872
22311872
12561949
7483611
4455992
8306875
19831689
250359
11526948
18949551
11297931
6526277
5113554
14651388
67371414
165862
168860
665
166461
903025
174390
177551
175023
952205
710398
724311
713182
4073078
767
12758
767
6268510
777
12927
777
777
777
6354667
210
769
769
769
769
769
6285749
3442
3442
3442
3442
3442
28324546
6495611
2719
22286028
2755
2755
2755
92539
22593271
2727
22347504
12225
12225
12225
12225
12225
12225
101051093
103
2870
255
2084763
2084763
528801
95
4284
166
258
258
1251279
1044601
1765407
70
255
275
769
151
280
2090496
2090496
2090496
2090496
2090496
2090496
1237709
1145
1145
1145
3442
431
9420096
4442381
28324546
1461467
167
5014202
784
2755
620
16934
7514005
4448776
285
4400383
2750
1733
4066
4066
4066
4066
33607284
33607284
33607284
55161
55161
55161
55161
55161
55161
55161
55161
55161
55161
55161
55161
55161
55161
55161
55161
32659
20526
22022
6501
51725
37
37317
4760
165862
23867
11605
56159
56159
56159
56159
56159
56159
56159
56159
56159
56159
33249
20818
22336
27757
55964
30786
48061
46911
40864
36260
16737
221
55361
55361
55361
55361
55361
55361
55361
55361
55361
55361
55361
55361
55361
55361
32777
23881
21895
60635
59733
37452
166461
300325
300325
300325
300325
300325
300325
300325
300325
300325
107568
107568
36159
128348
149668
113734
125673
79628
903025
57998
57998
57998
57998
57998
57998
20211
8272
39236
59049
59049
59049
28657
58208
58208
20269
21520
21520
39378
316681
316681
316681
183208
95830
282
47722
16852
236262
137551
74846
320
133
121934
60857
85353
159834
240889
240889
240889
140103
20
127055
206146
162965
724311
60208
137957
78978
23914
134
220114
17764
1354612
1354612
1354612
1354612
1354612
1354612
1354612
1354612
1354612
1354612
1354612
1354612
382549
410228
1344012
453027
1075155
916414
1111
1111
1111
1111
1111
1111
1111
1111
1111
1111
1111
67560
1111
1111
1111
1111
1111
1111
1111
1111
1111
1111
1111
1111
1111
1111
1111
1111
1111
1111
1111
1111
1111
1111
1111
1111
1111
1111
1111
1111
17786
1111
1111
1111
1111
17786
1111
1111
1111
1111
1111
1111
1111
1111
1111
1111
1111
1111
1111
1111
17786
1111
1111
1111
1111
1111
1111
1111
1111
1111
1111
1111
1111
1111
1111
1111
1111
1111
1111
1111
1111
1111
1111
1111
1111
1111
1111
1111
1111
1111
1111
1111
1111
1111
1111
1111
1111
1111
1111
1111
1111
29172
1111
1111
1111
1111
1111
9677943
1152
1152
70035
60640
1152
1152
1152
1152
1152
1152
1152
1152
1152
1152
1152
1152
1152
1152
1152
1152
28578
1152
10045024
3966
3966
3966
3966
3966
3966
3966
3966
3966
3966
3966
3966
3966
3966
3966
3966
3966
3966
3966
3966
3966
3966
3966
3966
3966
3966
3966
73678
3966
3966
3966
3966
3966
3966
3966
3966
3966
3966
3966
3966
3966
3966
3966
123223
3966
3966
3966
130843
3966
34863638
369
369
218
369
243
64
369
369
369
369
369
22468
150
369
369
147
250
63
369
369
1111
369
369
153
369
369
369
1111
64
369
250
1111
369
369
243
124
250
369
1111
4001
369
369
369
218
369
4001
218
352
136
369
369
369
369
369
161
369
369
369
369
369
5894
369
218
369
1111
64
129
64
369
238
369
369
177
139
212
369
369
369
369
369
369
369
175
369
369
369
369
369
158
1111
369
399
250
1111
70
218
146
141
218
369
146
9702
405
250
369
369
129
3218662
3218662
3218662
3218662
3218662
3218662
3218662
3218662
3218662
3218662
3218662
3218662
3218662
3218662
3218662
3218662
3218662
3218662
3218662
3218662
3218662
3218662
3218662
3218662
3218662
3218662
3218662
3218662
3218662
3218662
1905656
1251210
776684
1584395
1508890
3513875
11722
30768
11722
3239198
2688656
1369155
2158109
2177470
9677943
383
383
13790
20167
383
285
383
1152
383
383
152
383
226
383
383
132
383
256
226
383
9504
383
220796
3340745
3340745
3340745
3340745
3340745
1977937
1336042
1102528
3580025
1672587
1065418
2260060
2260060
739
1319
892
1128
569
3966
780
780
415
3966
892
1319
523
228
562
1319
1319
3966
225
464
1319
1319
228
1319
1319
892
1319
6712
1319
403
780
1319
228
453
780
1319
1319
1319
1319
729
1319
225
1319
123223
1319
1319
430
23943
225
3568827
11594849
11594849
11594849
11594849
11594849
11594849
11594849
11594849
11594849
11594849
11594849
11594849
11594849
11594849
11594849
11594849
11594849
6860239
5695792
10359037
108919
41494
5891294
10560135
7844077
7844077
28
32447
11185
44854
20731
175981
175981
40134
175981
175981
175981
175981
175981
175981
175981
175981
175981
175981
175981
175981
175981
175981
175981
175981
175981
175981
175981
175981
175981
175981
175981
175981
175981
175981
175981
175981
175981
175981
175981
175981
175981
175981
175981
175981
175981
175981
175981
175981
175981
175981
175981
175981
175981
175981
175981
175981
175981
175981
175981
175981
175981
175981
175981
175981
175981
175981
175981
175981
175981
175981
175981
175981
175981
175981
175981
175981
175981
175981
175981
175981
175981
175981
175981
175981
175981
175981
175981
175981
175981
175981
175981
175981
175981
175981
175981
175981
175981
175981
175981
175981
175981
175981
175981
175981
175981
175981
175981
175981
175981
175981
175981
175981
175981
175981
175981
175981
175981
175981
175981
175981
175981
175981
175981
175981
175981
175981
175981
175981
175981
175981
175981
175981
175981
175981
175981
175981
175981
175981
175981
175981
175981
175981
175981
175981
175981
175981
175981
175981
175981
175981
175981
175981
175981
175981
175981
175981
175981
175981
175981
175981
175981
175981
175981
175981
175981
175981
175981
175981
175981
175981
88498
37471
37471
37471
37471
37471
37471
40134
40134
40134
46520
46520
46520
46520
46520
11104
13474
58759
33768
39796
85
445
32447
72592
72592
25261
25261
37817
50070
27513
62950
83745
20448
105693
105694
57023
59033
164834
165019
167201
167631
173849
175371
77040
192122
47
126
47
47
126
126
126
126
126
126
292
47
126
47
192746
189898
189880
177104
64769
150606
147003
57885
55119
54373
54372
123923
48216
46238
46133
113651
108988
102504
42114
32342
30313
46003
22610
110560
110560
110560
110560
110560
110560
110560
110560
7815
110560
45103
110560
529146
47562
76549
25177
34216
23873
17154
1344
185575
185575
185575
185575
185575
185575
185575
185575
185575
185575
185575
185575
185575
185575
185575
185575
185575
185575
185575
185575
185575
185575
185575
185575
185575
185575
185575
185575
185575
185575
185575
185575
185575
185575
185575
185575
185575
185575
185575
185575
185575
185575
185575
185575
185575
185575
185575
93322
39514
39514
39514
39514
42322
42322
42322
42322
42322
22113
88
88
18338
37056
184122
14216
23332
26913
114778
135184
56456
131
17
131
198866
63911
6066
68646
59464
24861
24809
116587
116587
116587
116587
557991
37
91365
19398
122239
328622
89285
141373
6049
141373
826320
826320
826320
826320
826320
826320
826320
826320
826320
826320
826320
826320
826320
826320
826320
826320
826320
826320
826320
826320
826320
826320
826320
826320
826320
826320
826320
826320
826320
826320
826320
826320
826320
826320
826320
826320
826320
826320
826320
826320
826320
826320
826320
826320
826320
826320
826320
826320
826320
826320
826320
826320
826320
826320
826320
826320
826320
826320
826320
826320
826320
826320
396561
167042
167042
167042
167042
167042
180648
180648
180648
180648
180648
213278
90808
592660
328622
818515
32126
43249
93258
29
95391
105923
286287
206670
502801
251694
609204
714366
353853
362803
464
464
464
464
172
172
464
172
464
172
172
464
172
350495
304894
732657
674667
339869
124162
65471
485621
485621
485621
206040
485621
485621
2609129
106283
104739
26216
116830
70756
46765
47366
37937
38424
169494
44861
45437
44976
200429
7200
11004
59811
60994
60048
275448
83022
84612
3020
83340
415754
368073
374629
369385
1987030
52290
53321
2816
52496
240774
86809
88473
434768
549809
160153
160723
191084
188414
1012556
153460
13164
65504
66756
65754
9873
327782
63007
64210
63247
2424
1118
3499
1491
1473
174686
177791
175307
8228
941984
8228
867868
48740
49701
23874
105311
48795
48987
3673118
3744177
28883
3687336
20885030
4782
2452533
883297
4091
3946
3452520
3996
3497489
4019
4070
4070
4121526
4029
17960
17960
17960
17960
61736
808551
4183
5369098
4194
5313760
23762192
4483
4483
7451170
4541
4541
7548567
1870
58514
4495
7470658
301673
20038
20038
33417465
7492
24475765
7589
7589
7589
234539
7511
7511
7511
7511
33505
33505
33505
33505
33505
33505
33505
109971810
4109
4768273
4162
4830481
1761
18364
4524
4582
42642591
13417590
13452781
15436311
5706
25446
68379945
1550346
49763
4306
4306
4306
4306
19196
19196
19196
15995
1193381
27363604
443249
3594
14376133
5623
14413853
15976
83538
60454456
4074
3850
4075
43200
43200
43200
43200
43200
43200
154010363
43760
43760
1298344
43760
43760
43760
536644
43760
43760
1078582
43760
156096303
5284740
43312
610465
43312
43312
43312
43312
43312
43312
43312
154427740
193413
193413
193413
193413
193413
193413
4589929
193413
193413
11946125
193413
193413
3052850
193413
193413
2911230
696176855
1590
14181951
809274
173927
4091
1312
1148229
3996
688680
730
1353
1353
1370725
1340
4040
5965
3536
5973
12156
159209
1391
1785639
1057213
1394
1767235
1046317
7902762
5346328
1491
417
745303
975
1510
1240858
622
19460
1495
2484570
37311
2513
1863
3099565
637
5506877
645
932
2523
78002
2498
2498
1690
2498
11143
11122
33505
7538
11143
2830
11143
109971810
1366
1585818
1384
1341969
585
1756
1190
1031
1924704
4474087
3039519
730
3443
9803930
515609
11196
1545
4306
848
1432
6384
4319
3780
7932398
5319
396891
147414
1301
4781173
1870
2838190
14413853
2108
20105770
22051
551
379
802
14367
3770
3575
3575
4522
8506
51220327
51220327
34651265
431799
43760
12454
14553
14553
9845
177856
7359
14553
197374
14553
51914063
51914063
51914063
16386111
45665067
1040603
4537
203026
14404
9745
14404
3612
14404
15777
14404
51359137
51359137
51359137
51359137
51359137
51359137
51359137
30407925
64324
25520
64324
64324
27430
64324
1526505
30546
65802
3973008
32422
15975
475355
64324
64324
573242
231532514
231532514
231532514
231532514
231532514
109187399
35347
34833
182854
182854
8650
23004
23532
3066
47366
12617
12617
7566
38424
56370
56370
8151
15111
15111
15111
15111
14958
14958
8856
66658
66658
66658
39466
66567
45095
1417
2006
19892
20285
20285
12010
19970
19970
11823
234
91608
61974
27611
4449
570
28140
51
13908
248
18169
1004
27717
27717
27717
27717
27717
138270
1752
137188
16122
36073
1096
2548
37233
93541
122412
122412
24361
875
376
82814
124593
124593
124593
73767
886
36397
122849
122849
122849
122849
122849
83109
28770
660840
660840
660840
660840
2691
248573
3917
659599
445338
1987030
17390
17390
17390
17733
14813
936
936
17459
80076
2396
22841
29424
19905
144594
144594
22976
53452
37625
62662
20524
106338
119625
6070
153460
4378
21785
21785
14738
65504
22201
22201
21868
21868
12947
23595
65754
109013
64542
41289
86523
95020
73748
3283
3283
14176
9076
18275
21034
12453
806
372
1267
196
489
58096
34396
54477
59129
34519
175307
179360
111307
2736
1085
288633
259248
2171
6596
16529
517
20736
9608
16292
1221595
1221595
1221595
1221595
1221595
1221595
1221595
1221595
1221595
1221595
702438
380240
380240
399508
150648
381065
2141
25462
2141
2141
625844
317959
823705
1245227
1245227
1245227
1245227
1245227
1245227
1245227
1245227
1245227
1245227
1245227
1245227
715663
152695
228558
579372
1240905
651689
1095337
1065632
839522
3744177
9605
5687
612709
1226323
1226323
1226323
1226323
1226323
1226323
1226323
1226323
1226323
1226323
1226323
1226323
1226323
1226323
1226323
1226323
1226323
704864
152440
5003
1343148
823642
826787
826787
2267998
1189889
6945883
6945883
6945883
6945883
6945883
6945883
6945883
6945883
6945883
6945883
6945883
6945883
6945883
6945883
6945883
6945883
3941252
1909494
1909494
14953
2273790
2763384
9183
9183
7105456
3098025
2904889
2797392
2728361
6291
6291
5122
5403
253853
3483633
5701
5570
5570
5570
5570
4875359
5673
5673
5673
5673
5673
5673
5673
5673
102599
5673
5673
5673
5731799
77823
1119452
5114
5189
5189
5919
5919
5919
5919
5919
5919
7758556
6342
6342
6342
164076
6342
6342
6342
86856
6342
6342
6342
74767
117092
6342
6342
6342
6342
6342
6342
6342
6342
6342
6342
6342
6342
6342
10774376
10663
10663
303331
10663
10663
10663
10663
10663
10663
10663
10663
10663
10663
10663
10663
10663
10663
10663
10663
10663
10663
10663
10663
10663
10663
10663
10663
10663
36292878
5807
5807
5807
81517
5807
5807
5807
5807
5807
6848746
6399
6399
6399
77619
6399
6399
6399
106522
11183069
13655840
894972
7152
19657918
7549
7549
7549
7549
22246044
7049
7049
549089
5064
463515
18981557
6077
6077
6077
6077
63380
6077
6077
6077
6077
6077
6077
6077
5052
349454
8883455
595751
5073
235335
7362
7362
7362
7362
7362
292423
5046
21021865
149444
377940
23024
377940
19736201
5753
5753
5367
805755
5753
6402696
58118
58118
58118
58118
58118
813105
58118
58118
58118
58118
58118
2345513
2057342
58118
58118
791401
58118
58118
58118
58118
58118
1260403
58118
58118
1667305
58118
58118
58118
58118
1311336
58118
58118
58118
58118
58118
58118
58118
58118
58118
58118
58118
58118
3617153
58118
58118
58118
683025
58118
58118
58118
58118
58118
58118
58118
58118
58118
58118
899777
58118
58118
58118
58118
58118
856513
58118
58118
58118
58118
58118
1362156
58118
58118
58118
58118
58118
58118
235420417
6291
2092
4541620
4541620
1703
1797
49985
1149510
5701
1852
5570
1253
1852
407568
1621433
959993
1117
1276
1886
1884
1886
1886
1117
34122
1117
1030
1886
1886
1906265
1906265
1128632
1883291
15323
220428
1700
1726
1726
1968
1968
1165
1968
1968
1968
2580318
2580318
2580318
1527715
136666
1745621
2109
2109
32307
2109
583
2109
587
10742
583
2109
707
24865
23056
2109
2109
1361
2109
2109
795
587
2109
909
6342
2109
2109
740
3583311
3583311
1057459
981678
1767700
2424160
896
3546
100881
2099
3546
3539
10663
2399
10663
10663
2099
1248
2399
3546
1309
3546
3546
893
896
3546
3546
2399
3546
896
3546
3546
3546
3546
12070182
7141490
13177248
89178
8165646
36292878
1931
1143
1931
27110
1931
554
1931
1931
1931
2277736
2277736
2277736
2277736
2277736
2277736
2277736
2074473
1902669
1527219
6848746
2208
1439
2128
8011
1683
2128
915
30486
11183069
128399
2378
6537774
2802362
2510
1021
965
996
7398526
4379560
3170498
1388
613
6312832
2545563
78580
1684
154154
54260
2021
1196
2021
2021
14260
1367
1196
570
2180
6077
1196
2021
2954434
139197
2575213
1680
116220
198133
1837
78267
1373
2448
1014
2448
641
6991392
6991392
6991392
4138589
2345921
97253
665
21021865
29426
6563809
43003
6077
125694
778
1913
527
267975
158659
1132
1260736
554507
19328
19328
58118
19328
4703
107287
16541
19328
7668
19328
19328
461848
684225
19328
6088
263202
19328
19328
4940
19328
8242
180827
13076
19328
13076
19328
58118
4666
436120
9178
19328
4666
13076
19328
8583
19772
19328
19328
13076
19328
19328
1202982
19328
6083
7296
226370
4703
11443
9742
19328
19328
9773
19328
19328
4666
4703
140103
19328
19328
11443
19328
6506
168653
13076
7668
19328
19328
6315
249267
21170
19328
19328
19328
19328
19328
78295451
78295451
78295451
78295451
78295451
78295451
78295451
78295451
78295451
78295451
78295451
78295451
78295451
78295451
78295451
78295451
78295451
78295451
78295451
78295451
78295451
78295451
78295451
78295451
78295451
78295451
78295451
78295451
78295451
78295451
46292786
23636706
36569253
69950501
1242570
68870876
52967964
52967964
235420417
114696
114696
114696
114696
114696
114696
5909
23308
13800
23126
14116
4414
127338
1493
33978
33978
33978
33978
33978
20117
657
15941
22986
102166
40543
40543
40543
40543
40543
40543
40543
40543
40543
40543
40543
40543
40543
40543
40543
24004
40055
22152
40488
7487
27428
3790
5416
9684
9684
9684
5309
56465
56465
56465
56465
56465
56465
56465
56465
56465
56465
56465
56465
33431
52889
684
684
303
38199
8848
86244
86244
86244
86244
86244
86244
86244
86244
86244
86244
86244
86244
86244
86244
86244
86244
86244
86244
86244
86244
86244
86244
51062
26715
6886
510
85569
5220
13066
72
37408
16600
10427
59750
720
318
318
720
318
318
55686
17488
58345
58345
259322
9322
74146
392204
392204
392204
392204
392204
392204
392204
392204
392204
392204
392204
392204
392204
392204
392204
392204
392204
392204
392204
392204
392204
392204
392204
392204
392204
392204
392204
392204
188881
90496
103729
790
157753
41589
111387
58879
437918
1117
1117
1117
492
492
1117
1117
391267
69256
102657
230972
230972
230972
230972
230972
1262065
214
49106
49106
49106
49106
49106
49106
49106
49106
49106
49106
49106
49106
49106
49106
49106
49106
49106
49106
49106
29074
48511
675
675
1338
44724
41020
32925
147655
45727
90280
90280
90280
90280
90280
6356
71424
77691
93687
27702
61075
61075
271456
344872
181243
181243
181243
45941
45941
212910
212910
212910
212910
102748
43444
43444
46539
53961
39771
8865
172968
172968
83470
37807
37807
341
3118
1342
2626
2626
924
520085
67573
67573
67573
67573
67573
67573
67573
67573
67573
67573
67573
67573
67573
67573
67573
67573
67573
40007
22743
25301
53632
697
697
697
697
72916
72910
30239
58899
45714
45714
45714
2462
1969
1969
1969
203181
19291
64905
38428
55546
43909
2133
2298
984
3395
520
1313
1313
197932
197932
197932
197932
197932
197932
197932
197932
197932
95519
40388
50165
185602
86738
924
122695
45405
25848
1641
757
1641
651
595147
182201
87934
163652
730
1641
1302
2133
846
45632
45632
45632
14082
12439
642
9695
4596
2721
45687
27049
1082803
506336
761314
266426
1769082
4527273
4527273
4527273
4527273
4527273
4527273
4527273
4527273
4527273
4527273
4527273
4527273
4527273
4527273
4527273
4527273
4527273
4527273
4527273
4527273
4527273
4527273
4527273
4527273
4527273
4527273
4527273
4527273
4527273
4527273
4527273
4527273
4527273
4527273
4527273
4527273
4527273
4527273
4527273
4527273
4527273
4527273
4527273
4527273
4527273
4527273
4527273
4527273
4527273
4527273
4527273
4527273
4527273
4527273
4527273
4527273
4527273
4527273
4527273
4527273
4527273
4527273
4527273
4527273
4527273
4527273
4527273
4527273
4527273
4527273
4527273
4527273
4527273
4527273
4527273
4527273
4527273
4527273
4527273
4527273
4527273
4527273
4527273
4527273
4527273
4527273
4527273
4527273
4527273
4527273
4527273
4527273
4527273
4527273
4527273
4527273
4527273
4527273
4527273
4527273
4527273
4527273
4527273
4527273
4527273
4527273
4527273
2142273
892255
892255
892255
892255
892255
892255
892255
958736
1118169
264658
264658
4411
4483546
267360
432265
1602598
895104
1085882
1200936
1293373
1380391
3931686
4507877
2674
6354
6354
2674
2674
2674
36183
6354
2674
2674
6354
6354
5059611
1892882
4655650
1592106
3854632
3714437
1469916
1401907
1358234
1332864
2631840
1832980
667583
459971
376271
2645738
2645738
2645738
2645738
2645738
2645738
2645738
2645738
14835720
130
130
3223
130
130
130
130
130
130
130
130
130
130
130
130
130
130
130
130
130
130
2279
130
37888
130
130
130
130
130
130
130
130
130
2170194
132
132
132
132
132
132
132
132
132
132
3751
6545
132
132
132
132
132
132
132
132
132
132
132
132
132
132
132
6545
132
132
2953
2314
132
132
132
132
132
132
132
132
3911
132
5108
132
132
132
2205010
10
10
10
14050
130
130
130
130
7017
130
130
130
130
2680
130
130
130
2601
130
38005
130
130
130
130
130
130
130
130
130
130
130
130
130
130
130
130
130
130
130
130
130
130
3705
130
130
130
130
130
130
2177160
618
618
618
618
618
618
13057
618
618
618
618
618
618
618
618
618
618
618
16414
618
14548
618
618
22757
618
618
618
82818
14922
618
618
618
618
618
618
618
73492
618
618
618
618
618
618
618
618
618
618
618
618
618
618
618
618
618
618
618
14548
618
618
618
13804
618
618
618
618
618
618
618
618
618
10424626
13
25
429
43
43
43
43
2
17
47
3
2
43
25
26
43
2
18
2
25
43
512
43
12600
13
43
25
25
34
2
2
23
25
721756
721756
721756
721756
721756
721756
721756
721756
275245
305791
116385
284118
158
383382
526486
794
488278
488278
2176
885
2
132
29
44
16
37
132
44
44
44
967
17
17
26
26
44
44
29
44
44
29
16
44
44
44
14
1078
23
132
664
767
44
44
28
22
44
44
44
2
1300
44
934
44
13
44
389533
733336
733336
733336
733336
733336
733336
733336
434182
182535
361785
645063
612580
333387
3
3
3
2766
43
43
43
43
2333
43
43
43
13
891
43
43
29
865
43
12639
43
15
43
43
43
43
43
16
43
29
43
43
43
43
30
43
43
17
43
43
2
43
729
46
130
25
43
47
43
724073
724073
724073
724073
724073
724073
724073
724073
724073
724073
724073
724073
724073
724073
724073
428698
276113
718407
405479
2177160
81
121
205
205
139
205
211
205
205
81
71
205
205
205
205
205
83
205
2221
87
1799
205
618
7568
6007
139
97
10
27543
4962
10
205
205
210
205
77
89
24441
14471
139
10
121
205
10
205
205
67
121
69
205
77
10
103
182
81
205
10
2265
14
205
205
139
205
2718
83
88
205
10
81
74
10
205
121
1427227
3466992
3466992
3466992
3466992
3466992
3466992
3466992
3466992
3466992
3466992
1335318
1450586
1841595
320592
1616792
1934834
3021980
2345468
2345468
10424626
14720
63146
63146
63146
63146
63146
63146
63146
63146
63146
63146
63146
63146
63146
63146
63146
63146
63146
63146
63146
63146
63146
63146
63146
63146
63146
63146
63146
63146
63146
63146
63146
63146
63146
63146
63146
63146
63146
63146
63146
63146
63146
37386
14101
14101
14101
14101
15597
15597
19185
19185
2065
2065
2065
15556
0
33542
2872
3624
14165
39282
46062
49958
59212
68754
3
9
9
3
93
3
3
3
3
3
34501
34160
9385
42719
18389
42719
42719
1281
42719
9
189870
34320
18565
5328
64612
64612
64612
64612
64612
64612
64612
64612
64612
64612
64612
64612
64612
64612
64612
64612
64612
64612
64612
64612
64612
64612
64612
64612
64612
64612
64612
64612
64612
64612
64612
64612
64612
64612
64612
64612
64612
64612
64612
64612
64612
64612
64612
64612
64612
64612
64612
38254
14345
14345
15867
15867
2101
11473
3774
1259
0
4876
28909
30609
50122
29110
64388
35420
9
3
9
35551
35143
56834
55295
55293
27570
53972
23637
47016
41718
10253
15004
43711
43711
43711
194278
91
91
91
91
91
54
490
9206
33697
63439
63439
63439
63439
63439
63439
63439
63439
63439
63439
63439
63439
63439
63439
63439
63439
63439
63439
63439
63439
63439
63439
63439
63439
63439
63439
63439
63439
63439
63439
63439
63439
63439
63439
63439
63439
63439
63439
63439
63439
63439
63439
63439
63439
63439
63439
63439
63439
63439
63439
63439
63439
63439
63439
63439
63439
63439
63439
63439
63439
63439
63439
63439
63439
37560
14150
14150
15651
15651
15651
15651
19252
15461
62943
2111
9812
44991
9
3
69483
68450
42769
35526
12368
42917
42917
42917
42917
190752
92637
30896
100009
20236
92637
30896
45
886
458968
0
458968
458968
458968
458968
458968
458968
458968
458968
458968
458968
458968
458968
458968
458968
458968
458968
458968
458968
458968
458968
458968
458968
458968
458968
458968
458968
458968
458968
458968
458968
458968
458968
458968
458968
458968
458968
458968
458968
458968
458968
458968
458968
458968
458968
458968
458968
458968
458968
458968
458968
458968
458968
458968
458968
458968
458968
215431
71040
71040
71040
71040
71040
71040
71040
78575
78575
78575
78575
78575
96646
96646
96646
96646
96646
14184
131280
10
32
32
32
10
20759
56825
170422
170422
455376
4411
26083
106691
107104
52664
92986
364282
364282
126367
190303
17
17
17
17
387
53
53
53
469512
458343
458105
150363
412241
407127
400056
136514
128805
123855
4229
56526
32960
45180
277861
277861
277861
277861
277861
277861
277861
1380035
4112
1673
32
83
26
46
83
83
49
83
49
2
83
250
83
56
83
54
83
83
2
56
83
83
83
49
83
83
83
1755
696
634
57
31
83
824
71
35
83
83
83
83
83
83
83
4463
2642
83
83
49
32
83
28
83
83
83
83
83
83
250
83
49
83
2
49
83
6118
3622
5266
33
90
83
83
83
26
83
33
82
83
56
1705
2
83
83
83
1828
83
83
4
61
250
83
250
83
83
56
83
250
83
33
83
34
83
83
83
83
83
897
32
2
83
35
83
83
83
83
83
1254
33
49
250
51
56
32
83
83
727
83
35
2
83
83
56
33
56
83
41
32
250
250
2
86
83
49
2056
2356
49
26
2
29
3059
2428
56
39
49
83
4563
83
83
83
35
2
11133
2006
83
54
83
2
2
27
83
83
83
83
56
56
83
250
983
49
83
49
83
83
83
56
83
49
36
83
1654
83
83
1692
83
83
983
56
83
2
49
85
83
83
83
83
83
83
79
56
30
83
83
31
250
83
83
83
36
83
24173
24173
10427
83
83
83
83
83
30
83
27
83
2038
83
473
2
28
9879
5849
45
56
83
49
751
36
2
83
83
49
83
15
2612
83
83
83
83
26
55
2808
83
49
83
49
49
83
83
31
83
83
2
83
83
250
83
2
1255
49
1449
83
83
28
83
83
49
1662
31
83
83
83
250
83
83
83
56
49
2
29
27
83
2
65
2
83
83
53
83
83
2908
49
27
83
39
31
49
2
83
2
41
47
73
83
83
2
32
83
83
83
83
42
83
83
83
83
58
83
83
33
83
83
83
83
83
45
39
83
83
2
2
2
915
3
45
83
83
83
83
83
35
83
56
83
2
83
33
83
49
35
83
83
2356
1395
250
83
83
89
27
1098
33
83
56
35
250
2
30
9048
2457
2114
83
3
49
2
32
31
49
83
83
83
83
32
32
27
2507
83
1766
30
91
2
56
26
38
83
2
83
83
83
83
24
49
2
83
49
58
83
83
29
557236
322216
762612
334399
1504555
27297
1504555
1504555
45205
1504555
1504555
1504555
1504555
1504555
1504555
1504555
1504555
1504555
1504555
1504555
1504555
1504555
1504555
1504555
1504555
1504555
1504555
1504555
1504555
1504555
1504555
1504555
1504555
1504555
1504555
1504555
1504555
1504555
1504555
1504555
1504555
1504555
1504555
1504555
1504555
1504555
1504555
1504555
1504555
1504555
1504555
1504555
1504555
1504555
1504555
1504555
1504555
1504555
1504555
1504555
1504555
1504555
1504555
1504555
1504555
1504555
1504555
1504555
1504555
1504555
1504555
1504555
1504555
1504555
1504555
1504555
1504555
1504555
1504555
1504555
1504555
1504555
1504555
1504555
1504555
1504555
1504555
1504555
1504555
1504555
1504555
1504555
1504555
1504555
1504555
1504555
1504555
1504555
1504555
1504555
1504555
1504555
868218
490054
490054
490054
515865
515865
515865
515865
568941
568941
178385
515149
222
688919
762612
762612
762612
1492782
109420
287866
364117
694967
695030
1092977
650238
1344195
1486422
810612
1642552
965
2769
2769
965
2769
965
965
965
1612318
1514155
725723
1370290
1323449
688522
1311436
1256805
625356
566616
998773
841068
813979
711177
370053
338184
326248
1008386
1008386
1008386
1008386
1008386
1008386
1008386
4523930
