15900001
137259985
79631215618
105921960
105921960
105921960
4685032008
4685032008
105921960
4685032008
4685032008
137259985
96373362556006
150286476
137259985
96373362556006
150286476
1443019384
1400832651
1443019384
1400832651
137259985
79631215618
1443019384
18284039457930
1443019384
18284039457930
15125586
15125586
14459322
15125586
14459322
567880056
567880056
567880056
567880056
15125586
567880056
567880056
15900001
15131840763
27249988
15900001
15131840763
27249988
242068582
3593458165631
237467507
242068582
3593458165631
237467507
15900001
242068582
2810041173
242068582
2810041173
16322646
30545170076
30545170076
9944842083010
9944842083010
12327992676
30766381
1928794272
1928794272
12327992676
30766381
3237357588277
307426685
3237357588277
307426685
16322646
3136348028
3136348028
4323090
4323090
142123386
1467658926
142123386
1467658926
3728360
271776
271776
96469752
96469752
3728360
55601353
535001368
55601353
535001368
79851
1056687
1056687
704085
263105194
219813
232285
219813
232285
219813
232285
219813
103797960
10274193
2159073
103797960
2159073
10274193
219813
232285
103797960
10274193
103797960
2159073
10274193
704085
279580348196
704085
704085
279580348196
4255848
113554567
4255848
75372486603042
113554567
4255848
75372486603042
704085
263105194
4255848
113554567
58056617928
113554567
4255848
58056617928
35295
33326
35295
33326
87454072
35295
35295
33326
33326
14870940
282841
1245351
1245351
14870940
282841
1245351
35295
33326
14870940
1245351
14870940
282841
1245351
174305
56398574
171470
174305
56398574
865125
11031325
865125
11399287947
11031325
865125
11399287947
171470
865125
11031325
865125
11031325
63615
71242
63615
71242
78514622
63615
78514622
483167
31691309146
483167
2466098
31691309146
483167
2466098
303187
54807156
4363316
4363316
303187
54807156
1331347
11039764804
1331347
11039764804
281859
14111005
1331347
14111005
11102
11102
11102
11102
69701
316252
5327149
69701
316252
5327149
69701
316252
596
596
318183
318183
90584
328064
34789
2737086
328064
2737086
34789
