0.008379
0.006418
0.007273
0.007616
0.003622
0.013908
0.005793
0.019831
0.008553
0.013962
0.012323
0.010197
0.026929
0.01682
0.016458
0.013378
0.013915
0.013493
0.011703
0.012479
0.011782
0.013034
0.011482
0.009452
0.022488
0.009713
0.007274
0.007335
0.011069
0.011905
0.012393
0.009428
0.009814
0.008583
0.009459
0.00968
0.012164
0.010345
0.010831
0.008234
0.007983
0.008332
0.004433
0.009733
0.008067
0.009054
0.008218
0.007595
0.011344
0.007043
0.00779
0.007749
0.005243
0.009779
0.008719
0.010008
0.009989
0.01306
0.013523
0.012256
0.010298
0.011911
0.012092
0.010188
0.012137
0.010559
0.008134
0.006118
0.013807
0.014367
0.010972
0.01512
0.00951
0.008796
0.007765
0.009027
0.009368
0.00952
0.019722
0.009019
0.007439
0.005847
0.007288
0.007457
0.007679
0.005176
0.007072
0.00648
0.009861
0.007309
0.008066
0.010417
0.009748
0.008696
0.011187
0.011037
0.009682
0.008575
0.008441
0.008418
0.006284
0.008722
0.012561
0.009566
0.005096
0.006207
0.006717
0.003925
0.011016
0.010917
0.008447
0.008247
0.007721
0.007212
0.006867
0.006532
0.006397
0.00449
0.006467
0.009211
0.009442
0.008696
0.006816
0.006873
0.008416
0.008345
0.00506
0.0048
0.005132
0.009738
0.009541
0.009271
0.002703
0.008304
0.008013
0.007452
0.008167
0.007175
0.006998
0.006579
0.004922
0.005794
0.004743
0.00523
0.006723
0.005781
0.004773
0.004548
0.009268
0.002981
0.00881
0.006749
0.008013
0.009046
0.009014
0.007379
0.004494
0.00603
0.011762
0.011851
0.010081
0.007335
0.009811
0.013294
0.013526
0.013754
0.013417
0.014886
0.01556
0.014925
0.019419
0.011491
0.011058
0.010871
0.011182
0.009444
0.00844
0.007645
0.005191
0.006693
0.011394
0.011987
0.012049
0.011993
0.01049
0.011531
0.011266
0.022059
0.008763
0.009585
0.008575
0.008247
0.00821
0.008174
0.008403
0.008182
0.008558
0.008853
0.008858
0.01051
0.010017
0.009719
0.010581
0.009555
0.009975
0.009822
0.005581
0.008214
0.008249
0.007882
0.008389
0.008145
0.016219
0.007913
0.006719
0.007021
0.006867
0.006896
0.00708
0.012797
0.009666
0.009691
0.013137
0.007903
0.010446
0.007734
0.008976
0.018518
0.009344
0.0087
0.011281
0.012856
0.011007
0.013377
0.013484
0.01091
0.012607
0.007369
0.007291
0.008197
0.007365
0.006414
0.012696
0.006784
0.00588
0.00384
0.008478
0.009633
0.006358
0.0079
0.008062
0.007975
0.007195
0.006838
0.005602
0.005725
0.00803
0.010551
0.010499
0.010916
0.011003
0.009967
0.007547
0.006811
0.006322
0.00633
0.006905
0.005839
0.007835
0.007919
0.007852
0.00602
0.003082
0.006775
0.006766
0.006834
0.008378
0.007054
0.007129
0.007417
0.009493
0.009321
0.009053
0.006043
0.018613
0.005522
0.005186
0.004894
0.009725
0.009565
0.007024
0.004751
0.006066
0.006163
0.006022
0.006384
0.004282
0.003196
0.008702
0.008476
0.00878
0.007448
0.008839
0.007328
0.011823
0.008247
0.012026
0.011209
0.009895
0.012402
0.011389
0.011707
0.011581
0.011698
0.012095
0.008556
0.009293
0.010463
0.011452
0.014186
0.00889
0.011518
0.011424
0.011024
0.011649
0.011661
0.011881
0.010954
0.010888
0.010747
0.007861
0.005596
0.006076
0.004996
0.005819
0.007314
0.00916
0.021252
0.009576
0.007424
0.011067
0.006892
0.006788
0.00673
0.004972
0.007561
0.007251
0.007377
0.007125
0.00718
0.007471
0.007208
0.007739
0.007032
0.007231
0.007195
0.007601
0.007083
0.004376
0.007089
0.007035
0.006858
0.007125
0.00769
0.007483
0.00681
0.006664
0.005131
0.006845
0.007106
0.006843
0.0068
0.006536
0.004867
0.007307
0.006995
0.006255
0.006465
0.006734
0.006885
0.006264
0.006307
0.006257
0.006488
0.005481
0.005162
0.005411
0.007597
0.006156
0.009784
0.007857
0.008012
0.010273
0.009367
0.009149
0.009625
0.00825
0.00868
0.007769
0.008333
0.009723
0.009205
0.010257
0.00793
0.00695
0.005552
0.010554
0.009569
0.008234
0.007418
0.006881
0.013647
0.007552
0.00815
0.007156
0.007362
0.007322
0.006764
0.008549
0.013073
0.043066
0.013584
0.012701
0.005207
0.008032
0.007879
0.007887
0.005625
0.005659
0.005434
0.006713
0.00675
0.006978
0.006651
0.005074
0.00851
0.009116
0.007744
0.005103
0.005017
0.007011
0.005925
0.006285
0.004891
0.006004
0.006126
0.004489
0.004505
0.004642
0.006181
0.003526
