0.06508
0.070831
0.089903
0.09033
0.074309
0.076737
0.108305
0.116524
0.05851
0.061406
0.076848
0.067825
0.080781
0.094094
0.032763
0.088082
0.042927
0.041322
0.067595
0.041719
0.041133
0.051305
0.049905
0.062104
0.062508
0.060674
0.06451
0.076108
0.07463
0.047848
0.047603
0.050314
0.050542
0.037877
0.052257
0.04922
0.04765
0.051078
0.060631
0.037637
0.040356
0.040888
0.049218
0.052323
0.065951
0.071052
0.061656
0.063301
0.082035
0.080209
0.041538
0.043664
0.0515
0.051414
0.05518
0.06495
0.020461
0.024858
0.021382
0.024553
0.064617
0.027987
0.028183
0.027742
0.033425
0.046829
0.038925
0.035242
0.044259
0.049707
0.059074
0.038174
0.035593
0.035906
0.036342
0.020952
0.050096
0.028112
0.027386
0.032279
0.036505
0.023005
0.030396
0.024429
0.048678
0.06081
0.059608
0.065811
0.057362
0.073687
0.075516
0.038278
0.044246
0.048954
0.049883
0.068997
0.017775
0.015162
0.024406
0.022449
0.022868
0.033757
0.033282
0.03327
0.044058
0.041511
0.044936
0.043499
0.032103
0.033245
0.031742
0.030778
0.020381
0.022864
0.029083
0.027751
0.030449
0.023092
0.02428
0.031225
0.033083
0.037473
0.035777
0.042697
0.042445
0.047923
0.047932
0.026291
0.026317
0.034128
0.044788
0.03218
0.025434
0.023783
0.026262
0.033976
0.03175
0.03099
0.033518
0.017544
0.024742
0.024309
0.024774
0.009651
0.00424
0.011558
0.008061
0.007965
0.014832
0.01102
0.011109
0.018127
0.019307
0.016066
0.014922
0.0168
0.017951
0.02109
0.012786
0.010494
0.005461
0.013764
0.013972
0.009456
0.017829
0.022878
0.007359
0.007667
0.009157
0.007433
0.009068
0.010771
0.008054
0.011433
0.022412
0.014398
0.010993
0.009933
0.013035
0.013301
0.009835
0.0039
0.011145
0.009329
0.0106
0.011193
0.008278
0.011202
0.092494
0.077195
0.078541
0.089838
0.074741
0.100812
0.072853
0.058005
0.065566
0.138287
0.074436
0.053878
0.052083
0.079958
0.072132
0.076244
0.094478
0.107436
0.107425
0.089315
0.082032
0.109525
0.083138
0.063631
0.093656
0.072062
0.072488
0.057604
0.104874
0.088081
0.04365
0.044339
0.060869
0.022287
0.022943
0.023159
0.023296
0.020238
0.088399
0.08717
0.086895
0.073089
0.072483
0.075469
0.076553
0.058663
0.058614
0.059624
0.061094
0.057402
0.068177
0.044405
0.044401
0.050934
0.10681
0.054737
0.05464
0.053926
0.058793
0.078888
0.061209
0.047571
0.049114
0.047938
0.047882
0.122158
0.060326
0.058507
0.05568
0.055833
0.044459
0.043019
0.04374
0.045396
0.043006
0.04876
0.049857
0.063626
0.051808
0.051928
0.036783
0.045363
0.038825
0.03945
0.035482
0.037826
0.036831
0.055824
0.04783
0.047306
0.041543
0.055968
0.045155
0.043222
0.04697
0.044367
0.081386
0.080067
0.080413
0.060479
0.058067
0.059081
0.068491
0.064875
0.066528
0.048555
0.046862
0.046484
0.029355
0.029398
0.043521
0.040823
0.044065
0.052179
0.051492
0.051519
0.051972
0.048751
0.077454
0.047351
0.043565
0.052778
0.049484
0.039195
0.038293
0.042447
0.048011
0.027306
0.029963
0.037009
0.04385
0.029405
0.030051
0.032394
0.030162
0.040079
0.038084
0.050578
0.061616
0.057933
0.060121
0.04451
0.047879
0.041457
0.038469
0.04234
0.040196
0.038631
0.046755
0.046236
0.053105
0.04673
0.049605
0.036787
0.031757
0.040713
0.034555
0.037156
0.025473
0.025474
0.025602
0.02532
0.025143
0.035055
0.034723
0.035385
0.034576
0.034358
0.043355
0.045875
0.044065
0.043589
0.042776
0.028722
0.043824
0.032497
0.032499
0.029847
0.027421
0.027139
0.027833
0.027291
0.027247
0.027323
0.034034
0.037986
0.033281
0.035507
0.035202
0.033471
0.03393
0.022343
0.022378
0.027232
0.023745
0.026522
0.023976
0.023706
0.022595
0.043669
0.032975
0.026996
0.036894
0.042038
0.035547
0.058368
0.057963
0.058718
0.060264
0.059531
0.066162
0.043463
0.041543
0.064719
0.049922
0.053971
0.031487
0.03274
0.058461
0.044874
0.04612
0.057444
0.082275
0.057256
0.068684
0.057288
0.079679
0.050498
0.049572
0.059195
0.041054
0.038665
0.043846
0.041575
0.05133
0.029983
0.043209
0.037686
0.06004
0.055755
0.055128
0.066285
0.060808
0.060464
0.051252
0.049211
0.049258
0.052179
0.047023
0.052865
0.048362
0.047635
0.05362
0.061899
0.054911
0.073305
0.057046
0.063001
0.052676
0.051866
0.046418
0.043185
0.055947
0.048165
0.039067
0.038487
0.040152
0.03904
0.043406
0.04021
0.034591
0.032756
0.044946
0.045115
0.04325
0.047685
0.044837
0.050496
0.044279
0.040883
0.041214
0.040139
0.03786
0.035962
0.027058
0.025589
0.034572
0.019614
0.027122
0.023484
0.024657
0.021015
0.020004
0.020147
0.018707
0.02143
0.018136
0.03322
0.036065
0.035613
0.026313
0.035454
0.036197
0.030506
0.031009
0.027299
0.028235
0.034102
0.030935
0.033603
0.038914
0.04775
0.039238
0.057893
0.039718
0.039181
0.051116
0.035191
0.034961
0.048114
0.046286
0.029975
0.049246
0.034525
0.029871
0.031049
0.052334
0.048278
0.035265
0.058555
0.056319
0.040614
0.035693
0.034947
0.040252
0.039548
0.039533
0.029309
0.044429
0.045844
0.042314
0.055813
0.037115
0.0379
0.026882
0.02905
0.024939
0.023319
0.029559
0.025435
0.037911
0.032593
0.032521
0.025536
0.032223
0.022039
0.031745
0.024078
0.022067
0.028555
0.028452
0.033777
0.035024
0.025254
0.041146
0.039747
0.031641
0.027238
0.036987
0.03606
0.036723
0.033892
0.035694
0.029484
0.036172
0.032678
0.029739
0.025548
0.02755
0.024412
0.045805
0.050782
0.031566
0.029746
0.040682
0.029292
0.025785
0.02071
0.026932
0.029653
0.02739
0.025856
0.024451
0.025192
0.02615
0.022895
0.01701
0.014589
0.025614
0.024828
0.023672
0.008192
0.007982
0.00698
0.005668
0.065834
0.067371
0.065373
0.052919
0.054528
0.058812
0.056827
0.048782
0.037404
0.03737
0.043956
0.039342
0.04424
0.027012
0.026504
0.035392
0.035549
0.045235
0.037579
0.035792
0.03915
0.041374
0.034352
0.030974
0.032847
0.03248
0.033362
0.037666
0.042042
0.041438
0.036022
0.038825
0.02596
0.027135
0.027914
0.025644
0.032821
0.029651
0.044367
0.036063
0.0324
0.025184
0.025214
0.027932
0.022617
0.023322
0.021502
0.029138
0.033256
0.029178
0.030673
0.024837
0.026673
0.027619
0.027707
0.027112
0.049427
0.049057
0.045991
0.038094
0.043048
0.036713
0.038886
0.036124
0.035955
0.030476
0.02987
0.031227
0.008842
0.008709
0.014284
0.01347
0.012928
0.019828
0.016922
0.016082
0.022918
0.020219
0.019436
0.022171
0.018715
0.018744
0.009409
0.008691
0.014842
0.016444
0.013966
0.012595
0.013544
0.011954
0.0138
0.011859
0.011684
0.01133
0.019614
0.013773
0.01406
0.014957
0.015448
0.016581
0.022865
0.014443
0.018503
0.015232
0.011621
0.011397
0.023024
0.011669
0.020586
0.018384
0.016987
0.012416
0.015002
0.018905
0.016474
0.015927
0.010327
0.01377
0.009233
0.014628
0.013633
0.00876
0.008684
0.011476
0.012259
0.009881
0.014324
0.010493
0.016114
0.017703
0.013511
0.011291
0.007372
0.013645
0.0126
0.009996
0.008616
0.007888
0.00657
0.005517
0.012551
0.015662
0.011366
0.011146
0.00843
0.013315
0.009544
0.011588
0.011372
0.012083
0.01141
0.011638
0.006627
0.008438
0.008973
0.009315
0.06591
0.069207
0.070041
0.046047
0.048315
0.049516
0.04784
0.048841
0.055778
0.038222
0.045047
0.038473
0.040438
0.032627
0.030909
0.033784
0.031689
0.031266
0.035081
0.031488
0.046736
0.039354
0.03589
0.040006
0.049073
0.03736
0.040853
0.034301
0.034194
0.029306
0.026137
0.035815
0.030366
0.026667
0.027328
0.025203
0.024654
0.029865
0.02801
0.021145
0.029078
0.03093
0.031096
0.028303
0.028207
0.033318
0.028011
0.025819
0.025341
0.025658
0.023284
0.028935
0.029669
0.030769
0.03862
0.031861
0.033015
0.038208
0.051032
0.028061
0.02785
0.027043
0.025019
0.037138
0.027178
0.027095
0.028118
0.031825
0.03566
0.034069
0.031683
0.03048
0.033595
0.02771
0.028201
0.031949
0.028973
0.0224
0.023221
0.022642
0.02278
0.021078
0.02929
0.023872
0.029056
0.024966
0.027603
0.028126
0.027223
0.022165
0.021645
0.020269
0.020075
0.019449
0.021133
0.017066
0.032855
0.018278
0.018488
0.020773
0.027375
0.028835
0.027283
0.025664
0.028382
0.027711
0.021493
0.027494
0.025075
0.021126
0.021552
0.021503
0.019649
0.024249
0.024371
0.023934
0.022224
0.025342
0.023354
0.025906
0.049634
0.041678
0.039749
0.040435
0.029549
0.029755
0.027832
0.032806
0.033367
0.032359
0.031852
0.025021
0.024536
0.009589
0.009512
0.008561
0.009299
0.006457
0.012116
0.007232
0.005892
0.008699
0.003884
0.012729
0.012015
0.011812
0.013544
0.01088
0.007846
0.014071
0.009701
0.011446
0.016399
0.013401
0.01452
0.019695
0.015781
0.016441
0.024359
0.018037
0.018829
0.023484
0.015094
0.017447
0.019136
0.017534
0.014638
0.015834
0.012285
0.015869
0.035705
0.022241
0.022501
0.021243
0.020402
0.022645
0.01312
0.016887
0.017977
0.018816
0.01739
0.020727
0.027952
0.015123
0.015731
0.027327
0.011767
0.017239
0.010458
0.011894
0.013347
0.009286
0.011722
0.00834
0.018249
0.010926
0.012988
0.008223
0.009258
0.00929
0.008988
0.00622
0.004879
0.014225
0.025716
0.012554
0.012921
0.028264
0.023901
0.008133
0.012149
0.009294
0.018844
0.006447
0.01217
0.014862
0.014634
0.012274
0.010914
0.011878
0.012353
0.014165
0.009959
0.009648
0.010238
0.010624
0.008854
0.012854
0.006391
0.012554
0.012669
0.015436
0.011663
0.007103
0.009702
0.006519
0.009479
0.006824
0.0138
0.011525
0.010729
0.006183
0.011044
0.010043
0.009462
0.009854
0.007952
0.011641
0.009982
0.012804
0.01022
0.012081
0.010236
0.011092
0.016629
0.013542
0.012416
0.015521
0.011936
0.012157
0.014347
0.011352
0.00942
0.020639
0.014143
0.01016
0.015194
0.013337
0.013057
0.009728
0.009597
0.009827
0.01802
0.016866
0.015594
0.015911
0.016839
0.013831
0.010044
0.009625
0.012993
0.009851
0.014406
0.007294
0.015906
0.014064
0.014312
0.01296
0.014723
0.013953
0.014472
0.010918
0.012706
0.008621
0.007903
0.011771
0.021369
0.007899
0.008435
0.010928
0.006491
0.007752
0.007812
0.004591
0.007271
0.007866
0.007986
0.005679
0.011106
0.013531
0.00802
0.019819
0.011343
0.008662
0.008783
0.014674
0.009749
0.01076
0.006095
0.009939
0.01024
0.007269
0.009162
0.008539
0.006387
0.004083
0.015086
0.015535
0.01411
0.013819
0.014261
0.012503
0.011858
0.00841
0.011402
0.008048
0.008662
0.008941
0.028306
0.008204
0.009579
0.008534
0.00556
0.010562
0.016259
0.010629
0.007863
0.008902
0.016772
0.018526
0.011919
0.015962
0.011023
0.010999
0.013887
0.014936
0.007793
0.011595
0.013962
0.011714
0.010226
0.010848
0.012158
0.013506
0.009004
0.006632
0.006451
0.011513
0.011534
0.011709
0.006665
0.0069
0.007519
0.006836
0.006887
0.004129
0.162252
0.163429
0.16483
0.146512
0.138529
0.151519
0.144778
0.135164
0.132873
0.11049
0.112625
0.11274
0.125209
0.122872
0.154276
0.148012
0.143407
0.111986
0.110027
0.134407
0.126981
0.120756
0.09702
0.102159
0.105332
0.119627
0.114641
0.115034
0.082417
0.083313
0.081444
0.080391
0.080532
0.097141
0.095329
0.113634
0.121951
0.108527
0.099759
0.104847
0.09836
0.101095
0.132765
0.094701
0.078935
0.078669
0.077118
0.097272
0.098172
0.095333
0.066924
0.069425
0.069229
0.068618
0.083634
0.085055
0.100241
0.100273
0.095143
0.083419
0.081718
0.081083
0.079727
0.08722
0.073836
0.167702
0.164881
0.175877
0.133504
0.132482
0.138833
0.153815
0.147964
0.141906
0.111471
0.103717
0.112159
0.133114
0.142691
0.139452
0.093603
0.105935
0.091271
0.109762
0.111208
0.120285
0.079422
0.075704
0.076926
0.124387
0.130413
0.144538
0.14033
0.14684
0.097262
0.09455
0.116916
0.116863
0.114978
0.097596
0.10658
0.115641
0.125144
0.118912
0.080083
0.089452
0.107976
0.100004
0.096738
0.050568
0.045204
0.045807
0.05053
0.073907
0.063135
0.064332
0.061169
0.066253
0.082258
0.080662
0.079322
0.097987
0.096746
0.099675
0.118737
0.115258
0.11683
0.105681
0.095097
0.097631
0.108605
0.081712
0.078423
0.082492
0.10187
0.093407
0.106775
0.11078
0.120581
0.106099
0.13413
0.102272
0.099637
0.097996
0.129398
0.124781
0.086623
0.09042
0.104306
0.096496
0.10271
0.095233
0.081231
0.078854
0.088314
0.084516
0.076696
0.058282
0.057671
0.061369
0.08474
0.076604
0.074545
0.092482
0.103244
0.100246
0.069666
0.06784
0.065559
0.076969
0.064268
0.061271
0.078222
0.080962
0.08116
0.10024
0.107016
0.102323
0.097733
0.084886
0.079098
0.076108
0.096892
0.084055
0.066359
0.069035
0.084512
0.093354
0.071068
0.062993
0.053372
0.053559
0.05508
0.060867
0.062759
0.141558
0.139602
0.147673
0.124067
0.121368
0.123743
0.114695
0.118176
0.113465
0.10733
0.096801
0.097388
0.104203
0.102531
0.120567
0.120678
0.11896
0.088444
0.088578
0.104265
0.129923
0.100538
0.077441
0.093012
0.079077
0.102674
0.100085
0.094162
0.065703
0.067038
0.063866
0.058131
0.0723
0.065213
0.062996
0.07314
0.073712
0.086368
0.086114
0.092276
0.07986
0.089791
0.075161
0.075728
0.069195
0.079335
0.080096
0.081558
0.074201
0.064257
0.072838
0.061893
0.077691
0.077743
0.076134
0.064519
0.053595
0.053746
0.053931
0.052204
0.062164
0.071167
0.076076
0.076944
0.072689
0.064269
0.063601
0.065676
0.053121
0.057386
0.062725
0.063066
0.065203
0.068418
0.290179
0.130049
0.13283
0.108326
0.108114
0.105383
0.107996
0.11515
0.108823
0.087738
0.083061
0.087048
0.101137
0.113205
0.103769
0.075001
0.077684
0.074997
0.084537
0.088415
0.084405
0.064174
0.074006
0.063677
0.092691
0.090442
0.107879
0.114003
0.104237
0.088199
0.077165
0.090321
0.087889
0.087591
0.071714
0.0706
0.094808
0.087257
0.085735
0.06058
0.06
0.080461
0.074719
0.068258
0.041361
0.040833
0.037734
0.039667
0.041258
0.056769
0.064556
0.057448
0.049844
0.055859
0.050595
0.05497
0.067832
0.067988
0.065986
0.079355
0.07768
0.079426
0.092084
0.09054
0.093645
0.117745
0.085361
0.076069
0.082137
0.062447
0.073544
0.072976
0.060712
0.059847
0.07718
0.072542
0.071104
0.085309
0.083658
0.090847
0.107648
0.076389
0.066556
0.094989
0.060569
0.07634
0.075882
0.096598
0.093473
0.062547
0.059353
0.08527
0.073728
0.070842
0.074291
0.067008
0.050975
0.072885
0.055278
0.067817
0.069839
0.068506
0.064867
0.049876
0.048024
0.044948
0.072239
0.06045
0.057888
0.074198
0.075599
0.075909
0.058854
0.058085
0.057578
0.05653
0.044206
0.051077
0.044619
0.057675
0.05992
0.059436
0.085634
0.07414
0.070149
0.075826
0.058731
0.039406
0.041659
0.07418
0.060323
0.058807
0.073649
0.066218
0.048673
0.048721
0.06082
0.068988
0.054859
0.049858
0.047611
0.033999
0.034791
0.041664
0.046103
0.055738
0.047999
0.043648
0.137217
0.137443
0.13626
0.1217
0.117625
0.120628
0.120951
0.112893
0.111034
0.091372
0.100929
0.103334
0.101765
0.100372
0.133698
0.122161
0.118246
0.086888
0.09711
0.101888
0.104661
0.099781
0.076327
0.072487
0.073482
0.130522
0.089414
0.099486
0.063446
0.061739
0.059934
0.059748
0.061769
0.08141
0.071509
0.087308
0.085903
0.09404
0.085587
0.078332
0.074258
0.07671
0.074408
0.072556
0.059184
0.059463
0.058176
0.085729
0.074073
0.071019
0.050375
0.056114
0.04928
0.052885
0.060792
0.061297
0.076612
0.07617
0.072615
0.06295
0.06067
0.059194
0.058702
0.062558
0.059018
0.132751
0.127867
0.131426
0.114814
0.094914
0.102074
0.107827
0.10372
0.106015
0.085335
0.077494
0.083399
0.100995
0.100317
0.101691
0.083323
0.072389
0.070103
0.081307
0.092031
0.081773
0.070132
0.05868
0.058957
0.090658
0.087232
0.166341
0.106191
0.105256
0.073802
0.071819
0.088868
0.085797
0.086543
0.07015
0.070494
0.094584
0.088758
0.081269
0.067204
0.05998
0.070864
0.072429
0.066482
0.036158
0.04128
0.032016
0.034458
0.051516
0.043916
0.044181
0.042466
0.048385
0.057681
0.05857
0.063494
0.071327
0.070279
0.082823
0.094291
0.084076
0.093763
0.095615
0.073034
0.068045
0.072646
0.068517
0.054086
0.063715
0.078732
0.075852
0.073118
0.078968
0.07749
0.075013
0.090971
0.069772
0.068883
0.080084
0.089177
0.086186
0.05828
0.055706
0.072681
0.069468
0.080543
0.067763
0.062442
0.058805
0.05594
0.071953
0.060046
0.041405
0.040523
0.037783
0.051904
0.051654
0.061431
0.067168
0.068006
0.067725
0.048328
0.049161
0.049866
0.052499
0.039319
0.041223
0.050196
0.05513
0.054877
0.072044
0.06964
0.074259
0.068114
0.051435
0.051756
0.051962
0.067818
0.061832
0.044721
0.044982
0.058663
0.058532
0.052254
0.04668
0.038962
0.036635
0.038924
0.044875
0.039414
0.009209
0.010947
0.008282
0.114048
0.119862
0.112311
0.095072
0.092216
0.096878
0.098437
0.091864
0.099011
0.074387
0.074431
0.07275
0.093385
0.10407
0.102038
0.077931
0.084238
0.07748
0.080238
0.080698
0.069503
0.070301
0.083493
0.071196
0.058519
0.067149
0.061005
0.059323
0.060571
0.057948
0.058825
0.091561
0.076259
0.096287
0.092161
0.089895
0.065096
0.066056
0.078921
0.089013
0.09117
0.06643
0.071848
0.079876
0.083921
0.078755
0.055143
0.056674
0.064057
0.063372
0.063213
0.058023
0.055323
0.058483
0.067332
0.065628
0.0677
0.04472
0.042001
0.046629
0.047811
0.046112
0.047677
0.045711
0.052324
0.052101
0.06299
0.062212
0.060614
0.049145
0.054701
0.051211
0.057797
0.057778
0.05663
0.058797
0.056687
0.055003
0.045663
0.046434
0.044895
0.057454
0.056678
0.072357
0.033996
0.03711
0.047972
0.03666
0.036719
0.043902
0.052192
0.055129
0.055947
0.053291
0.039968
0.041445
0.044311
0.055106
0.044598
0.044553
0.044311
0.046001
0.044364
0.054703
0.042347
0.051937
0.062854
0.042261
0.065575
0.050539
0.064404
0.063312
0.050801
0.039689
0.036685
0.039796
0.044813
0.037088
0.041874
0.041323
0.039931
0.037012
0.04668
0.045247
0.056214
0.056457
0.053882
0.042881
0.056208
0.044459
0.047341
0.051629
0.040654
0.04977
0.04884
0.046166
0.044748
0.044371
0.042367
0.033374
0.036147
0.036912
0.035557
0.040919
0.037253
0.035236
0.050447
0.049131
0.045993
0.044433
0.044029
0.048765
0.046395
0.040209
0.031239
0.03031
0.033248
0.034593
0.031004
0.031805
0.030683
0.031259
0.030235
0.034568
0.036844
0.037204
0.044099
0.043465
0.043223
0.032324
0.035194
0.034224
0.035908
0.039257
0.033272
0.0336
0.036875
0.036055
0.035401
0.036205
0.036151
0.035689
0.03866
0.035173
0.115164
0.101546
0.105568
0.093699
0.07735
0.084514
0.098273
0.084188
0.086076
0.082045
0.063191
0.066407
0.080934
0.082143
0.083137
0.054983
0.056449
0.055941
0.064
0.065443
0.074134
0.044934
0.04621
0.046482
0.091648
0.082916
0.089215
0.072439
0.064087
0.069437
0.0708
0.065121
0.071435
0.067653
0.04883
0.052041
0.059574
0.057832
0.060749
0.062521
0.064487
0.060921
0.041526
0.038785
0.039305
0.045922
0.044329
0.041883
0.048528
0.048157
0.04721
0.048249
0.047155
0.048444
0.033953
0.033949
0.033229
0.037478
0.03751
0.035681
0.063036
0.062599
0.074587
0.075906
0.072852
0.05415
0.053078
0.06345
0.065809
0.066816
0.057854
0.049765
0.062927
0.063851
0.059475
0.040998
0.041251
0.051225
0.052521
0.049144
0.053413
0.052136
0.066362
0.066389
0.067652
0.043019
0.044594
0.053693
0.054377
0.050677
0.039782
0.043471
0.052423
0.050194
0.05129
0.033057
0.033576
0.041862
0.043637
0.037947
0.027968
0.030606
0.021646
0.027242
0.028308
0.034798
0.034625
0.031516
0.029765
0.032955
0.033569
0.033004
0.045163
0.04211
0.043222
0.053484
0.059763
0.053118
0.064568
0.059459
0.062338
0.053635
0.049469
0.052524
0.041738
0.042253
0.038157
0.037644
0.04147
0.050725
0.040171
0.037929
0.038503
0.045771
0.047405
0.045367
0.052129
0.052283
0.041248
0.049816
0.051703
0.047927
0.050176
0.049826
0.048832
0.035559
0.032917
0.05265
0.043804
0.044753
0.043423
0.04128
0.033408
0.038082
0.026935
0.040018
0.041992
0.040023
0.039699
0.031595
0.028231
0.028544
0.041044
0.038557
0.038002
0.049263
0.047818
0.057853
0.037404
0.036632
0.03623
0.02987
0.029161
0.027889
0.028766
0.02994
0.032444
0.045179
0.041194
0.041535
0.040276
0.039294
0.037962
0.024353
0.02629
0.033839
0.046738
0.037901
0.039068
0.035526
0.02592
0.025452
0.033943
0.033962
0.031382
0.029533
0.028604
0.020593
0.021509
0.025492
0.027939
0.027304
0.028256
0.027318
0.027957
0.029154
0.025166
0.022119
0.022002
0.024984
0.025461
0.023628
0.026038
0.039733
0.034045
0.038875
0.031484
0.027975
0.044674
0.044215
0.039001
0.04242
0.0441
0.042406
0.054101
0.048231
0.061302
0.044109
0.030714
0.043753
0.037363
0.041964
0.032545
0.029247
0.032667
0.030279
0.030929
0.027913
0.028067
0.027896
0.026038
0.029969
0.028684
0.031273
0.037931
0.039447
0.038464
0.033827
0.04352
0.038207
0.030526
0.037874
0.027255
0.036414
0.039289
0.035155
0.046412
0.034479
0.02425
0.023598
0.033702
0.032243
0.030074
0.025738
0.032932
0.038272
0.025595
0.030072
0.02405
0.028221
0.029413
0.02842
0.028183
0.028259
0.024134
0.019628
0.019872
0.016889
0.022467
0.020197
0.0161
0.028911
0.026787
0.028161
0.024287
0.028646
0.027334
0.024026
0.052855
0.033613
0.033643
0.032768
0.028581
0.042032
0.034896
0.030267
0.026846
0.023294
0.024263
0.021335
0.017329
0.024821
0.02433
0.019883
0.019125
0.019497
0.018409
0.023474
0.023032
0.031085
0.030305
0.02823
0.017927
0.027946
0.019082
0.024574
0.026931
0.025659
0.028222
0.022209
0.024735
0.025869
0.025416
0.034305
0.024362
0.017574
0.018874
0.025609
0.023493
0.022224
0.018308
0.019161
0.018361
0.018379
0.016543
0.017409
0.021329
0.014867
0.018972
0.018531
0.018771
0.018701
0.017467
0.136839
0.135979
0.145369
0.118571
0.120871
0.136533
0.103041
0.133176
0.13609
0.11718
0.118215
0.113965
0.097229
0.100704
0.090082
0.115486
0.118612
0.130641
0.114439
0.120981
0.117032
0.123142
0.098981
0.106872
0.107688
0.100037
0.081207
0.100716
0.091658
0.091949
0.093154
0.067441
0.072905
0.078261
0.071724
0.056288
0.087899
0.078476
0.078226
0.088518
0.086008
0.089814
0.079765
0.080347
0.082544
0.078176
0.079694
0.083453
0.072162
0.10281
0.099049
0.066602
0.074121
0.079444
0.082366
0.085418
0.067887
0.062941
0.059462
0.070601
0.065727
0.081677
0.079202
0.075904
0.069362
0.069999
0.081235
0.064664
0.065913
0.055926
0.086231
0.085531
0.12712
0.128414
0.131291
0.097049
0.119131
0.112499
0.106193
0.106508
0.110938
0.102504
0.079529
0.10121
0.080172
0.091021
0.091718
0.069582
0.061653
0.072421
0.111731
0.123398
0.104757
0.088329
0.077963
0.077121
0.084931
0.085872
0.090166
0.08829
0.066296
0.068673
0.056191
0.059736
0.096124
0.095714
0.113904
0.111895
0.122477
0.07638
0.081281
0.10222
0.10239
0.106028
0.073856
0.097978
0.088137
0.088366
0.064368
0.079595
0.080593
0.071905
0.03511
0.032752
0.036279
0.047731
0.052549
0.046182
0.046778
0.037795
0.034921
0.060258
0.061271
0.070661
0.072105
0.084988
0.082579
0.084486
0.069947
0.069445
0.069836
0.073326
0.077355
0.05932
0.071728
0.061094
0.055822
0.074177
0.075925
0.083363
0.082876
0.085489
0.087985
0.09615
0.101751
0.067362
0.06934
0.068963
0.072726
0.073639
0.058164
0.057048
0.062447
0.070016
0.070302
0.076044
0.061702
0.060229
0.077471
0.057431
0.05978
0.05958
0.047126
0.047205
0.042927
0.042828
0.040943
0.055837
0.053251
0.067184
0.076542
0.064898
0.063639
0.054215
0.049906
0.0506
0.043094
0.047935
0.061727
0.070264
0.073522
0.066704
0.066348
0.068915
0.059769
0.05347
0.054123
0.057694
0.058106
0.045566
0.068663
0.060426
0.05386
0.045147
0.058172
0.041214
0.041673
0.041913
0.03362
0.035137
0.110116
0.113498
0.119743
0.076798
0.078974
0.084285
0.065922
0.064625
0.072645
0.083288
0.075905
0.044183
0.044183
0.075423
0.057282
0.055625
0.126668
0.121111
0.123285
0.127385
0.143199
0.11728
0.10021
0.109713
0.10316
0.10736
0.112062
0.100699
0.082747
0.110424
0.113558
0.10337
0.109867
0.103171
0.103335
0.10033
0.094085
0.084061
0.087073
0.080694
0.088674
0.079248
0.076922
0.096271
0.098487
0.090186
0.094027
0.092601
0.096115
0.121414
0.110503
0.109127
0.111486
0.118726
0.080052
0.078737
0.076624
0.092063
0.103084
0.103476
0.093227
0.095144
0.068259
0.078133
0.071294
0.074155
0.063456
0.079092
0.080361
0.083102
0.08668
0.086482
0.075345
0.057866
0.058634
0.056198
0.059717
0.055166
0.060536
0.061449
0.051345
0.050257
0.048505
0.065388
0.072379
0.067371
0.065801
0.068281
0.066833
0.071728
0.077477
0.082559
0.082455
0.07665
0.084077
0.065633
0.070961
0.071559
0.067654
0.075292
0.066473
0.066445
0.069398
0.069234
0.072133
0.060926
0.062499
0.067253
0.07059
0.088844
0.086078
0.082511
0.056775
0.061015
0.056293
0.052915
0.065698
0.079494
0.070959
0.081113
0.066524
0.060636
0.046338
0.048213
0.048263
0.041718
0.041003
0.04045
0.044407
0.054202
0.056583
0.05848
0.065589
0.070041
0.08118
0.068466
0.052505
0.068648
0.055278
0.058873
0.061197
0.056652
0.053756
0.05739
0.054508
0.056645
0.053093
0.052695
0.048484
0.050573
0.049622
0.055481
0.074369
0.067903
0.109197
0.118817
0.111483
0.116088
0.119611
0.135464
0.100578
0.088719
0.098755
0.099278
0.099123
0.090049
0.094606
0.098021
0.091033
0.09147
0.113734
0.105445
0.094005
0.095181
0.101527
0.084984
0.067983
0.096852
0.071671
0.07117
0.070597
0.0875
0.088989
0.085039
0.070589
0.079485
0.079979
0.062457
0.055399
0.062677
0.084604
0.084272
0.087219
0.088397
0.086051
0.09218
0.064494
0.071172
0.067754
0.081886
0.066833
0.060554
0.056864
0.061453
0.057878
0.069563
0.074301
0.067501
0.066224
0.073797
0.071316
0.072335
0.054076
0.0555
0.050698
0.057657
0.047913
0.04435
0.051806
0.044569
0.047671
0.048541
0.078914
0.081882
0.079294
0.085698
0.093357
0.099762
0.105128
0.0944
0.099899
0.07108
0.07533
0.062127
0.067917
0.077266
0.078938
0.081239
0.076161
0.080071
0.074431
0.063611
0.070559
0.098874
0.077916
0.078228
0.077772
0.08702
0.060747
0.052097
0.049274
0.048876
0.066135
0.063999
0.065446
0.061746
0.063761
0.049197
0.024386
0.028937
0.029763
0.020171
0.01997
0.015169
0.02018
0.019963
0.018756
0.021013
0.019862
0.038494
0.039397
0.041544
0.051876
0.045017
0.037226
0.038289
0.036462
0.033417
0.032392
0.034521
0.033326
0.038397
0.035802
0.032146
0.029955
0.027979
0.028596
0.049374
0.050099
0.051076
0.049384
0.041972
0.042648
0.045816
0.043122
0.045904
0.057206
0.058663
0.062209
0.071619
0.06683
0.066563
0.070489
0.073862
0.076271
0.09747
0.057086
0.058292
0.062519
0.072402
0.064193
0.058938
0.047199
0.053574
0.05622
0.055065
0.050008
0.065857
0.053867
0.054268
0.05548
0.056474
0.047046
0.046605
0.058208
0.053124
0.040596
0.042021
0.047513
0.039083
0.046155
0.065758
0.080202
0.069565
0.087833
0.086491
0.083012
0.082064
0.079206
0.089723
0.065883
0.070405
0.070723
0.068076
0.073136
0.062964
0.056199
0.057553
0.058566
0.061071
0.065109
0.050482
0.052678
0.062087
0.059888
0.048127
0.058365
0.052093
0.048332
0.050941
0.053884
0.058851
0.074076
0.06258
0.060685
0.069504
0.049876
0.051927
0.048931
0.050037
0.055662
0.046249
0.048315
0.058178
0.049095
0.051012
0.044702
0.039803
0.039706
0.042364
0.056687
0.046332
0.041938
0.047119
0.04005
0.038976
0.037663
0.035795
0.038499
0.032254
0.03465
0.031668
0.029719
0.026008
0.027313
0.027888
0.027438
0.027765
0.043111
0.044938
0.046179
0.05667
0.050898
0.053579
0.054331
0.05638
0.055167
0.058875
0.042241
0.041977
0.044749
0.044908
0.043455
0.035838
0.042716
0.038322
0.036492
0.035415
0.032847
0.0347
0.038429
0.038673
0.031969
0.032704
0.027583
0.02937
0.033153
0.057659
0.055626
0.063635
0.070003
0.069279
0.064798
0.036947
0.064863
0.04935
0.050081
0.050568
0.048343
0.039192
0.047785
0.044434
0.045409
0.039746
0.040861
0.042603
0.036465
0.03729
0.044492
0.043577
0.036914
0.036779
0.046815
0.049285
0.051455
0.04698
0.032524
0.047323
0.034592
0.038007
0.037978
0.033946
0.033537
0.035976
0.034776
0.035002
0.030326
0.031276
0.02743
0.032251
0.026202
0.025804
0.029589
0.027044
0.027666
0.029936
0.025861
0.028588
0.030616
0.028199
0.03683
0.111707
0.113947
0.115231
0.093659
0.096166
0.113788
0.080998
0.110465
0.10628
0.093031
0.093329
0.09182
0.078747
0.116832
0.071475
0.087306
0.087708
0.081882
0.080314
0.0968
0.093107
0.096846
0.067029
0.080474
0.082974
0.081556
0.072014
0.065233
0.081424
0.07377
0.07473
0.050589
0.052147
0.054979
0.057106
0.046789
0.043184
0.043432
0.064905
0.060322
0.057948
0.070902
0.076343
0.068975
0.059056
0.058661
0.059159
0.068144
0.063421
0.088443
0.061336
0.05627
0.051817
0.051806
0.080551
0.076689
0.05144
0.050105
0.069137
0.063255
0.059022
0.052353
0.043486
0.037046
0.037341
0.058399
0.047417
0.058437
0.073467
0.056331
0.050856
0.050242
0.048397
0.049728
0.047725
0.040504
0.041501
0.041801
0.042776
0.060415
0.068672
0.099886
0.099197
0.100881
0.079084
0.086485
0.086889
0.07874
0.091497
0.08167
0.07649
0.064949
0.080158
0.064437
0.070557
0.069802
0.056983
0.051223
0.058069
0.077764
0.076366
0.07819
0.062545
0.06311
0.061154
0.062571
0.074087
0.065348
0.063429
0.057839
0.053332
0.044603
0.046435
0.069059
0.06831
0.082421
0.080139
0.083866
0.064281
0.057222
0.068176
0.070452
0.06602
0.05096
0.063036
0.063741
0.071734
0.045814
0.063719
0.054668
0.052638
0.030882
0.024219
0.019682
0.032865
0.033582
0.032965
0.031405
0.027557
0.032403
0.026112
0.029127
0.042871
0.04155
0.056853
0.047748
0.055753
0.055508
0.056462
0.052687
0.047652
0.047594
0.055567
0.045463
0.036633
0.036171
0.040302
0.041234
0.034221
0.041363
0.046228
0.045956
0.053256
0.05189
0.055637
0.056606
0.054859
0.057978
0.043799
0.043974
0.046052
0.048536
0.055824
0.043689
0.052191
0.043843
0.042518
0.035241
0.036656
0.046665
0.046503
0.047569
0.043154
0.041419
0.045393
0.043146
0.038078
0.038283
0.035533
0.034788
0.033722
0.038589
0.031928
0.029573
0.028682
0.038251
0.035061
0.03437
0.041691
0.044536
0.055858
0.036535
0.036444
0.035496
0.029899
0.025375
0.027529
0.034202
0.043703
0.044152
0.040897
0.039473
0.0402
0.036834
0.032792
0.033973
0.024226
0.024617
0.032509
0.034631
0.034745
0.026983
0.036654
0.037408
0.033791
0.029456
0.027907
0.027224
0.027095
0.028464
0.021175
0.021492
0.023573
0.033911
0.023158
0.113533
0.097037
0.105376
0.081624
0.084977
0.082515
0.086734
0.088471
0.088771
0.06768
0.063005
0.057245
0.057335
0.05487
0.059029
0.072039
0.058675
0.063928
0.083493
0.063896
0.074382
0.043145
0.04282
0.051806
0.06222
0.051901
0.033327
0.033621
0.033815
0.034541
0.047457
0.050396
0.048383
0.058231
0.060482
0.058431
0.037736
0.036237
0.037389
0.039682
0.038231
0.101773
0.102339
0.10891
0.112377
0.106633
0.106902
0.082524
0.083453
0.082752
0.086209
0.103504
0.08945
0.066841
0.086666
0.085058
0.084922
0.075349
0.082385
0.086263
0.079148
0.075731
0.064595
0.068473
0.061263
0.061326
0.060956
0.061444
0.069038
0.070494
0.068368
0.070271
0.068212
0.072318
0.081521
0.095087
0.084156
0.08223
0.085324
0.057942
0.064015
0.058368
0.071293
0.072201
0.069834
0.0798
0.05221
0.077831
0.053109
0.054212
0.05975
0.049321
0.048196
0.044628
0.044528
0.064806
0.066219
0.065042
0.066063
0.066136
0.060428
0.05623
0.050537
0.05107
0.040916
0.041724
0.042346
0.04318
0.043199
0.045218
0.05995
0.038322
0.03769
0.048072
0.039955
0.049485
0.050149
0.036113
0.040406
0.049777
0.048902
0.043593
0.039614
0.038096
0.047284
0.050217
0.048958
0.051128
0.057357
0.069717
0.074672
0.059527
0.061261
0.049934
0.05254
0.052955
0.050696
0.054177
0.052904
0.053782
0.054953
0.053858
0.056788
0.047744
0.043016
0.049923
0.042451
0.048253
0.043108
0.044698
0.04503
0.05092
0.064802
0.064843
0.062513
0.049165
0.045276
0.04247
0.050993
0.044814
0.042996
0.038616
0.037171
0.034569
0.050075
0.051165
0.054133
0.053686
0.052143
0.045733
0.054931
0.03957
0.048116
0.034834
0.042113
0.034012
0.031511
0.030112
0.03032
0.030638
0.032168
0.031088
0.058705
0.03178
0.034554
0.035118
0.040539
0.036174
0.033156
0.027749
0.039484
0.039446
0.051013
0.050026
0.049045
0.040475
0.050809
0.04803
0.04296
0.044429
0.040297
0.040356
0.041634
0.040275
0.041304
0.042938
0.050233
0.04047
0.034583
0.035578
0.035216
0.047707
0.03604
0.038611
0.034481
0.036232
0.038174
0.035235
0.035257
0.036414
0.034985
0.034845
0.034707
0.03937
0.045681
0.046043
0.050422
0.033633
0.031502
0.080425
0.073115
0.09103
0.065389
0.062927
0.065918
0.098353
0.089144
0.085251
0.086298
0.101647
0.09408
0.071752
0.071394
0.070627
0.07472
0.077091
0.079896
0.059933
0.067022
0.063582
0.072254
0.071758
0.071059
0.086195
0.072203
0.073821
0.066024
0.053718
0.074184
0.057151
0.055971
0.054728
0.058893
0.060351
0.055469
0.047483
0.055258
0.050797
0.049576
0.04314
0.047549
0.063935
0.064418
0.066575
0.081116
0.064612
0.067759
0.057349
0.058743
0.056743
0.050726
0.052739
0.053397
0.070849
0.052331
0.047049
0.042156
0.038112
0.041331
0.043653
0.038956
0.043826
0.052918
0.052956
0.05055
0.050761
0.068134
0.050757
0.050567
0.04937
0.059852
0.048851
0.044632
0.0479
0.040641
0.040844
0.039119
0.032869
0.031849
0.032358
0.03836
0.044335
0.038714
0.040671
0.041917
0.056973
0.057227
0.055444
0.057849
0.068574
0.070437
0.071056
0.079813
0.071285
0.045795
0.045133
0.05635
0.046038
0.054802
0.056384
0.059438
0.055458
0.060259
0.040459
0.038876
0.039148
0.046628
0.042776
0.05462
0.042322
0.042921
0.05762
0.064013
0.055411
0.053842
0.055138
0.041721
0.060732
0.038634
0.034662
0.034349
0.033615
0.032826
0.034897
0.045221
0.045442
0.042918
0.046189
0.03544
0.045196
0.041213
0.040437
0.041446
0.010208
0.013801
0.017685
0.009214
0.007401
0.010472
0.009182
0.006448
0.007138
0.007631
0.011301
0.011231
0.010048
0.010558
0.008329
0.02163
0.00803
0.003696
0.028617
0.029317
0.028287
0.028343
0.027769
0.028527
0.028971
0.026631
0.018828
0.020008
0.022783
0.030653
0.024074
0.028714
0.034001
0.022473
0.022931
0.025042
0.02221
0.02467
0.020962
0.024877
0.026058
0.021544
0.022415
0.034098
0.035303
0.035184
0.035075
0.022408
0.02998
0.031495
0.025827
0.026975
0.025644
0.026117
0.038402
0.039677
0.040109
0.044342
0.02739
0.024761
0.036876
0.046208
0.047054
0.047751
0.046634
0.051087
0.056939
0.034589
0.027416
0.028153
0.040265
0.040217
0.04565
0.043162
0.044518
0.042062
0.025892
0.03881
0.039867
0.032302
0.032083
0.028821
0.028653
0.025403
0.026696
0.033068
0.0341
0.034054
0.034128
0.027888
0.028952
0.02981
0.031823
0.022115
0.022926
0.030415
0.031816
0.031367
0.027666
0.032314
0.030719
0.023923
0.022056
0.0224
0.039724
0.04219
0.044157
0.041901
0.051309
0.05371
0.051617
0.052316
0.055215
0.054075
0.060023
0.044614
0.045294
0.045404
0.044533
0.035748
0.037539
0.039852
0.050615
0.042107
0.025564
0.029639
0.038619
0.039166
0.038
0.035048
0.040984
0.039954
0.034418
0.034081
0.038771
0.02847
0.023314
0.023735
0.029697
0.029608
0.039869
0.031013
0.038518
0.043073
0.039284
0.04039
0.042227
0.032792
0.03421
0.042867
0.033038
0.035001
0.029549
0.030908
0.034622
0.0314
0.032722
0.030592
0.021182
0.02251
0.02572
0.034788
0.028032
0.032067
0.027903
0.028988
0.028334
0.027906
0.031122
0.031315
0.032921
0.029701
0.027915
0.026412
0.027894
0.029156
0.025447
0.022999
0.02693
0.021713
0.021399
0.023949
0.026419
0.024303
0.019639
0.018708
0.014973
0.019908
0.016604
0.017131
0.019078
0.019057
0.016342
0.026669
0.027951
0.038911
0.028406
0.020648
0.01862
0.03473
0.034648
0.036603
0.03781
0.036806
0.036297
0.026587
0.020749
0.024802
0.026191
0.024726
0.027674
0.038218
0.027899
0.028077
0.027616
0.031413
0.029778
0.034408
0.025448
0.020104
0.018555
0.020117
0.023796
0.022435
0.020249
0.020911
0.020169
0.02241
0.017274
0.023495
0.022848
0.020649
0.019906
0.020414
0.019454
0.017852
0.015545
0.017678
0.018895
0.021617
0.018961
0.016247
0.019679
0.029713
0.029778
0.037808
0.041451
0.040837
0.038358
0.024895
0.038917
0.029443
0.030751
0.029667
0.028681
0.026172
0.030253
0.026748
0.026876
0.024174
0.025252
0.025492
0.024379
0.021234
0.020603
0.01799
0.023998
0.023909
0.027935
0.027522
0.051101
0.022854
0.023291
0.026227
0.025144
0.036314
0.025316
0.024413
0.02128
0.017451
0.023533
0.020578
0.020868
0.018603
0.019968
0.019274
0.027195
0.029498
0.043046
0.027036
0.020941
0.028298
0.022593
0.024215
0.022721
0.021469
0.023908
0.024406
0.022292
0.020634
0.023906
0.023441
0.024283
0.021364
0.021296
0.018522
0.016039
0.015581
0.029487
0.02757
0.016024
0.017558
0.016962
0.014924
0.01662
0.01983
0.023097
0.030574
0.020582
0.022039
0.033304
0.017663
0.018252
0.027837
0.017502
0.017147
0.019234
0.031219
0.018407
0.018453
0.0174
0.017616
0.023298
0.019914
0.014149
0.01426
0.106291
0.111837
0.114364
0.093594
0.107153
0.095195
0.075999
0.099212
0.098861
0.094584
0.091595
0.089314
0.073951
0.0775
0.067898
0.084148
0.086296
0.119216
0.091049
0.102896
0.095519
0.098433
0.067282
0.08014
0.080905
0.079526
0.05912
0.061054
0.072502
0.068876
0.070546
0.052649
0.062836
0.05828
0.05138
0.040593
0.059539
0.109298
0.057009
0.077719
0.065443
0.067067
0.060118
0.064095
0.061235
0.056646
0.058278
0.058653
0.049417
0.07492
0.073872
0.062236
0.049563
0.058771
0.05827
0.056867
0.039676
0.051514
0.035958
0.055096
0.046955
0.070247
0.057432
0.058114
0.050483
0.050077
0.048644
0.04622
0.047162
0.050024
0.06447
0.054868
0.094725
0.104258
0.112979
0.086183
0.082923
0.080794
0.07315
0.060485
0.085313
0.07969
0.080828
0.072952
0.052837
0.049219
0.061953
0.067257
0.067384
0.053554
0.075588
0.075257
0.074915
0.060014
0.058602
0.058203
0.060973
0.063145
0.060885
0.060477
0.042541
0.048397
0.048462
0.042889
0.081413
0.070169
0.081412
0.094942
0.081845
0.07195
0.056299
0.06789
0.088138
0.066986
0.052147
0.064151
0.062908
0.062681
0.043658
0.055835
0.055296
0.053139
0.026656
0.024441
0.015984
0.034075
0.034222
0.031503
0.029671
0.026052
0.02527
0.038986
0.036465
0.044708
0.044429
0.060803
0.053404
0.054035
0.04741
0.066423
0.044922
0.045816
0.042957
0.034118
0.047445
0.034854
0.030454
0.044828
0.044668
0.052775
0.060986
0.054691
0.054637
0.054033
0.065498
0.042867
0.043604
0.04331
0.043781
0.043035
0.040736
0.036498
0.045949
0.047515
0.046669
0.049029
0.044957
0.052155
0.043744
0.040308
0.048745
0.037683
0.031372
0.031717
0.029137
0.026551
0.026266
0.03402
0.032471
0.062841
0.04133
0.041292
0.036722
0.033666
0.033238
0.028554
0.023074
0.022725
0.034291
0.045095
0.044027
0.043412
0.039076
0.039292
0.037076
0.032432
0.030572
0.029875
0.030272
0.028104
0.03709
0.036942
0.033681
0.027435
0.029296
0.029367
0.027158
0.026478
0.020161
0.019596
0.088219
0.082609
0.05983
0.054999
0.043214
0.053692
0.050342
0.03202
0.031038
0.032004
0.042793
0.041696
0.048857
0.036989
0.042262
0.03876
0.0972
0.097611
0.097415
0.100385
0.115873
0.095317
0.082515
0.079717
0.082857
0.094817
0.09572
0.077442
0.066343
0.091522
0.083307
0.073479
0.073603
0.08039
0.080751
0.077343
0.073249
0.061637
0.072953
0.058155
0.059027
0.078624
0.05689
0.066762
0.068858
0.081374
0.071569
0.071272
0.072889
0.081933
0.084769
0.099888
0.082669
0.085567
0.06257
0.058725
0.057876
0.071675
0.070926
0.072086
0.068841
0.142828
0.051573
0.049982
0.064734
0.054306
0.047762
0.060668
0.060588
0.064985
0.063724
0.06411
0.056441
0.040975
0.043947
0.041513
0.04249
0.050169
0.043681
0.044799
0.036892
0.034955
0.038086
0.046464
0.045273
0.047587
0.052663
0.047697
0.051371
0.056594
0.060731
0.06224
0.057981
0.062775
0.049551
0.052204
0.05417
0.050053
0.065894
0.048164
0.058196
0.050822
0.051545
0.052733
0.045056
0.047381
0.048156
0.04696
0.062119
0.059023
0.058011
0.041106
0.042874
0.042698
0.044977
0.048686
0.047919
0.050926
0.051858
0.050235
0.045634
0.033941
0.039157
0.037828
0.032325
0.031354
0.033471
0.037337
0.040605
0.040014
0.05434
0.05101
0.051932
0.050738
0.039984
0.053125
0.041406
0.04344
0.044078
0.040043
0.039605
0.049642
0.03867
0.039206
0.035864
0.036664
0.033362
0.032977
0.037147
0.036355
0.042908
0.043486
0.082299
0.082363
0.086133
0.086058
0.085257
0.101701
0.064165
0.061323
0.066127
0.066801
0.068023
0.074443
0.071801
0.068013
0.060286
0.051882
0.084437
0.069328
0.073286
0.069473
0.070807
0.072474
0.062647
0.054361
0.055063
0.043871
0.041706
0.052952
0.053216
0.052964
0.096077
0.056564
0.050567
0.044853
0.061144
0.061136
0.062849
0.063014
0.063727
0.071331
0.042966
0.038775
0.04766
0.046951
0.050709
0.050788
0.050079
0.044422
0.048332
0.050098
0.048192
0.044882
0.045309
0.049519
0.047447
0.035932
0.03151
0.037997
0.04121
0.043202
0.03912
0.037249
0.037595
0.0395
0.055463
0.05846
0.056075
0.062405
0.084404
0.07036
0.071476
0.068144
0.071768
0.044659
0.046946
0.044252
0.045696
0.058808
0.067391
0.061632
0.056092
0.058145
0.050108
0.043015
0.053213
0.06152
0.055894
0.054752
0.053601
0.093019
0.039776
0.035743
0.036835
0.034204
0.045387
0.045594
0.044453
0.042777
0.048205
0.033778
0.011153
0.013634
0.009656
0.010325
0.010234
0.023589
0.007974
0.007142
0.006957
0.010982
0.004735
0.02756
0.030231
0.028437
0.028425
0.02781
0.028529
0.02903
0.025454
0.025141
0.0201
0.025617
0.023584
0.025882
0.027138
0.026867
0.022642
0.021075
0.020078
0.018951
0.029404
0.030159
0.043852
0.028156
0.032218
0.034071
0.032599
0.031664
0.034961
0.037757
0.038061
0.040156
0.043145
0.043578
0.045773
0.05129
0.046161
0.052097
0.037429
0.046596
0.030498
0.028358
0.034593
0.036669
0.035391
0.043397
0.044833
0.041289
0.038327
0.032081
0.033185
0.031412
0.032584
0.027725
0.025962
0.0269
0.02789
0.028464
0.026835
0.024823
0.026165
0.038833
0.042172
0.041547
0.04174
0.04905
0.052738
0.052162
0.050954
0.064545
0.037571
0.044792
0.050244
0.040998
0.041332
0.03413
0.034432
0.033943
0.032647
0.036694
0.037551
0.037751
0.039317
0.044504
0.034144
0.031845
0.033611
0.029695
0.030785
0.030675
0.031486
0.037076
0.041978
0.039908
0.039527
0.041963
0.031471
0.033722
0.032685
0.032954
0.04405
0.031274
0.034542
0.034118
0.038905
0.02795
0.024589
0.022438
0.02809
0.024815
0.036776
0.028512
0.028887
0.030443
0.030111
0.030652
0.026786
0.026105
0.02533
0.024599
0.024099
0.019828
0.018247
0.018206
0.014762
0.01655
0.021188
0.022961
0.023094
0.027743
0.024182
0.026675
0.036412
0.025057
0.031136
0.039884
0.035489
0.033866
0.034763
0.033658
0.026416
0.025521
0.038828
0.023405
0.035812
0.02324
0.020342
0.018288
0.022199
0.02546
0.025446
0.028016
0.028154
0.026663
0.033395
0.023726
0.024744
0.017442
0.019325
0.016863
0.030099
0.03112
0.036448
0.041802
0.040277
0.036821
0.025559
0.039616
0.029172
0.0298
0.028565
0.028387
0.026404
0.029485
0.023019
0.021683
0.025822
0.024673
0.022749
0.023059
0.023544
0.023321
0.023528
0.020922
0.02247
0.027231
0.029842
0.02891
0.027107
0.020987
0.027933
0.021407
0.024502
0.024964
0.02254
0.020118
0.025071
0.023097
0.022878
0.023846
0.020891
0.020549
0.020749
0.017692
0.017022
0.017599
0.01715
0.01348
0.030437
0.018528
0.018591
0.038849
0.022012
0.019671
0.019331
0.016117
0.016178
0.016766
0.019884
0.085989
0.099074
0.08845
0.070607
0.075065
0.076527
0.064215
0.069853
0.073066
0.070449
0.072647
0.070289
0.057509
0.057047
0.053103
0.056946
0.059172
0.071962
0.073839
0.072863
0.056608
0.062638
0.061713
0.051116
0.06562
0.050241
0.055757
0.053676
0.054506
0.051633
0.052042
0.051649
0.044951
0.043162
0.041065
0.042317
0.041774
0.045645
0.043924
0.041569
0.041997
0.059918
0.059901
0.071315
0.072135
0.082333
0.047376
0.05742
0.058495
0.064694
0.047125
0.046938
0.056512
0.058872
0.060404
0.038256
0.045737
0.045959
0.047491
0.042882
0.044078
0.049674
0.073856
0.048911
0.027049
0.026028
0.033975
0.032534
0.032448
0.034079
0.026143
0.036298
0.037016
0.037047
0.04403
0.0493
0.04579
0.032231
0.034114
0.035087
0.038625
0.03896
0.039864
0.041122
0.057926
0.053627
0.035268
0.046934
0.054897
0.034125
0.033273
0.044984
0.041037
0.038907
0.021978
0.027908
0.029525
0.023701
0.025839
0.038739
0.037103
0.036981
0.050094
0.02507
0.026913
0.023312
0.031469
0.031406
0.030006
0.030998
0.032138
0.026334
0.031863
0.030672
0.030439
0.032294
0.025888
0.027938
0.040334
0.042631
0.042864
0.030911
0.032711
0.035046
0.02186
0.024665
0.024267
0.024699
0.025234
0.023552
0.026356
0.021076
0.022914
0.026798
0.027456
0.034261
0.035721
0.036651
0.028654
0.027189
0.029965
0.029769
0.028988
0.031292
0.029389
0.032791
0.032301
0.023807
0.027515
0.029133
0.031523
0.032689
0.02441
0.022252
0.019591
0.020968
0.021325
0.021055
0.034447
0.029156
0.029466
0.024311
0.034128
0.026969
0.028073
0.026114
0.016044
0.018129
0.018344
0.015738
0.017795
0.015966
0.016616
0.01728
0.014812
0.021498
0.024767
0.025409
0.025125
0.019683
0.020937
0.020819
0.020494
0.02116
0.021158
0.023152
0.02269
0.021354
0.018851
0.021229
0.022182
0.021873
0.020923
0.02175
0.021221
0.020435
0.087954
0.074314
0.067533
0.057603
0.072412
0.058451
0.046128
0.04305
0.051609
0.072635
0.05462
0.047613
0.036844
0.036169
0.044535
0.0467
0.048303
0.047643
0.05245
0.052568
0.051988
0.041492
0.042699
0.041909
0.037278
0.040874
0.039398
0.037018
0.030822
0.035359
0.03786
0.03023
0.053356
0.055764
0.063173
0.048215
0.055283
0.043435
0.036976
0.035316
0.038967
0.043885
0.054782
0.036066
0.029276
0.026976
0.033471
0.03592
0.034325
0.028233
0.047065
0.045339
0.034486
0.042327
0.046937
0.039368
0.025381
0.026638
0.024374
0.027657
0.027814
0.027149
0.043401
0.028775
0.029168
0.02934
0.031369
0.030633
0.029718
0.019186
0.018784
0.018832
0.019713
0.024479
0.023669
0.021735
0.050774
0.042995
0.04893
0.056786
0.049936
0.033407
0.03354
0.044948
0.054496
0.044327
0.029915
0.03855
0.03926
0.039099
0.028304
0.043702
0.032359
0.032994
0.045344
0.030425
0.039584
0.040757
0.04296
0.028508
0.026039
0.041828
0.032646
0.033305
0.024467
0.038941
0.030843
0.032557
0.01965
0.024871
0.025272
0.024662
0.009088
0.010483
0.004564
0.012969
0.012264
0.012518
0.01202
0.008759
0.007323
0.009207
0.007294
0.025592
0.016374
0.016893
0.017618
0.021478
0.023703
0.022148
0.018975
0.022347
0.020716
0.016511
0.012297
0.011269
0.012401
0.009485
0.008779
0.010623
0.009156
0.015348
0.013374
0.018078
0.017803
0.018162
0.014759
0.016073
0.015063
0.026653
0.015854
0.017243
0.013324
0.016121
0.024828
0.012669
0.013756
0.01355
0.013983
0.011085
0.0158
0.017002
0.014576
0.014702
0.029303
0.014798
0.013579
0.01491
0.015007
0.02109
0.01371
0.01176
0.010646
0.011683
0.011746
0.01324
0.011554
0.013039
0.010726
0.019148
0.016163
0.015407
0.015195
0.015269
0.013906
0.007596
0.007784
0.004654
0.007908
0.014332
0.012951
0.013274
0.010725
0.010812
0.012991
0.010584
0.01143
0.007769
0.00906
0.008222
0.008412
0.009017
0.006642
0.011211
0.010061
0.011763
0.011076
0.011668
0.012446
0.011256
0.011359
0.007371
0.009221
0.007238
0.007578
0.009427
0.007783
0.007985
0.008584
0.009423
0.008672
0.009751
0.006952
0.010541
0.007215
0.007674
0.008068
0.012279
0.012278
0.009026
0.010336
0.013475
0.012541
0.010536
0.015299
0.016703
0.020208
0.017381
0.007799
0.010867
0.014388
0.01652
0.014804
0.007609
0.01008
0.008188
0.010729
0.009749
0.010734
0.008546
0.012548
0.00813
0.011436
0.008769
0.013609
0.014677
0.012563
0.007561
0.010787
0.0119
0.01361
0.011353
0.010795
0.012111
0.010952
0.013153
0.02337
0.015128
0.011896
0.014533
0.012061
0.007835
0.007141
0.010982
0.01119
0.010884
0.006809
0.009933
0.010473
0.011338
0.010689
0.010156
0.010708
0.011236
0.011089
0.011837
0.01132
0.009859
0.011736
0.010585
0.00878
0.008374
0.00866
0.00872
0.00357
0.009447
0.008976
0.009514
0.008986
0.004672
0.014487
0.013581
0.012435
0.013652
0.0147
0.0109
0.006397
0.011206
0.010611
0.010338
0.01133
0.010425
0.007038
0.004752
0.003987
0.005899
0.009369
0.00964
0.009467
0.007653
0.008694
0.008371
0.009838
0.007935
0.008767
0.010108
0.017226
0.009064
0.009058
0.006066
0.004666
0.009394
0.00932
0.031125
0.00872
0.007339
0.010307
0.008625
0.007466
0.011074
0.008359
0.008406
0.007559
0.009734
0.004236
0.034135
0.036118
0.033305
0.054151
0.041316
0.040229
0.08619
0.075112
0.080269
0.05655
0.053899
0.057864
0.060879
0.068861
0.060803
0.061512
0.044043
0.041169
0.042722
0.043077
0.04705
0.043076
0.050871
0.045912
0.034149
0.029707
0.029714
0.030839
0.043673
0.038614
0.049979
0.043759
0.03317
0.031578
0.036898
0.035044
0.023894
0.028972
0.02693
0.022134
0.018639
0.022505
0.027406
0.032568
0.028639
0.028003
0.022549
0.020138
0.028304
0.025007
0.016859
0.023284
0.020966
0.007144
0.009917
0.010064
0.023948
0.00862
0.007613
0.022934
0.022685
0.022253
0.027418
0.027769
0.026222
0.018225
0.033216
0.017817
0.017654
0.020819
0.021697
0.021473
0.016854
0.014512
0.018134
0.016988
0.079945
0.07942
0.079421
0.082786
0.079591
0.077017
0.064533
0.064997
0.068674
0.067283
0.068263
0.06332
0.051676
0.059754
0.071469
0.060956
0.060333
0.074446
0.062274
0.064769
0.059073
0.054384
0.050391
0.048625
0.0606
0.049209
0.046771
0.064255
0.050717
0.062254
0.065107
0.0769
0.063012
0.064748
0.065157
0.069589
0.07796
0.052042
0.051997
0.050854
0.050045
0.051502
0.052846
0.054824
0.052726
0.042691
0.044532
0.046395
0.045572
0.048803
0.04734
0.046453
0.046223
0.048779
0.046738
0.049311
0.045608
0.048167
0.042557
0.076878
0.036761
0.038137
0.041591
0.040885
0.04075
0.038388
0.037345
0.046736
0.035494
0.036294
0.035863
0.036887
0.035416
0.050327
0.052686
0.050161
0.052672
0.060443
0.074648
0.066786
0.070672
0.06431
0.04306
0.040202
0.042887
0.053715
0.054393
0.059
0.053096
0.039644
0.050512
0.039249
0.051651
0.039511
0.041047
0.049931
0.050505
0.049824
0.04659
0.061605
0.044891
0.029547
0.034602
0.032057
0.031465
0.037322
0.035726
0.039736
0.040341
0.037084
0.041494
0.031419
0.038374
0.033255
0.03467
0.035624
0.030998
0.030203
0.026701
0.028808
0.049789
0.040761
0.041201
0.041963
0.041984
0.036896
0.037368
0.030579
0.032338
0.025249
0.037685
0.026926
0.028723
0.026083
0.027987
0.023978
0.024661
0.028295
0.027687
0.029121
0.024111
0.027894
0.025637
0.025669
0.02127
0.040082
0.027775
0.027949
0.028751
0.030039
0.027839
0.029694
0.035168
0.037568
0.037801
0.035968
0.037602
0.029003
0.028705
0.028738
0.029747
0.031139
0.031914
0.029305
0.042799
0.02752
0.02669
0.031926
0.031915
0.034506
0.033508
0.034803
0.029807
0.032428
0.025711
0.026643
0.027035
0.035269
0.0335
0.037009
0.035969
0.037224
0.025621
0.026335
0.033982
0.021972
0.020557
0.019918
0.031272
0.041194
0.044591
0.031799
0.031972
0.02804
0.026942
0.021213
0.02218
0.021656
0.021083
0.020668
0.021374
0.021412
0.020651
0.023759
0.034276
0.017593
0.019344
0.022164
0.018245
0.033916
0.022882
0.029816
0.029539
0.028113
0.024181
0.028532
0.02737
0.022529
0.02352
0.024781
0.021417
0.024011
0.023842
0.021748
0.025607
0.027086
0.02408
0.03389
0.025553
0.021688
0.02327
0.025451
0.025159
0.024526
0.024834
0.021299
0.039264
0.019721
0.021995
0.023595
0.025142
0.024984
0.024311
0.024708
0.022888
0.026398
0.026737
0.025876
0.027455
0.027145
0.026064
0.021852
0.021988
0.032517
0.024294
0.031353
0.033934
0.03148
0.032317
0.032241
0.034246
0.033663
0.031464
0.023969
0.028146
0.02519
0.018896
0.018731
0.017764
0.019695
0.018559
0.019003
0.019098
0.019501
0.022879
0.020715
0.022084
0.019619
0.020124
0.020829
0.021643
0.020808
0.020372
0.018508
0.023106
0.024801
0.026008
0.017999
0.017528
0.01843
0.020121
0.024629
0.021475
0.022726
0.025995
0.026745
0.036471
0.025482
0.026755
0.02506
0.025247
0.024266
0.023184
0.024119
0.024005
0.022795
0.024185
0.024422
0.023753
0.027494
0.021693
0.023832
0.025453
0.024222
0.025169
0.02652
0.026092
0.026282
0.025117
0.021699
0.025775
0.021162
0.024559
0.027625
0.027751
0.027408
0.025207
0.025255
0.023593
0.023259
0.024876
0.017031
0.018037
0.018918
0.019041
0.019221
0.018047
0.016044
0.01932
0.018954
0.01782
0.023945
0.022735
0.022325
0.019831
0.018013
0.023762
0.024913
0.023402
0.023992
0.024095
0.024381
0.02364
0.02464
0.019834
0.01774
0.025127
0.025047
0.036152
0.027083
0.025123
0.027653
0.007684
0.007733
0.006777
0.007338
0.007187
0.007513
0.006967
0.007465
0.008479
0.007817
0.008064
0.007916
0.007355
0.007549
0.007118
0.007303
0.007528
0.006858
0.003539
0.018301
0.017868
0.015881
0.016329
0.020916
0.019085
0.021537
0.020978
0.030539
0.017977
0.02102
0.020906
0.01555
0.018959
0.019101
0.020294
0.02743
0.017504
0.018598
0.017994
0.023412
0.022927
0.037609
0.018598
0.018449
0.017594
0.015244
0.018768
0.017609
0.017987
0.017116
0.01572
0.017468
0.016954
0.018837
0.018252
0.017579
0.017826
0.016968
0.0183
0.015005
0.0169
0.016118
0.017381
0.018121
0.019434
0.024706
0.023876
0.020346
0.018559
0.019928
0.016079
0.015146
0.015364
0.053811
0.051073
0.053239
0.045455
0.042337
0.045969
0.047749
0.036337
0.037645
0.032056
0.03146
0.032438
0.068322
0.058083
0.055293
0.059215
0.058889
0.054229
0.03754
0.034248
0.047362
0.046033
0.046994
0.061171
0.060638
0.04333
0.039034
0.035781
0.045838
0.045317
0.045452
0.046119
0.048087
0.043833
0.054513
0.030501
0.026552
0.030115
0.029655
0.036265
0.036186
0.037541
0.038074
0.03831
0.03351
0.032016
0.044703
0.04337
0.044177
0.043697
0.042963
0.041708
0.045642
0.032216
0.02616
0.024235
0.032083
0.032427
0.033473
0.033061
0.033525
0.029512
0.024049
0.024552
0.03011
0.030851
0.031023
0.030086
0.030058
0.030598
0.030159
0.024621
0.025512
0.025479
0.022053
0.025765
0.03047
0.030685
0.029102
0.040104
0.026641
0.040219
0.019975
0.020599
0.042482
0.042103
0.04434
0.044647
0.041617
0.045015
0.045148
0.034096
0.033972
0.028523
0.024721
0.033816
0.033823
0.034885
0.035502
0.03533
0.031051
0.029627
0.028932
0.032367
0.030547
0.039657
0.033778
0.034252
0.029592
0.028438
0.021113
0.018401
0.024376
0.023856
0.026896
0.027892
0.026528
0.028213
0.02802
0.023681
0.029753
0.027699
0.032235
0.030933
0.030066
0.030773
0.029386
0.030829
0.030654
0.030699
0.021209
0.021879
0.023456
0.022667
0.02573
0.026266
0.023632
0.017979
0.015077
0.022022
0.02216
0.022733
0.024421
0.023532
0.015418
0.017466
0.027665
0.022032
0.024528
0.034489
0.020912
0.028365
0.022048
0.021146
0.020406
0.020999
0.015258
0.017147
0.01201
0.009777
0.009731
0.009473
0.010624
0.008653
0.010561
0.012891
0.011289
0.011742
0.011584
0.009971
0.007774
0.006977
0.032072
0.034409
0.03281
0.03358
0.039833
0.04274
0.044749
0.041193
0.042695
0.02948
0.030122
0.029139
0.029615
0.032984
0.035156
0.037903
0.047276
0.052696
0.022877
0.021407
0.02461
0.025194
0.024015
0.025501
0.028301
0.033211
0.031675
0.030179
0.033086
0.026027
0.033908
0.024206
0.024877
0.022347
0.0236
0.02233
0.021575
0.026481
0.026368
0.025068
0.029574
0.021485
0.022466
0.026243
0.02361
0.025205
0.025775
0.02407
0.03018
0.031348
0.033453
0.029799
0.033054
0.030637
0.021256
0.020626
0.020681
0.038205
0.028816
0.027514
0.027814
0.025546
0.016244
0.016427
0.018851
0.018792
0.016444
0.017837
0.021364
0.022439
0.021814
0.021789
0.024146
0.018643
0.02289
0.023721
0.008709
0.009135
0.008957
0.004827
0.015681
0.019352
0.020521
0.018699
0.018869
0.01548
0.017187
0.015257
0.01534
0.00999
0.007394
0.008327
0.007751
0.00826
0.009034
0.008505
0.009638
0.008352
0.008453
0.009899
0.007751
0.008657
0.009553
0.00591
0.005555
0.005547
0.00649
0.005784
0.005587
0.005585
0.005755
0.006517
0.005418
0.003573
0.015285
0.01301
0.013018
0.010849
0.011393
0.011238
0.008068
0.01089
0.009826
0.004896
0.017266
0.01445
0.014576
0.01197
0.008876
0.009723
0.010881
0.021369
0.022859
0.018491
0.020687
0.019836
0.015613
0.010821
0.012597
0.015079
0.019719
0.021946
0.016442
0.019942
0.01771
0.01496
0.017283
0.017065
0.008176
0.012539
0.013345
0.012311
0.009226
0.00676
0.010378
0.012917
0.011598
0.010554
0.012392
0.011137
0.008773
0.023435
0.01075
0.008566
0.009134
0.006441
0.009075
0.008998
0.008642
0.009612
0.007458
0.011048
0.012733
0.011926
0.010932
0.014826
0.01561
0.015602
0.015732
0.014582
0.012596
0.013528
0.015361
0.013353
0.013131
0.015392
0.014789
0.012179
0.01509
0.013165
0.013749
0.014612
0.013369
0.008653
0.008893
0.009686
0.011113
0.011981
0.013901
0.012453
0.011252
0.011792
0.01129
0.01238
0.010948
0.008708
0.010797
0.00932
0.008831
0.0118
0.012439
0.012806
0.012246
0.012296
0.015386
0.010829
0.01147
0.011127
0.010856
0.010966
0.015055
0.011782
0.011864
0.009911
0.013049
0.010522
0.010994
0.010577
0.01591
0.010433
0.014566
0.01469
0.008938
0.008969
0.005303
0.005899
0.008057
0.008716
0.00929
0.01078
0.008961
0.011974
0.009167
0.008822
0.008862
0.009867
0.008707
0.007677
0.005986
0.003601
0.007424
0.008495
0.008172
0.005982
0.006489
0.005539
0.006074
0.006727
0.002937
0.009509
0.010691
0.009903
0.008255
0.007185
0.005075
0.015306
0.016804
0.019596
0.013981
0.013711
0.010893
0.010473
0.005614
0.004588
0.006147
0.011515
0.014264
0.012582
0.012192
0.011569
0.00894
0.011909
0.011607
0.011827
0.009406
0.009025
0.010653
0.010755
0.008634
0.00753
0.004002
0.005397
0.006087
0.007054
0.006081
0.006416
0.00328
0.007692
0.007533
0.020314
0.011873
0.011214
0.010463
0.011746
0.012852
0.009159
0.009171
0.009332
0.009032
0.01024
0.011045
0.011795
0.013242
0.011064
0.011091
0.009787
0.010033
0.010005
0.008982
0.008568
0.008298
0.00903
0.010773
0.008659
0.007157
0.007333
0.007068
0.007989
0.00742
0.005466
0.005385
0.00615
0.003085
0.009637
0.01029
0.009175
0.010718
0.010595
0.010113
0.004308
0.011383
0.016426
0.010687
0.010379
0.010465
0.009743
0.01052
0.011127
0.0116
0.01017
0.009992
0.010863
0.010705
0.009837
0.009502
0.011056
0.016268
0.010218
0.010888
0.015869
0.010839
0.011774
0.010901
0.010884
0.010583
0.00872
0.006889
0.006899
0.006648
0.006549
0.006904
0.021243
0.005824
0.006284
0.00608
0.005809
0.005785
0.0198
0.005482
0.006983
0.006787
0.010455
0.010489
0.008168
0.00524
0.009793
0.005624
0.008942
0.009023
0.00816
0.007914
0.004709
0.00846
0.009382
0.006686
0.00655
0.011285
0.011024
0.010789
0.010403
0.011917
0.009728
0.014786
0.014092
0.008484
0.010615
0.024645
0.016178
0.015563
0.015405
0.014747
0.015014
0.011628
0.008941
0.017915
0.015455
0.012927
0.012202
0.007061
0.016991
0.010227
0.007682
0.013501
0.014273
0.014125
0.012896
0.013045
0.01107
0.00868
0.008524
0.006179
0.006764
0.005482
0.006009
0.006423
0.006226
0.007391
0.00823
0.007174
0.007584
0.006561
0.006921
0.007572
0.007709
0.008025
0.006407
0.009193
0.010329
0.008864
0.00993
0.012304
0.013666
0.013981
0.011992
0.012739
0.0109
0.0081
0.011466
0.020054
0.010749
0.010814
0.008632
0.011109
0.008868
0.009357
0.01195
0.012714
0.012492
0.012982
0.009878
0.012005
0.011055
0.011288
0.011419
0.012237
0.013469
0.0152
0.012115
0.011898
0.011489
0.012888
0.013605
0.014514
0.011423
0.007261
0.009271
0.020808
0.009295
0.010588
0.011103
0.011376
0.011137
0.011572
0.009752
0.008235
0.011363
0.011007
0.010846
0.010586
0.010313
0.010071
0.008528
0.011157
0.010536
0.008476
0.010589
0.011861
0.010369
0.011054
0.010931
0.010061
0.014153
0.012263
0.014745
0.00968
0.013733
0.011702
0.012136
0.014536
0.015377
0.012518
0.011343
0.014363
0.010745
0.011177
0.011371
0.012012
0.011627
0.011118
0.01089
0.00686
0.004427
0.00686
0.00815
0.006371
0.006273
0.007386
0.007798
0.006434
0.006187
0.006195
0.00358
0.012997
0.012201
0.014292
0.013585
0.027329
0.011609
0.011465
0.012887
0.012955
0.011801
0.011031
0.011636
0.008627
0.009898
0.006738
0.003226
0.005685
0.011245
0.011055
0.012692
0.012184
0.010676
0.011564
0.010537
0.011141
0.012731
0.015755
0.011688
0.01592
0.014954
0.01139
0.011037
0.010716
0.006863
0.007535
0.010002
0.010515
0.004276
0.004493
0.009541
0.009458
0.008438
0.009093
0.009007
0.008512
0.005689
0.01097
0.010353
0.010533
0.006872
0.012672
0.009168
0.014579
0.011555
0.010914
0.008459
0.008487
0.010589
0.0103
0.011314
0.010195
0.010474
0.010484
0.021676
0.010719
0.010284
0.010254
0.005612
0.012536
0.012394
0.011226
0.012169
0.013838
0.011303
0.005939
