75979
77597
77691
77829
78151
78897
78960
79024
79228
79458
79586
79617
79622
79642
79656
79667
79721
79094
79620
79742
79742
79682
78790
79263
78384
78868
78822
77713
78548
77855
77656
77231
74797
100684
100719
101992
102129
102138
102284
102515
101348
101576
99456
101574
101564
101467
101538
101562
101393
101562
101385
101552
101305
101549
101008
101325
101146
101533
101379
101508
99700
99596
78798
78821
79111
78197
78213
78387
78381
78377
78105
78269
77836
134511
14705
14678
25234
8448
159964
168244
172513
172614
175899
176502
177879
176631
176630
176626
175825
174971
176575
173969
176012
173080
166506
174566
171506
168957
158891
162221
162095
24798
24564
256
25052
51031
51396
51718
50039
53801
535
25456
40906
40296
42524
9991
10586
10745
10885
10837
10609
10405
10007
9794
9788
10058
9749
9833
9823
9746
9599
9533
8831
9276
10186
5933
6058
6000
41434
42273
42256
42705
41540
42934
6071
6145
91872
90477
91314
91519
91660
91957
91976
91074
91074
88724
91062
88881
89563
12156
12956
19756
19973
19799
6101
42830
4759
8948
1187
1016
1346
42319
6070
19487
2825
184
46734
47720
4586
5899
91358
41905
90565
10905
42786
42879
2691
91921
1562
87301
91583
87772
763
89891
90275
90052
19499
41873
2676
90509
12256
2455
42632
91917
18022
91970
12726
17971
41631
87066
5597
2631
37395
90960
5366
2827
19895
2830
42932
40560
5753
42932
39711
40223
40260
36386
40291
39883
39770
39017
38778
38335
38995
38207
38662
39325
39177
39575
39397
38616
37608
37578
39443
39575
36703
39575
39651
38228
40325
40325
33925
39092
38494
39337
38627
38865
39398
39725
37559
37445
39874
40325
35519
40073
39861
38100
37534
38988
39868
40275
39901
39934
39838
40133
40058
39394
39471
36738
29676
40325
37612
31490
31577
40197
39365
39601
38979
38692
39106
38372
40325
35991
39099
37814
36432
38970
40159
36938
20090
918
38952
39968
36678
38874
39994
36967
37475
37712
39266
39860
39817
39826
39564
40325
922
925
762
756
763
916
952
961
763
968
965
961
956
191515
192311
192439
192851
192962
188969
190812
191479
189628
191477
191219
191236
191216
191094
191219
1306
153484
153586
153914
152612
154016
20180
20340
