75910
77535
77656
77851
78106
78855
78917
79006
79206
79400
79571
79593
79598
79633
79663
79683
79736
79095
79610
79693
79654
79511
78564
79007
78392
78900
78870
77692
78544
77918
77704
77332
74827
171069
171115
173240
173540
173566
173883
174263
173857
174083
170249
174005
173805
173652
173719
173735
173428
173677
173183
173418
172996
173351
172156
172753
172293
172916
172545
172741
169311
169020
134204
134258
134848
134490
134487
134790
134659
134602
133715
133397
132704
134887
24976
24733
25003
8362
272988
286515
293788
293922
299045
300288
302524
303005
302773
302416
300197
298789
300455
295642
298908
294376
283760
296815
291664
287306
270380
275493
275240
42747
42308
467
42921
87423
88076
87524
84319
91976
1043
42921
66973
66005
69427
9994
10593
10739
10894
10805
10607
10423
10006
9794
9803
10032
9721
9811
9802
9704
9549
9480
8776
9187
10186
12416
12613
12671
41703
42172
42188
42661
41710
42921
13179
13246
91837
90764
91312
91489
91618
91948
91976
91871
91770
89117
91286
88880
89551
12190
13091
42238
42747
42703
13104
42786
10286
41177
5209
2038
2637
42291
13079
41710
13007
879
46927
47755
10076
11912
91231
41984
90613
11092
42797
42871
11552
91908
1961
87833
91582
87554
1654
89806
90182
90780
42009
41796
12391
91000
12269
4170
42735
91904
40093
91968
12355
39244
41589
87175
11995
12147
37528
90956
11546
12741
42533
12978
42921
40611
11847
42921
39728
40244
40287
36356
40173
39787
39783
38979
38765
38333
39348
38281
38753
39532
39462
39578
39392
38651
37585
37542
39563
39578
37062
39578
39835
38246
40325
40325
35771
39061
39081
39321
39111
38877
39426
39730
37520
37483
39882
40325
36148
40068
39993
38069
38103
39369
39856
40277
39890
39923
39903
40051
40047
39444
39438
36820
29853
40325
37636
31448
31529
40221
39363
39575
38951
38691
39086
38341
40325
36029
38978
37972
36456
39139
40186
37698
20197
924
38951
39981
36624
39266
40000
36998
37426
37714
39247
39871
39808
39819
39806
40325
1650
1652
1301
1301
1301
1651
1725
1734
1301
1740
1744
1740
1731
325944
327234
327569
327888
328064
324079
327152
327982
324656
327650
327186
327186
326887
326162
326124
2166
261476
261736
261980
260436
262116
33690
33691
