17089313.997781295
2691939.532955823
14130747.971743993
2766233.4266922367
17905849.310239024
14006091.763048353
17956756.41243313
14309651.023586815
14290303.687080361
14100771.441399079
14309651.023586815
17706766.571682055
17465188.35792269
17669466.540673595
17317099.174761202
17699303.661088683
17874070.451524224
17871120.817554913
14210885.757225204
17874070.451524224
2757028.334496887
17874070.451524224
14210885.757225204
14424286.315722479
2805266.1529054595
954309.7538936114
18122740.999999996
18392704.534485873
13375477.066918869
19079695.41399984
19120518.83482511
19362556.440403502
19361476.282193244
19361621.255474005
19362514.0
19362646.0
15156275717.484507
420414299.62137985
80445415605.22108
77826672205.7329
78930385484.83502
15480695144.004303
79125546981.09523
80041520813.59918
25579315867.325714
124443315.15854652
60931646370.47029
62801275325.12535
4018367893.9683743
1796947.9239649454
156440.0
1717812.2948607057
1956734.0
1956666.4905497674
1907566.5259012338
1796947.9239649454
1414210.0
1796947.9239649454
1956734.0
1741075.6356293901
154965.0
1563684.1368286372
1610173.2782110008
1806973.1692546583
1902167.5179405105
1584701.0700222703
1414210.0
1619515.2182816656
1956734.0
1741075.6356293901
1563684.1368286372
1902167.5179405105
1619515.2182816656
48736222.54019349
31432212.75242719
69454626.02510951
31139526.241991427
48736222.54019349
2445408.0
31432212.75242719
26716576.36060867
2218606.1428571427
69454626.02510951
28361868.528236758
36409037.0
31139526.241991427
72322854.0
1796947.9239649454
1717812.2948607057
1907566.5259012338
1796947.9239649454
61089965.86520648
62421290.929583706
69742105.64111108
66298681.51619689
61089965.86520648
3075233.0
62421290.929583706
65985562.73966883
2293323.0
69742105.64111108
66266593.28169231
36409037.0
66298681.51619689
72322854.0
1724503.0632141756
19307.0
1393668.847635829
1129035.831520885
2837188.6653218865
2720368.815095539
2990953.9474364496
842540.0
3593666.5890050987
3613412.0
673218.0
906744.0
896829.1587798854
666422.9347992882
488197.0
906080.2178770634
906634.6315789474
1736500144967.064
4339370277738.9624
4390631789381.5312
7334556822922.881
159256278888.74918
1724503.0632141756
1393668.847635829
2720368.815095539
3593666.5890050987
673218.0
906529.0
892783.0512281217
666422.9347992882
483447.8985050472
906080.2178770634
906634.6315789474
1854162587.7618566
7355181593.856547
4386516664.323469
6332566.854348555
159256278888.74918
15093056.818738608
11365635.296322623
17831149.18517472
22437290.403454825
3896730.0
6886160.0
4399193.033125721
4059362.851998078
3195683.7083879723
6656537.03910078
6905830.631578947
15093056.818738608
193935.0
11365635.296322623
8722846.29927746
278640.5714285714
17831149.18517472
17210934.044937376
3190489.0
22437290.403454825
24744203.0
3896730.0
6905940.0
4417576.568111817
4059362.851998078
3257855.0
6656537.03910078
6905830.631578947
18392704.534485873
19079695.41399984
19361476.282193244
19362646.0
265313759.07869905
420414299.62137985
179652055.03610066
220789886.26890787
56787597.200468436
106132998.38847713
131194340.5774146
78351867.33212075
58073297.048683204
104339.0
1001942.4772907656
62801275325.12535
31622901.996248454
22676959.56797096
24733935.5
24372386.623076852
24785626.0
77364577.88163643
7602680.0
127775530120.49258
23484676901.688488
22676959.56797096
204610.0
24733935.5
22676959.56797096
283071.0
24372386.623076852
24744203.0
3190489.0
24744203.0
24785626.0
18394152.28387159
18856338.128882393
19078465.296999373
19121983.465041827
19364021.070620216
19359689.003197994
19360008.270987064
19364204.05645161
19364220.0
184549.0
134103.21150139594
75118.5250135675
178126.9132467517
192812.33333333334
157609.6646651231
156582.82605613125
183860.87189440994
190509.30016296727
160714.30306295524
165125.33281589134
197591.0
197591.0
140359.67892560683
135094.05799569914
162029.25281308597
33896.0
195228.0
178126.9132467517
157609.6646651231
190509.30016296727
165125.33281589134
140359.67892560683
135094.05799569914
162024.25281308597
33896.0
195223.0
5130719.837736956
5130713.416815624
726513.4409155737
4732619.624240154
2864297.4252421847
6061962.144454014
2867150.7851238847
1648664.737745715
1510981.6222738856
3932180.6885106256
361541.0
6041526.0
4732619.624240154
4973317.333333333
2864297.4252421847
2241221.143962245
234699.42857142858
6061962.144454014
2523267.889072677
2867150.7851238847
5942937.0
6352828.0
1648664.737745715
1510981.6222738856
3932640.6885106256
361541.0
6041986.0
18394152.28387159
19078465.296999373
19359689.003197994
19364204.05645161
5481812.607494573
5499491.775231721
6136271.453024328
5837960.401707873
5481812.607494573
6360869.0
5499491.775231721
5928149.744859438
241893.0
6136271.453024328
5833949.372394801
5837960.401707873
6352828.0
5942937.0
13723253.960492188
12398911.931397052
10835552.660481798
12609223.481859222
14392105.442883054
10853511.067680266
11079905.0801946
16413837.29740065
16457326.0
16457326.0
5015774.49459537
4773417.880733328
5013152.144526329
3975040.920287983
5067349.547052533
5030784.736104748
4827817.980849045
5048150.216697553
5064755.281654377
4111968.0662088115
4948326.449778295
4624648.447342429
4928965.128920898
339921.4259475174
5130728.0
2363841820.7975116
299995391.23708344
3413913975.359322
755396649.4977881
1310190960.7922664
30308385.15155898
61643674.1907646
13723253.960492188
10835552.660481798
10853511.067680266
16413837.29740065
5015774.49459537
668892.5248658336
1063450.4522000994
2987221.1161970575
639203.7585666621
3220744.477600026
1283399.8371413094
4111968.0662088115
4948326.449778295
4624648.447342429
492171.8361112111
1392797.2986825537
187388181.87140504
9170883.966080274
56279294.41569873
22357010.89842908
449261.9023881194
30308385.15155898
1130648.3844367336
5067349.547052533
5048150.216697553
284175.2370996574
1825776.2268577907
1213783.3010018715
2184453.6184541658
4632593.854000891
736816.0
468999.0
787890.0
454961.01134151814
485415.14292125334
596831.9050231942
504968.0
40620.0
769425.5926863991
788519.8421052631
697446.3089425579
906826.0
26425459752.54324
176722127.30111325
1825776.2268577907
4971948.666666667
1213783.3010018715
863441.0175672623
30407.714285714286
2184453.6184541658
2293268.4401943847
4632593.854000891
644574.0
5047162.0
736816.0
468999.0
788534.0
457444.4188546887
485415.14292125334
597094.5181719831
505428.0
40620.0
769425.5926863991
788519.8421052631
724930.0
907470.0
524210640413.02
16908057063.680101
17089313.997781295
2691939.532955822
846711.7766959029
1996656.8355139014
14006091.763048353
1745006.2213704076
14290303.687080361
14100771.441399079
1007775.476613478
1882512.287027908
902378.8780575349
1391191.7771674183
1415757.08402149
1058793.5467339528
3026731.997768348
1043251.1532391654
332499.08832199033
2720073.2100051325
14210885.757225204
5315470.914196876
136515.37928787895
1081743.0641019263
14424286.315722479
149919.51108654545
171555.57247970198
18122740.999999996
18398641.78918921
19082965.983230326
19364539.10151874
19369006.0
118337946.44439758
116902208.86672302
521343999.468042
3688473.4184953603
663857.059992916
8632303.798553202
490809.4266294136
5669964.228651866
21958715.426864587
3116900352.422651
18398641.78918921
18860635.16760143
19082965.983230326
19126457.089528445
17394817.972708456
19364539.10151874
19364913.34595826
19369006.0
19368284.0
19369006.0
118337946.44439758
518117258.45491236
524633774.7997052
18042650.269112777
18132899.584583644
533506783.42182577
16253244.583952948
4878633.240923212
1030922.1682986442
1015395.3880557104
5116801.139069399
16390996.733775694
7501477.811387322
4731014.677233588
16394103.0
7767235.0
16089442.762133628
16000079.765119744
5049781.278395928
16327688.47708032
16297350.571517743
16364035.233804088
16448770.846627746
16448770.846627746
7387678.780684311
33907.0
5151754.0
1032826.0
16635699.0
5927376973.251678
2082449731.2360733
4154758783.110939
98539417.31483938
1094793485798.2195
9603325312.443058
1695284589583.3945
558440173482.5178
12664876756.05396
236023220.81086025
6067656000.921257
781692062.6847333
1243073736.0679767
248887910.39157838
613298495.3830683
28771019.159637492
326314346.7911505
2096258910.3070383
1810119364.6561954
9879767006.748142
12738627511.94063
137241835.40953547
891439466.6226201
259772.35282651073
261184.0
251034.4676891807
56273.183348666804
260807.0
261028.86273654416
261033.56025436276
744032238.5172622
36877105.939706296
6150686.316950861
4305372190.352343
38454542.85161641
543151.7952541085
25579584.75475352
15132535.947074816
28771019.159637492
657142.0638939212
1061021.6304874495
2049829.9404987933
489315.6037064408
636289.7055894048
4023079.608357971
3180915.1738119586
165473074.2963103
26350785.74368693
75057890.12393299
26203774.33307967
9879767006.748142
12147241737.303408
83995883.99999994
855708155.9805651
1122568.3597477265
1300924.0
279515.74646761804
243250.4615451507
1212158.6626217533
1259974.9471385656
1302979.7161574769
1090181713894.5325
3961133293.874134
1147256.3157894737
1304880.0
281666.59985712613
261792.30027600244
1230734.0
1259974.9471385656
1302979.7161574769
1687097697135.6973
69669778217.34142
1501474.9875675358
1015395.3880557104
1530443.4299464338
6041032.073219631
1642559.0505773814
954223.3881125754
1145050.8385044197
138243.34685493482
1960170.0193621083
590030.8110172614
3642.0
1392443.3754305013
1275211.867655157
1070189.2084898802
16635699.0
1775832.4020166548
308986.2922214232
75934.89698792258
1276456.7470997411
1460395.013309429
927136.0888888887
1011688.046073063
16448770.846627746
14997487.14726004
926323.9999999999
15164115.0
16635699.0
1243427148.9506953
76726821.86070946
311772.129927125
235314.0
4031490.696113382
2185544.614129291
68143288.50665407
3269411133.999999
22298879.172800608
6791333.0
93576087.45543505
695513678.7891188
1630369444.0771515
3178481087.6426063
692839551.0505075
3269411133.9999995
468729.82300763915
4300877.350378253
99730.65878669606
4866725.886130443
4526708.424906391
7895.111969702547
11101.0
9416.948614301535
7605.754302593912
10184.0
9021.0
11101.0
4705182.875414918
4179113.138293149
1276867.9624450882
2285176.949030576
1043225.788208877
2260155.9528423385
1389882.9061921276
144793.82303552947
4300877.350378253
85218.13477085398
732685.253957279
4526708.424906391
86298.96637712391
222613.94038644526
77751.11521268109
101955.0
370993.0
473090086.9127115
51869898.424222134
86298.96637712391
222705.94038644526
77751.11521268109
101955.0
371085.0
638328664.8738596
541164085.3652811
1483782.9756110127
4832224.341619565
4749784.2204419635
4722750.613665562
4610989.86242213
435048.6265918579
133877.3694666338
4849318.761477575
4849318.761477575
581516.0339349768
71817.75916092593
1495477.250509171
562664.9338299294
1532327.501303024
4864809.999999999
1782831.7161700197
327585.31096459995
1447534.6941183498
1408799.2178877788
1470731.2401980683
1330465.0423298166
1144882.3473563103
1091280.9808754907
436552.5144312937
447740.80105574406
326164.55161992356
563910.3610083661
439551.149979416
1121796.856338544
354672.34765097196
1530837.5367469955
4740509.638783355
2175611.507048693
126960.33978904963
21120.95287130166
553751.7052870541
34846.840785694156
3670572.403530033
4877623.993674476
4917747.436417131
4885843.540228455
1466164.3972568647
4918164.999999999
495.0
495.0
495.0
495.0
230903.79941600544
431336.6039937046
275107.2857142857
434856.0
75377680.76237305
473522.0321912422
76326699.0
75377680.76237307
780648.5610676322
76326699.0
2062564.2664657293
4722750.613665562
3246074.1540765967
246185.84313611386
69294.3109585575
4187427.857409031
1495477.250509171
187653.59667538584
684962.8450818695
263032.5518854866
585500.0213514804
733041.6702884865
413938.04557692254
1144882.3473563103
218854.3241350882
163027.67797014775
53044.094917908886
439551.149979416
313909.7857316205
354672.34765097196
862693.3437241378
2175611.507048693
35766.54486104856
21120.95287130166
410446.42267273495
4877623.993674474
1353315.9061921276
1177571.3711509875
4849318.761477574
247724.54433941783
23844.711492819188
1905134.583333333
771044.6606666795
1408799.2178877788
447270.93539026304
426049.7289289644
707066.739601449
29903.38842098008
3670572.403530033
1580525.8024487973
4737424.269277748
1466164.3972568642
4918164.999999999
5015412.3969282005
633946.3940715839
1061621.7279801427
1776248.2533724587
1276872.4040740605
635354.0446725345
3824439.7904348853
3722614.365898224
488116.87369029375
2084875.6420278018
2272926.5300779226
1392399.9061921276
1289107.7049235287
4602776.742949229
5130328.0
246748119.90993872
79876854.65620585
335846079.6719161
139562137.46179792
470805038.44777274
23895213.87433545
2119285.524270416
645221561.1631536
920349.747717752
655269352.9999996
265709.0
214745.72484142595
240227.0
29854.49354183745
229915.1505797504
232294.703125
235643.03744627786
238425.17289689038
178941.1945277697
202067.1009545757
156883.19185231085
302679.0
224143.0218812603
239497.0
281795.0
610866712.867973
242863782.07452527
335846079.6719161
621171288.0176607
645221561.1631539
635065804.2763023
4606127.370027699
81663946.42500904
23183265.92610263
655269352.9999996
75934.01199112895
77583.67624240449
73934.49781547682
77832.24632086557
73417.32710548762
70047.84904045865
71014.74707252736
78348.05250682085
69622.09348446256
77568.46533548535
78519.0
63762.6
69183.66666666666
78118.7065608858
78519.0
64949.41853112631
77065.5871255761
69396.78136374928
63720.70623514154
66979.48362720589
71841.78963808833
69990.77950640689
77024.93279918836
66831.85491687806
72799.04440609414
77170.32683535198
79464.0
70826.0
64317.91944252109
68625.25769931804
66769.91257123435
72314.0
60816.883446270745
73544.0
33381.0
70826.0
79851.0
58541.66642620645
72733.33333333333
79851.0
66611.0
50433.0
79851.0
79851.0
69045.01606150033
52359.40455130196
8857.438523609213
78519.0
69440.53286808865
63267.12674913331
73752.22142857143
69099.16776514392
69920.58888888889
79464.0
66162.0911165867
79464.0
77287.95849242652
66260.22588643427
79851.0
73418.11111111111
79851.0
79851.0
79851.0
299334.7701068543
1045932.2411424188
1205376.633184025
1443817.4872597964
719847.0869554854
7688.309185979142
1570812.0
776221.0
870166.9999999997
4071.017894998112
313692.88412486226
4512.9728067809465
1600337.0
3852.5268599401033
280966.0
222891.93255771938
152155.57766497665
698207.2618952084
1600337.0
1592910.9999999995
6862.732111727531
1600337.0
10760.699698317894
1600337.0
299334.7701068544
1584936.4747554692
1521839.9272892014
1564608.0062848404
1592480.0198407318
1592911.0
1566625.2740376827
10812.031272044014
1566625.2740376827
10825.630099278413
7907.389969704287
10886.531371497196
1573962.775721007
1600337.0
687564.6443448904
917738.0
378497.4829593055
915666.8284207726
917738.0
917125.0685954813
540175.1973322192
499417.9795280304
917738.0
915277.9187014329
687564.6443448904
915988.690125007
916679.9254347458
685698.3763976725
19320.0
698057.0
928162.2525497336
928385.8884569104
514839.0
645932.0
932180.0
261325265.94508946
258861160.8743865
62073914.278127596
261983741.62178066
261983741.62178066
4205294.523895094
200751969.4647327
62187993.62362544
238051386.40774933
95992084.8398072
437181.2565828808
199016979.12437057
4299938.9130037865
203957203.58733165
13146247.87173527
13106661.83388696
59715825.759613454
262248777.62879387
59615098.9805752
4268964.969923865
4374577.0
266326181.99999994
1344624.0
995117.9993291537
1315252.749911883
1294484.6039929804
1115977.5809178916
1297757.4230411686
1207631.9420697722
1236417.559762036
1133162.944505394
1059942.8206325937
1209843.3311867751
1345660.0
1273109.3074777965
1130196.3528895825
1767779.6743933454
1767779.6743933454
1919404.0
1919404.0
1713653.6850301202
155732.0
1615676.594121965
1670149.1909817255
1414210.0
1776643.6743933454
1928288.0
1236417.559762036
1133162.944505394
1209843.3311867751
1130196.3528895825
1333620.0200320499
558221.6876090871
625959.6960835694
1167776.558066466
1092946.629528997
1297677.4230411686
1088921.0411490868
1043824.1911835036
1272547.2532022041
1723967.0263098234
1767779.6743933454
1610153.2782110008
1784619.1692546583
1710218.9529314658
154847.0
1509337.0032223593
1516889.816950448
1414210.0
1604518.6089620988
1928288.0
426661.4168383454
625959.6960835694
1015197.1367397358
1092908.291106297
1722712.2114950086
1333646.9097533266
1685198.2595938623
1502179.5428590272
1603198.6089620988
1297677.4230411686
1272531.9107450708
47744844.136936896
45247404.516498856
28931423.989596114
30258675.83873483
558221.6876090871
625959.6960835694
1176790.7987311762
1094882.629528997
13908999.792192236
12140455.603885481
11572175.632966962
10461528.146472104
12954288.194547806
11686025.48446286
558221.6876090871
625959.6960835694
1176790.7987311762
1094882.629528997
12262465.235475555
13908999.792192236
7622065.933449254
9985250.215716654
12140911.182347387
47812604.136936896
26716236.36060867
2218606.1428571427
46693339.183356486
2395022.0
29101618.085793737
25621850.62628087
36409037.0
30329955.83873483
67874782.0
765530.2485796208
1314442.5095935252
1087132.3587686932
1115939.2424951913
1764875.0818007528
1333646.9097533266
1688610.6147602932
1604367.76344737
1773163.6743933454
502868.05429753906
13923869.61722882
2272984.093956104
13895365.705465104
59605580.122585475
45383898.52013418
45843657.85836174
62291870.72228106
998871.9812632293
1324777.7290024897
1328812.0
1117913.5809178916
14233948.0
13933239.792192236
13282907.352532834
11572175.632966962
10461528.146472104
10019256.845165744
12954288.194547806
14374852.0
12166759.235810867
11686025.48446286
60166347.461949885
64789046.73966883
2293323.0
46831533.8338408
2772917.0
46758184.73786049
47975424.62547555
36409037.0
63251742.72228106
67874782.0
685698.3763976725
698057.0
928162.2525497336
932180.0
656337.6294639474
836679.2408232228
149788.4569390089
320891.90870737995
655823.8557022894
917125.0685954813
429209.01627778064
492125.77331243537
551678.2795990997
873039.3266064643
636234.0594000425
915948.690125007
598605.7239118653
19305.0
519988.24331755436
482084.0629080115
528405.4266701502
667020.1480742963
441827.6536821911
514839.0
596235.1893895476
850612.8960474124
573337.4966418351
894667.0
613103.4440729999
932180.0
925394.2413083935
932180.0
13496346743.867117
15557840871.531067
22079370673.02734
522664028.6450921
3416693507.1795645
10621601823.758131
808389545.7884531
5452736678.816191
83426.27501847866
319094.16501287173
645535.1240411273
362592.9902317214
279971.5610597972
487482.4003042686
624376.5744910722
475074.8274459034
908596.2340958378
641043.8896666581
915948.690125007
486025.91510517494
427781.54220254265
595317.8305440042
849824.092221865
567999.7318672363
884710.7528706589
610102.6124555387
62704118.781951524
134988881.5842838
381815.2874425313
522664028.6450921
163894519.56480592
13580466.260981694
808389545.7884531
26681984.70959685
5548501.813446521
4029323.290494523
3465861.3461678643
5866374.420048587
498846.98109120934
13922953.929123858
2272476.2889777143
13895365.705465104
3651297.8049030798
6762219.173530363
3241252.2547035585
2589900.0387886493
4657693.783268312
5215964.42159905
3704826.163996816
6684196.61455
5929944.461434078
309491469.5451521
13993332.553443
119257547218.27087
4418736.850664587
4596026.0
4596026.0
7045203.385835856
7058032.0
7058032.0
185045.33063120276
424912.32296341966
690251.7605376544
798133.6282811514
3839186.9536318695
5311066.814442296
5669214.538286417
4249209.302959172
278640.5714285714
4131552.2521944703
6762219.173530363
3586912.994482598
193081.0
3410757.454784194
3537984.520061948
4165410.3095824346
3911089.5155407498
2823825.1861618133
2818620.0
4671529.368622895
5234134.823880173
3732373.5449658018
6827776.0
5945578.72810114
6000288.968202826
7058032.0
8641608811.845068
26108314951.56475
119257547218.27087
94461.3809592668
310328.24838155287
310328.2483815531
112804.54231647709
127786.4460144287
308697.9756605993
303483.2622388814
304066.0493690844
310617.0
4778628.424231862
3115505.863056557
1664713.4274875175
2164602.064480768
3349475.869046508
4205294.523895094
9829725.35989511
2514025.270171854
3566409.1335666794
1320165.311248116
3640.0
82483.85028273173
203957203.58733165
872912.7818243495
460387.0199188343
4621309.465152615
2691043.5349425217
485682.9318237291
4374577.0
1772906.2417028577
311874.3868428224
4249572.383565812
1309277.3341198475
4052582.6683295807
6582706.848245174
4337853.667032149
4481731.75301719
6869305.0
502364.9920248389
13923869.61722882
2272488.015485469
13895365.705465104
158985731.56893182
1109185669.93671
245911130.50508276
241069.0
1779831.0498191542
180856453.52203953
170026.6180201914
563087665.5077213
1340787.9342661526
62990.78577378601
14160657.9377273
13923869.617228823
14160664.921529364
13895386.181108274
4446819.904006402
6758271.0
6751753.33226579
6751753.33226579
283071.0
4446819.904006402
6774339.173530363
6776409.861737985
4418736.850664587
199486.0
4596026.0
4596026.0
4596026.0
4596026.0
4595306.0
4596026.0
7045203.385835856
7046254.771917099
3595768.0
2818620.0
5080122.0
7058546.0
7058032.0
7058032.0
5245147.0
7058546.0
12143728536.50542
45435652756.69179
51583456687.68266
85531517.12769705
22973003.933071878
58577476944.63237
81091056.14834432
563087665.5077213
423909793.4199669
423909793.4199669
148958.0
127935.01441007752
145227.75682949176
145516.10091911582
148958.0
142792.42227872362
133542.42886929226
148958.0
136723.99028564707
126517.28441622718
118895.22653054271
142179.23178236248
134202.14689404756
125744.40323173106
149080.0
194570.24437296408
194544.0
179237.32637356044
179237.32637356044
170720.29886358217
194544.0
154136.48426293468
194544.0
175426.82566723722
164609.8568925903
164627.82442532133
171068.09429390955
181582.0
40338.0
176477.07533778725
169690.46340428825
179919.32637356044
195228.0
136723.99028564707
126517.28441622718
134202.14689404756
125744.40323173106
182299.0
123487.7109307457
20514.291486669485
147854.54217278396
63396.46099664315
73413.12423069507
133644.7383388544
144932.25606837607
142782.42227872362
123869.62328576214
148958.0
117055.82976491516
142002.42994394182
194570.24437296408
176571.9942177002
179237.32637356044
127977.84431417834
156580.82605613125
181844.87189440994
174381.79451209202
152796.46332961874
156551.5353426471
154658.02929570034
180330.0
32347.72752097074
135119.58912631642
163762.41378683984
195228.0
195228.0
9389.027434063619
11102.0
182104.04736024846
123325.33508597041
19875.433951590072
46683.64524462185
73413.12423069507
117092.73412066097
144910.671462701
176457.9201436261
138840.54240711636
172342.65839929253
152137.47067925922
163642.41378683984
142782.42227872362
141997.58626489236
194570.24437296408
127671.57989588619
155054.48573627925
32324.27355169095
135008.36531268278
195223.0
4642502.496671374
4291150.64835305
2646765.1502135396
2787081.6575551033
498148.9026433815
13922089.169609793
2271721.1641617524
13895025.454918813
1305945.4189974426
1254076.946440409
1286761.9966505403
2903844.276573331
316128.0195923684
1469538.7925940354
6041526.0
1111401.9817367801
1006572.3097077535
1222998.0743028424
1095513.2005028378
63396.46099664315
73413.12423069507
135228.51738410324
145567.25606837607
1181614.3563986789
1305945.4189974426
795888.8528148321
1342308.289644522
961442.9634753768
1254208.2499547577
4648662.496671374
1294979.5774908492
2241187.143962245
234699.42857142858
4405004.041785316
2660728.302863897
3098433.996664644
2285829.272744759
4388650.0
316867.11704799125
1473055.9398075815
2793561.6575551033
5845089.0
6041986.0
6041986.0
85821.61726928616
299359.2018686797
118889.03524207606
298553.39839946304
298214.47137653595
104434.87244340338
284151.44571738795
284913.60062829114
299026.5262134721
501686.0313615745
13923513.81807966
2271811.0470201396
13895025.454918813
5360882.521215517
4327713.553831807
4339197.7820979925
5552939.735066354
14159978.977064036
13923513.818079662
14159987.953064036
13895045.930561982
1343401.0
1308975.4189974426
1250051.8392650425
1342308.289644522
1111401.9817367801
1006572.3097077535
965518.3602410044
1267564.4991808766
1222998.0743028424
1095513.2005028378
1355881.0
5397855.479925793
5125363.568333058
5819699.744859438
241893.0
4441992.108976319
4414039.324670831
4408888.555571335
4542983.124799162
4715252.0
1004395.0
5632444.482933849
5620107.735066354
6041986.0
5845089.0
6041986.0
142322.06027606584
118803.0
89689.25079961635
106716.28467170603
108369.45399757283
22280.985175602218
42897.52851524775
83466.9787748983
144088.0
53691.74335087168
79385.06920390834
142267.01675213675
60946.74999803428
116818.94752843118
118686.30608464073
82339.25255245864
144083.0
77330.05955353656
144088.0
108811.8881821724
67976.23639703651
91800.438994558
57051.1251554966
68797.80234230563
91506.15111945281
110976.0
111004.0
6419.033750141863
109998.84338497638
63101.0487007028
121389.0
109112.48037535604
70522.23880262948
108240.64794158886
146580.0
145878.79920956597
146580.0
117567.94771223038
9507.940775787458
142813.0
146580.0
3174415.0523048365
3913398.0624263873
14780715.648720762
48731775.79765891
3009431.7336396696
14568973.845355133
11592395.968793044
49619065.583912246
5428320.891806111
152876.38877972955
48439509.7753633
12983881.830809359
383432.1422288044
9465592.65128464
1159898.01885271
13631637.19174748
10723050.657533588
1291711.3368349376
15679788.744255224
60650528.867551304
11531.71854129432
79436.45064901533
120728.87415065125
50319.33992478887
45873.91041050854
140248.0192759013
90696.69877296627
91721.88369706346
48586.47351664436
143610.59035207072
148511.46159749827
160900.27781479212
77725.28510940503
166356.203177736
123529.23472596312
160402.27077622362
166359.3852812652
75154.59372378074
107459.2780051089
113499.83211309425
157339.01240535566
107146.00492786165
103039.59561437892
150435.50759116543
134308.23215377444
61410.188529476356
159434.8175368768
9203.074762471399
166362.2077055691
119421.89219801317
406945.9458454957
3913398.0624263873
1265153.2451871769
954671.7380732334
2988578.2320994777
11441491.873976385
2675500.756950651
49619065.58391223
31929.96382402601
152876.38877972955
963797.5134851944
35726.825358646034
2001699.1688668516
460732.99753626593
13631637.19174748
280627.98111299786
172146.65428529028
7674235.551022883
621490.0209742397
434672.9423809888
359597.5647542471
796731.303676141
456226.12446133647
8784702.763501331
2173644.3946357938
12648804.216746645
410445.46596675966
529510.4171882109
451303.972262344
873375.0
357550.2974470667
464495.3195395632
36404.555508446494
559309.5146743206
350896.93080967024
730197.9146585737
647322.4484215424
577292.0040673717
510383.3788435426
557194.6399988722
695099.8490350368
906467.6811503915
267306.3136918943
59824711.00676726
841740439.0161505
96508790.43059294
4136846.9426044705
265750755.29824597
1078049.511695363
3590476093.2263045
128714.38637024899
1000939427.1868734
4097264.369502826
8784702.763501331
9729182.941294398
12648821.965243937
451118.86668725125
555291.7444403858
529635.015621175
633927.4012129961
459278.80583899486
402218.8804821158
30407.714285714286
444563.6741884756
873375.0
427446.528368509
870042.5031075752
394187.95544777473
483217.3583103381
366317.923520984
466878.32229115785
460876.0636406655
606596.0
36449.18920278771
561780.5925054413
354451.3259516913
764066.0
651308.1121578652
580043.1183119237
567386.1068730161
812767.958491565
522852.0
558013.7636187123
695635.0
907357.0
907470.0
591461.4559943274
614678.0
614678.0
907357.0
907357.0
907357.0
9284443771.145937
844876027.1879519
3185018397.8879128
81073570.80477224
1921109533.377735
2587777.798763342
3590476093.2263045
21839416.105592195
4034687923.363562
84761.92905566751
72018.93451007732
61110.73041570252
33056.54193819431
168576.3919310799
64305.95129069146
77048.92999953867
42033.01414536199
129814.14977113773
168576.3919310799
82978.83606603669
168576.3919310799
60761.2376657635
66588.67343196925
75937.30626953367
167025.27086085075
96669.02518811167
168576.16930838977
77486.30644440152
47705.6090400185
53954.721118381756
33562.97746347635
23915.24752439459
130576.56868710581
130576.56868710581
166964.58206276776
157274.83158880257
80561.06667717203
24055.771235401025
103581.48488865001
68277.00769384473
53515.65216989501
14701.110574825663
52105.824221490024
132702.70992484453
55382.58619518146
61415.10093973774
132702.70992484453
17267.93222670552
8147.565929218036
5468.081745298604
4746.3171916397005
171319.96125517332
86409.36627738536
61307.642735868794
33150.03829936056
83507.28595059022
141976.00270235474
57092.264600747556
82785.24735556843
69738.49812511829
171429.99999999997
44724.999999999985
171429.99999999997
312348.79537595715
297652.31123334554
129457.974351271
298803.0827518625
313296.0
1321674.8495086245
243322.11246334668
497925.9200077285
13502542.73385577
3943658.0624948973
2253650.219387169
13362655.631777963
13476473.238954686
1811518.247952008
916050.0197862891
247210.2483305738
2971407.4086758
13563531.631007398
2159942.95701376
876756.6438463571
39856.61635492154
1243998.6665304059
13494.637650605162
1582236.6791702714
283782.88429118186
8827.437452019181
13630092.378718885
10421.287777565198
1818.4147001478557
6780234.2380695455
1490833.4842034553
13835107.049682358
2499.723812352903
595814.8915920805
870886.0
595814.8915920805
870042.5031075752
870042.5031075752
870042.5031075752
32583.0
595814.8915920805
874890.0
874839.0
870042.5031075752
591461.4559943274
614678.0
614678.0
614678.0
614678.0
614678.0
614588.0
614678.0
62168.0
907470.0
907357.0
907357.0
907357.0
907357.0
907357.0
897926.0
522852.0
907470.0
13694969.01144937
13610791.243102146
11594881.021855306
13502542.73385577
11594881.021855306
11594881.021855306
13502542.73385577
13476493.275540084
13500996.60310079
11396275.99258646
13721099.123369636
2993232.4120294973
13721099.123369636
13721099.123369636
876756.6438463571
84374.74413090704
84838.47783674773
11707945.11956027
3040916.588264749
3043757.137347305
13040.285510750833
91398.77757211201
13835107.049682358
98645.63962438364
98645.63962438364
13639895.741066273
13639895.741066273
13861766.999999996
80382.70304753666
75929.57984764857
87847.52773595223
89947.90951978118
89952.03350158842
79859.68394110049
86459.23272093525
69048.72724088845
84918.12958002753
88134.0
84465.42322801072
78005.53310260054
75992.07686796808
72461.65581916264
89953.0
108047.86277725159
105484.43644233908
99165.9965775434
78195.0
8454.0
94977.5711842175
99165.9965775434
108054.0
80382.70304753666
84465.42322801072
78005.53310260054
75992.07686796808
74777.45994121299
48099.96608374809
89927.0
71324.61435950562
86436.11447162589
27096.845023791597
84878.2158327583
77723.92765312528
69944.4906995566
89263.19191012696
99867.38664596273
105227.43025305503
99165.9965775434
78195.0
8306.5
86044.73162456
94752.31274363001
89469.19254960411
87144.41306589184
88813.98264051313
108054.0
11101.0
10184.0
20806899.42250575
1929252.567766077
86436.11447162589
84877.20510582766
791773.2297282512
663145.7610419528
4247262958.70232
139559776.19427812
405608.02256393444
791773.2297282512
663169.8940872157
598001.3591780979
676223.2126462723
723923.4206161621
719407.7713307033
629296.102206876
646311.1909448265
120347.14285714286
4190140.9629092733
1946837.0
127291.5
1707142.3030231677
2491872.3692531823
1694523.0400871306
1513861.8770457471
1455344.3609484835
4343267.0
6167162640.358541
2159648565.804049
723923.4206161621
816719.5844937011
754710.7579450313
798605.2297282512
665370.9466556081
719407.7713307033
629296.102206876
646311.1909448265
602136.4103649654
808960.0
123931.0
4202590.890035731
1946837.0
190274.0
3764569.8776773987
3475858.289172998
3989361.386985965
3992278.4992136536
4343267.0
3713697.5178024992
246566.4528423101
209312.84797534347
265552.7440158464
269114.91067701066
232490.483600616
237209.74008596313
273496.607079143
273930.0
1992608.3664910644
8194797.129114103
41175324.76251626
53908918.661158286
53722008.57285725
50502932.358008005
1704729.1084886785
10693012.363837041
3708967.6878177915
54788536.80767168
222122.19646042734
64993.55993902696
46660.29589485524
216942.46621300612
269427.686192688
269386.9632919108
81639.93011327216
261658.91601881024
10217.146069811348
48034.178095919735
68338.0
1040.5
57574.89291781473
45482.6071536887
91134.72161890476
225070.23561731193
95612.90535992314
66018.2364519824
79008.32650428865
213110.77560631454
71935.92715222987
238425.0
211986.6710469445
83400.90228786643
273930.0
272777.21200021496
96625.88040328509
233885.43780919115
273930.0
27454680.956729937
5074460.392645902
12268789.047339436
3756240.56922533
1533026.3232983751
5142226.078614477
1442950.0015648291
1036156.3015908779
2613221.5116758607
55030638.99999996
136451.43852281183
495.0
529854.0
94563.75122436695
142678.27395237747
81091.87538364125
150010.15614964633
73106.90478942933
492778.4657538187
734871.039870155
41175324.76251626
50235639.98503821
5771650.216517006
25454204.234960858
1387084.9999999995
1385859.157780113
3525091.6682841326
1998177.894936016
21851271.055823203
38565.68290449705
2456587.1056979056
330885.0911649206
441861.24107933807
966342.1866587703
1442950.0015648291
124598.59811111222
296423.32674820337
136451.43852281183
261654.1539050457
46919.975212721176
57507.82336441209
72995.40353300473
187529.33002324405
211332.50604288766
69224.61689036842
220557.56342607102
82030.9040863118
2839146.0
774486.2624507123
772947.5309816103
1132460.1653361954
1308696.0807599835
189120.08204692107
333669.6348268668
474612.1307052501
693034.9420503981
817635.0611763387
233677.97389878944
1024654.8841845046
731350.1570260653
4235930004.2935176
2613988.8338868003
77859.18810941312
59684439.119459756
166703443.620431
855624.1456124206
929455.8500937253
1140444.26975474
15419.571428571428
1008532.8075645892
455635.06016601995
1308758.9085095208
203409.27013828343
164505.0
9646.5
334647.3763262592
622010.7392025638
862776.2025008155
748645.5053872738
442349.4038637506
571089.9380157713
825030.9097232476
236005.8562657527
1150263.0
811811.2965639008
740986.8498788873
1242817.855498359
824340.8533428562
957483.7211584456
1369836.0
1255873.0959335961
1240885.2490724642
1369836.0
1369836.0
1369836.0
1373654.0
6144410254.571181
25825675.965154998
5914329.193201629
315278369.13981044
166703443.620431
62528.76311979119
60456.77816971765
138567.52610335164
22349.34904363274
57915.45123027789
172632.23277828272
129144.53843919869
166213.152688577
137639.4835594592
41531.81163732141
272580.37384837575
41480.279443628984
259352.5400756431
177445.7169803232
23438.58893737763
210673.77059123755
28292.380128131987
168.0
62303.34650640852
53341.079861505525
5513.051419915722
59527.78571428572
42167.0
41453.0
29711.144444444442
125584.06751211757
64612.01857748855
150934.16567529977
122091.07016233786
157143.52693178336
186908.00469912746
262099.0
149704.68637113532
142470.66256280866
133625.65990642522
161501.42817289673
153201.67896891467
145985.73636422213
277348.0
277348.0
150991.0
6854176.92459638
1261971.3214784209
17539.96790487395
1055496.2544574698
2164.149496900996
194641.14947199257
9588.0
1415001.761333943
966205.5161127527
117297.52071816154
1472941.5003151454
6985.882195232334
2154.8801884530612
2592915.071428571
1351639.5256335007
14226953.999999996
1255873.0959335961
1308199.3191109358
15798.0
1240885.2490724642
1256865.2266899596
1350474.5917029642
1241742.1059046765
1334128.6146163156
1316683.330053749
328892.0
164505.0
10714.0
385654.0
1373486.0
1368862.5
1369836.0
1243129.2234109805
1369836.0
1369836.0
1369836.0
1369836.0
1243129.2234109805
1252504.0
329419.0
1373654.0
8169427.620560094
12887741.992281042
97703.61049659942
14068311.413641894
30565.44191529566
1459137.8005463
63312.0
4534163.443969121
4602648.0
1472941.5003151454
99111.72003849753
99111.72003849753
13989292.135850165
14226953.999999998
10420.036522510707
9792.7839054045
9932.95144026358
9461.077513769525
7047.743432095722
4540.427824346212
2063.6074155438846
10156.585349741054
10388.0
10588.372331272158
9015.423391212502
10602.135674874535
6400.2680188963
9387.263192471306
8765.951945788274
3231.6135426795363
11030.040214639024
10857.992136752137
11102.0
11098.0
11098.0
9928.65028676236
11102.0
7616.106077484057
8821.740224675956
10732.105819268665
9118.771456439728
7172.528240781349
9863.916378544887
10040.994932553018
10185.0
9280.663840044512
8999.856469729755
8821.299658902026
7803.545053760476
11101.0
10359.61102484472
11101.0
10776.833333333332
11101.0
126713.15020324392
7897.54525078394
2974.676060726467
84214.70168618225
134954.58996917025
10588.372331272158
10601.807781675263
11102.0
7609.7682039476085
8989.997349310526
7152.234364225362
9929.990101064925
7793.413395516445
11101.0
11100.0
11101.0
75618.52395469978
71558.39051390727
76801.84266780506
164600.90905899022
65826.07044259021
68038.81333400952
370993.0
993474.9825483431
3200380.9544908633
75618.52395469978
43943.6524402449
71565.74966322984
57539.93142139779
66643.58328566689
77571.3001973289
68568.1074085728
60934.653323639126
69791.8271590539
62011.48548290919
77000.78226723518
153717.5484596283
355570.57207847317
179271.76813751215
66316.27046459707
242832.26787867845
153597.10394152332
132266.91842888607
119960.43853074398
68241.51881670699
12830.428571428572
332105.0
259447.83333333334
370354.0
371085.0
10184.0
11101.0
76472.52395469978
72391.91280250993
72643.72731224896
68568.1074085728
60934.653323639126
69791.8271590539
62011.48548290919
58077.42921679695
77571.3001973289
77741.0
78582.0
342873.84587375534
321401.54166768264
358632.37435249053
321538.7571016471
291984.82194888714
305931.2622995983
340624.98331016896
340989.62233863
370354.0
328406.12996539596
13180.0
332105.0
371085.0
495.0
495.0
495.0
495.0
495.0
495.0
495.0
495.0
770251.6547392707
7739.432565545033
773311.0
495.0
495.0
495.0
495.0
33732.12837216156
9154.21496793679
39551.26014881117
39982.24803815855
39517.36436370872
36342.98305946277
32112.22728859653
29099.98718348922
10095.483460606894
7739.403232003398
24311.90782223911
89054.31184838267
1254.6097887011997
34363.31563775032
41443.41523903064
7926.8477101463495
84520.637894165
37999.54615545146
3004.402056833688
27645.34128807074
36457.17061958488
9949.583178889268
35071.51256722568
8823.600839976985
41099.50233357582
85642.82473606578
6978.908915195394
41447.63115571308
5020.279940668706
10043.009791883913
24851.08272064998
88854.13601843656
8700.77413582067
86678.23214779099
89895.02972345734
37959.80131984201
9133.791328998643
89317.12282155588
88609.16289227532
57850.75194749321
49668.31005421355
36781.651844883425
2111.520001019202
31559.622651707417
84474.92321407892
60618.0
79120.15028460124
46104.85661367419
47512.51478354093
654.1020711026912
39140.69496823763
72608.65145856257
49014.03970538756
9019.452081921965
83522.66009672903
11413.452316037658
1032.2962642501407
46907.41079431242
88252.9911568077
89651.57992184666
33863.11964505912
67833.22475719957
88532.96595892223
70228.1169825956
37695.35518788817
32651.730976594
40542.280792078105
65693.0158982669
72819.94089904483
85771.52507023992
90372.99999999999
52065.10690455757
114025.30535183701
99273.5940418156
90002.1733998238
106716.92306291737
23063.781750682032
130867.83592266092
123840.67941945564
245594.87573162388
155404.83571895584
78429.71784518527
74874.36482229292
45677.23949912321
286377.5867962799
95364.8741126163
120687.54634192018
64116.45294139646
236068.56928553683
216663.60691997333
3780261.011015266
12511.903145309185
3790184.999999999
144663.56892647687
59129.91842670551
261039.47866056126
2477137.072883536
3704598.0869319695
1201288.7777542395
2517373.028475963
2520611.0
3211819.3450429565
1812483.9371388066
568223.4712796374
1735.982935520151
11018.511782163914
495486.59237699857
1579899.3756213826
3182968.0034814347
80521.37297972891
1856322.6586466362
496404.662781851
638339.4943150943
32842.25944182434
74520.25479949484
135487.61964128946
113654.58318327375
118166.30549369939
90288.66160316355
44171.98700942726
60610.49610694252
108245.29949828645
23328.73251932116
129605.46175334463
162377.0
126641.94129406655
98459.77804336317
249065.9266524468
157986.47850211491
80232.36746062519
97868.11470844339
46676.72622393881
291209.29144832824
1800.7142857142858
275596.9722299343
122573.0
33661.0
56786.76021644165
97397.37025303754
122373.77532704553
68277.32797322044
237943.0
132871.10229510462
294487.8333333333
236985.88811611323
297650.0
302679.0
1812483.9371388066
570701.7146597215
13505.563769831582
16437.502858882057
777237.1381615372
1953427.9965082752
3718654.244532981
3780261.0110152666
237240.3389838301
3733386.7479539244
3755945.5320398686
3687549.5237185042
1913976.4538304992
26346.45820315731
3790184.999999999
146900.70398361864
267936.2722264083
70733.68118280095
264640.0
297650.0
297650.0
297650.0
297650.0
241003.0
302679.0
3723352.10416755
3776881.4731989335
1969696.6433316197
2517373.028475963
3790184.999999999
3211819.3450429565
194.05138161626422
34069.0
34069.0
33426.56370486629
32974.56443890261
157.87068283708973
27348.24864942127
202.09594403319414
116.78122460587574
193.08516390438382
25143.853950526252
33379.85529866226
33263.236454515434
33250.74595146333
12261.810843560124
31346.520729359498
33887.0
32203.49065598759
16940.710594608532
18757.111391561786
31221.831349206346
22959.769281928828
33887.0
33885.31611062229
27973.599566688557
32198.85969703466
32802.0
28404.0
26050.50429484011
29290.0
26818.159959826517
27288.83732179128
131.66587029252483
21667.301424059293
33439.36273780624
34008.716526810895
19766.463348327754
24920.0
28310.222222222223
6622.700139669365
168.04049437838574
18866.0
110.84129279939357
34069.0
34069.0
