14929017
3203614
9940949
3244883
15674319
9976404
15716615
10220614
10178277
10223864
10234398
15818932
15329217
15568550
15361320
15518956
15833285
15796144
10235746
15890691
3321285
15887427
10225026
10238947
3322860
1331833
15900001
65723184
183166
43872001
69793800
66476844
43970699
44116097
15900001
70129559
13701953477
105742741
78760414970
76679643179
78147491078
14223471879
77821458190
79235427124
19491642584
118159201
47420998692
49002548446
7234622392
22385875
84334
11014660
25845595
23849934
12304064
11526851
3814706
23808461
26312006
12492036
77087
6133136
8405156
19279952
11214638
8855904
3814706
19108639
26312006
12492036
6133136
11214638
19108639
155696936
113925678
299574955
312148706
155696936
1582060
113925678
80052528
1639421
299574955
107654752
58623592
312148706
1112747282
22385875
11014660
12304064
23808461
524182774
279208161
319981016
1000743441
524182774
4365157
279208161
596730990
2619523
319981016
300617108
58623592
1000743441
1112747282
17589523
182786
10107224
13106182
43292238
31274384
32280163
15900001
69119371
70129559
1963176
6254690
3223833
3349623
922331
5517172
3318431
64145760515
111788720164
422358560837
203750648599
2263957167
17589523
10107224
31274384
69119371
423429
2777219
2253890
1050981
175748
5517172
3318431
228748307
86914174
255355807
16698
2263957167
96498890
79337134
139632376
348955301
2870375
18762969
5982882
3812589
434967
38686327
426751
96498890
1811898
79337134
64499873
2734756
139632376
127019726
9387994
348955301
412908832
18099250
71123272
9825915
19192601
4728606
38686327
426751
65723184
43872001
43970699
70129559
19424781
105742741
42487664
43927632
11961136
6349008
25103355
18382871
2034610
813
46217
49002548446
986987
289290682
222420785
226229172
413991602
13971410
224
913283715750
21963242042
289290682
1940859
222420785
303810014
5919210
226229172
227354931
9387994
412908832
413991602
3246110
1832228
1631222
3747965
3788320
1827833
1710127
3452526
3814706
913441
233930
5551
1785176
1767705
906966
1242718
3160819
1706513
1307922
2821168
3814706
3814706
376280
286965
347707
9266
913994
1785176
906966
1706513
2821168
376280
124795
110828
9266
289350
913441
233930
4801
21582838
16500753
42793812
44260014
4231593
868310
8893
109961
11947976
21582838
33572080
16500753
11506915
211591
42793812
14974579
44260014
58623592
141313952
4231593
2358143
33242
109961
50593988
3246110
1631222
1827833
3452526
67369732
38895008
44869387
127416476
67369732
46397842
38895008
76671683
311606
44869387
42172701
127416476
141313952
58623592
2762071
9928635
1613494
2169226
8159945
5543342
5647036
15683189
15900001
15900001
6974839
308358
1035019
498086
1032818
576307
428714
396632
708231
21714
922156
517083
922331
35849
7804481
3183702582
24666983
145721726
101351830
58231423
1610002
3861488
2762071
1613494
5543342
15683189
6974839
64169
465676
342858
184501
232501
359290
21714
922156
517083
175748
846751
34614069
1237854
3660633
1885363
2324
1610002
1501
1032818
396632
25762
14185466
11678813
21200677
71466602
34375856
402345
2523140
869218
579695
1120644
20289
191742
5588393
48222
434967
4440573
18597973
9812
14185466
44147556
11678813
10006378
387367
21200677
18999553
71466602
9387994
81746778
34375856
2662177
10049407
1440551
2863319
2363250
55693
191742
5588393
48222
4728606
57607162
27903957956
917236886
14929017
3203614
201495
540560
9976404
552707
10178277
10223864
245567
609782
295550
427027
410288
345737
758411
281119
52366
3271463
10225026
1984289
7870
261931
10238947
5340
14309
15900001
61160701
45707592
46537849
81958485
537352263
113727
593169291
3169724
52313
14692
89399
11645
138483693
2809685334
61160701
45681122
45707592
64080045
934775
46537849
46704335
81746778
9387994
81958485
537352263
20762610
596251188
91539518
91443369
596329310
15948894
3455248
449327
443440
3591110
16057294
6167152
3129544
16293878
6367202
15901240
15812416
3494467
15948847
15878293
15975345
16203910
16318029
6011297
24105
3624412
452527
16322646
102024046
52842857
58582347
2081898
17849233970
88962973
21215255783
8800936650
11926912932
39205297
5052664850
54439732
115569079
35509433
3360391
150888972
24863332
64185580
120985656
11206879551
12317095804
58846511
154355934
1007297
2410386
1162655
425933
1250330
1980325
2147406
366420660
14413
2754917
4664599508
2418433
6698
2841756
3360391
4229083
204604
1093349
815655
86270
1250330
622597
2147406
41739412
1116000
1936953
2101105
11206879551
11637523617
7661811
154355934
1248707
5444892
2057705
186206
109211
2036913
12139474
1593915597881
130188114
8639743
21714973
3387979
1760476
109211
10322152
12139474
1612423052492
4939100348
341222
443440
1054352
5385663
1155518
642330
288162
27920
1242771
103411
120
328282
869316
739163
16322646
980375
52993
6576
284345
1043962
181824
659318
16203910
14328073
264252
16322611
16322646
1389418172
3679189
234941
56
56205
6272
6351775
3136348028
124537262
3829734
22564579
503641171
1436127482
3133987157
510775350
3136348028
11332
89803
3050
244545
293006
134801
290032
179324
98645
244076
78867
293141
134801
167260
57466
42182
58593
78867
98079
1717
89803
1651
28565
293006
1422002
3446
275411
754398
3279466
9726255
927657
1422002
13691
743156
754398
13327432
23326398
21015348
428612
3632995
3589712
3483198
413771
206773
73766
3665459
3676560
191853
22791
443526
176721
451967
3723967
399188
201916
430601
450917
217519
8897
3544708
211843
216873
430179
183858
183601
3115494
190399
409126
3660301
215690
425933
180943
18209
3716905
3728285
62905
377700
1486002
163757
452644
3728360
76885
78137
78895
78986
269
78137
7584
78986
15677331
5091
15887370
15677331
644030
15887370
876769
3483198
298796
80977
31954
2954776
443526
35682
210347
138289
186140
79008
409126
3660301
221968
5670
91862
86270
1348
215690
69518
253539
1486002
8897
163757
122301
454662
333338
3665459
70835
5044
738281
203957
13729
190339
216873
3115494
550289
51156
180943
3349913
452644
3728360
13909829
200378
870305
327333
8271
2012684
341810
186206
384970
12873
1120872
1762022
595820
2809424
16049150
6672465
232039659
3778084
553968
488657174
1030854
12469
522510304
908830
535001368
13909829
1427605
3408749
560807
22870
2012684
1687101
1760476
938446
12873
1120872
19262337
2112679
2809424
16049150
19383482
232039659
22611584
16621776
522510304
524530417
24804704
15012180
4116849
535001368
75910
77535
67832
77692
67113
61057
60506
79006
61425
71547
79593
55147
64490
78544
79610
55035
71850
65776
55320
62539
61518
64342
68895
58111
59312
60793
77791
62294
55970
79851
26948
66192
48141
68130
11599
62294
79851
40625
68382
79851
63526
57353
67286
79851
60582
38533
2560
79206
62746
53752
72791
64907
65475
65153
75698
79838
79851
58524
68676
79851
58078
79851
79851
991738
9988
475290
858085
137842
18346
1012835
144017
204329
4582
29249
3236
1056687
3780
4930
23386
2275
120415
1056687
1050170
16394
1056687
40644
1056687
991738
28435
956304
1046838
1048797
1050170
1052150
41153
1053933
1056132
41442
29072
41772
1056687
527280
701334
66548
671772
699208
697276
161741
167345
701779
664704
527835
679915
691045
520457
2681
529790
642530
642583
174305
210237
704085
257948495
256479273
53580751
261938196
260852417
1423047
166885001
54459286
235010920
69114343
393181
162374170
1458075
167312466
22337322
22310877
52345244
260664622
51551247
1709781
1794583
263105194
219124
22346
209956
38729
33712
204137
194687
145541
130766
136011
185957
206322
51426
194539
206697
203839
227730
206901
136431
1218
124141
129075
33326
211971
232285
145541
136011
185957
194539
207359
1444
9270
12972
29571
198082
69251
61110
51304
116033
185637
76119
161596
121625
1039
68374
99251
33326
172885
232285
365
9130
5051
29078
113409
35205
118785
66749
168708
195525
50824
1297422
3596066
1151874
2704978
469
692609
33955
82213
1570429
436286
1104151
978405
1957551
1839326
96906
692609
833695
82213
914210
1586326
454094
490921
438690
1328499
682253
13715
3701478
17430
1178501
1219820
520705
2793773
10257634
6693
206627
15002
33117
200752
40734
133378
121477
205841
16371
18218641
151988
92567
4681602
3923087
3526360
8872062
1735875
18218641
2754864
92567
1336950
1706906
1730990
1104151
640157
978405
1957551
1633681
458451
1839326
4890045
5409092
22304
4030299
83851
3618173
3825442
520705
9265894
10257634
520457
529790
642530
704085
321700
502222
4460
25205
185793
659714
26496
155051
134334
410781
361425
659401
160411
2666
127200
125100
142432
372882
83428
174305
117788
692309
194727
520351
488583
698213
183554
704085
1581408582
600488707
832493707
23267235
141069729
541576193
25576010
360985600
1231
24802
181816
188226
10174
152546
354404
122537
679830
239684
649110
80402
51472
116096
479480
175892
439077
180320
11874391
6196023
5222
23267235
2477892
535358
25576010
8561196
975631
1633686
946861
3384567
2013
1994249
70333
311826
734009
3429589
493271
103316
659522
1977058
375085
2087179
14071
2863626
96484
60601561
2016238
2786997
2793122
4040813
4245830
4254157
263593
1994249
1622951
311826
1182515
1624890
1000676
650689
23662
1677253
3482755
988335
24955
893715
967844
878864
1541181
224227
97054
668362
3460806
435424
3005809
2013844
14143
4245830
1374616477
3870790306
60601561
21103
660673
686665
199310
60094
164566
518370
520248
691208
2697536
1765715
365522
1423316
1771584
1423047
5645148
565858
2038871
194277
222
19761
167312466
315245
49318
1031868
1643026
108073
1794583
1147749
2323452
1018612
157483
2563676
3006637
2704307
2693999
4154456
38819
47513578
287976
338555
569476
183537163
19402569
58
212898
11075893
8772
4581217
785324
6299
4421852
47513578
10509138
338555
2784147
3134682
3076706
3091669
52698
2763952
3807034
3918357
2016238
28764
2753908
2786954
2786997
2792760
2082832
2793122
4040813
3460999
683288
97054
1411723
28377
4245830
4254157
704508
4255848
10560550246
37978810501
52988984588
66690469
209235331
57449461905
480939244
4581217
2724339544
2738898533
35173
22346
34640
24679
35199
33456
31580
35157
23304
21077
22016
32645
33859
31229
35295
32792
33309
29657
30379
28803
32679
26352
32941
19912
18089
18301
18836
20522
2957
30009
29229
30393
33326
23304
22016
32645
31229
33295
10033
522
33535
1444
1613
6935
30862
32546
10594
35034
8938
33758
32792
16583
28359
12375
11134
26711
18316
10139
15003
14505
19618
640
18602
25273
33326
33326
481420
699302
32682
9879
468
365
1593
2505
30286
16219
5220
17903
9921
24685
32154
33366
25033
9219
11165
626
18198
24072
182241
473164
169866
377452
469
125401
17367
86857
245765
249157
57739
713
5706
156956
711808
146248
130027
267713
235437
96906
125401
481446
86857
131280
248612
65948
176191
63711
251465
186721
83029
97802
1966
488680
173718
974
162684
358992
5794
159813
390091
520705
1242977
1245351
6693
34054
8884
34509
28885
5817
19469
17707
29591
16371
3059536
54549
98084
577029
504508
453015
1079491
1735875
3059536
1875250
98084
180486
267839
262343
176221
146248
87697
130027
267713
265135
235437
282841
600807
572851
664648
2861
520276
466494
1564
495636
554063
133257
1141338
1122938
1242977
520705
1245351
170249
90072
58070
87913
115487
4460
4378
29236
167242
17103
28256
161074
22212
25066
78162
64406
169983
25695
173065
133397
20059
65658
20043
22210
65647
134678
134887
1532
171647
30578
90677
83428
86053
3772
173407
29284
174305
90309
166502
86810
174305
868002
780683
1774105
36980622
783881
1659783
1227386
657592
609866
28846
36337035
1458221
32749
11575234
65529
535671
1734830
311724
1787527
55900138
1231
4311
28596
50737
6318
157979
63198
19628
56533
168900
142137
88490
43915
113882
22952
24665
167410
12716
55359
1503
51472
27503
77261
84576
28803
3365
88722
163984
84759
106271
119580
780683
332175
256660
697548
1459345
326559
657592
881
28846
224804
255
666674
11279
535671
87396
68599
1100480
142418
246477
139845
728017
2013
341092
31821
328480
115152
408599
91002
790217
71863
1874
9855
103316
55797
298982
297636
1548
598098
405572
303210
413794
209182
42036
56359398
1490297
1129
336373
12940
1320425
7189
40855663
263593
341092
1042912
328480
181841
248888
414167
146285
119851
100438
3495
253217
803828
147586
670154
130442
2475
143102
124001
230062
562905
10043
742435
65424
427774
224227
302981
607655
1557
97054
412822
310335
862828
865125
456127
589751
591108
862828
864796
864063
272870860
70306921
100572053
3842095
86718696
328256
1320425
5909197
129983957
70030
57627
46532
20126
169446
54402
62423
42661
130707
171050
80882
170249
52606
53154
62181
170480
73909
170260
64129
42543
48758
20475
24049
132504
132451
164047
160207
64566
24368
45485
92013
53564
4586
47188
132712
46989
56533
132712
8862
1561
1192
1933
57512
50973
166415
19556
171470
49655
125725
66480
65943
69018
34546
171470
655992
574721
209182
571591
847168
48772
200
76983
10988114
949319
203806
10993951
356034
221701
2489
3672
2169982
10544032
315516
2087379
70700
113650
4204
3254
2276
925
141015
10862842
200
6607
3412592
356545
1299
589000
681443
589044
668933
666440
673007
8289
585989
853748
847176
670344
456127
589658
582959
4185
589751
590979
468748
591108
58321
4010
862828
864796
865125
864063
863038
683288
97054
865125
10790526
447953
7442989
10988114
7472486
7472581
10993960
356034
10967392
242937
11026771
2201378
11015599
10984892
2087379
346990
345663
7491903
71021
2202146
35785
11029918
356545
11030553
508105
459497
505601
11031325
52257
10684
60597
59346
63543
55293
59178
10006
12272
12763
59832
52130
55626
54502
63615
64479
69462
62670
11102
537
62530
65334
71242
52257
59832
54502
55626
10145
2869
63500
19015
58730
670
12249
3997
23304
60577
60962
68389
61674
11102
411
40467
38925
44651
54737
29224
71242
595640
429194
352054
68535
57968
12124
383348
87188
67575395
1916135
114676
387888
87842
184562
226973
428079
427169
401079
377582
3773
2342248
130148
8378
959222
445535
507603
797534
246170
2461248
85021978
42872686
428079
371988
403975
396051
90846
427169
243903
377582
401079
306302
4263
2368493
130148
43278
2103120
1251420
2243020
2247616
2461248
1354730
272988
200802
291926
300288
217448
213642
293859
303187
329862
1236745
47376444
54661696
54200975
1008487
916826
674563
1454263
54725800
197778
86319
10606
215985
302620
298469
61284
289244
2637
41710
91976
1038
38637
11016
64200
67005
71359
201156
71953
298827
73582
217851
207015
211947
303005
74304
74548
212264
303187
21426821
1198886
2941291
836767
416123
902413
131564
1427072
61634
54807156
494123
1582530
947
167333
251068
157452
209583
155561
80133
181951
47376444
49191000
4197329
582617
404170
139036
1454263
1356723
18631047
3017
1284580
72816
113661
236070
131564
275324
61634
148234
284839
26496
38044
152027
72777
42007
65782
185940
203276
1759830
554302
354388
896180
1137071
46047
172157
419910
4213
234558
130309
665965
687703
5383224109
2002061
5057
2869244
222147
759809
645020
915414
7129
928622
334037
1156329
94239
33691
8989
175223
280772
435449
339466
665901
542064
1177021
154585
948354
700696
762635
4233
415486
564227
1327972
1260416
985080
1327972
1330735
1326706
1331347
5501743912
8924314
2011745
30215448
222147
49719
58416
140071
18745
47834
170323
130349
167503
139728
32677
279018
42002
258907
178928
16892
205970
21676
53
40568
1816
48768
51691
42167
38775
22618
281808
128316
145895
126748
163513
136807
144407
156020
62790
149025
162695
194813
152743
281859
281859
148177
5699168
425598
58846
320887
17147
11332
16
36614
1291
165958
14444
16468
440
442957
1861587
14111005
1260416
1288522
10773
985080
1057588
1326566
977123
1228382
1179398
262116
33691
10299
357171
7927
1314885
1327972
987389
1328246
1330735
1326706
1331073
983609
989610
214245
1331347
6053427
12470361
590855
13983299
113681
373623
18817
2638909
2639317
14444
14104617
593512
599646
14111005
9794
9549
10423
10032
4058
560
229
9249
11097
10494
529
670
10581
3167
9405
3711
3043
10666
11050
11091
10972
10545
11077
6879
6218
10683
7995
4556
6021
7972
10074
7258
8786
10626
4664
10959
3847
11102
10595
11102
3982
332
192
4543
10828
10354
10453
10895
6710
5909
3268
4846
3757
8909
8528
8128
64156
60963
55513
250
19619
31081
179357
35439
130192
65064
61687
18097
25523
35452
45455
53419
56757
60440
64699
56968
133657
300737
382
29438
65432
75613
119632
216565
37735
31875
130148
544
315611
316252
195322
229898
68029
64243
53419
66311
35692
60440
64699
56757
45464
45487
69701
291690
268505
303416
559
156174
164951
287359
287961
315611
178630
597
130148
316252
596
596
596
596
593
26
593
218
70752
70752
312
70752
70752
2642
70752
84828
89639
34830
41977
8538
50205
46273
9610
86112
4137
25348
9739
9723
38786
72152
11555
1716
40496
39132
9872
12426
90109
89863
39797
35799
90414
1091
1774
40645
47100
49174
41935
40508
36915
37022
9880
11630
35623
10205
60142
37249
41569
85857
31729
12912
9921
12841
88461
26496
7505
79662
69617
37799
41873
866
37048
30671
65951
32260
741
11763
11436
63604
11323
35776
32854
42188
77059
90584
57955
67930
122304
146996
46047
147464
312661
21632
721
260355
110685
72077
38573
33755
116602
492
62169
96144
60960
266893
168526
2712537
2737086
32380
140884
59978
284619
1187068
2488080
2162683
151229
1100297
239532
18142
243679
676
1799
11044
2054
46721
129111
2409832
4636
53869
26836
1184
130721
128465
71750
55484
261948
87809
319008
25932
299322
998
46899
150600
33691
264920
56627
97099
495
152614
125349
118732
109665
154617
94239
150090
66189
62202
47828
318561
112363
271632
327152
328064
83727
372328
18269
84481
19791
60591
196751
2712537
171377
2712537
2734033
4636
373777
121174
2737086
143872
93000
289619
288438
327152
327888
326887
327650
262116
328064
1187068
2704241
2162683
371909
2737086
368186
34789
34789
942
17404
19477
34664
771
810
40
17166
5321
33533
33891
427
32918
20334
913
18280
11735
28260
27929
18677
649
433
10430
19995
23113
11130
31148
31965
20007
32349
34635
40
28895
23267
244
33690
381
29904
809
574
240
34789
3478
