1433829
240975
240975
240975
3179960
240975
3179960
240975
240975
240975
240975
1433829
1433829
3179960
1433829
3232576
3232576
3232576
538840
3232576
538840
3232576
538840
538840
538840
538840
15900001
3229341
31216
164899
3229341
3887781
171008
368729
11370284
176141576
1276985549
298847370
15926043674
7180980524
15926043674
750878865
16189559734
16189559734
511023947
1287506857
1251696313
2698646958
1251696313
1373189
10292
38473
1941966
2030750
32590
86030
3798278
52960980
105921960
694204
6041
19447
874632
1181502
18420
43485
1711846
15209912
105921960
694204
19447
18420
15209912
28335992
1008594
926570
672737849
28335992
267831
1008594
34758682
48228265
926570
2255299
68022605
672737849
8835963094
1373189
38473
32590
52960980
54572751
2102240
1689537
2342516004
54572751
455664
2102240
73156672
80703996
1689537
4700782
143084374
2342516004
8835963094
1701197
18348
74299
1701197
3003288
84128
166140
5187912
35769278
176141576
316241
3985093
3985093
712554
474146
4581727
4581727
1509214520284
609977298310
6303427028499
881886082082
333738624830
1701197
74299
84128
35769278
184469
2324585
2324585
316245
212044
2049010
4581727
882594005616
441176185264
3676205484173
29764134183
333738624830
13977925
538769
596084
382595873
1826718
19660113
16744620
2534679
1465984
17329451
53215785
13977925
110946
538769
13977925
19394610
596084
1204732
27515021
382595873
3553311769
3131589
33703816
28705714
5711066
3278041
38749831
53215785
3229341
164899
171008
176141576
746785679
298847370
7122343253
4188001203
7122343253
501457238
7181070454
7181070454
298848617
44196115
36812527
2698646958
723152131
29419369
1328924
1239993
1884048088
2020499814110
10147823578
5021892040957
295623092127
29419369
188748
1328924
29419369
32454465
1239993
2971584
57540326
3553311769
1884048088
196941
7787
5508
278537
627963
7742
12316
7598328
15196656
282474
224206
1386
99510
3497
2763
125381
282673
3801
6178
2181551
3085780
15196656
123382
224206
37299
46888
15196656
99510
2763
3801
2181551
71971
99507
16554
20810
3039331
125367
224206
619
3434649
122256
170234
81543606
3323803
3432702
727008
781623
113576011
3434649
131439
122256
4213154
9498579
170234
273375
81543606
98218704
1071020904
5698077
7734466
1638075
1761131
567880056
196941
5508
7742
7598328
6614848
254815
360337
283940028
6614848
291671
254815
8867434
19991679
360337
569789
283940028
1071020904
411941162
656293
18390
18390
656293
1479617
34754
41121
13953776
13953776
15900001
718894
109359
718894
718894
836941
246409
836941
836941
246409
246409
852017
852017
852017
10347
38711088
134797819
236965829
801907667
989718025
231088662
52401198
80815933
656293
18390
34754
13953776
419345
63791
419345
419345
109361
371450
109361
109361
381033
852017
381033
7742217
90030329
138578457
534177190
577210906
6862013
52401198
47261444
371450
836941
4627
2588041
112811
213179
68479742
4834564
331670
3520358
2998308
465377
2445054
568598
465377
3103030
9528868
2642867
65949618
24272691628
11223487369
2588041
91305
112811
2588041
5834752
213179
252255
68479742
58324550
635997120
8288012
568591
6035036
5140073
1048574
5509126
1281149
1048574
6938586
9528868
5909632
329748091
37513624873
19191893440
1433829
140923
140923
1422121
240975
1422121
240975
140923
140923
836220
1422121
836220
1433847
1433847
1433847
240976
35735
240976
538840
240976
12267
240976
538840
240976
240976
15900001
5265688
264088
590523
337220384
22984884
29186567
42588310
52618385
52618385
42588310
310526986
6315535
771805564
571300200
5265688
202619
264088
5265688
11871524
590523
590523
635997120
244620242
337220384
38266071
52618056
95230356
130781428
130781428
95230356
3264488
261753
261753
261753
261753
3264488
261753
261753
3264488
261753
3264488
3264488
261753
3511529
3511529
3511529
3511529
3511529
585303
585303
585303
585303
16322646
68727033
83259346
45902207
48566851
17984409543
19641724889
27795038288
35500498642
1111069109
193057345
116201331
116201331
1161164007
199208045
231905187
1788282961
116201331
116201331
1161164007
829447950
1161164007
199208045
2503460051
767751
767751
767751
251856
882696
1729896
882696
35291793
20586412
112900620
77609891
77609891
13950746
116202059
231905187
799744452
447844
447844
447844
112633
882696
767760
394753
648108954
77609891
77609891
665756035
829447950
665756035
116202059
1111083024
6590298
4798819
4087179
364830
12989394
8226837
4229930
23137884530
35759996007
11297911
8226734
7006752
815786
12989394
18536472
9458412
35759772089
64632698851
153074
261753
1459923
153074
1459923
1459923
153074
31728
1514165
261755
15406
261755
3264529
3264529
16322646
1459923
153074
7575
153074
1459923
153074
1514165
3511529
1514165
261755
3264529
3264529
34468486
62140782
346585918
2960336
34468486
1455592
346585918
627269605
861428965
112464280
62140393
50295240
62140393
861428965
154449061
3136348028
837
147432
447
147432
208632
41003
92593
147432
147432
147432
208632
5062512
23917
54011
65433
65433
65433
92595
1012502
489
147432
200
65433
92595
844066
2305858
1676917
2639371
28842182
22467518
28696240
1447004
5195493
3778382
5946955
144210912
40607844
71869182
336021
336021
336021
336021
336021
241865
58386
336021
336021
336021
48373
336021
336021
336021
745662
336021
336021
336021
540831
757122
70135
757122
540831
757122
757122
757122
757122
540831
757122
540831
757122
540831
540831
757122
42558
757122
757122
108166
757122
108166
757122
757122
3728360
4972
4972
54354
271776
2900
2900
24308
54355
1029641
10660506
19293950
1765139
26496370
96469752
196007
196007
196007
141443
34144
196007
336021
196007
196007
196007
196007
336025
241867
336025
336025
48373
336025
241867
7041
540831
241867
241867
108166
70135
336025
336025
745672
196007
196007
196007
28288
333470
196007
19032
336025
336025
540831
336025
336025
757122
336025
336025
745672
1183014
1183014
861429
733683
2028096
759308
1476787
647598
1257787
2331706
1476787
16137844
609812
1476768
1476787
32960658
15521323
34706735
32960658
32960658
59573915
6941347
28126166
59120970
107000273
2028071
2028071
1476768
1257771
4569648
1697865
3327454
1448073
2834010
2331706
3327454
80689224
1042764
1476768
3327454
59573169
15521323
77606619
59573169
48217378
59573169
146943410
149201728
15521323
535001368
15970
7142
7142
7142
7142
7142
7142
15970
7142
7142
15970
7142
7142
15970
7142
7142
7142
7142
7142
7142
15970
15970
15970
15970
15970
15970
15970
15970
15970
15970
398
15970
15970
15970
334
1902
15970
15970
15970
15970
15970
15970
15970
79851
7142
7142
149
7142
7142
7142
7142
7142
7142
15970
15970
15970
15970
15970
15970
15970
15970
15970
79851
84920
116770
116770
116770
290233
290233
211337
211337
211337
34583
211337
290233
1056687
116770
5267
116770
1980
116770
211337
94511
116770
211337
290229
1056687
179994
290229
290229
290229
211334
211334
290229
290229
290229
1992910
1992910
1992910
1992910
1056687
23860
143145
4518
66394
143145
66394
4518
11383
143145
66394
11067
66394
66394
11067
4518
23860
151471
151471
25247
25247
704085
53491048
53491048
4253981
53491048
53491048
1688446
8916453
4253981
24810414
1688446
4253981
4135662
1688446
8916453
4135662
4135662
9434519
56602448
9434519
9434519
9434519
263105194
44689
824
11875
1410
3554
11875
16451
3331
5267
3331
33438
47288
3524
109906
33393
17385
47225
21904
2109
1490
5566
5566
8329
116142
232285
3331
3331
33438
109906
20126
101
449
741
2088
7932
10141
2664
1755
16881
10716
21268
12744
1194
876
2815
2815
3753
33354
232285
100
447
739
2087
16881
10717
1192
2813
33355
7932
1755
689085
59958
145940
1475302
1063
27498
5993
120505
77911
20206
32719
40425
405793
1482545
2378
68909
13401
301978
177630
77911
113086
24152
20206
689085
845275
520217
59958
38754
145940
145940
149172
1475302
19377112
824
11875
1408
3553
33393
17386
2108
5567
116142
6648
684527
11153
204850
1327121
109330
304188
5137096
14867
1715380
24941
513341
373859
116644
189371
32719
46488
40425
405793
464486
42774
1482545
1327121
1779052
870519
109330
65933
304188
304188
313781
5137096
19377112
11067
23860
151471
704085
10752
64468
487
2171
64468
38629
2374
6689
64468
38629
5445
38629
38629
2655
10752
10752
10752
10752
9615
11377
9615
142979
142979
142979
102133
142979
102133
704085
18286321829
2656470802
2558362719
968179987
2558362719
4517739126
4517739126
9790127003
486
2171
41362
15834
2374
6689
5444
5811
142979
9802
28841
9802
7213
7213
65635
106752
106752
97297
10664718777
1769562966
86346131
968179987
1696199442
2635288079
2635288079
4378277897
350135
20932
43576
864240
4041
125269
18605
381491
64993
233495
80300
52224
71811
617347
736077
864240
847814
519148237700
832567841671
832567841671
60107
198070
144227
1257368
8026522
8026522
9036
313916
41604
955992
64993
350135
350135
350135
215488
38572
233495
273630
16053
80300
80300
58398
80300
52224
61791
71811
864240
736077
864240
617347
847814
8026522
808264775413
1504785027744
1504785027744
2598
22530
78520
22530
2598
11383
5811
5852
704085
23726586
23726586
2480953
23726586
23726586
1688446
3987559
2480953
14216865
987409
146025
121630
8916453
2389327
2389327
4219245
24406882
4219245
4219245
52621038
52621038
52621038
1311448
52621038
736931
44852
107486
4255848
35137
1634219
35137
647695
547445621
879892180
3676304766
32221999
617850483
5385606619
1150281670
1150281670
15946023275
397414839
78570
4095244
78570
1623080
144227
736931
736931
736931
360592
82651
401319
495835
60107
27311
198070
198070
198070
198070
122839
144227
1257368
915570
129976
129976
209578
8026522
8026522
8026522
3087199
4255848
938680806
1967498727
6763997458
938680806
1127494599
12489858905
2858990794
2858990794
109494691295
109494691295
7175
534
3182
1196
7175
3182
5073
7175
534
845
534
17647
7057
17647
35295
6775
6775
4790
4790
4790
6775
4790
6775
505
798
798
798
1129
1129
6663
16663
16663
33326
534
534
17647
17647
3051
2421
268
3231
43
105
455
3231
1870
2565
3231
427
2289
6775
2421
2421
2421
3051
3051
251
403
403
403
508
508
3003
4785
6767
33326
321571
6046558
3050
2421
266
41
104
453
3230
2419
2419
246
399
4784
1869
2289
6775
2421
402
506
3002
33326
83525
11015
17690
178823
442
8046
3786
185608
14986
22667
83525
17689
19018
138648
1245351
4286
5295
194215
194215
989
20164
8467
465123
23269
14986
24088
23269
3163
22667
83525
83525
102457
102457
11015
17689
17689
17689
19018
19018
138648
178823
215391
2348730
1245351
532
3180
1194
7174
4789
4789
501
797
16663
4396
182743
9503
411764
160862
23317
36871
622675
9830
457942
21249
1031854
48976
25501
50237
48976
4286
6089
5295
194215
77672
194215
282841
160862
160862
215641
215641
23317
36871
36871
36871
42204
42204
341990
622675
2348730
903379
1245351
35437
15960
2661
15960
2661
366
897
15960
15960
2249
15960
15960
15960
15960
15960
2249
15960
15960
15960
5907
2661
2661
2661
2661
2661
2661
5907
2661
35396
35396
35396
25284
25284
1989
35396
25284
35396
25284
35396
35396
174305
3688823
5164071
5164071
861301
5164071
5164071
861301
861301
861301
195306
861301
861301
301212
861301
861301
11452925
11452925
1974921
11452925
11452925
366
897
15960
15463
2249
15463
2249
2661
2598
35396
30673
9718
2661
2661
9718
15959
9718
2661
2661
2661
10427
18315
18315
10427
18670
462
10427
18315
18315
145231
2151349
5164071
2988864
502414
2988864
2988864
502414
502414
25575
195306
502414
176150
502414
502414
5083025
5083025
883211
5083025
65034
7184
7881
175682
3115
53018
17641
903039
13212
16324
67207
74798
16324
16324
13212
91880
141288
165888
107877
172343
227817
148150
165888
865125
8264
119002718
604109640
101548040
35603521
119002718
119002718
1269342961
1269342961
1269342961
6966
132861
39448
2262955
13211
71175
16323
71175
71175
71175
71175
13796
79214
97870
71175
16323
16323
16323
11871
16323
13211
13211
175681
149629
175681
106883
125493
241266
172342
149629
172342
175681
1631624
865125
24970
40263
29318
1631624
1631624
1631624
215085786
1043762929
174086302
60881165
215085786
215085786
3179045087
3179045087
3179045087
15463
15463
15463
385
34861
15463
15463
2598
5811
15463
2598
34861
15463
2598
15463
15463
15463
15463
15463
2598
2598
385
2598
2598
5811
15463
15463
15463
2598
2598
2598
2598
132
2598
2598
2598
2598
5811
2598
2598
2598
2598
34294
34294
34294
854
34294
34294
34294
34294
34294
34294
34294
171470
128042
16135
8264
16135
865125
994794
30631
167188
1229081
167188
167188
1229081
1229081
1229081
206562
24792
167188
994794
994794
150221
206562
167188
206562
206562
167188
206562
2206265
3029900
75512
3029900
3029900
3029900
3029900
29318
149802
40263
149802
149802
149802
149802
40263
175885
241546
149802
24970
40263
40263
40263
40263
40263
24970
29318
29318
1631624
1631624
1631624
1631624
1631624
1631624
627563
627563
865125
2242742
3079995
373843
3079995
373843
373843
3079995
3079995
3079995
513406
2242742
373843
2242742
2242742
318404
513406
513406
373843
513406
373843
513406
20805061
20805061
20805061
20805061
20805061
20805061
11031325
9677
2281
5900
13685
13685
9677
5900
1020
1020
2281
12720
31807
12720
31807
63615
15326
6607
10837
2554
2554
35621
35621
71242
9677
12720
31807
12720
1027
194
5991
4755
3434
80
508
868
9134
12918
6710
2769
5325
1151
1151
10229
10229
10229
10229
14467
71242
266534
188349
155475
109867
3434
506
26088
4522
87406328
61766430
42329
26088
4521
62338
83567
90810
96615
331770
132684
208707
112326
35805
39849
437512
318177
437512
354114
426528
4651057
157978397
111636788
90810
103944
90810
44812
9572
96615
205757
132684
331770
350490
451861
282593
75316
88430
1693366
1050194
1693366
1233049
4651057
1788911
65225
20398
28556
65225
28556
43979
61568
303187
885628
5162243
3687517
5162243
5162243
5162243
885628
885628
11129753
11129753
28556
4899
1605
20398
28556
28556
28556
28556
655
4140
4899
4899
4140
4140
61568
61568
61568
61568
61568
61568
61568
61568
43979
61568
61568
43979
61568
61568
303187
885628
5162243
5162243
885628
885628
885628
885628
7950256
1030992
11129753
1919194
179888
79838
972
9888
9888
19104
18661
516605
2959783
3687517
2959783
2959783
2959783
516605
516605
4939595
588586
516605
62021
2959783
516605
516605
516605
516605
3555462
1030992
858289
9888
4140
4140
18661
19104
18661
18661
18661
10675
4939595
32270
90440
181791
100655
11833
15561
217012
249657
298026
184830
217012
133776
121945733
698663247
121945733
121945733
121945733
110671
112672
193123
112672
110671
154931
125398
16337
19330
21513
22464
230265
371287
230265
270358
371287
270358
230265
270358
193123
371287
265219
230265
230265
2510918
393339
243941
2510918
2510918
2510918
1331347
220404998
1284718947
220404998
220404998
220404998
4519
4519
26146
547
4519
26146
26146
26146
26146
4519
60637
10107
26146
26146
4519
26146
4519
266
4519
223
4519
4519
4519
4519
4519
56371
56371
6717
56371
56371
56371
56371
56371
1404
56371
56371
56371
56371
56371
281859
56371
279582
1617290
1617290
1309003
279582
279582
13319
226288
11198
279582
279582
3875775
96594
3875775
2822201
2822201
393339
393339
243941
243941
286415
393339
243941
393339
286415
40660
40660
47739
65562
2510918
2510918
2510918
965761
2510918
2510918
2510918
2510918
965761
965761
965761
1331347
694894
4169024
4169024
3035734
694894
694894
505997
694894
505997
694894
26613333
26613333
26613333
14111005
2220
5551
2220
5551
1594
144
89
1594
2254
1000
56
56
720
1594
1594
1594
1610
2254
2254
2254
2254
2254
2254
1000
1594
720
1594
1594
1594
1594
1594
1594
1594
2254
2254
2254
2254
2254
2254
11102
1592
141
86
1592
2253
998
718
2252
997
1592
1592
1592
2253
2253
11102
11102
6280
5586
35209
56106
40803
64221
316252
97789
138376
6280
5586
12365
8992
12055
12055
19140
47860
13937
47860
35209
56106
25345
56106
40803
40803
56106
45411
64221
54697
64221
54697
54697
596450
316252
244912
346560
13937
19140
19140
47860
29682
13937
47860
47860
50561
50561
69701
86847
217157
86847
217157
134676
134676
217157
158126
596450
229409
229409
229409
316252
121
121
121
596
121
121
596
596
6886
63636
87393
15516
15516
600092
318183
8164
8164
822
5876
8164
8164
5876
5876
8164
1418
8164
8164
8164
8164
8164
8164
1175
8164
8164
5876
8164
8164
8164
8164
8164
8164
1175
462
8164
13140
972
18395
5876
8164
8164
8164
18395
8164
8164
8164
8164
13140
8164
8164
8164
8164
13140
8164
5876
8164
8164
8164
5876
8164
1704
2628
8164
8164
8164
171
18395
8164
8164
8164
8164
8164
8164
18116
18116
18116
18116
38806
32049
19876
33494
38806
33051
53293
53293
38806
38806
53293
33051
23337
45998
33051
11873
38806
53293
270712
246684
547417
751777
55427
32049
38806
79407
246684
177560
177560
246684
304782
304782
304782
304782
304782
304782
35512
304782
246684
304782
304782
246684
9555
56740
65354
91490
91490
56740
56740
91490
66620
56740
66620
91490
56740
47588
56740
91490
91490
56740
65354
65354
66620
47588
56740
66620
40531
65354
56740
66620
56740
66620
66620
91490
618728
328064
763321
763321
763321
763321
763321
79407
763321
763321
555823
555823
555823
763321
555823
5162139
2737086
66620
65354
66620
91490
618728
618728
618728
618728
237978
328064
79407
555823
397038
397038
555823
763321
6957
6957
9555
6957
9555
9555
9555
9555
238
6957
173
9555
6957
9555
6957
6957
9555
6957
6957
9555
6957
6957
9555
1138
9555
9555
6957
6957
9555
9555
9555
6957
9555
238
9555
6957
9555
5925
9555
6957
9555
145
9555
6957
34789
